Timing log for each step:
0.01901698112487793
10.38083004951477
10.503507375717163
10.368184804916382
10.401435375213623
10.485665321350098
10.322470426559448
10.416438817977905
10.488447904586792
10.48384428024292
10.430790901184082
10.491745233535767
10.513238430023193
10.582524538040161
10.454800128936768
10.56781816482544
10.473875045776367
10.419630289077759
10.559489011764526
10.501681327819824
10.627265930175781
10.516912698745728
10.42523455619812
10.545470476150513
10.548717021942139
10.476922988891602
10.500164985656738
10.637049913406372
10.669639825820923
10.478189468383789
10.704340934753418
10.591487646102905
10.664337873458862
10.53872013092041
10.661184549331665
10.586652994155884
10.491435766220093
10.541554927825928
10.424806118011475
10.348155498504639
10.52678894996643
10.475650310516357
10.603235483169556
10.585676193237305
10.600348472595215
10.483861446380615
10.434298515319824
10.64424204826355
10.610268354415894
10.69210433959961
10.482636213302612
10.558982133865356
10.653904676437378
10.765111207962036
10.546288251876831
10.704478025436401
10.663655281066895
10.741265058517456
10.674933433532715
10.563913822174072
10.644584894180298
10.654223918914795
10.638768434524536
10.757765054702759
10.557448863983154
10.037389278411865
10.557536840438843
10.007274627685547
9.95764708518982
9.964303493499756
9.96157717704773
10.150626420974731
10.013716697692871
10.161439895629883
9.983390092849731
10.003493547439575
9.96043086051941
9.992194890975952
10.02077341079712
10.048662662506104
10.041651248931885
9.913489818572998
10.0644211769104
9.940269470214844
10.065274238586426
9.932183265686035
10.134905576705933
9.986173629760742
10.020998001098633
9.92024564743042
9.870283365249634
9.928337335586548
9.926185607910156
10.052103757858276
9.842430114746094
10.00827932357788
9.965396881103516
9.938596248626709
9.93283748626709
9.824360370635986
9.973448991775513
9.944724321365356
9.98516035079956
9.787292242050171
10.048235893249512
10.048255681991577
9.986691236495972
10.018397092819214
9.985237836837769
9.899262189865112
9.952362537384033
9.886421203613281
9.933637619018555
10.005314826965332
9.945388317108154
9.893619298934937
9.946027755737305
9.91187047958374
9.900534868240356
9.96427297592163
9.864057540893555
9.887682676315308
10.015241384506226
9.838104009628296
9.964527606964111
9.905709028244019
9.872476577758789
9.901792287826538
9.861577272415161
9.88622498512268
9.948318481445312
10.006100177764893
9.897636890411377
10.017483949661255
9.945556402206421
10.00203251838684
10.006121635437012
9.95917820930481
9.982547521591187
10.078158617019653
9.899256229400635
9.912673711776733
9.963448286056519
9.889434814453125
9.970375776290894
9.94909930229187
9.942677736282349
9.92663860321045
9.961394309997559
10.056150436401367
9.946557521820068
9.984011173248291
10.042157649993896
10.021250486373901
9.954048871994019
10.010072946548462
9.873337984085083
10.042757272720337
10.057737588882446
9.992396354675293
10.527346849441528
10.560224294662476
10.611764430999756
10.556819200515747
10.510038137435913
10.542170286178589
10.65631628036499
10.629916191101074
10.500602960586548
10.620654821395874
10.63384485244751
10.468350648880005
10.544490098953247
10.58448338508606
10.747339963912964
10.674771547317505
10.62901258468628
10.641413688659668
10.536922931671143
10.563704490661621
10.562248229980469
10.640444993972778
10.52640438079834
9.980229616165161
9.74258303642273
10.018263578414917
9.995546817779541
9.857695817947388
9.962590217590332
9.979101657867432
9.932674407958984
10.067820310592651
9.951054334640503
9.962482213973999
10.119671106338501
9.941378355026245
10.044396877288818
9.886029958724976
9.903553009033203
10.031461715698242
10.015483140945435
10.057580471038818
9.978103399276733
9.951268196105957
10.051047801971436
9.897822141647339
9.963274002075195
10.04219937324524
10.055832862854004
10.176567554473877
10.039110660552979
9.93886399269104
9.928702354431152
9.97716736793518
9.97182559967041
9.958973169326782
9.8496994972229
10.038547992706299
9.991923332214355
10.020849704742432
9.874835014343262
10.072045803070068
9.96630311012268
9.902255296707153
10.063545942306519
10.039489030838013
9.986446380615234
9.956826210021973
10.166088342666626
10.10167670249939
10.102835893630981
9.810704231262207
9.923589944839478
9.873480796813965
9.999878883361816
10.117342948913574
10.056317567825317
9.863059043884277
9.961308717727661
10.119564294815063
9.962279558181763
10.029349327087402
9.884891271591187
10.022066593170166
9.888606309890747
10.113581418991089
9.880956649780273
10.04844331741333
9.98934268951416
10.680210590362549
10.671366214752197
10.704878568649292
10.748676061630249
10.640742540359497
10.634818315505981
10.556157350540161
10.655936002731323
10.796138525009155
10.666218042373657
10.76323413848877
10.594250202178955
10.643965721130371
10.65354323387146
10.7190101146698
10.642266988754272
9.94241452217102
9.96419906616211
9.92665147781372
9.99498724937439
9.948601722717285
10.542376279830933
10.07713794708252
10.647653341293335
10.18407940864563
