Timing log for each step:
0.01901841163635254
9.980772018432617
10.158145427703857
10.12291431427002
10.465441465377808
10.71713638305664
11.725470542907715
10.636716365814209
10.56272554397583
10.47262454032898
10.378594636917114
9.554338932037354
10.093927383422852
9.778505563735962
10.109273672103882
9.969124555587769
9.546448707580566
10.112767934799194
10.168349266052246
9.05101466178894
9.850953102111816
9.97883677482605
10.13075590133667
9.171983242034912
10.185790300369263
9.041117906570435
9.517733097076416
10.681018114089966
9.82970643043518
10.135973691940308
10.111185789108276
10.187250137329102
9.304258823394775
9.44186806678772
10.003843307495117
9.243316650390625
9.5757315158844
10.188249826431274
10.128185749053955
9.592913627624512
7.8532116413116455
7.316476821899414
9.084320783615112
10.24648380279541
8.661260604858398
8.782824754714966
8.762072801589966
8.9905104637146
8.861708164215088
8.973941087722778
8.82347559928894
8.742958307266235
9.038541316986084
9.023471117019653
9.111088275909424
9.160833358764648
9.15816855430603
9.072652816772461
9.183532476425171
9.19244647026062
9.157082319259644
9.195743322372437
9.140097618103027
9.161725282669067
9.112841606140137
9.178333044052124
9.09636116027832
9.09129285812378
9.083210229873657
9.146175861358643
9.15021824836731
9.078320741653442
9.130146265029907
9.28742790222168
9.087746143341064
9.099888324737549
9.149675369262695
9.155185222625732
8.871097087860107
9.074190616607666
9.163609743118286
9.104780435562134
9.312057495117188
9.067052841186523
8.933847904205322
9.167435646057129
9.049346208572388
9.12290334701538
8.95702338218689
9.042511463165283
9.004199028015137
9.064120531082153
9.175414085388184
9.072057247161865
8.991889715194702
9.039774656295776
9.126270294189453
9.156063318252563
9.104907512664795
9.090549230575562
9.034810781478882
9.060800790786743
9.011432647705078
9.089505434036255
9.161779403686523
8.986532211303711
9.04983139038086
9.172273874282837
9.075637817382812
9.032909393310547
9.003564596176147
9.095167875289917
9.046387195587158
9.131332159042358
9.014230012893677
9.05733036994934
9.19943356513977
9.176671743392944
9.071197986602783
9.028656244277954
9.025065660476685
9.192067861557007
9.06522536277771
9.079982995986938
8.988778829574585
9.174405097961426
9.03567886352539
9.099565505981445
8.998863935470581
9.161226987838745
9.044857263565063
9.020583391189575
9.169732809066772
9.07345962524414
9.095966339111328
9.042584419250488
9.194650888442993
8.879828929901123
9.096872806549072
8.873552322387695
9.093912839889526
9.044692754745483
9.151638269424438
9.10840916633606
9.9572274684906
0.015013456344604492
10.211804389953613
10.081513166427612
10.192476749420166
10.215244054794312
10.28706693649292
10.319420337677002
10.403588771820068
10.150230169296265
9.985480070114136
10.313369989395142
10.227923393249512
10.387651681900024
10.334677934646606
10.284812450408936
10.29222583770752
10.158207893371582
10.370245695114136
10.195900440216064
10.040879964828491
9.637805461883545
9.800012588500977
9.623459339141846
9.724399328231812
9.809502840042114
9.873684644699097
9.79126787185669
9.853811025619507
9.74860668182373
9.809774398803711
9.697651147842407
9.83908486366272
9.86560606956482
9.792457818984985
9.8009512424469
9.782451152801514
9.363848447799683
9.397935152053833
9.277917861938477
9.427584171295166
9.27370309829712
9.319773435592651
9.225019693374634
9.444786787033081
9.601548671722412
9.40548062324524
9.42726469039917
9.357158899307251
9.427995443344116
9.907302141189575
9.957026243209839
9.755146503448486
9.885512351989746
9.933937072753906
9.9437575340271
9.828735589981079
9.884395122528076
9.767666101455688
10.01203179359436
10.33162260055542
10.400312900543213
10.502121210098267
9.298973560333252
10.27881383895874
10.300512552261353
10.479454278945923
10.125558853149414
10.352178573608398
10.362896203994751
10.41947889328003
10.487886190414429
10.371203660964966
10.412747144699097
10.334412097930908
10.308955669403076
10.378032922744751
10.51486611366272
10.073249340057373
10.426018238067627
10.308193683624268
10.41615605354309
9.968416452407837
10.349676609039307
10.411588430404663
10.371287107467651
10.40406847000122
10.42068886756897
10.508864641189575
10.264143705368042
10.214873790740967
10.351597309112549
10.513586044311523
10.42745590209961
10.324601411819458
10.33603286743164
10.509631156921387
10.407323360443115
10.285599708557129
10.471693277359009
10.579654932022095
10.341497898101807
10.558321475982666
10.380947589874268
10.48262333869934
10.24675726890564
10.36157488822937
10.602850437164307
10.409529209136963
11.671367168426514
11.093372821807861
11.02787446975708
10.957338809967041
10.867626905441284
11.776002407073975
11.421981573104858
11.805566787719727
11.39664626121521
11.015673875808716
10.880503416061401
10.812559366226196
11.061459302902222
10.840325117111206
10.746725797653198
10.781263828277588
10.929378986358643
