Timing log for each step:
0.023019790649414062
8.425938129425049
5.867658853530884
5.96875262260437
6.037670135498047
5.341901540756226
4.906582355499268
4.947415590286255
4.890358209609985
5.617353677749634
5.14029598236084
6.0324671268463135
6.283976316452026
5.9829981327056885
5.833472728729248
5.682382106781006
5.477368354797363
5.398910045623779
5.301455497741699
5.266868829727173
5.251975059509277
5.238442420959473
5.386491775512695
5.4506447315216064
5.3563079833984375
5.435477256774902
5.38208270072937
5.42865777015686
5.354726552963257
5.385564804077148
5.398578882217407
4.770389080047607
5.47797155380249
5.364614486694336
5.437794208526611
5.397291898727417
5.403426885604858
5.422946929931641
5.467841863632202
5.462660789489746
5.4915618896484375
5.422372817993164
5.5029685497283936
5.419381618499756
5.450404167175293
5.3815836906433105
5.427704811096191
5.509769439697266
5.446903228759766
5.303923845291138
5.447666645050049
5.409777879714966
5.481486558914185
5.594167709350586
5.488313913345337
5.401401042938232
5.508119344711304
5.500152587890625
5.506182670593262
5.469835519790649
5.557455539703369
5.4596076011657715
5.5161802768707275
5.494350433349609
5.490816354751587
5.511134147644043
5.495610475540161
5.499600172042847
5.5521650314331055
5.45505690574646
5.5443198680877686
5.474395513534546
5.4810569286346436
5.48038387298584
5.566099405288696
5.510169744491577
5.467010736465454
5.484330177307129
5.475874185562134
5.482566833496094
5.4547765254974365
5.489973306655884
5.50538182258606
5.399435758590698
5.674111843109131
5.4854888916015625
5.567489147186279
5.475424528121948
5.537877798080444
5.383503675460815
5.644224166870117
5.714098930358887
5.453148126602173
