Timing log for each step:
0.027024030685424805
10.146774530410767
10.231431722640991
10.137853622436523
10.259289026260376
10.23496389389038
10.325621604919434
10.627821445465088
10.293782234191895
10.290394067764282
10.2849760055542
10.341101169586182
10.302800416946411
10.409229755401611
10.321108102798462
10.413419723510742
10.445383787155151
10.39692997932434
10.336872816085815
10.343066453933716
10.454099655151367
10.45924425125122
10.357772588729858
10.301519393920898
10.330020904541016
10.293921709060669
10.61215853691101
10.446696758270264
10.458317279815674
10.385864973068237
10.458919525146484
10.566898822784424
10.426860094070435
10.57160234451294
10.623505592346191
10.355518341064453
10.533869504928589
10.385446071624756
10.60964035987854
10.46279501914978
10.427515983581543
10.493205070495605
10.543560028076172
10.45149850845337
10.403676748275757
10.504699468612671
10.485551357269287
10.488706350326538
10.677576303482056
10.5224289894104
10.53285837173462
10.43081784248352
10.497596502304077
10.456684112548828
10.494270324707031
10.621345281600952
9.827117681503296
10.543081760406494
10.493587970733643
10.532695531845093
10.531903982162476
10.485029935836792
9.846866846084595
10.391082286834717
10.4853196144104
10.627406358718872
9.985926151275635
10.5417640209198
10.093777656555176
10.399221181869507
10.353726625442505
10.403833866119385
10.334370851516724
10.509050846099854
10.522683382034302
10.168509483337402
9.923158645629883
10.49099612236023
10.356649398803711
10.432356595993042
10.426000118255615
9.846397638320923
9.543484687805176
9.385976791381836
9.395758152008057
9.525030612945557
9.321658372879028
9.489927053451538
9.478569269180298
9.572940349578857
9.515642881393433
9.619485139846802
9.619390487670898
9.613633155822754
9.632574558258057
10.36667513847351
9.429510593414307
9.656281232833862
10.532877445220947
10.241270542144775
9.982107639312744
10.468838214874268
10.469674348831177
10.429569721221924
10.585384607315063
10.405382633209229
10.426356554031372
10.042959213256836
10.452398538589478
10.467273712158203
10.43993616104126
10.325122356414795
10.381829977035522
10.458433389663696
10.477171421051025
10.428846836090088
10.443323135375977
10.499176263809204
10.366138696670532
10.375335216522217
10.493028163909912
10.374611616134644
10.29246711730957
10.377493858337402
10.414015054702759
10.346872329711914
10.085508584976196
10.365254640579224
10.362944602966309
10.48961329460144
10.45143175125122
10.462011337280273
10.534505844116211
10.31572675704956
10.482612371444702
10.342259645462036
10.545910120010376
10.4895339012146
10.527193069458008
11.042032718658447
11.142218589782715
11.126711368560791
10.411234140396118
10.486050367355347
10.354496240615845
10.431571006774902
10.459714651107788
10.512671947479248
10.432559490203857
10.454894781112671
10.543095827102661
10.991767644882202
10.607891321182251
10.26319169998169
10.132471084594727
10.460561513900757
9.467055082321167
9.48095178604126
9.364752531051636
9.879725694656372
10.621196746826172
10.621988773345947
10.612210750579834
10.563331127166748
10.475860834121704
10.4970383644104
10.435275793075562
10.628362655639648
10.321250200271606
10.548192739486694
10.610355138778687
10.535494565963745
10.458694458007812
10.445181846618652
10.515276193618774
10.442310810089111
10.47412109375
10.534210681915283
10.498982429504395
10.6134192943573
10.479671239852905
10.553694486618042
10.648067474365234
10.390377044677734
10.591802835464478
10.602608442306519
10.501581192016602
10.479416847229004
10.428295612335205
10.357742309570312
10.382313251495361
10.667597770690918
10.461496829986572
10.367403507232666
10.408223152160645
10.400151252746582
10.391556978225708
10.401925086975098
10.60309910774231
10.36835265159607
10.530196905136108
10.505833387374878
10.368560314178467
10.562005043029785
10.349440813064575
10.435045957565308
10.371221542358398
10.387447118759155
10.480862379074097
10.460776567459106
10.519024133682251
10.678791999816895
10.589919090270996
10.392302513122559
10.506731033325195
10.447031021118164
10.599287271499634
10.867899656295776
10.631940841674805
10.51322627067566
10.496534824371338
10.303753137588501
10.317840814590454
10.48294997215271
10.422765254974365
10.616558313369751
10.441641807556152
10.476220607757568
10.483593225479126
10.40339994430542
10.461320400238037
10.540179967880249
10.528130054473877
10.481459140777588
10.547516345977783
10.5354905128479
10.512236595153809
10.489488124847412
10.451109170913696
10.565680027008057
10.42957067489624
10.613179206848145
10.63036561012268
10.594821453094482
10.504443168640137
10.623171091079712
10.470638751983643
10.593085289001465
10.517412900924683
10.482185125350952
10.631553411483765
10.608083009719849
10.547905445098877
10.70129680633545
10.560301065444946
10.598298788070679
10.821214437484741
10.784439325332642
10.651250123977661
10.650937557220459
10.723163843154907
10.742202758789062
10.816298246383667
10.702168464660645
10.71757960319519
10.616466522216797
10.634960889816284
10.47974967956543
