Timing log for each step:
0.01601386070251465
5.330597162246704
5.852125644683838
6.406297445297241
6.407954692840576
5.93443489074707
5.787680625915527
5.754093408584595
5.724458932876587
5.8851001262664795
5.658814430236816
5.725531816482544
5.736058950424194
6.045905113220215
6.013366222381592
5.6679205894470215
5.6019768714904785
5.580742597579956
5.672760248184204
5.685999155044556
5.778373718261719
5.681161642074585
5.862820625305176
5.698088645935059
5.6189963817596436
5.29361629486084
5.6537957191467285
5.6374266147613525
5.714602470397949
4.936084270477295
4.845674276351929
5.8859663009643555
5.698557376861572
5.670920133590698
5.61223840713501
5.667409420013428
5.655771493911743
5.373756408691406
5.391260147094727
5.621612310409546
5.151836633682251
5.162527322769165
5.276326417922974
5.543922185897827
5.2736475467681885
5.252395391464233
5.659341096878052
5.395576477050781
5.497490406036377
5.486551761627197
6.025968551635742
5.777150630950928
5.921835660934448
5.857051849365234
5.981986999511719
5.794612646102905
5.78582763671875
5.862941026687622
6.145553112030029
5.8282859325408936
5.7456746101379395
5.801798343658447
5.787978410720825
5.786437273025513
5.798187971115112
5.791277885437012
5.800276279449463
5.8080267906188965
5.833643674850464
6.053307771682739
5.930371999740601
5.8881800174713135
5.830381631851196
5.896341562271118
5.843985319137573
6.099438428878784
5.964235544204712
5.479281902313232
5.9381654262542725
5.671454191207886
5.374452829360962
5.456881284713745
5.295789003372192
5.406492233276367
5.322323322296143
5.355298280715942
5.302414417266846
5.370493173599243
5.281435012817383
5.307002544403076
5.264234781265259
5.284191846847534
5.321357488632202
5.280974864959717
5.765737295150757
5.7490527629852295
5.751666784286499
5.701570749282837
5.722315549850464
5.799299478530884
5.7606589794158936
5.725858449935913
5.779908180236816
5.7774574756622314
5.781494140625
5.774632692337036
5.7264180183410645
5.938312768936157
6.23703408241272
5.809473037719727
5.867701768875122
5.992523431777954
5.900275230407715
5.85756778717041
6.114149808883667
6.503300428390503
6.082227468490601
6.225605487823486
5.905054569244385
5.903020858764648
6.1716907024383545
5.855808973312378
5.801355838775635
6.00760293006897
6.311407089233398
6.372628688812256
6.033014297485352
6.0086669921875
6.282907485961914
6.833019971847534
6.392235517501831
6.365459442138672
5.8343894481658936
5.871649742126465
5.756291151046753
5.775932312011719
6.025491714477539
5.788446664810181
5.763158798217773
5.7230823040008545
5.76332426071167
5.799328088760376
5.741894006729126
6.102871417999268
6.19481635093689
6.124613285064697
5.760443210601807
5.8413801193237305
5.620666027069092
5.570427656173706
5.571710586547852
5.617556810379028
6.027292013168335
6.121257305145264
5.865142583847046
5.899806022644043
5.496156930923462
5.7821948528289795
6.417702674865723
6.010051012039185
5.472170829772949
