Timing log for each step:
0.01601552963256836
5.042019844055176
5.034808158874512
5.041414022445679
5.055238485336304
5.040611743927002
5.173925161361694
5.075934410095215
5.160576343536377
5.008116960525513
5.061722755432129
5.063921689987183
5.034790515899658
5.087390184402466
5.055980682373047
5.070019006729126
5.145070552825928
5.171002626419067
5.179926633834839
5.119283676147461
5.059173583984375
5.077397346496582
5.080832481384277
5.842076301574707
5.605900049209595
5.247160911560059
5.080660343170166
5.107787847518921
5.294416189193726
5.2239251136779785
5.059145927429199
5.021387815475464
4.998193025588989
5.008153915405273
5.19308614730835
5.065465450286865
5.214922189712524
5.145071983337402
4.987836837768555
5.153425693511963
5.207410573959351
5.1283040046691895
5.074626922607422
5.08524751663208
5.08815598487854
5.186910152435303
5.186146259307861
5.094337224960327
5.155479192733765
5.104457378387451
5.028382062911987
5.188109874725342
5.261779069900513
5.337123870849609
5.311652898788452
5.17217755317688
5.303171634674072
5.1039369106292725
5.287247657775879
5.372483491897583
5.2057061195373535
5.296526908874512
5.2734129428863525
5.127246856689453
5.323609828948975
5.28836727142334
5.264240980148315
5.1858015060424805
5.334132432937622
5.248133659362793
5.242772579193115
5.254305362701416
5.206090927124023
5.167197942733765
5.289554834365845
5.427206993103027
5.1736907958984375
5.3084118366241455
5.264057636260986
5.218278646469116
5.270153999328613
5.3132383823394775
5.150696039199829
5.357526779174805
5.123654842376709
5.120547533035278
5.237946033477783
5.180259943008423
5.231595993041992
5.275319576263428
5.205662250518799
5.20827054977417
5.258300304412842
5.181541681289673
5.108163595199585
5.253816604614258
5.250274896621704
5.108168840408325
5.299168348312378
5.306379079818726
5.187682151794434
5.386393308639526
5.320397615432739
5.282887935638428
5.310423135757446
5.29330039024353
5.373972177505493
5.3445611000061035
5.166099309921265
5.268310308456421
5.350640058517456
5.130287170410156
5.285228490829468
5.331711292266846
5.333180904388428
5.3304784297943115
5.254120111465454
5.2062828540802
5.32465934753418
5.181403398513794
5.154093980789185
5.248737335205078
5.4117162227630615
5.169165372848511
5.257328987121582
5.312784433364868
5.1463706493377686
5.2687225341796875
5.170454502105713
5.21243143081665
5.224158763885498
5.347958326339722
5.3343727588653564
5.246100664138794
5.310660362243652
5.32648777961731
5.350376129150391
5.329431772232056
5.2235026359558105
5.2293736934661865
5.24077844619751
5.144538164138794
5.33092737197876
5.3177361488342285
5.141923427581787
5.292374849319458
5.2497169971466064
5.272454738616943
5.314565658569336
5.330384254455566
5.15251612663269
5.241322040557861
5.20635724067688
5.249346733093262
5.283352851867676
5.298519611358643
5.356303453445435
5.284560203552246
5.347851991653442
5.322052717208862
5.320385456085205
5.279421806335449
5.328736066818237
5.335291147232056
5.335181474685669
5.275830984115601
5.277876615524292
5.315819501876831
5.2886950969696045
5.2611212730407715
5.347367286682129
5.273415803909302
5.2780632972717285
5.303079605102539
5.147693395614624
5.2865071296691895
5.300682544708252
5.153794288635254
5.261928081512451
5.2955002784729
5.298283100128174
5.29282546043396
5.292270183563232
5.282726764678955
5.445685386657715
5.4915854930877686
5.186183452606201
5.267169713973999
5.269505739212036
5.18827223777771
5.343585968017578
5.302330493927002
5.241564512252808
5.371227979660034
5.42268443107605
5.206615924835205
5.321199655532837
5.320791482925415
5.2699103355407715
5.2933149337768555
5.2309300899505615
5.2413787841796875
5.315351486206055
5.299098014831543
5.24085545539856
5.230486869812012
5.303395748138428
5.267202138900757
5.2794342041015625
5.4640421867370605
5.321305990219116
5.176661252975464
5.279715538024902
5.185981273651123
5.296185255050659
5.312163591384888
5.230261325836182
5.254190683364868
5.359129428863525
5.273331165313721
5.299027442932129
5.336874485015869
5.320762634277344
5.394337177276611
5.272445440292358
5.206249237060547
5.3397674560546875
5.38252592086792
5.238375186920166
5.2609241008758545
5.461398363113403
5.253248691558838
5.403915643692017
5.293215274810791
5.325740575790405
5.066182374954224
5.201936960220337
5.215184926986694
5.278488874435425
5.388653039932251
5.330159425735474
5.232613801956177
5.091139554977417
5.30243444442749
5.379237651824951
5.313626527786255
5.257735729217529
5.288206577301025
5.30272364616394
5.235055923461914
5.2892820835113525
5.319019079208374
5.310376167297363
5.316878318786621
5.187445640563965
5.26539421081543
5.636909484863281
5.308165788650513
5.197814702987671
5.3023200035095215
5.257325172424316
5.26946496963501
5.342460870742798
5.474316835403442
5.291395902633667
5.376057386398315
5.3363542556762695
5.198417901992798
5.352059602737427
5.322325229644775
5.272253751754761
5.3377604484558105
5.257932186126709
5.381879568099976
5.319018840789795
5.3188111782073975
5.277969837188721
5.3075714111328125
5.350989580154419
5.346566438674927
5.105164527893066
5.307866811752319
5.237757921218872
5.235260963439941
5.287264585494995
5.144798994064331
5.302799463272095
5.258483171463013
5.258208751678467
5.243322134017944
5.31362247467041
5.318369150161743
5.2301812171936035
5.341261625289917
5.2762532234191895
5.335963010787964
5.337096929550171
5.2380311489105225
5.306380987167358
5.277574777603149
5.221035003662109
5.421499729156494
5.290710926055908
5.258794546127319
5.219530820846558
5.320457696914673
5.232095003128052
5.231405735015869
5.370537519454956
5.233459711074829
5.3033366203308105
5.222189903259277
5.170629262924194
5.147040367126465
5.297053098678589
5.159578084945679
5.383604288101196
5.395475149154663
5.314203977584839
5.312362432479858
5.292097806930542
5.281171083450317
5.265491485595703
5.260461091995239
5.251836061477661
5.394099473953247
5.416773080825806
5.309702396392822
5.383623838424683
5.27694034576416
5.31210470199585
5.288416147232056
5.364433288574219
5.282041072845459
5.333494186401367
5.223745107650757
5.317508220672607
5.259378671646118
5.361294269561768
5.302148818969727
5.337868928909302
5.635380744934082
5.761807203292847
5.32846736907959
5.364184856414795
5.203244686126709
5.387239456176758
5.301464796066284
5.364546537399292
5.343247413635254
5.420681476593018
5.315959930419922
5.4271368980407715
5.31930136680603
5.267463445663452
5.391470909118652
5.291466474533081
5.307976722717285
5.297171592712402
5.377768516540527
5.377401828765869
5.224349021911621
5.298364877700806
5.349462509155273
5.272568941116333
5.434680223464966
5.233374357223511
5.264075994491577
5.283567905426025
5.347954034805298
5.291993141174316
5.317869424819946
5.355871915817261
5.322052001953125
5.304538726806641
5.405358791351318
5.3711161613464355
5.264254570007324
5.296422481536865
5.393242835998535
5.308963060379028
5.189954042434692
5.460339069366455
5.34351658821106
5.386654376983643
5.270290374755859
5.326841831207275
5.318304061889648
5.510759115219116
5.378232955932617
5.3227715492248535
5.310297966003418
5.32123875617981
5.377445459365845
5.324300765991211
5.244099855422974
5.361026048660278
5.519081354141235
5.211973667144775
5.3833277225494385
5.43426775932312
5.321489095687866
5.324026823043823
5.325360059738159
5.46583890914917
5.28312873840332
5.318824768066406
5.4469850063323975
5.717485427856445
5.291575193405151
5.462158679962158
5.331252813339233
5.373409271240234
5.33313775062561
5.214617013931274
5.293075084686279
5.33262038230896
5.257423400878906
5.28081750869751
5.085157155990601
5.28424596786499
5.397834539413452
5.3294837474823
5.2783362865448
5.477771759033203
5.389281511306763
5.208867073059082
5.452924489974976
5.258232593536377
5.307003498077393
5.371318340301514
5.292172193527222
5.314110040664673
5.389337778091431
5.325559377670288
5.2677977085113525
5.381448030471802
5.239548444747925
5.31062388420105
5.29201340675354
5.262218952178955
5.384236812591553
5.360305309295654
5.267848968505859
5.3003456592559814
5.461313247680664
5.348978042602539
5.3191516399383545
5.357620716094971
5.39440131187439
5.28003191947937
5.296365737915039
5.389922142028809
5.3109190464019775
5.283502817153931
5.290332317352295
5.389129400253296
5.41949462890625
5.281145811080933
5.372437477111816
5.3022167682647705
5.341148614883423
5.254037618637085
5.456324815750122
5.412498950958252
5.357041358947754
5.370695352554321
5.264511585235596
5.394483327865601
5.39738917350769
5.313384532928467
5.326078176498413
5.344835042953491
5.312535285949707
5.327718257904053
5.336992502212524
5.404740810394287
5.158701419830322
5.392584323883057
5.24838399887085
5.227766752243042
5.313393831253052
5.379661560058594
5.33807110786438
5.345671653747559
5.265496253967285
5.181329011917114
5.3744494915008545
5.372293949127197
5.2739057540893555
5.382570028305054
5.296538591384888
5.28236985206604
5.398267030715942
5.355444669723511
5.3809614181518555
5.274203538894653
5.262256145477295
5.352191925048828
5.265044450759888
5.359438896179199
5.407044887542725
5.284566640853882
5.245256185531616
5.350495100021362
5.335177183151245
5.361578941345215
5.343032598495483
5.329946279525757
5.301927089691162
5.3006157875061035
5.269848346710205
5.336545705795288
5.298860549926758
5.419126033782959
5.2943196296691895
5.295838832855225
5.2949182987213135
5.340318918228149
5.428335905075073
5.320763349533081
5.411888599395752
5.3604021072387695
5.321459531784058
5.3210296630859375
5.5034239292144775
5.315374851226807
5.311958074569702
5.1860949993133545
5.301764249801636
5.4184839725494385
5.267355680465698
5.45119833946228
5.315866231918335
5.230917453765869
5.314493894577026
5.275317668914795
5.398251295089722
5.341575860977173
5.328680992126465
5.324730157852173
5.411524772644043
5.378042936325073
5.328928470611572
5.49744987487793
5.267781734466553
5.196163177490234
5.301309823989868
5.400100231170654
5.321695804595947
5.356020450592041
5.329407215118408
5.291180372238159
5.388260364532471
5.450243234634399
5.3315699100494385
5.318721055984497
5.202510118484497
5.268184423446655
5.379260778427124
5.69767689704895
5.284651517868042
5.396983861923218
5.154740810394287
5.297091484069824
5.333501100540161
5.2679619789123535
5.3206751346588135
5.346150159835815
5.319469213485718
5.257368326187134
5.3243796825408936
5.31391716003418
5.474752902984619
5.450245141983032
5.262428522109985
5.3163745403289795
5.399209022521973
5.43938946723938
5.463720321655273
5.352960824966431
5.224393606185913
5.290640830993652
5.376889228820801
5.374003171920776
5.422518730163574
5.340389966964722
5.338623046875
5.307772636413574
5.338215112686157
5.397457838058472
5.378034353256226
5.332311391830444
5.288767337799072
5.202546834945679
5.380909442901611
5.370359420776367
5.267520904541016
5.2953715324401855
5.233405828475952
5.304457902908325
5.232277154922485
5.428220748901367
5.311377286911011
5.35589599609375
5.358478546142578
5.200618505477905
5.337036609649658
5.305201292037964
5.2980406284332275
5.40888237953186
5.429533004760742
5.434125661849976
5.4502904415130615
5.386367082595825
5.288865566253662
5.331044673919678
5.452866315841675
5.323184013366699
5.362586736679077
5.334620237350464
5.348488807678223
5.3665173053741455
5.23144793510437
5.32794189453125
5.424375295639038
5.327599287033081
5.392673015594482
5.241627931594849
5.355412244796753
5.306676626205444
5.309228897094727
5.241140127182007
5.2626659870147705
5.301405906677246
5.35729193687439
5.301471948623657
5.305043697357178
5.253399133682251
5.321944713592529
5.369456052780151
5.325287580490112
5.161202430725098
5.346386194229126
5.376925468444824
5.30415940284729
5.405037879943848
5.3163816928863525
5.453486919403076
5.453972816467285
5.437957763671875
5.390915870666504
5.213752269744873
5.198740482330322
5.1747190952301025
5.093642473220825
5.3158485889434814
5.292825222015381
5.052606105804443
5.269803762435913
5.239777326583862
5.301832914352417
5.3338634967803955
5.323853969573975
5.251787900924683
5.186729431152344
5.410932779312134
5.236084699630737
5.316848039627075
5.2537901401519775
5.192734003067017
5.180722236633301
5.11065936088562
5.342869758605957
5.298830509185791
5.216756105422974
5.213754415512085
5.009568214416504
5.24578332901001
5.3338623046875
5.210750341415405
5.443963527679443
5.129676818847656
5.110658645629883
5.197739839553833
5.037591457366943
5.104653596878052
5.333864450454712
5.3158464431762695
5.27581000328064
5.107656955718994
5.336864471435547
5.4709882736206055
5.332862854003906
5.077629089355469
5.300832986831665
5.289822816848755
5.265801668167114
5.343326091766357
5.328857898712158
5.38691258430481
5.050605297088623
5.240778207778931
5.1977386474609375
5.265801906585693
4.9967734813690186
5.308841228485107
5.18072247505188
5.236775875091553
5.202742576599121
5.226763725280762
5.236774444580078
5.082634210586548
5.093644142150879
5.263800382614136
5.3238537311553955
5.238777160644531
5.116668462753296
5.339868545532227
5.2647998332977295
5.142688989639282
5.237240791320801
5.495009899139404
5.221760511398315
5.518031597137451
5.471988677978516
5.319008111953735
5.115663528442383
5.461979866027832
5.243781566619873
5.32785701751709
5.1326799392700195
5.33786678314209
5.336865425109863
5.334864377975464
5.279813528060913
5.1797215938568115
5.275810480117798
5.219759702682495
5.1897313594818115
5.635138988494873
5.610124588012695
5.28181529045105
5.164709806442261
4.906473398208618
5.251787424087524
5.52103328704834
5.285820007324219
5.323853492736816
5.298831224441528
4.994553565979004
5.326856851577759
5.36689305305481
5.295827865600586
5.266801834106445
5.161707162857056
5.20574426651001
5.285820245742798
5.297830820083618
5.171715259552002
5.157702684402466
5.3528807163238525
5.086637020111084
5.3698954582214355
5.1247735023498535
5.303835391998291
5.4229443073272705
5.135683536529541
5.142688512802124
5.1567018032073975
5.221240997314453
5.111659526824951
5.189732551574707
5.311842441558838
5.098649024963379
5.235773086547852
5.247785806655884
5.294702768325806
5.193735837936401
5.21141791343689
5.157700538635254
5.2077484130859375
5.274809122085571
5.2537901401519775
5.198740005493164
5.260796785354614
4.955517768859863
5.160705089569092
5.229766607284546
5.138686418533325
5.222760915756226
5.117302894592285
5.1086585521698
5.312844276428223
5.180724143981934
5.123671531677246
5.231769323348999
4.988549470901489
5.206746816635132
5.229769468307495
5.2417802810668945
5.317847728729248
5.3228538036346436
5.214754819869995
5.194736003875732
5.299832344055176
5.274810075759888
5.2766454219818115
5.359887361526489
5.177720308303833
5.231768846511841
5.239776134490967
5.357884168624878
5.284818172454834
5.520033359527588
5.021578311920166
5.318849802017212
5.3188488483428955
5.332861661911011
5.0856382846832275
5.3718976974487305
5.079631328582764
5.359887361526489
5.067620277404785
5.352879524230957
5.228766679763794
5.294827699661255
5.0776307582855225
5.21375298500061
5.29382848739624
5.268802165985107
5.369895696640015
5.2297680377960205
5.208552598953247
5.185433626174927
5.056610584259033
5.2117531299591064
5.238775968551636
5.269805669784546
5.194737434387207
5.208746433258057
5.312843561172485
5.1597044467926025
5.239778280258179
5.199740648269653
5.36589241027832
5.165710687637329
5.192734003067017
5.132678985595703
5.555064678192139
5.0986480712890625
5.217756509780884
5.058612108230591
5.292825222015381
5.272114038467407
5.268802642822266
5.37189793586731
5.416938066482544
5.091642141342163
5.211752414703369
5.228766918182373
5.137683391571045
5.252789258956909
5.294828176498413
5.209750652313232
4.995555877685547
5.381906032562256
5.327857494354248
5.341869592666626
5.2517876625061035
5.3926661014556885
5.167711973190308
5.388913154602051
5.116665363311768
5.29582953453064
5.211752653121948
5.2017436027526855
5.157702445983887
5.260795831680298
5.111331224441528
5.143690824508667
5.235774517059326
5.2742698192596436
5.151697397232056
5.360887765884399
5.250786066055298
5.371897220611572
5.206747055053711
5.14369010925293
5.123671293258667
5.28381609916687
5.289823770523071
5.391915798187256
5.207749366760254
5.1346821784973145
5.349877119064331
5.258793354034424
5.352880239486694
5.254791736602783
5.012571096420288
5.195738792419434
5.342869758605957
5.177576780319214
5.356885671615601
5.273808479309082
5.087847709655762
5.236774206161499
5.101651191711426
5.378137588500977
5.299832820892334
5.088639497756958
5.320850849151611
5.0926430225372314
5.220760345458984
5.1787214279174805
5.148695707321167
5.407930850982666
4.986546516418457
5.135682821273804
5.308839797973633
5.161706209182739
5.3318610191345215
5.378905534744263
5.353882074356079
5.066619873046875
5.574082136154175
5.544054985046387
5.284818172454834
5.441962957382202
5.460979223251343
5.26479959487915
5.168712854385376
5.018575668334961
5.224763631820679
5.377903699874878
5.420942544937134
5.286821126937866
5.270805358886719
5.298832416534424
5.2097508907318115
5.34087061882019
5.586093187332153
5.305835962295532
5.1506922245025635
5.191734313964844
5.239778280258179
5.247786045074463
5.191734790802002
5.239777088165283
5.310842990875244
5.250787258148193
5.308839559555054
5.318849325180054
5.271806001663208
4.999559164047241
5.370895624160767
5.543053150177002
5.759251356124878
5.258793830871582
5.333862543106079
5.250786542892456
5.076629400253296
5.272806882858276
5.306838274002075
5.598103761672974
5.48600172996521
5.235458850860596
5.2187583446502686
5.171714544296265
5.379906177520752
5.420941591262817
5.207749128341675
5.193734884262085
5.320850610733032
5.317848443984985
5.121669769287109
5.332861423492432
5.244901895523071
4.905472040176392
5.3799049854278564
5.311843156814575
5.5280396938323975
5.586092710494995
5.152697563171387
5.200742959976196
5.245783090591431
5.453972339630127
5.264801263809204
5.408932209014893
5.18973183631897
5.276809930801392
5.189732074737549
5.301833868026733
5.274809122085571
5.169720888137817
5.326857328414917
5.150695562362671
5.325856447219849
5.416938543319702
4.956520080566406
5.262798309326172
5.225764274597168
5.427950143814087
5.348877668380737
5.274362325668335
5.175717830657959
5.3718976974487305
5.377902984619141
5.367894172668457
5.328939199447632
5.458976984024048
5.245782136917114
5.264801025390625
5.2517876625061035
5.19573712348938
5.26379919052124
5.2708048820495605
5.3128437995910645
5.228923797607422
5.182295799255371
5.583090543746948
5.385910749435425
5.325855731964111
5.183725357055664
5.403896808624268
5.462980508804321
5.019577264785767
5.239777088165283
5.114664077758789
5.030587196350098
5.334863185882568
5.312842130661011
5.347875595092773
5.384909629821777
5.143689155578613
5.162706613540649
5.3063883781433105
5.234769582748413
5.2297680377960205
5.266802072525024
5.261796712875366
5.039594650268555
5.397921562194824
5.301833629608154
5.260796308517456
5.362889766693115
5.210502862930298
5.1787214279174805
5.300832271575928
5.071624279022217
5.544399976730347
5.477994203567505
5.0976481437683105
5.2587950229644775
5.3428709506988525
5.12567400932312
5.358886241912842
5.279814004898071
5.2137532234191895
5.352880954742432
5.338867425918579
5.2788121700286865
5.350878953933716
5.251788139343262
5.170714855194092
5.186729669570923
5.50301718711853
5.36288857460022
5.095646858215332
5.278813123703003
5.265801668167114
5.703199863433838
5.3749003410339355
5.327857255935669
5.242779731750488
5.302835464477539
5.380905866622925
5.271806478500366
5.321851491928101
5.21575665473938
5.599105596542358
5.226765394210815
5.2097508907318115
5.254791736602783
5.26880407333374
5.130681037902832
5.24778413772583
5.414937973022461
5.453972816467285
5.2708048820495605
5.134681940078735
5.372897624969482
5.469297409057617
5.5720813274383545
5.152696132659912
5.0165746212005615
5.418940544128418
5.508021831512451
5.480997562408447
5.360887289047241
5.246784925460815
5.301662445068359
5.268803834915161
5.5360472202301025
5.257793664932251
5.286819696426392
5.209748983383179
5.426948547363281
5.499014377593994
5.137682676315308
5.23076868057251
5.341871500015259
5.387911558151245
5.151698350906372
5.236775636672974
5.3849101066589355
5.3628904819488525
5.189731121063232
5.24678373336792
4.960524320602417
5.535364866256714
5.016939878463745
5.106656074523926
5.192734003067017
4.9635255336761475
5.326856374740601
5.35788631439209
5.316590070724487
4.9144814014434814
5.236774682998657
5.325856447219849
5.3959197998046875
5.0846357345581055
5.222762584686279
5.25979471206665
5.3368659019470215
5.339869260787964
5.32685661315918
5.091642618179321
5.024580955505371
5.133681774139404
5.550058841705322
5.2978293895721436
5.3558831214904785
5.195737361907959
5.69118857383728
5.167711496353149
5.3668928146362305
5.4089319705963135
5.4890055656433105
5.26780366897583
5.152697324752808
5.2137510776519775
4.944508790969849
5.492006540298462
5.376903295516968
5.188731670379639
5.2027435302734375
5.189730167388916
5.217758417129517
5.192735433578491
5.44199800491333
5.302835941314697
5.205745697021484
5.395919322967529
5.214754104614258
5.526037216186523
5.481999397277832
5.453972339630127
5.289822101593018
5.38116192817688
5.258794546127319
5.354882478713989
5.475992679595947
5.260081768035889
5.20674729347229
5.265802383422852
5.4479663372039795
5.107657194137573
5.190732479095459
5.308839797973633
5.371896982192993
5.158817529678345
5.393917798995972
5.366991281509399
5.492007255554199
5.459978103637695
5.187729120254517
5.259797096252441
5.323624849319458
5.435955762863159
5.331861257553101
5.433954238891602
5.43996000289917
5.361889600753784
5.224763631820679
5.409932851791382
5.392917633056641
5.4069297313690186
5.2327704429626465
5.233769178390503
5.357885360717773
5.288821697235107
5.120667457580566
5.4709861278533936
5.6081132888793945
5.158704042434692
5.352880239486694
5.260795831680298
5.235773324966431
5.576083421707153
5.277811527252197
5.239959716796875
5.15369987487793
5.460978984832764
5.362889289855957
5.158702373504639
5.5250372886657715
5.353882312774658
5.24277925491333
5.414937734603882
5.438959360122681
5.550060272216797
5.294827699661255
5.241780042648315
5.511023998260498
5.546056032180786
5.23377251625061
5.1727166175842285
5.117177963256836
5.281815528869629
5.497012376785278
5.352880477905273
5.164708614349365
5.215898036956787
5.078630208969116
5.015573978424072
5.344493627548218
5.280812740325928
5.236774206161499
5.244782209396362
5.449969053268433
5.248786449432373
5.342870712280273
5.329859495162964
5.444964170455933
5.529041767120361
5.105655193328857
5.036592960357666
5.332861661911011
5.451970338821411
5.498012542724609
5.515028476715088
5.343871831893921
5.269805192947388
5.1056554317474365
5.174717903137207
5.3849098682403564
5.450969219207764
5.214753150939941
5.150696277618408
5.348876476287842
5.564072847366333
5.158702850341797
5.10965895652771
5.309840679168701
5.198740243911743
5.44596529006958
5.529040813446045
5.266802072525024
5.190729379653931
5.292769908905029
5.060614109039307
5.257792949676514
5.373900651931763
5.163707971572876
5.200742959976196
5.077629566192627
5.249786615371704
5.378904342651367
5.39792275428772
5.1516969203948975
5.387911796569824
5.279813528060913
5.16170597076416
5.285818576812744
5.2447826862335205
5.381906747817993
5.359886169433594
5.0756285190582275
5.070623159408569
5.2367753982543945
5.197738409042358
5.323854446411133
5.1747190952301025
5.199740409851074
5.199740886688232
5.452972173690796
5.2607972621917725
5.639803886413574
5.582089185714722
5.579672336578369
5.306838274002075
5.374901533126831
5.233772277832031
5.464982748031616
5.479995489120483
5.341870069503784
5.315845012664795
5.527039051055908
5.502017259597778
5.458496332168579
5.366893768310547
5.389914274215698
5.356883764266968
5.43595552444458
5.587090969085693
5.366894006729126
5.4589762687683105
5.336865663528442
5.401665210723877
5.50501823425293
5.578870534896851
5.270806789398193
5.261797904968262
5.115664005279541
5.471989393234253
5.63213586807251
5.479997396469116
5.193735837936401
5.299832582473755
5.496009826660156
5.563072443008423
5.339869499206543
5.275809288024902
5.3108415603637695
5.374900817871094
5.558067560195923
5.459977626800537
5.537693023681641
5.293827056884766
5.411933898925781
5.619123458862305
5.4769933223724365
5.386910676956177
5.182725191116333
5.35888409614563
5.500014543533325
5.641143321990967
5.5260396003723145
5.407930612564087
5.357883930206299
5.3849101066589355
5.618121862411499
5.701234340667725
5.356884717941284
5.237774610519409
5.265800476074219
5.461980581283569
5.629430055618286
5.4709858894348145
5.27080512046814
5.333864212036133
5.602106332778931
5.469987392425537
5.325855731964111
5.519032716751099
5.405928611755371
5.371898174285889
5.4309515953063965
5.577084302902222
5.538050651550293
5.380905389785767
5.423944473266602
5.724218845367432
5.423946142196655
5.4229443073272705
5.406929016113281
5.622125864028931
5.2888219356536865
5.482999324798584
5.523035049438477
5.3388671875
5.525038003921509
5.614117860794067
5.4950110912323
5.230768442153931
5.489003896713257
5.53304648399353
5.272806882858276
5.387911558151245
5.438957452774048
5.2838170528411865
5.396921873092651
5.401923656463623
5.592097043991089
5.4499595165252686
5.283817291259766
5.366892337799072
5.436957597732544
5.298830986022949
5.405928134918213
5.50201678276062
5.335865259170532
5.158702850341797
5.5220348834991455
5.544053792953491
5.138685464859009
5.393921613693237
5.616121053695679
5.474992036819458
5.312843561172485
5.524036645889282
5.559499025344849
5.238776445388794
5.405929803848267
5.456975698471069
5.5060203075408936
5.544053792953491
5.318849086761475
5.293827295303345
5.3128440380096436
5.738231420516968
5.489004135131836
5.343871831893921
5.389914274215698
5.432953357696533
5.7672576904296875
5.305838584899902
5.595100402832031
5.442961931228638
5.377902030944824
5.483999490737915
5.289823770523071
5.228767395019531
5.462981462478638
5.535047769546509
5.619123697280884
5.414937734603882
5.227766513824463
5.286820888519287
5.598104000091553
5.588094472885132
5.44996976852417
5.330859899520874
5.448968887329102
5.298830986022949
5.576084613800049
5.66916823387146
5.583090305328369
5.531042098999023
5.507020950317383
5.2958290576934814
5.539050340652466
5.659159421920776
5.630133628845215
5.326856851577759
5.335865020751953
5.402926683425903
5.528040409088135
5.71220850944519
5.488003253936768
5.412935018539429
5.325855016708374
5.332862377166748
5.435957193374634
5.531151294708252
5.49962306022644
5.30483603477478
5.336866140365601
5.333864212036133
5.556065082550049
5.6031084060668945
5.48700213432312
5.419940233230591
5.332861423492432
5.2858192920684814
5.465983629226685
5.550059795379639
5.483999490737915
5.189731121063232
5.336865663528442
5.202742576599121
5.486001491546631
5.764772176742554
5.546056270599365
5.486001968383789
5.243780851364136
5.294827222824097
5.594171524047852
5.299831867218018
5.310842037200928
5.4129345417022705
5.73723030090332
5.457976341247559
5.480997800827026
5.455973863601685
5.308839797973633
5.440962076187134
5.609114170074463
5.338866949081421
5.297509670257568
5.4499688148498535
5.549059629440308
5.511024713516235
5.347875118255615
5.191734552383423
5.294827699661255
5.29282546043396
5.726219892501831
5.527038812637329
5.408932447433472
5.3633527755737305
5.290823698043823
5.586092710494995
5.773264646530151
5.493008852005005
5.601104259490967
5.454972505569458
5.365891456604004
5.296829700469971
5.597103834152222
5.530041694641113
5.342872142791748
5.447026968002319
5.366892337799072
5.534044981002808
5.276811599731445
5.353881597518921
5.242781639099121
5.39291787147522
5.7392332553863525
5.362889289855957
5.363891363143921
5.33185887336731
5.297831058502197
5.403926372528076
5.64514684677124
5.519032716751099
5.50501561164856
5.4269490242004395
5.262798309326172
5.264800071716309
5.734227895736694
5.328858137130737
5.486001014709473
5.434955835342407
5.183726072311401
5.353880882263184
5.318849563598633
5.317848443984985
5.486001253128052
5.697193622589111
5.286820888519287
5.272770643234253
5.49601149559021
5.770260572433472
5.336384296417236
5.327857494354248
5.3398683071136475
5.298832416534424
5.56907844543457
5.422943592071533
5.2738072872161865
5.4219441413879395
5.289824724197388
5.298831462860107
5.685183048248291
5.371898174285889
5.345875263214111
5.356884956359863
5.3548829555511475
5.574082136154175
5.82731294631958
5.365540981292725
5.386911630630493
5.59710431098938
5.6021082401275635
5.3509180545806885
5.5240373611450195
5.184727191925049
5.289823532104492
5.524037599563599
5.384485244750977
5.610114574432373
5.374901056289673
5.5410521030426025
5.402925729751587
5.329884767532349
5.361887454986572
5.440960884094238
5.391916513442993
5.332860708236694
5.512026786804199
5.449542760848999
5.529041767120361
5.240778207778931
5.352970838546753
5.398974180221558
5.443098783493042
5.614258050918579
5.3920509815216064
5.362022876739502
5.341739654541016
5.214885473251343
5.642285585403442
5.563211917877197
5.274941921234131
5.342003345489502
5.311976194381714
5.389049053192139
5.467121839523315
5.370030164718628
5.406064033508301
5.454107999801636
5.359020233154297
5.144819498062134
5.260927438735962
5.523173809051514
5.512163400650024
5.536186695098877
5.370030164718628
5.2218918800354
5.703342437744141
6.016636610031128
5.601246118545532
5.414068937301636
5.577225208282471
5.30697226524353
5.4851393699646
5.57422137260437
5.536186695098877
5.544192790985107
5.224893808364868
5.457112073898315
5.61125636100769
5.53918981552124
5.429086208343506
5.312977075576782
5.393280506134033
5.601247072219849
5.5662147998809814
5.5692174434661865
5.385044574737549
5.2809484004974365
5.359019994735718
5.821453809738159
5.6032490730285645
5.500152111053467
5.70934796333313
5.332995891571045
5.968599319458008
5.244914293289185
5.531181335449219
5.570218086242676
5.7053446769714355
5.596242904663086
5.469123363494873
5.390050411224365
5.474128007888794
5.62126612663269
5.591237783432007
5.504151821136475
5.347008943557739
5.338000774383545
5.429085969924927
5.933557748794556
5.513165712356567
5.391050100326538
5.319983720779419
5.531181573867798
5.640283823013306
5.447102785110474
5.732370376586914
5.524175405502319
5.577224493026733
5.34100341796875
5.352013826370239
5.7253639698028564
5.78942346572876
5.2799460887908936
5.5431928634643555
5.647290229797363
5.117794036865234
5.410068511962891
5.986607789993286
5.98761773109436
5.527177572250366
5.519170045852661
5.563211441040039
5.372032642364502
5.292958498001099
5.691331386566162
5.691332101821899
5.513164758682251
5.524174928665161
5.460115432739258
5.174849271774292
5.292312860488892
5.656299114227295
5.529180526733398
5.4741291999816895
5.414071559906006
5.370030641555786
5.392789125442505
5.342005252838135
5.38003945350647
5.4441001415252686
5.534184694290161
5.502154111862183
5.562210321426392
5.780415058135986
5.38604998588562
5.362022638320923
5.508159399032593
5.4881415367126465
5.449104070663452
5.7153542041778564
5.638282299041748
5.748384952545166
5.50715970993042
5.501153230667114
5.446101188659668
5.531181573867798
5.383167028427124
5.444100379943848
5.422080039978027
5.415072441101074
5.216887474060059
5.350011587142944
5.851480960845947
5.846477270126343
5.7594053745269775
5.587234020233154
5.4430992603302
5.33900260925293
5.473126649856567
5.654296636581421
5.572219371795654
5.72336220741272
5.34100341796875
5.4290854930877686
5.55120062828064
5.562209844589233
5.4170753955841064
5.573220491409302
5.582228660583496
5.5431928634643555
5.491144180297852
5.398057460784912
5.326991081237793
5.698338031768799
5.949573040008545
5.447103023529053
5.607252836227417
5.418075323104858
5.366027593612671
5.442098379135132
6.001622200012207
6.22683310508728
6.261875867843628
5.537187337875366
5.907533645629883
5.348009824752808
5.594240665435791
5.722360372543335
5.708348512649536
5.635279417037964
5.446101665496826
5.421078681945801
5.390023231506348
5.327955007553101
5.529142141342163
5.831422328948975
5.435971975326538
5.715315103530884
5.800394535064697
5.386008024215698
5.4670844078063965
5.677229166030884
5.465083599090576
5.699300289154053
5.6752777099609375
5.488103866577148
5.495110750198364
5.386008977890015
5.503117322921753
5.865454196929932
5.7313292026519775
5.439057350158691
5.204841136932373
5.245877742767334
5.63724160194397
5.90048885345459
5.6732752323150635
5.67828106880188
5.483098745346069
5.323951005935669
5.555166482925415
5.616223096847534
5.4120330810546875
5.4881041049957275
5.580190181732178
5.498113393783569
5.475091934204102
5.43905782699585
5.3499755859375
5.362987756729126
5.66126561164856
5.5801897048950195
5.692294120788574
5.839430809020996
5.735342741012573
5.4740917682647705
5.4310386180877686
5.625232219696045
5.729328393936157
5.428048372268677
5.435056209564209
5.3759989738464355
5.121762990951538
5.463080167770386
5.8784685134887695
5.70330548286438
5.497784852981567
5.201836824417114
5.399021148681641
5.468085289001465
5.819412708282471
5.519384384155273
5.465080499649048
5.5121259689331055
5.269901990890503
5.29792857170105
5.3069353103637695
5.3029327392578125
5.686288356781006
5.7373363971710205
5.703303575515747
5.6062140464782715
5.500115156173706
5.412032842636108
5.209423542022705
5.426047325134277
5.529141664505005
5.63924503326416
5.757354259490967
5.1836066246032715
5.361988306045532
5.49811315536499
5.390012741088867
5.54315447807312
5.435054063796997
5.755079507827759
5.373997688293457
5.466083526611328
5.443061351776123
5.706307411193848
5.572181463241577
5.508122444152832
5.374999046325684
5.2909204959869385
5.331958532333374
5.487092971801758
5.45507287979126
5.177814960479736
5.631237268447876
5.492107629776001
5.310938119888306
5.599206447601318
5.725324869155884
5.325952529907227
5.356283664703369
5.4768993854522705
5.302932024002075
5.36699104309082
5.7363340854644775
5.697299003601074
5.373998165130615
5.472088813781738
5.341968297958374
5.4410600662231445
5.461078405380249
5.413034677505493
5.457074880599976
5.291921615600586
5.274905204772949
5.540151834487915
5.9715540409088135
5.597205400466919
5.37700080871582
5.504118919372559
5.4120330810546875
5.371996164321899
5.490106582641602
5.310938596725464
5.3049328327178955
5.459076404571533
5.416375637054443
5.503118515014648
5.721330881118774
5.436054944992065
5.369994640350342
5.30793571472168
5.71832799911499
6.079663276672363
5.595212936401367
5.237870931625366
5.339982748031616
5.466083288192749
5.40702748298645
5.217852830886841
5.574183702468872
5.405070781707764
5.337765693664551
5.331958770751953
5.059705495834351
5.654258489608765
5.9266626834869385
5.371995210647583
5.59221076965332
5.200836896896362
5.407028436660767
5.222854137420654
5.285917043685913
5.619887351989746
5.512125492095947
5.4020233154296875
5.293951988220215
5.435535192489624
5.547159194946289
5.075091361999512
5.3659913539886475
5.366991281509399
5.417038679122925
5.418039083480835
5.452067613601685
5.463079929351807
5.416903734207153
5.11275577545166
5.159799814224243
5.626231908798218
5.862462043762207
5.783909559249878
5.440329074859619
5.124740362167358
5.375973224639893
5.371969938278198
5.406325340270996
5.791663646697998
5.937493085861206
5.535121440887451
5.50909686088562
5.15276837348938
5.373971939086914
5.111862897872925
5.330930948257446
5.586200475692749
5.290895700454712
5.302906274795532
5.154768943786621
5.546130657196045
5.682257413864136
5.782003879547119
5.1722822189331055
5.523802280426025
5.349950313568115
5.206817150115967
5.106745719909668
5.2578654289245605
5.762341260910034
5.916483640670776
5.545129776000977
5.512889385223389
5.277882814407349
5.357957363128662
5.096714735031128
5.18779993057251
5.632220268249512
5.720301628112793
5.298901796340942
5.734403610229492
5.273879289627075
5.264871120452881
5.233841180801392
5.114731788635254
5.208819150924683
5.504092454910278
5.564551591873169
5.379605531692505
5.4710612297058105
5.379976272583008
5.425019264221191
5.510097503662109
5.197808027267456
5.265871286392212
5.5848987102508545
5.712285280227661
5.237084150314331
5.2873687744140625
5.2458531856536865
5.2408483028411865
5.275776386260986
5.411639451980591
5.63848090171814
5.33193302154541
5.416010618209839
5.308910369873047
5.276882171630859
5.13875412940979
5.368967771530151
5.724296569824219
5.392989635467529
5.344095945358276
5.188289165496826
5.201812982559204
5.230838775634766
5.292577266693115
5.569153785705566
5.510099172592163
5.467388868331909
5.422999382019043
5.467058181762695
5.224833726882935
5.272878408432007
5.184797286987305
5.192805528640747
5.42001485824585
5.630208492279053
5.209819555282593
5.282888889312744
5.381978511810303
5.338939666748047
5.219829559326172
5.197808504104614
5.6732494831085205
5.699282169342041
5.2364726066589355
5.668244361877441
5.286890745162964
5.449041128158569
5.092711687088013
5.2798850536346436
5.493785619735718
5.743313789367676
5.546130418777466
5.2946343421936035
5.407001733779907
5.284888982772827
5.285891532897949
5.192805290222168
5.348947525024414
5.39359450340271
5.267875671386719
5.3789753913879395
5.357957601547241
5.392988443374634
5.445038080215454
5.270586967468262
5.035799741744995
5.328930139541626
5.176788330078125
5.1367528438568115
5.545099496841431
5.267873287200928
5.299452066421509
5.2398481369018555
5.311913967132568
5.588170051574707
5.266873359680176
5.164777517318726
5.189799785614014
5.18779993057251
5.424517631530762
5.453044414520264
5.37597393989563
5.346947431564331
5.321924448013306
5.374972820281982
5.789355278015137
5.545130014419556
5.279884099960327
5.3439435958862305
5.349950551986694
5.497085809707642
5.580162286758423
5.633210897445679
5.606186151504517
5.352952718734741
5.746315956115723
5.6392176151275635
5.285888195037842
5.5491344928741455
5.24385142326355
5.431024074554443
5.685258388519287
5.353952646255493
5.599179983139038
5.743313789367676
5.212822914123535
5.368966579437256
5.875443696975708
5.4650561809539795
5.1847984790802
5.309913635253906
5.281887054443359
5.679254770278931
6.023582458496094
5.486076354980469
5.444037914276123
5.298902750015259
5.284888982772827
5.425019025802612
5.349949836730957
5.299903154373169
5.36196231842041
5.440032243728638
5.3139142990112305
5.672528505325317
6.023561477661133
5.61517596244812
5.669226169586182
5.477048397064209
5.561126232147217
5.426001071929932
5.39997673034668
5.276864528656006
5.30889368057251
5.789344549179077
5.314541578292847
5.3749542236328125
5.320904016494751
5.224815607070923
5.4870569705963135
5.507075071334839
5.659215927124023
5.372952461242676
5.394972085952759
5.321947336196899
5.3098931312561035
5.414992094039917
5.345926523208618
5.386965036392212
5.462034463882446
5.3458428382873535
5.291877269744873
5.447021961212158
5.387965202331543
5.457029104232788
5.485054969787598
5.3058905601501465
5.284872055053711
5.5441107749938965
5.562895774841309
5.477048397064209
5.401978969573975
5.3719494342803955
5.46503758430481
5.641209125518799
5.320904493331909
5.474045753479004
5.576139688491821
5.392971038818359
5.402980327606201
5.532099723815918
5.375954627990723
