Timing log for each step:
0.019021272659301758
10.33080792427063
10.04883623123169
10.264087438583374
10.038810014724731
10.129169702529907
10.015660762786865
10.24884557723999
10.268210649490356
10.104647397994995
10.21924638748169
10.093928098678589
10.097096681594849
10.137388706207275
10.175542116165161
10.094412088394165
10.169005870819092
10.372885704040527
10.260705709457397
10.161141633987427
10.254151582717896
10.16719937324524
10.234466552734375
10.174515962600708
10.129270315170288
10.175842761993408
10.180258750915527
10.229396104812622
10.233174800872803
10.160907745361328
10.158026695251465
10.156257390975952
10.40513563156128
10.181331872940063
10.168593883514404
10.253268480300903
10.336299896240234
10.262337684631348
10.228814840316772
10.383925199508667
10.120323657989502
10.421607971191406
10.21150279045105
9.739893674850464
9.479358196258545
9.377492904663086
9.677456617355347
9.553685426712036
9.546920537948608
9.417664527893066
9.50976300239563
9.454225063323975
9.590586423873901
9.710039138793945
9.517171859741211
9.582712650299072
9.776932954788208
9.666621446609497
9.733398914337158
9.677411556243896
9.491786003112793
9.667491912841797
9.7241051197052
9.645681381225586
9.620815515518188
9.774207830429077
9.693628787994385
9.696647644042969
9.643011331558228
9.615995645523071
9.542559623718262
9.636005163192749
9.555855512619019
9.523185014724731
9.684995889663696
9.629599332809448
9.77865719795227
9.629537582397461
9.541996479034424
10.038488149642944
10.069368839263916
10.214960813522339
10.200111865997314
10.220111846923828
10.302005529403687
9.734960079193115
9.779915809631348
9.587116956710815
9.744580507278442
9.726609945297241
9.685269594192505
9.691112756729126
9.623621225357056
9.514333724975586
9.550963401794434
9.54699993133545
9.454643249511719
9.55174469947815
9.743910074234009
9.658897399902344
9.56925368309021
9.70004153251648
10.321538209915161
10.243348598480225
10.114493608474731
10.311848640441895
10.240930318832397
10.12453317642212
10.134190559387207
10.104729890823364
10.151406049728394
10.12135910987854
10.211818218231201
10.133413553237915
10.225321292877197
10.157709121704102
10.375291347503662
10.124692916870117
10.14500617980957
10.133632183074951
10.246996879577637
10.265459537506104
10.180205345153809
10.084862470626831
10.036906242370605
10.242300748825073
10.13695764541626
10.35155987739563
10.138763904571533
10.13567566871643
10.275830030441284
10.178101778030396
10.163890361785889
10.145940065383911
10.338456392288208
10.221887588500977
10.261316537857056
10.319281339645386
10.104522705078125
10.32346796989441
10.22718071937561
10.126773357391357
10.303877830505371
10.119807004928589
10.216435670852661
10.309046745300293
10.169730424880981
10.266709089279175
10.216403722763062
10.185866594314575
10.093148231506348
10.331338882446289
10.339955568313599
10.151118040084839
10.259551525115967
10.341814517974854
10.419167518615723
10.367986679077148
10.16530179977417
10.26190710067749
10.403159856796265
10.469660758972168
10.32441234588623
10.438935995101929
10.317100048065186
10.393152713775635
10.233866453170776
10.390191555023193
10.305879354476929
10.306677341461182
10.293946743011475
10.277324438095093
10.317249774932861
10.385264873504639
10.350764513015747
10.506213426589966
10.397988557815552
10.385348320007324
10.274417400360107
10.358867645263672
10.342051267623901
10.605342388153076
10.305930852890015
10.455826044082642
10.222848176956177
10.283290386199951
10.34455132484436
10.3243567943573
10.40152096748352
10.29264211654663
10.35181999206543
10.415831327438354
10.311159610748291
10.416513681411743
10.203945398330688
10.400529384613037
10.340309619903564
10.464494943618774
10.159469604492188
10.35022234916687
10.4753258228302
10.408196210861206
10.327834844589233
10.219034671783447
10.30005168914795
10.39101529121399
10.450079202651978
10.295388460159302
10.329991340637207
10.548622846603394
10.212394714355469
10.402432918548584
10.4471755027771
10.308093547821045
10.623729944229126
10.336767435073853
10.411222696304321
10.390195369720459
10.527940273284912
10.471526622772217
10.411317348480225
10.29177713394165
10.347069263458252
10.515574932098389
10.266837358474731
10.310254335403442
10.337080001831055
10.391647338867188
10.262123823165894
10.405789613723755
10.383987665176392
10.201504468917847
10.38913631439209
10.387771844863892
10.303959131240845
10.434211254119873
10.433685541152954
10.257516145706177
10.373725652694702
10.599008083343506
10.387970685958862
10.284789085388184
10.401326179504395
10.486501693725586
10.386326551437378
10.363504648208618
10.329494714736938
10.297007083892822
10.265613079071045
10.18535828590393
10.327673435211182
10.222381114959717
10.461977481842041
10.310434341430664
10.298573732376099
10.198840379714966
10.361363887786865
10.255064725875854
10.373253583908081
10.254266023635864
10.261988878250122
10.147628545761108
10.306933879852295
10.182116746902466
10.313372611999512
10.341458797454834
10.281961917877197
10.399855613708496
10.308894157409668
10.533016681671143
