Timing log for each step:
0.013012409210205078
10.252349853515625
10.196869850158691
10.308922529220581
10.23955774307251
10.3345046043396
10.031690120697021
10.135808944702148
10.34528660774231
10.164751052856445
10.473400354385376
10.50087022781372
10.259583950042725
9.895999908447266
10.1982102394104
10.619239330291748
10.50137996673584
10.463116884231567
9.812563180923462
10.025739908218384
10.190868377685547
10.05285930633545
10.7393798828125
10.286948680877686
9.878604412078857
9.971988201141357
9.790246486663818
10.052780866622925
10.01705813407898
10.264211416244507
9.960617065429688
10.280160665512085
10.262134552001953
10.302010536193848
9.559107065200806
10.273991346359253
10.005876064300537
10.062983512878418
10.219329357147217
10.075586318969727
10.076153755187988
10.384316444396973
10.204856395721436
10.104137182235718
10.189591407775879
10.34715986251831
10.312867641448975
10.225666522979736
10.098830461502075
10.400996208190918
10.36083173751831
10.229656219482422
10.292193174362183
10.506959199905396
10.364152193069458
10.179208278656006
10.499202966690063
10.447092533111572
10.589330434799194
10.563794374465942
10.45511531829834
10.46331262588501
10.321992635726929
10.411407470703125
10.677324533462524
10.436682224273682
10.565465450286865
10.433997631072998
10.489115476608276
10.327011823654175
10.362113237380981
10.529999256134033
10.300327777862549
10.562045335769653
10.452238321304321
10.335487604141235
10.560166835784912
10.497572183609009
10.609166145324707
10.449617862701416
10.218394994735718
10.449725866317749
10.349685668945312
10.516833543777466
10.485831260681152
10.549389600753784
10.54671311378479
10.606903553009033
10.659413576126099
10.56277346611023
10.470815181732178
10.600358963012695
10.807549476623535
10.520341873168945
10.682801961898804
10.59190559387207
10.743653535842896
10.642666339874268
10.70813274383545
10.52029538154602
10.834967613220215
10.62841272354126
10.641906261444092
10.641547441482544
10.598102569580078
10.578542470932007
10.66698408126831
10.666720867156982
10.57623815536499
10.717033863067627
10.6039879322052
10.679767847061157
10.640372514724731
10.7409827709198
10.511735677719116
10.780582666397095
10.576368808746338
10.608973264694214
10.6108078956604
10.62188720703125
10.615243673324585
10.637870073318481
10.641395092010498
10.698894500732422
10.729912519454956
10.610670566558838
10.832820892333984
10.560108423233032
10.66628122329712
10.561757564544678
10.55728006362915
10.474455118179321
10.637060403823853
10.58054494857788
10.739206314086914
10.515019655227661
10.780691146850586
10.800506114959717
10.531894207000732
10.652530431747437
10.677425622940063
10.651891469955444
10.569944143295288
10.467772245407104
10.615512609481812
10.519205093383789
10.602476835250854
10.564912557601929
10.697410345077515
10.509914875030518
10.611897706985474
10.467240810394287
10.730799913406372
10.692325115203857
10.609110116958618
10.70990514755249
10.536968231201172
10.63340163230896
10.53279161453247
10.684521436691284
10.601206541061401
10.636805534362793
10.6372652053833
10.661632299423218
10.572187185287476
10.675432205200195
10.795512199401855
10.507232189178467
10.584720134735107
10.602316617965698
10.590971946716309
10.658822059631348
10.606051206588745
10.725268840789795
10.616940021514893
10.479363918304443
10.710402011871338
10.433890342712402
10.70608139038086
10.593800067901611
10.781886339187622
10.732486009597778
10.640697956085205
10.642451763153076
10.686447620391846
10.60556173324585
10.598506689071655
10.621169805526733
10.67488956451416
10.469195127487183
10.57851529121399
10.76577615737915
10.683003187179565
10.764183521270752
10.858606576919556
10.617406845092773
10.793637037277222
10.663472175598145
10.483610391616821
10.65160346031189
10.663883924484253
10.635977506637573
10.6856107711792
10.644734382629395
10.577736139297485
10.615681171417236
10.766321182250977
10.42369794845581
10.602142572402954
10.581927061080933
10.642585039138794
10.50712537765503
10.739674091339111
10.550524473190308
10.64453673362732
10.629883766174316
10.679957866668701
10.682206630706787
10.409319877624512
10.567688941955566
10.637506484985352
10.49528956413269
10.611427068710327
10.546757459640503
10.570575952529907
10.695909976959229
10.577642917633057
10.650618553161621
10.62476110458374
10.616092920303345
10.62081265449524
10.64930534362793
10.611269235610962
10.587958097457886
10.70816159248352
10.647023677825928
10.52462911605835
10.435656070709229
10.635578870773315
10.793044090270996
10.735930442810059
10.693848133087158
10.690340042114258
10.524219751358032
10.629853248596191
10.452909231185913
10.688103675842285
10.404384851455688
10.789637327194214
10.63896369934082
10.763200998306274
10.446605682373047
10.56615662574768
10.492315292358398
10.715397357940674
10.622265338897705
10.724608421325684
10.75201964378357
10.779385089874268
10.812296867370605
10.659951210021973
10.623238563537598
10.7515869140625
10.662878513336182
10.533137083053589
10.449112176895142
10.707815885543823
10.605273723602295
10.561167001724243
10.56915545463562
10.567708253860474
10.753756284713745
10.829523801803589
10.77139401435852
10.63219165802002
10.739367961883545
10.548823595046997
10.570448637008667
10.75839376449585
10.824944257736206
10.815360307693481
10.47404932975769
10.668424129486084
10.607017755508423
10.531837940216064
10.34506869316101
10.749261379241943
10.7236909866333
10.7234628200531
10.717907667160034
10.840867280960083
10.73302435874939
10.76535439491272
10.809271574020386
10.760222434997559
10.718451023101807
10.887388706207275
10.85501217842102
10.881831645965576
10.942833662033081
10.709688663482666
10.810174465179443
10.683313846588135
10.81582236289978
10.315369606018066
10.16623306274414
10.600627183914185
10.612638235092163
10.626651048660278
10.90090036392212
10.636658191680908
10.467504739761353
10.70371961593628
10.328378915786743
10.321372270584106
10.219280004501343
10.516550779342651
10.635658979415894
10.42646837234497
10.57260012626648
10.515549898147583
10.602626323699951
10.535567998886108
10.397441387176514
10.660680294036865
10.674693584442139
10.578606843948364
10.172237873077393
10.750763177871704
10.5946204662323
10.335386037826538
10.66868805885315
10.184247732162476
10.094166278839111
10.601624965667725
10.609635591506958
10.349397659301758
10.403447151184082
10.68570327758789
10.450490474700928
10.485522747039795
10.515548944473267
10.573601007461548
10.733746767044067
10.575603246688843
10.621644258499146
10.158225536346436
10.585612297058105
10.074148178100586
10.129198789596558
10.534566879272461
10.74876093864441
10.562591314315796
10.552582263946533
10.24330186843872
10.370418310165405
10.483521461486816
10.636659383773804
10.593620777130127
10.57159972190857
10.483521461486816
10.676694631576538
10.42246389389038
10.751762866973877
10.57460331916809
10.470508575439453
10.449488639831543
10.453491926193237
10.406450510025024
10.141209125518799
10.639662742614746
10.35340166091919
10.554582595825195
10.42046332359314
10.61063551902771
10.328378677368164
10.42146348953247
10.568596601486206
10.594621419906616
10.51955246925354
10.694713354110718
10.433475732803345
9.977060556411743
10.27733302116394
10.451491594314575
10.35039734840393
10.55258297920227
10.543574810028076
10.595622062683105
10.444482564926147
10.445485830307007
10.692710399627686
10.566596269607544
10.243300676345825
10.33538293838501
10.61363697052002
10.193256139755249
10.685701370239258
10.32337236404419
10.575602531433105
10.596622467041016
10.462499618530273
10.60262680053711
10.328377723693848
10.427462339401245
10.541572570800781
10.195258378982544
10.31536602973938
10.50653886795044
10.737748146057129
10.554584264755249
10.466504096984863
10.626648664474487
10.31436538696289
10.386430740356445
10.716731309890747
10.341390132904053
10.333383560180664
10.529560327529907
10.661681652069092
10.555583477020264
10.603627920150757
10.728740692138672
10.563591480255127
10.569597959518433
10.543571949005127
10.649669170379639
10.356403112411499
10.437478303909302
10.558587312698364
10.327378034591675
10.661679983139038
10.494529724121094
10.427468538284302
10.541572093963623
10.086158752441406
10.511539697647095
10.520551204681396
10.660679578781128
10.168233156204224
10.368414163589478
10.3373863697052
10.515547513961792
10.475510358810425
10.535566329956055
10.091163158416748
10.512545585632324
10.503536939620972
10.461499214172363
10.380425691604614
10.310361862182617
10.707720756530762
10.491527318954468
10.44248080253601
10.468505620956421
10.486521482467651
10.614638566970825
10.417457818984985
10.407449722290039
10.425463199615479
10.405447006225586
10.558587551116943
10.522552728652954
10.373418807983398
10.374420642852783
10.439479351043701
10.065138816833496
10.394438028335571
10.4614999294281
10.644665002822876
10.29134464263916
10.408449411392212
10.501534938812256
10.266321182250977
10.398442506790161
10.432473421096802
10.306358337402344
10.390432119369507
10.576603651046753
10.551581382751465
10.488522052764893
10.350398302078247
10.309360027313232
10.565592765808105
10.444482564926147
10.594619274139404
10.363409996032715
10.382426738739014
10.450488328933716
10.429470539093018
10.514548063278198
10.581607103347778
10.433472871780396
10.325376272201538
10.575602531433105
10.564592123031616
10.504537343978882
10.49853229522705
10.467503786087036
10.396440505981445
10.26932406425476
10.561589241027832
10.419461488723755
10.360406398773193
10.44548487663269
10.580606937408447
10.39043402671814
10.480515956878662
10.480516195297241
10.397438764572144
10.389432907104492
10.46750521659851
10.312363624572754
10.26131796836853
10.481515884399414
10.390435695648193
10.561589241027832
10.349397659301758
10.020097970962524
10.45348858833313
10.468503952026367
10.408451795578003
10.511544942855835
10.479514598846436
10.397441864013672
10.317368030548096
10.594618797302246
10.365410804748535
10.072145700454712
10.461499452590942
10.266322612762451
10.320370197296143
10.572599649429321
10.332382440567017
10.550580263137817
10.695712566375732
10.23129153251648
10.592617988586426
10.516548156738281
10.544573545455933
10.449487686157227
10.163227319717407
10.233290910720825
10.51955270767212
10.187249660491943
10.270324945449829
10.54257321357727
10.428468465805054
10.529560565948486
10.311362266540527
10.521553039550781
10.519551515579224
9.937022686004639
10.360408067703247
10.36540937423706
10.371417999267578
10.487521171569824
10.58561086654663
10.290340900421143
10.709724187850952
10.685702085494995
10.384429454803467
10.363409996032715
10.571596622467041
10.3644118309021
10.408451080322266
10.605629920959473
10.361408710479736
10.638659715652466
10.562590599060059
10.541571617126465
10.695711135864258
10.648669242858887
10.233292579650879
10.56759524345398
10.584611177444458
10.218277931213379
10.69771409034729
10.508542776107788
10.564592361450195
10.276332139968872
10.402442932128906
10.168232679367065
10.587614297866821
10.164228916168213
10.61363673210144
10.213273048400879
10.346395015716553
10.375420331954956
10.22828722000122
10.56859564781189
10.570597887039185
10.601625680923462
10.56158995628357
10.12218976020813
10.51654863357544
10.638659000396729
10.566595077514648
10.397440195083618
10.573601484298706
10.47651195526123
10.636656761169434
10.935929775238037
10.847605466842651
10.492949962615967
