Timing log for each step:
0.021019935607910156
5.655142307281494
5.601093292236328
5.551046371459961
5.57306694984436
5.616107225418091
5.513011932373047
5.613103866577148
5.464969873428345
5.639127492904663
5.642126083374023
5.580073356628418
5.622112274169922
5.6431310176849365
5.623111963272095
5.6351237297058105
5.6891725063323975
5.6301186084747314
5.465969562530518
5.694176912307739
5.679163932800293
5.620110034942627
5.555051326751709
5.614105224609375
5.554049253463745
5.600090742111206
5.6060967445373535
5.664149761199951
5.707188606262207
5.638126850128174
5.67015528678894
5.650137424468994
5.63512396812439
5.65714430809021
5.736215353012085
5.70318603515625
5.635124683380127
5.688172101974487
5.6501383781433105
5.689171314239502
5.658143758773804
5.621110200881958
5.620109796524048
5.707188367843628
5.607099294662476
5.649136066436768
5.622111797332764
5.640129327774048
5.60609769821167
5.617107152938843
5.599090337753296
5.867335319519043
5.627116441726685
5.740219354629517
5.6161065101623535
5.718198776245117
5.6741602420806885
5.618107795715332
5.717198133468628
5.711192846298218
5.619110107421875
5.679163694381714
5.639127254486084
5.71019172668457
5.637126207351685
5.593086004257202
5.615105390548706
5.61310338973999
5.585078001022339
5.6241135597229
5.685169458389282
5.70618748664856
5.769245624542236
5.588079929351807
5.563058853149414
5.689173221588135
5.734213590621948
5.683167457580566
5.620110750198364
5.808281421661377
5.620110750198364
5.677162408828735
5.726207494735718
5.577071189880371
5.708190441131592
5.7222020626068115
5.712192535400391
5.668153285980225
5.658144474029541
5.590082883834839
5.617107629776001
5.656142234802246
5.710191488265991
5.638126373291016
5.680164575576782
5.666150808334351
5.666151523590088
5.661147594451904
5.639127016067505
5.679163217544556
5.707189321517944
5.675160646438599
5.920382738113403
5.673158168792725
5.699182510375977
5.65313982963562
5.672157049179077
5.60009241104126
5.6811652183532715
5.719199895858765
5.672157526016235
5.653140306472778
5.6691553592681885
5.687171936035156
5.6801652908325195
5.629112720489502
5.715197563171387
5.5890820026397705
5.926388740539551
5.571066379547119
5.662147760391235
5.6641504764556885
5.6701555252075195
5.6801652908325195
5.688171863555908
5.6351237297058105
5.575068950653076
5.63512396812439
5.716196775436401
5.681164979934692
5.690172433853149
5.621110677719116
5.559054613113403
5.617112636566162
5.66915488243103
6.01847243309021
5.674158334732056
5.633121728897095
5.580075025558472
5.702184677124023
5.7262067794799805
5.677162170410156
5.633121728897095
5.644131422042847
5.668153762817383
5.655141830444336
5.66314959526062
5.6411292552948
5.607097387313843
5.607099294662476
5.643130540847778
5.69417667388916
5.641129493713379
5.649136304855347
5.619110107421875
5.664150714874268
5.682166337966919
5.601091146469116
5.701183557510376
5.5900819301605225
5.668153524398804
5.5560524463653564
5.6911749839782715
5.691173791885376
5.6921751499176025
5.661146879196167
5.655141592025757
5.695178508758545
5.647133827209473
5.725204706192017
5.6911749839782715
5.7372167110443115
5.630117893218994
5.5560524463653564
5.625114679336548
5.672157287597656
5.6621482372283936
5.659145832061768
5.668154239654541
5.678163766860962
5.656142234802246
5.620110273361206
5.680163860321045
5.576070308685303
5.608099460601807
5.664150238037109
5.701184034347534
5.684168100357056
5.720201015472412
5.695178747177124
5.746224880218506
5.680164813995361
5.723203420639038
5.701183557510376
5.6811652183532715
5.662148952484131
5.6080992221832275
5.692175626754761
5.688172340393066
5.671156883239746
5.7572338581085205
5.696178674697876
5.647134780883789
5.707189559936523
5.7242045402526855
5.676161527633667
5.749227523803711
5.6471357345581055
5.633121013641357
5.674159288406372
5.695179224014282
5.737215995788574
5.639127254486084
5.601092576980591
5.775252103805542
5.6811652183532715
5.674158334732056
5.632120847702026
5.694178342819214
5.608098745346069
5.739218473434448
5.733213186264038
5.650137186050415
5.63011908531189
5.701184988021851
5.664149761199951
5.718200445175171
5.603094100952148
5.674158811569214
5.6311194896698
5.67716121673584
5.671157121658325
5.788262605667114
5.654140949249268
5.694177627563477
5.658144474029541
5.621112108230591
5.636125326156616
5.631120920181274
5.618108510971069
5.650137424468994
5.7151970863342285
5.780255556106567
5.613103866577148
5.67415976524353
5.590082883834839
5.671156406402588
5.6281187534332275
5.703185319900513
5.639127016067505
5.711192607879639
5.677163124084473
5.639127731323242
5.704186201095581
5.6161065101623535
5.682166576385498
5.614105939865112
5.610100507736206
5.704186677932739
6.039491176605225
5.808281421661377
5.734213352203369
5.598090648651123
5.685168743133545
6.072521924972534
6.035486698150635
5.644132137298584
5.607099294662476
5.519018173217773
5.655141353607178
5.731211185455322
5.644131898880005
5.6171064376831055
5.702184677124023
5.677161693572998
5.701183795928955
5.633122205734253
5.601092576980591
5.667152404785156
5.660146474838257
5.67616081237793
5.663149833679199
5.6111016273498535
5.685168981552124
5.634122848510742
5.649136543273926
5.676161527633667
5.690174102783203
5.703185558319092
5.727207899093628
5.6831676959991455
5.657144069671631
5.588081121444702
5.728208780288696
5.698180437088013
5.676160573959351
5.631119728088379
5.581073999404907
5.681165933609009
5.617106676101685
5.679164171218872
5.652138948440552
5.71719765663147
5.632120370864868
5.723204135894775
5.693176507949829
5.6681530475616455
5.717198133468628
5.663149118423462
5.627117395401001
5.612102746963501
5.705188035964966
5.70919132232666
5.58507776260376
5.653140544891357
6.000455617904663
6.015469312667847
5.738217115402222
5.673158884048462
5.682167053222656
5.631120443344116
5.695178985595703
5.733212947845459
5.698180198669434
5.6401286125183105
5.629118204116821
5.69218111038208
5.6881725788116455
5.656143665313721
5.675159931182861
5.695179224014282
5.710191011428833
5.613103151321411
5.631120443344116
5.667153835296631
5.689172744750977
5.650136947631836
5.614104986190796
5.688171625137329
5.635123252868652
5.730210304260254
5.62711763381958
5.693176746368408
5.7242045402526855
5.699183225631714
5.576070308685303
5.756233215332031
5.7191996574401855
5.9534125328063965
5.663148880004883
5.676161766052246
5.684167385101318
6.039491415023804
5.653139352798462
5.614104270935059
5.631120443344116
5.708190441131592
5.745221853256226
5.68817138671875
5.663149356842041
5.691174030303955
5.743222236633301
5.67415976524353
5.69818115234375
5.722203493118286
5.687171220779419
5.655141592025757
5.745224475860596
5.667152643203735
5.652137994766235
5.610101222991943
5.545042276382446
5.695178270339966
5.683167219161987
5.682166814804077
5.654139995574951
5.625115633010864
5.667153358459473
5.7151970863342285
5.676161766052246
5.660145998001099
5.697179079055786
5.680164575576782
5.646133899688721
5.6351234912872314
5.680164337158203
5.6241137981414795
5.799271583557129
5.6861724853515625
5.614103317260742
5.711192846298218
5.641129493713379
5.700182676315308
5.684168577194214
5.701184034347534
5.668154716491699
5.67616081237793
5.696179151535034
5.712193965911865
5.731211185455322
5.707190275192261
5.745224237442017
5.6671528816223145
5.747225522994995
5.712193727493286
5.594088315963745
5.613103866577148
5.718199253082275
5.679163455963135
5.722203016281128
5.684168100357056
5.674158811569214
5.627116918563843
5.694179058074951
5.6861701011657715
5.777253866195679
5.691174745559692
5.686170816421509
5.68717098236084
5.602099418640137
5.6861701011657715
5.735215187072754
5.643131971359253
5.6401283740997314
5.684168577194214
5.656142950057983
6.029482364654541
5.775251150131226
5.689172983169556
5.677161693572998
5.716198682785034
5.770246982574463
5.750226974487305
5.700182676315308
5.68016505241394
5.788262367248535
5.775251388549805
5.699181318283081
5.589081525802612
5.743221998214722
5.89335823059082
5.741219758987427
5.725204944610596
7.16751766204834
5.841310739517212
5.6871702671051025
5.667152643203735
5.754231691360474
5.7762510776519775
5.70719051361084
5.612102746963501
5.70819878578186
5.787261724472046
5.65213942527771
5.614104509353638
5.8503196239471436
5.857326030731201
5.644132375717163
5.717200517654419
5.625114440917969
5.660147190093994
5.679163455963135
5.543039083480835
5.635124206542969
5.613103151321411
5.560055494308472
5.72120213508606
5.627116441726685
5.646132469177246
5.617105960845947
5.651139259338379
5.559054136276245
5.647134780883789
6.13958215713501
5.568063974380493
5.681165933609009
5.6871724128723145
5.90937352180481
5.739218711853027
5.780255079269409
5.661147117614746
5.6531407833099365
5.633121967315674
5.5290257930755615
5.688172340393066
5.588081359863281
5.6391282081604
5.595087051391602
5.62311315536499
5.70018196105957
5.643130779266357
5.588080406188965
5.548044204711914
5.884351015090942
5.6211113929748535
5.59608793258667
5.609100341796875
5.660146713256836
5.6611480712890625
5.570064067840576
5.5920844078063965
5.807280778884888
5.531028985977173
5.595088005065918
5.630119562149048
5.6721580028533936
5.651138067245483
5.694177627563477
5.704185962677002
5.625114440917969
5.582076787948608
5.573068141937256
5.708190441131592
5.630119562149048
5.6641504764556885
5.569064617156982
5.599090337753296
5.756234169006348
5.645132541656494
5.599091291427612
5.756234407424927
5.688171863555908
5.715196371078491
5.563058376312256
5.675160646438599
5.656142234802246
5.623112440109253
5.6000916957855225
5.663149356842041
5.692175626754761
5.751230239868164
5.69017481803894
5.552048921585083
5.62811803817749
5.661147356033325
5.6131041049957275
5.619109153747559
5.678162097930908
5.707189559936523
5.641128301620483
5.770246505737305
5.8343048095703125
5.754231691360474
5.648135185241699
5.653140306472778
5.670156002044678
5.723205089569092
5.665151596069336
5.675159931182861
5.52602481842041
5.597089052200317
5.546041488647461
5.562057256698608
5.553049564361572
5.694176912307739
5.744223117828369
5.581073760986328
5.6401283740997314
5.695178508758545
5.637126207351685
5.530027389526367
5.657145023345947
5.592084884643555
5.6291186809539795
5.691174030303955
5.647133827209473
5.590082883834839
5.5650599002838135
5.629118204116821
5.636125564575195
5.608100652694702
5.648135662078857
5.5670599937438965
5.673156976699829
5.6511390209198
5.626115083694458
5.693177938461304
5.691174030303955
5.596088409423828
5.676162004470825
5.725205898284912
5.628116846084595
5.655141830444336
5.658145189285278
5.6511383056640625
5.5510478019714355
5.605231046676636
5.699479579925537
5.683167219161987
5.663148641586304
5.60709810256958
5.6161065101623535
5.695178985595703
5.680164575576782
5.652139663696289
5.69718074798584
5.7582361698150635
5.675159454345703
5.676161766052246
5.569064378738403
5.468972682952881
5.709192276000977
5.6671528816223145
5.585078716278076
5.5420403480529785
5.974432945251465
5.58407735824585
5.803276777267456
5.530028343200684
5.619109392166138
5.643131971359253
5.562057733535767
5.567678689956665
5.6611480712890625
5.670156002044678
5.461966276168823
5.535032510757446
5.610101699829102
5.441946983337402
5.537034749984741
5.640116930007935
5.442947864532471
5.436943531036377
5.617107391357422
5.567061424255371
5.575068473815918
5.574067115783691
5.54203987121582
5.547043323516846
5.507007837295532
5.601094007492065
5.485987901687622
5.596087694168091
5.541038513183594
5.563058376312256
5.605097055435181
5.5320305824279785
5.562057256698608
5.6731579303741455
5.603094816207886
5.655142307281494
5.5140135288238525
5.523021697998047
5.5750696659088135
5.753232002258301
5.589081764221191
5.5140135288238525
5.523021936416626
5.598090171813965
5.6030943393707275
5.612101793289185
5.5560526847839355
5.638126611709595
5.411921739578247
5.507007122039795
5.604095697402954
5.55004620552063
5.553049564361572
5.645133018493652
5.45495867729187
5.563058376312256
5.587080240249634
5.520019054412842
5.589083194732666
5.564059257507324
5.604095697402954
5.424933910369873
5.550045728683472
5.493995189666748
5.498000621795654
5.524023056030273
5.607098340988159
5.61254358291626
5.677162408828735
5.618109464645386
5.558053255081177
5.567062616348267
5.5680625438690186
5.463968992233276
5.587080001831055
5.516016483306885
5.557053089141846
5.414838075637817
5.5240232944488525
5.521019458770752
5.582075834274292
5.57106614112854
5.479836463928223
5.458963871002197
5.635124444961548
5.534031391143799
5.5652830600738525
5.6571433544158936
5.54304051399231
5.535033464431763
5.469973802566528
5.673158168792725
5.495997190475464
5.644131898880005
5.530027866363525
6.023475885391235
6.0525031089782715
5.928389549255371
5.926388263702393
5.622111558914185
5.5650599002838135
5.56105637550354
5.615105152130127
5.741443395614624
5.589081525802612
5.54103946685791
5.602093696594238
5.5140135288238525
5.596088886260986
5.552048444747925
5.627116441726685
5.590082883834839
5.605096817016602
5.668154716491699
5.59909200668335
5.569063186645508
5.5100109577178955
5.506005764007568
5.5340330600738525
5.563059568405151
5.602613925933838
5.59808874130249
5.596089124679565
5.6161065101623535
5.501001596450806
5.596089601516724
5.515015602111816
5.5580527782440186
5.623112201690674
5.4489545822143555
5.666152000427246
5.487990856170654
5.515018463134766
5.557053089141846
5.492995023727417
5.518017530441284
5.593085765838623
5.604095458984375
5.4989988803863525
5.661147356033325
5.701183795928955
5.5060460567474365
5.5500476360321045
5.599092245101929
5.705187559127808
5.92738938331604
5.49299430847168
5.585078239440918
5.557054042816162
5.580074310302734
5.546043395996094
5.655142068862915
5.4629669189453125
5.512012958526611
5.502003192901611
5.622112274169922
5.431938886642456
5.704187393188477
5.613103866577148
5.5230207443237305
5.5560524463653564
5.473977088928223
5.531030654907227
5.555050849914551
5.451857328414917
5.653140068054199
5.634122371673584
5.455960512161255
5.570065021514893
5.521019220352173
5.534031629562378
5.566060781478882
5.461965799331665
5.692175626754761
5.541038990020752
5.647134780883789
5.557054281234741
5.545041561126709
5.581075668334961
5.449956178665161
5.49799919128418
5.57807183265686
5.768244504928589
5.476979494094849
5.427370071411133
5.592084646224976
5.908371925354004
5.513012647628784
5.384896993637085
5.519017457962036
5.477980852127075
5.652138948440552
5.59672474861145
5.619109153747559
5.655142068862915
5.5514867305755615
5.528025388717651
5.702184677124023
5.528027296066284
5.572066307067871
5.595158100128174
5.5460429191589355
5.600092649459839
5.47340726852417
5.479983329772949
5.496219873428345
5.61710786819458
5.542039632797241
5.592084646224976
5.588080883026123
5.549046039581299
5.6020941734313965
5.43732213973999
5.503802061080933
5.590083360671997
5.635124206542969
5.515014410018921
5.630120038986206
5.548044919967651
5.586078882217407
5.582075595855713
5.5410380363464355
5.615105628967285
5.530029058456421
5.401911973953247
5.54103946685791
5.531029939651489
5.581074476242065
5.469974040985107
5.47898268699646
5.624114036560059
5.496997594833374
5.563058614730835
5.610101222991943
5.521023988723755
5.617107391357422
5.501002550125122
5.501002550125122
5.505004644393921
5.493995189666748
5.631120204925537
5.5750696659088135
5.55358099937439
5.796269655227661
5.579073190689087
5.58808159828186
5.844314098358154
5.8232948780059814
5.4889912605285645
5.734215259552002
5.730584144592285
5.5580549240112305
5.77825403213501
5.607098817825317
5.522021055221558
5.516014575958252
5.524021863937378
5.521019697189331
5.597285270690918
5.517017126083374
5.548123598098755
5.585078001022339
5.479982614517212
5.5830771923065186
5.826298236846924
5.911926507949829
6.088380575180054
5.8513195514678955
5.762240409851074
5.832303047180176
6.182622671127319
6.254687786102295
6.109554767608643
5.700182676315308
5.638125658035278
5.60409688949585
5.549046039581299
5.672157049179077
5.584078073501587
5.599091291427612
5.665151596069336
5.512011766433716
5.832303285598755
5.8282999992370605
5.659145832061768
5.6371238231658936
5.566061496734619
5.673157691955566
5.600091934204102
5.5710649490356445
5.6191089153289795
5.579072952270508
5.605096817016602
5.596088409423828
5.602093935012817
5.597088813781738
5.6291186809539795
5.618107795715332
5.6451334953308105
5.594086170196533
5.520018577575684
5.628117561340332
5.561055660247803
5.609100341796875
5.418926000595093
5.56005597114563
5.590083122253418
5.623112201690674
5.54704475402832
5.586081266403198
5.771247148513794
5.618107080459595
5.564058780670166
5.552048206329346
5.57907247543335
5.542038440704346
5.568063020706177
5.504003047943115
5.723203659057617
5.732212066650391
5.587080001831055
5.5840771198272705
5.573067665100098
5.8262975215911865
5.570064544677734
5.616106986999512
6.022476673126221
5.744223356246948
5.6211113929748535
5.713196039199829
5.534031391143799
5.583076000213623
5.588081359863281
5.682166814804077
5.540037393569946
5.525024175643921
5.564059257507324
5.570065498352051
5.556051731109619
5.657145023345947
5.544041156768799
5.624112606048584
5.706187725067139
5.570064306259155
5.5250244140625
5.525022983551025
5.6321210861206055
5.592085361480713
5.627115964889526
5.5490453243255615
5.655142068862915
5.616105556488037
5.781256437301636
5.78425931930542
5.816288709640503
5.609100341796875
5.658145189285278
5.6020941734313965
5.560054540634155
5.643131256103516
5.61210298538208
5.543041467666626
5.627116680145264
5.58407735824585
5.585076808929443
5.580074071884155
5.6341235637664795
5.745224237442017
5.549043893814087
5.553048372268677
5.6461334228515625
5.576070308685303
5.553048849105835
5.639127969741821
5.586078643798828
5.60109281539917
5.466970205307007
5.648135185241699
5.553049564361572
5.604095697402954
5.602093935012817
5.614104270935059
5.532030344009399
5.635124206542969
5.5930867195129395
5.629117488861084
5.4789814949035645
5.658144474029541
5.600091457366943
5.607098340988159
5.631119728088379
5.5450427532196045
5.521019458770752
5.666151523590088
5.550045728683472
5.6291186809539795
5.574069023132324
5.523021221160889
5.616106748580933
5.637125730514526
5.532029390335083
5.533031225204468
5.468973636627197
5.585078716278076
5.529027938842773
5.517016172409058
5.640129804611206
5.577070713043213
5.587080478668213
5.6080992221832275
5.586078643798828
5.662148475646973
5.5570526123046875
5.79026460647583
5.812284708023071
5.6371259689331055
5.581074953079224
5.625115394592285
5.590082883834839
5.656142711639404
5.604095935821533
5.672156572341919
5.591084003448486
5.6241137981414795
5.643131256103516
6.018470525741577
5.7158777713775635
5.620110034942627
5.607097864151001
5.445950984954834
5.6301188468933105
5.562057971954346
5.578071355819702
5.48498797416687
5.594085931777954
5.5860795974731445
5.617107629776001
5.555051803588867
5.559054136276245
5.5760698318481445
5.6191089153289795
5.5630574226379395
5.579072713851929
5.622112035751343
5.462966680526733
5.523021936416626
5.58107590675354
5.628117084503174
5.508007764816284
5.64813494682312
5.57006573677063
5.544040679931641
5.594086647033691
5.561055898666382
5.599091291427612
5.633122444152832
5.547043085098267
5.610100984573364
5.622112512588501
5.566059827804565
5.50700831413269
5.583076238632202
5.676161289215088
5.518016815185547
5.530029535293579
5.57206654548645
6.425843715667725
5.792266368865967
6.482340097427368
