Timing log for each step:
0.021019697189331055
5.99461555480957
5.5677385330200195
5.540136814117432
5.443549871444702
5.782291412353516
5.719399452209473
5.144094228744507
5.538038730621338
5.48255467414856
5.698208332061768
5.077108860015869
5.580296516418457
5.973431825637817
5.455202579498291
5.398188829421997
5.915484666824341
5.702808618545532
5.452124834060669
5.533990859985352
5.783109903335571
5.41530179977417
5.91124963760376
6.67966628074646
6.428329944610596
6.657691955566406
6.44167947769165
7.09789514541626
6.313564300537109
5.665374517440796
5.7263264656066895
5.91765832901001
5.646122694015503
6.2644782066345215
6.121209621429443
7.086787223815918
6.401579856872559
6.404099702835083
6.104660749435425
7.0649800300598145
5.7163169384002686
5.6002280712127686
