Timing log for each step:
0.016013622283935547
5.454427719116211
5.357420444488525
5.20281457901001
5.294285297393799
5.343326091766357
5.168571710586548
5.39484977722168
5.25134801864624
5.218822479248047
5.344695091247559
5.1171300411224365
5.47335147857666
5.365139961242676
5.288412570953369
5.240758180618286
5.181936264038086
5.142029047012329
5.311732053756714
5.349406003952026
5.2449562549591064
5.252030372619629
5.340876817703247
5.2525317668914795
5.163026809692383
5.211976528167725
5.29753851890564
5.2582128047943115
5.300552606582642
5.316129684448242
5.345284461975098
5.468404769897461
5.392642498016357
5.263561010360718
5.412150144577026
5.256343126296997
5.229209899902344
5.156928777694702
5.362475156784058
5.297765016555786
5.341222047805786
5.468494653701782
5.4720094203948975
5.564726829528809
5.399335861206055
5.327059745788574
5.155935287475586
5.378310441970825
5.22219443321228
5.321041584014893
5.321743726730347
5.244789361953735
5.1669700145721436
5.462492942810059
5.203675746917725
5.388334512710571
5.416806697845459
5.34530234336853
5.2365758419036865
5.400790214538574
5.4284632205963135
5.476768493652344
5.36777400970459
5.2908196449279785
5.306346893310547
5.319256067276001
5.25679874420166
5.274693727493286
5.50845742225647
5.331865549087524
5.338298320770264
5.321907997131348
5.308363914489746
5.373704671859741
5.309890270233154
5.23016881942749
5.374293565750122
5.358767509460449
5.370225667953491
5.32340669631958
5.250633239746094
5.34787130355835
5.36111044883728
5.515832901000977
5.608839511871338
5.986447811126709
5.917997360229492
5.867217063903809
5.89536452293396
5.806423187255859
5.697822093963623
5.858171224594116
5.838366270065308
5.896250247955322
5.643757581710815
5.458737373352051
5.446973562240601
5.488069772720337
5.340374708175659
5.495309114456177
5.499690771102905
5.341373443603516
5.417313814163208
5.253280878067017
5.5016844272613525
5.4044249057769775
5.405985355377197
5.42451286315918
5.391422748565674
5.410612344741821
5.182891368865967
5.392794847488403
5.419962167739868
5.326011657714844
5.427634239196777
5.399585962295532
5.435846567153931
5.456480979919434
5.444932222366333
5.324371099472046
5.415913105010986
5.300944805145264
5.350990533828735
5.424261808395386
5.386713743209839
5.47380256652832
5.401201963424683
5.440580129623413
5.4377453327178955
5.15832257270813
5.333661317825317
5.610588073730469
5.400986909866333
5.436035394668579
5.425379991531372
5.423708915710449
5.315127849578857
5.435120582580566
5.476062297821045
5.422130823135376
5.462798833847046
5.267648935317993
5.543431043624878
5.534863710403442
5.469027757644653
5.512121200561523
5.332824230194092
5.474916696548462
5.360118627548218
5.482697248458862
5.239849090576172
5.456484079360962
5.346667051315308
5.394786834716797
5.404085874557495
5.339215278625488
5.368551731109619
5.3942108154296875
5.480687856674194
5.35896110534668
5.519346475601196
5.437272548675537
5.400442361831665
5.423989772796631
5.402735710144043
5.333232402801514
5.42628288269043
5.482296943664551
5.358684539794922
5.4732935428619385
5.463766574859619
5.3980631828308105
5.467315912246704
5.470486879348755
5.267069339752197
5.462208032608032
5.350029468536377
5.475785732269287
5.452165603637695
5.417728424072266
5.388629913330078
5.339517831802368
5.354694843292236
5.381032705307007
5.364661693572998
5.494324684143066
5.362154483795166
5.434057235717773
5.337562084197998
5.345056533813477
5.47634744644165
5.355071306228638
5.477785587310791
5.414168119430542
5.510287284851074
5.468781232833862
5.566545248031616
5.478559970855713
5.4683003425598145
5.351662635803223
5.324605703353882
5.472203731536865
5.445780515670776
5.356528043746948
5.465893507003784
5.365750551223755
5.508839845657349
5.379930734634399
5.504341125488281
5.360498905181885
5.577458143234253
5.482256650924683
5.518876552581787
5.472665548324585
5.501156568527222
5.32668137550354
5.466659784317017
5.504431962966919
5.3300817012786865
5.469688892364502
5.4179675579071045
5.356890916824341
5.431628942489624
5.417737245559692
5.468029737472534
5.478309392929077
5.6950061321258545
5.6283934116363525
5.473073482513428
5.2906084060668945
5.591349363327026
5.463486433029175
5.298440217971802
5.455058574676514
5.380449056625366
5.297521591186523
5.3639702796936035
5.451220273971558
5.4860899448394775
5.422981023788452
5.427582025527954
5.516101121902466
5.3406665325164795
5.40431547164917
5.416825294494629
5.448985815048218
5.367575168609619
5.4612040519714355
5.39093017578125
5.449228286743164
5.515914678573608
5.528083324432373
5.467005252838135
5.405668020248413
5.415731430053711
5.547008514404297
5.550014972686768
5.598964214324951
5.427915573120117
5.414170265197754
5.507423639297485
5.418122291564941
5.473553419113159
5.387781620025635
5.506269693374634
5.488676071166992
5.462802410125732
5.355843544006348
5.46265721321106
5.323943138122559
5.4545347690582275
5.558098316192627
5.4412150382995605
5.508829593658447
5.461484432220459
5.51335072517395
5.51848840713501
5.3599066734313965
5.328031301498413
5.633358716964722
5.402189493179321
5.4662206172943115
5.494875431060791
5.420592784881592
5.5112690925598145
5.4091784954071045
5.460282564163208
5.524051904678345
5.363190412521362
5.399374008178711
5.439546823501587
5.413022994995117
5.469923257827759
5.570852994918823
5.553088188171387
5.381401538848877
5.508358955383301
5.601180076599121
5.396999835968018
5.348176956176758
5.42726731300354
5.456950664520264
5.481569290161133
5.478311061859131
5.557166576385498
5.537625789642334
5.373492479324341
5.318917512893677
5.487582206726074
5.421736001968384
5.487842798233032
5.376155138015747
5.43964695930481
5.455058336257935
5.484976053237915
5.488283634185791
5.478086471557617
5.4112935066223145
5.491942644119263
5.352956056594849
5.375428199768066
5.411478519439697
5.5532777309417725
5.511737823486328
5.496953725814819
5.5812087059021
5.459247589111328
5.402959108352661
5.491638898849487
5.492668628692627
5.421179533004761
5.327278137207031
5.39293360710144
5.444210767745972
5.499919176101685
5.473369836807251
5.42577052116394
5.4809722900390625
5.479830026626587
5.571015357971191
5.452337265014648
5.558411598205566
5.418976783752441
5.371047258377075
5.546635150909424
5.480029106140137
5.528390169143677
5.570915222167969
5.372931241989136
5.413845777511597
5.484473705291748
5.505681276321411
5.562540531158447
5.500161409378052
5.370733737945557
5.351244211196899
5.553629636764526
5.496055841445923
5.296788930892944
5.569575309753418
5.450056791305542
5.378024339675903
5.413597822189331
5.529475927352905
5.429523944854736
5.392363548278809
5.5131285190582275
5.373788118362427
5.474391460418701
5.387015104293823
5.373588562011719
5.435956716537476
5.452412366867065
5.436423063278198
5.490532636642456
5.707619667053223
5.530135869979858
5.496166706085205
5.526395082473755
5.516141891479492
5.470178842544556
5.443841218948364
5.44255518913269
5.366820573806763
5.3931450843811035
5.571540594100952
5.422012805938721
5.343728303909302
5.370974779129028
5.426022291183472
5.463487386703491
5.565495252609253
5.479473829269409
5.447615385055542
5.554734706878662
5.39161229133606
5.395296096801758
5.451887607574463
5.363295078277588
5.426547527313232
5.457097768783569
5.400995969772339
5.708218097686768
5.716695308685303
5.27395486831665
5.47438383102417
5.42355489730835
5.364532709121704
5.317193031311035
5.507961273193359
5.498954772949219
5.430532455444336
5.5160369873046875
5.5142645835876465
5.526162624359131
5.419341802597046
5.6493988037109375
5.331279277801514
5.456864595413208
5.772725582122803
5.468421697616577
5.795909404754639
5.714496612548828
5.414916038513184
5.438985586166382
5.773852109909058
5.553123950958252
5.580078125
5.332932710647583
5.687170505523682
5.523911476135254
5.6500067710876465
5.659961938858032
5.475783348083496
5.406370639801025
5.456835985183716
5.742306709289551
5.720273971557617
5.421502590179443
5.577053785324097
5.710859298706055
5.516339063644409
5.542815446853638
5.527540445327759
5.508131504058838
5.658328294754028
5.555560350418091
5.681830167770386
5.801236391067505
5.499478101730347
5.295842170715332
5.554260492324829
5.479033470153809
5.530881881713867
5.6472625732421875
5.451858282089233
5.319256067276001
5.659059047698975
5.385761976242065
5.490826845169067
5.647426128387451
5.4115149974823
5.889666795730591
5.628074645996094
5.729539394378662
5.6742048263549805
5.4883270263671875
5.515075206756592
5.705659866333008
5.539968967437744
5.702963352203369
5.596415281295776
5.541341781616211
5.6544578075408936
5.536625385284424
5.751633167266846
5.699243545532227
5.450045108795166
5.57082724571228
5.4706292152404785
5.413942337036133
5.573002338409424
5.72497296333313
5.636897087097168
5.70410943031311
5.576395750045776
5.5323967933654785
5.908796787261963
5.544792175292969
5.452014923095703
5.52634859085083
5.6414361000061035
5.728986024856567
5.412984848022461
5.94286036491394
5.524193525314331
5.406521797180176
5.866696834564209
5.975729703903198
5.5333826541900635
5.525336742401123
5.4965972900390625
5.549226760864258
5.550407409667969
5.663665771484375
5.436676740646362
5.460393905639648
5.31971001625061
5.8481669425964355
5.719115257263184
5.696104526519775
5.603914499282837
5.390838861465454
5.536475658416748
6.0341620445251465
5.45611834526062
5.747932195663452
5.560871362686157
5.730624675750732
6.029309272766113
5.805509090423584
5.824686050415039
5.681823968887329
5.9300217628479
5.707994222640991
5.51444411277771
5.617774963378906
5.503309488296509
5.508509397506714
5.605932950973511
5.528188228607178
5.501940011978149
5.466858863830566
5.6865174770355225
5.427859783172607
5.539849519729614
5.691532850265503
5.4298622608184814
5.438745975494385
5.476117134094238
5.269254684448242
5.828201532363892
5.682548999786377
5.45270037651062
5.49589729309082
5.6782872676849365
5.405777215957642
5.710198402404785
5.41125750541687
5.541507005691528
5.445851802825928
5.474162578582764
5.6486005783081055
5.831658363342285
5.61335825920105
5.481656074523926
5.377739429473877
5.794283151626587
5.465894937515259
5.453900575637817
5.382464647293091
5.772606134414673
5.842678785324097
5.577777624130249
5.523673057556152
5.537315607070923
5.600796937942505
5.423269748687744
5.415344953536987
5.550739288330078
5.62861704826355
5.909613609313965
5.68988037109375
5.477080583572388
5.396345853805542
5.409380912780762
5.471266269683838
5.739019870758057
5.690738201141357
5.385128974914551
5.513319253921509
5.85029411315918
5.356208324432373
5.401490926742554
5.452893972396851
5.705197095870972
5.463435173034668
5.766443490982056
5.469399452209473
5.399908781051636
5.369425296783447
5.5352942943573
5.7124433517456055
5.486799716949463
5.417435884475708
5.3856306076049805
5.586950778961182
5.703155994415283
5.805941820144653
5.4429099559783936
5.418851852416992
5.486283302307129
5.727603912353516
5.861745357513428
6.212064981460571
5.412700414657593
5.459784030914307
5.427355051040649
6.055447340011597
5.865256309509277
5.773123264312744
5.597357988357544
5.421245574951172
5.78864049911499
5.719064950942993
5.410517692565918
5.393798828125
5.694627523422241
5.631098985671997
5.506734132766724
5.482911825180054
5.498904705047607
5.6696906089782715
5.771188259124756
5.279966115951538
5.399970531463623
5.59183931350708
5.555825710296631
5.733982086181641
5.620798349380493
5.475396394729614
5.4057183265686035
5.691429138183594
5.648657321929932
5.400774240493774
5.5150346755981445
5.611670255661011
5.70238733291626
5.42689847946167
5.5070884227752686
5.569682836532593
5.4113006591796875
5.3752124309539795
5.8673224449157715
5.503938674926758
5.4551780223846436
5.750308036804199
5.453742265701294
5.772305011749268
6.078044891357422
5.488170146942139
5.330416917800903
5.481518745422363
5.674379110336304
5.661472320556641
5.497221946716309
6.140369892120361
5.52886962890625
5.435519695281982
5.472404718399048
5.56582236289978
5.9417643547058105
5.460405111312866
5.526213884353638
5.342426776885986
5.492636442184448
5.628679990768433
5.629504919052124
5.450621128082275
5.382697582244873
5.829656362533569
5.6976845264434814
5.513734579086304
5.713717699050903
5.540349245071411
5.450715065002441
5.495816946029663
5.546347618103027
5.612319469451904
5.761163234710693
5.8561811447143555
5.656908750534058
5.453770875930786
5.544219970703125
5.493784427642822
5.659911394119263
5.780643939971924
5.348172187805176
5.563143253326416
5.618492126464844
5.407805681228638
5.618720293045044
5.868784427642822
5.425306797027588
5.503284454345703
5.52266788482666
5.868941783905029
5.838435649871826
5.444567680358887
5.528791189193726
5.4592437744140625
5.838689804077148
5.677641868591309
5.5851147174835205
5.433542966842651
5.4737114906311035
5.543869972229004
5.602990627288818
5.5208580493927
5.468791246414185
5.58589243888855
5.613694429397583
5.42323112487793
5.4886863231658936
5.997080087661743
5.706978797912598
5.59991979598999
5.510522365570068
5.541031837463379
5.274961471557617
5.649915456771851
5.703307628631592
5.4127655029296875
5.35161280632019
5.537492275238037
5.937741279602051
5.7413835525512695
5.349675416946411
5.506807088851929
5.416152000427246
5.4417724609375
5.388563871383667
5.53291654586792
5.615422964096069
5.5088183879852295
5.658910751342773
5.690726280212402
5.675682544708252
5.492499828338623
5.527914047241211
5.390407085418701
5.426749229431152
5.6310060024261475
5.864118576049805
5.512750625610352
5.39213752746582
5.358496189117432
5.602506875991821
5.700638771057129
5.540358781814575
5.571687936782837
5.524279594421387
5.525286912918091
5.328632354736328
5.535421848297119
5.684950590133667
5.587792158126831
5.729426622390747
5.742291688919067
5.43559718132019
5.442132472991943
5.396718502044678
5.69229531288147
5.57603907585144
5.353441953659058
5.536867618560791
5.573800086975098
5.492387056350708
5.644594669342041
5.642077684402466
5.744915723800659
5.645601034164429
5.438633441925049
5.5882298946380615
5.589836835861206
5.619198322296143
5.741677522659302
5.494737863540649
5.466822624206543
5.5715789794921875
5.691933631896973
5.671339511871338
5.733192205429077
5.4782819747924805
5.439097166061401
5.614341497421265
5.659763336181641
5.681310653686523
5.485264301300049
5.303364038467407
5.755907773971558
5.8076088428497314
5.461575746536255
5.56879997253418
5.4753804206848145
5.255981683731079
5.772162675857544
5.7321155071258545
5.57943868637085
5.446961402893066
5.912218332290649
5.40963888168335
5.882946252822876
5.626113414764404
5.637864112854004
6.0973193645477295
5.642107248306274
5.4305455684661865
5.438201427459717
5.34314489364624
5.610777139663696
5.791714668273926
5.566558599472046
5.4180285930633545
5.765930891036987
5.477240085601807
5.504631042480469
5.763544082641602
5.742016553878784
5.579697608947754
5.421551704406738
5.550198316574097
5.618159294128418
5.389589548110962
5.5662806034088135
5.582562208175659
5.777660369873047
5.528983116149902
5.483824729919434
5.563401460647583
5.905616283416748
5.501218557357788
5.4901087284088135
5.401460647583008
5.622875213623047
5.562678098678589
5.783649206161499
5.496496915817261
5.2766358852386475
5.65989351272583
5.646616220474243
5.397857666015625
5.348621845245361
5.43858528137207
5.388764381408691
5.52560830116272
5.554876089096069
5.685908794403076
5.823292255401611
5.577613830566406
5.369513988494873
5.385502338409424
5.422991991043091
5.649548053741455
5.657953262329102
5.469202041625977
5.333317756652832
5.385518550872803
5.4885289669036865
5.7029900550842285
6.214451789855957
5.822144031524658
5.511610269546509
5.583865165710449
5.493074417114258
5.603578567504883
5.4896228313446045
5.457116365432739
5.657643795013428
5.8179380893707275
5.899085760116577
5.41203498840332
5.39099907875061
5.528243780136108
5.7613606452941895
5.592466831207275
5.585659503936768
5.306307554244995
5.95041298866272
5.9388041496276855
5.972209692001343
5.524079322814941
5.507826805114746
5.535151720046997
5.319840908050537
5.686086893081665
5.843814373016357
5.801030874252319
5.38219428062439
5.401575565338135
5.4817328453063965
5.573252201080322
5.381541728973389
5.814030647277832
5.236499786376953
5.475115060806274
5.531671524047852
5.625350475311279
5.84253191947937
5.949488878250122
5.668464660644531
5.657842636108398
5.383539915084839
5.323274374008179
5.626167297363281
5.59989595413208
5.796041488647461
5.4573376178741455
5.543756008148193
5.594832420349121
5.711334705352783
5.562298774719238
5.57307767868042
5.5191028118133545
5.556113958358765
5.562459230422974
6.391093492507935
5.773482322692871
5.5050437450408936
5.423669099807739
5.780023574829102
5.608783006668091
5.414880037307739
5.292019844055176
5.536627769470215
5.647315740585327
5.638766288757324
5.635106801986694
5.523448467254639
5.614958047866821
5.57819390296936
5.5433478355407715
5.49608850479126
5.4282660484313965
5.617504358291626
5.871211767196655
5.920290946960449
5.5262610912323
5.431053161621094
5.696767568588257
5.6146323680877686
5.471627473831177
5.350989818572998
5.549502849578857
5.815562963485718
5.721319198608398
5.477465867996216
5.457268714904785
5.437743186950684
5.450011253356934
5.501210689544678
5.7184898853302
5.613136053085327
5.564067840576172
6.064685583114624
5.659999847412109
5.42560338973999
5.599249839782715
5.818482160568237
5.753751039505005
5.552717208862305
5.530255079269409
5.5588109493255615
5.764849662780762
5.702889442443848
5.4395201206207275
5.478240013122559
5.426092863082886
5.524557590484619
5.407161235809326
5.652534484863281
5.423450946807861
5.464012622833252
5.401226758956909
5.6337831020355225
5.618135213851929
5.529421806335449
5.573756217956543
5.386462450027466
5.633886098861694
5.646150827407837
5.748571395874023
5.478578329086304
5.328996658325195
5.403519868850708
5.744970083236694
5.74448299407959
5.402307748794556
5.602328300476074
5.537290334701538
5.7786314487457275
5.638288974761963
5.370400428771973
5.5080437660217285
5.424457788467407
5.707730293273926
5.682283401489258
5.533198356628418
5.4823689460754395
5.364469051361084
5.340019226074219
5.701525449752808
6.385754108428955
6.055114269256592
5.449492931365967
5.445765256881714
5.5832812786102295
5.648308992385864
5.805348873138428
5.714934587478638
5.706621885299683
5.430918455123901
5.400030851364136
5.810017347335815
5.915042400360107
5.645800590515137
5.592459678649902
5.3439671993255615
6.110207557678223
5.412473201751709
5.6190080642700195
5.490660190582275
5.481030702590942
5.6810877323150635
5.47478461265564
5.35190224647522
5.399456977844238
5.787438631057739
5.684458494186401
5.728839874267578
5.304551362991333
5.495851516723633
5.480197906494141
5.919856786727905
5.59057092666626
5.5621020793914795
5.457454204559326
5.375432729721069
5.539208173751831
5.856983184814453
5.6052563190460205
5.476388216018677
5.411935806274414
5.469547986984253
5.840055227279663
5.792137145996094
5.410077095031738
5.435961008071899
5.818237781524658
5.324747562408447
5.672730922698975
5.644197463989258
5.445742845535278
5.692761659622192
5.204322576522827
5.303069353103638
5.356709957122803
5.3195459842681885
5.478383302688599
5.855508327484131
5.692620277404785
5.741564035415649
5.54331636428833
5.485401153564453
5.714869260787964
5.461236953735352
5.628103733062744
5.513967514038086
5.485809803009033
5.605891942977905
5.679309606552124
5.8560075759887695
5.348394870758057
5.422152996063232
5.47164249420166
5.406076669692993
5.400848865509033
5.436999797821045
5.613060712814331
5.752750873565674
5.394931793212891
5.474643230438232
5.717390060424805
5.639238357543945
5.6001434326171875
5.441370248794556
5.4991455078125
5.679886102676392
5.670379877090454
5.5921547412872314
5.499090671539307
5.647808313369751
5.632791042327881
5.85241174697876
5.80949854850769
5.556215286254883
5.560126304626465
5.508676767349243
5.563773155212402
5.793013095855713
5.832358360290527
5.635187149047852
5.327871322631836
5.405574560165405
5.75275444984436
5.815940618515015
5.711245059967041
5.410282850265503
5.47571873664856
5.6342504024505615
5.464250326156616
5.843693256378174
5.844953775405884
5.575610160827637
5.469139099121094
5.6466405391693115
5.533575534820557
5.393666982650757
5.603571653366089
5.548016548156738
5.573962926864624
5.699782371520996
5.6053125858306885
5.475497007369995
5.394928216934204
5.451585531234741
5.634737253189087
5.858759164810181
5.749017953872681
5.482115983963013
5.444988250732422
5.394536733627319
5.422659397125244
5.861137390136719
5.6348655223846436
5.611727714538574
5.669820785522461
5.493337392807007
5.408524513244629
5.592642545700073
5.794284820556641
5.88557767868042
5.579617977142334
5.680295467376709
5.656769275665283
5.5130228996276855
5.441008567810059
5.5290703773498535
5.840993404388428
6.241133451461792
5.656397104263306
5.5564634799957275
5.493120193481445
5.567640066146851
5.8367369174957275
5.6604766845703125
5.6666483879089355
5.486757755279541
5.525132179260254
5.7788097858428955
5.779825210571289
5.583205461502075
5.540588140487671
5.500274181365967
5.5066609382629395
5.755422115325928
5.8100502490997314
5.944518804550171
5.323196887969971
5.558063268661499
5.280540466308594
5.326333999633789
5.749370574951172
5.781245231628418
5.63268780708313
5.529587507247925
5.372487783432007
5.591625213623047
5.545973777770996
5.695260524749756
5.548485040664673
5.749562740325928
5.808279752731323
5.6423211097717285
5.4426586627960205
5.425552129745483
5.708204507827759
5.8709821701049805
6.0776145458221436
5.618169546127319
5.472228765487671
5.452961206436157
5.511633634567261
5.7442522048950195
5.735208034515381
5.768416404724121
5.42622184753418
5.501023054122925
5.545672416687012
5.861968040466309
5.586171627044678
5.422488451004028
5.347335577011108
5.4335596561431885
5.78842830657959
5.5776989459991455
5.490760564804077
5.633916139602661
5.382699966430664
5.926533222198486
5.809816122055054
5.590849161148071
5.606212377548218
5.595868349075317
5.680894613265991
5.650076627731323
5.3401501178741455
5.231269359588623
5.717809677124023
6.001441955566406
6.1560022830963135
5.529794692993164
5.462367534637451
5.45123553276062
5.644840955734253
5.619661092758179
5.389951944351196
5.592667818069458
5.505587577819824
5.472124814987183
5.601539373397827
5.911127805709839
5.698312282562256
5.704118013381958
5.6333911418914795
5.704862833023071
5.7770469188690186
5.95241379737854
5.745091199874878
5.44776463508606
5.361866474151611
5.851700067520142
5.879766941070557
5.710209131240845
5.500274896621704
5.471986532211304
5.416924238204956
5.617105722427368
5.621999502182007
5.961662769317627
5.562363862991333
5.415044546127319
5.612358331680298
5.479976177215576
5.464029312133789
5.935476303100586
5.631708860397339
5.611754655838013
5.6075520515441895
5.462213039398193
5.6146345138549805
5.628136396408081
5.673470735549927
5.7072978019714355
5.50218653678894
5.507822751998901
5.4095139503479
5.855282306671143
5.422650575637817
5.54601526260376
5.849411487579346
5.560708522796631
5.402173280715942
5.7327375411987305
5.633691310882568
5.466055870056152
5.646812915802002
5.86231255531311
5.48297905921936
5.727933168411255
5.491586208343506
5.604730129241943
5.613528251647949
5.623767614364624
5.702435731887817
5.5735578536987305
5.417882919311523
5.428914785385132
5.715867757797241
5.822793960571289
5.762365102767944
5.510789632797241
5.409459829330444
5.424835443496704
5.681259870529175
5.779908657073975
5.9567365646362305
5.663238525390625
5.6341283321380615
5.626104354858398
5.434391498565674
5.502044916152954
5.436594486236572
5.553165912628174
5.542172908782959
5.793810606002808
5.839343786239624
5.7933526039123535
5.58053183555603
6.166500806808472
5.922479152679443
5.8415281772613525
5.609537363052368
5.594773530960083
5.659131050109863
5.9241108894348145
5.920550346374512
5.534544944763184
5.5726683139801025
5.460959196090698
5.827962636947632
5.742523908615112
5.815970182418823
5.510552167892456
5.311426639556885
5.423013687133789
5.4101433753967285
5.591222286224365
5.8355653285980225
5.506939649581909
5.99403977394104
5.34845232963562
5.610572338104248
5.534600257873535
5.56400465965271
5.840947389602661
5.665636301040649
5.876493215560913
5.42352557182312
5.7636003494262695
5.551004886627197
5.417080879211426
5.666743993759155
5.855800151824951
5.586549520492554
5.377548456192017
5.530990123748779
5.4510862827301025
5.568508863449097
5.712169170379639
5.565027236938477
5.637963056564331
5.939109802246094
5.969693899154663
5.640421628952026
5.34964919090271
5.381401538848877
5.67839789390564
5.784780263900757
5.789811611175537
5.626004219055176
5.560817241668701
5.569444417953491
5.405001401901245
5.840158700942993
5.493883848190308
5.4592978954315186
5.439788579940796
5.699970483779907
5.903702735900879
5.722474575042725
5.547168254852295
5.584939956665039
5.716876029968262
5.558140277862549
5.544436931610107
5.70215916633606
5.498410224914551
5.519516706466675
6.318219184875488
6.056122779846191
5.6522276401519775
5.52408766746521
5.397058486938477
5.4931416511535645
5.936040639877319
5.917900085449219
5.721253871917725
5.81421685218811
5.595105886459351
5.614628553390503
5.4610819816589355
5.65961766242981
5.516647100448608
5.766238212585449
5.458432912826538
5.433955192565918
5.997453451156616
5.71152138710022
5.952308177947998
5.682715892791748
5.488578796386719
5.379300117492676
5.53458833694458
5.738506317138672
6.013484954833984
5.704274415969849
5.441410541534424
5.610199689865112
5.452510118484497
5.893540143966675
5.826647520065308
5.894429922103882
5.6290364265441895
5.515527725219727
5.500291109085083
5.789950847625732
5.937676906585693
5.927649259567261
5.464063882827759
5.53685736656189
5.568201541900635
5.912708759307861
5.905603408813477
5.591572999954224
5.629113435745239
5.45866322517395
5.4019269943237305
5.5658862590789795
5.777730464935303
5.603592872619629
5.726974010467529
5.453856945037842
5.579070806503296
5.344452619552612
5.934978723526001
5.711215019226074
6.115174055099487
6.007797002792358
5.4590535163879395
5.4396162033081055
5.538428783416748
5.663184404373169
5.890664339065552
5.763554573059082
5.794622421264648
5.646383285522461
5.453544855117798
5.558656930923462
5.8860883712768555
5.819524526596069
5.54669189453125
5.455028057098389
5.620233774185181
5.729178190231323
5.4338250160217285
5.804845333099365
5.613119840621948
5.434004306793213
6.138136148452759
5.970592975616455
5.645455360412598
5.61457896232605
5.650439023971558
5.7696733474731445
5.654704332351685
5.509491920471191
5.4495532512664795
5.650140047073364
5.759676694869995
5.61643385887146
5.5926172733306885
5.738808631896973
5.4469077587127686
5.60135817527771
5.383976936340332
5.855319976806641
5.89947509765625
5.8337321281433105
5.510146141052246
5.554249048233032
5.614229440689087
5.7144997119903564
5.730229616165161
5.666195392608643
5.5764243602752686
5.516637325286865
5.542083263397217
5.810822486877441
5.459429979324341
5.580924034118652
5.542483806610107
5.8695292472839355
6.0596764087677
5.604546308517456
5.695698261260986
5.574387311935425
5.39201283454895
5.624747276306152
5.808003664016724
5.770636558532715
5.44161319732666
5.581637144088745
5.513087749481201
6.032158613204956
5.795653581619263
5.805047035217285
5.390645980834961
5.501007795333862
5.798918962478638
5.745262622833252
5.5400965213775635
5.610278367996216
5.6677703857421875
5.572039604187012
5.738169431686401
6.017148494720459
5.550318002700806
5.457837343215942
5.574338436126709
5.550351858139038
5.611313104629517
5.417395353317261
5.817618370056152
5.976978540420532
5.619053602218628
5.6724021434783936
5.501997709274292
5.430009603500366
5.764436960220337
5.878483295440674
5.683362245559692
5.74853253364563
5.441082239151001
5.436056137084961
5.947453498840332
5.71677565574646
5.848238945007324
5.680616617202759
5.532986402511597
5.44005274772644
5.547704458236694
5.719876766204834
5.9606406688690186
5.792467355728149
5.668537855148315
5.523475646972656
5.427368402481079
5.7809531688690186
5.578701496124268
5.632076978683472
5.655256748199463
5.717733383178711
5.610368728637695
5.704119920730591
5.5689857006073
5.564367055892944
5.606169939041138
5.975073337554932
5.780897617340088
5.652213096618652
5.493869781494141
5.6305930614471436
5.748019456863403
6.146285772323608
5.747259855270386
5.804174423217773
5.864290952682495
5.884451866149902
6.065053462982178
5.643699407577515
5.472898006439209
5.669909477233887
5.593689680099487
5.563669443130493
5.481644153594971
5.978014707565308
5.533105134963989
5.833479642868042
5.550328969955444
5.5476202964782715
5.556128740310669
5.48847770690918
5.5582592487335205
5.400659799575806
5.5509960651397705
5.40287971496582
5.758544683456421
5.996383428573608
5.618777513504028
5.6636574268341064
5.606163740158081
5.52682638168335
5.629074573516846
6.145513534545898
5.681926965713501
6.059648513793945
5.403165817260742
5.603175401687622
5.612473487854004
5.644362211227417
5.535325050354004
5.497177600860596
5.6135571002960205
5.7227702140808105
5.5494019985198975
5.655447721481323
5.633730411529541
5.9325010776519775
5.750348329544067
5.73348069190979
5.614200592041016
5.506568431854248
5.714282989501953
5.58264684677124
5.335167407989502
5.498548746109009
5.764868497848511
5.732585191726685
5.8464195728302
5.635849475860596
5.313319206237793
5.531336784362793
5.809262752532959
5.79275369644165
5.902947425842285
5.616169691085815
5.496932744979858
5.485789775848389
5.608071565628052
5.912980079650879
5.862547874450684
5.6071617603302
5.57177734375
5.470586776733398
5.925402879714966
5.9440062046051025
5.853376865386963
5.406926155090332
5.492232799530029
5.473594903945923
5.88428807258606
5.535920858383179
5.710442304611206
5.550401926040649
5.526551008224487
5.525023937225342
5.909571409225464
5.557709455490112
5.543631315231323
5.791817903518677
5.949856281280518
5.478788614273071
5.418487071990967
5.601150035858154
5.434764385223389
5.726149082183838
5.736288070678711
5.563965320587158
5.49104118347168
5.358422756195068
5.50868558883667
5.72288179397583
5.842884063720703
5.8722147941589355
5.625835180282593
5.516967535018921
5.735062122344971
5.577717542648315
5.700173854827881
5.710204601287842
5.592130422592163
5.528985500335693
5.803773641586304
5.583157062530518
5.511430263519287
5.594188213348389
5.452246427536011
5.747735023498535
5.843858957290649
5.920948266983032
5.539888858795166
5.562995195388794
5.782278537750244
5.586118698120117
5.531976699829102
5.825353384017944
5.770354747772217
5.734057664871216
5.3663716316223145
5.5270915031433105
5.585035800933838
5.799751043319702
5.954029321670532
5.858823537826538
5.696330547332764
5.3929603099823
5.409312963485718
5.620201349258423
5.789273500442505
5.787858009338379
5.715160846710205
5.3971943855285645
5.367774963378906
5.865944147109985
5.836235284805298
5.8165764808654785
5.567610263824463
5.478541135787964
5.696784973144531
5.7417237758636475
5.830401182174683
5.703637361526489
5.630064249038696
5.44136381149292
5.845069169998169
5.837287187576294
5.7617199420928955
5.462839841842651
5.622575998306274
5.430506706237793
5.609170913696289
5.8271119594573975
5.952874660491943
5.769347906112671
5.653035402297974
5.547591924667358
5.77630352973938
5.919676780700684
5.842189788818359
5.806779861450195
5.731727600097656
5.492422103881836
5.388392686843872
5.608020782470703
6.009561061859131
5.549527406692505
5.567596673965454
5.587621450424194
5.586678981781006
5.801870107650757
5.576241493225098
5.533992528915405
5.680152893066406
5.741785526275635
5.469080448150635
5.549957752227783
6.25636887550354
5.864664554595947
5.742367267608643
5.581704378128052
5.561335802078247
5.531716346740723
5.925046682357788
6.046009302139282
5.617720365524292
5.783758878707886
5.487609148025513
5.472132921218872
5.4814817905426025
5.876282691955566
5.892220735549927
5.962376832962036
5.4645655155181885
5.532897472381592
5.932422637939453
5.666538238525391
5.567212343215942
5.787838459014893
5.614819049835205
5.394138336181641
5.629663705825806
5.549645662307739
5.401668071746826
5.701676845550537
5.94547700881958
5.598053455352783
5.564016819000244
5.539578437805176
5.379857301712036
5.628039360046387
6.088982582092285
5.715562343597412
5.860790491104126
5.497033596038818
5.617748975753784
5.559283494949341
5.976874113082886
5.536588430404663
5.60814356803894
5.6830713748931885
5.4701433181762695
5.783806085586548
5.981663703918457
5.821642637252808
5.6985249519348145
5.645714998245239
5.588352203369141
6.165700674057007
5.492450952529907
5.694275856018066
5.6005589962005615
5.601663112640381
5.771713972091675
5.821520090103149
5.631570100784302
5.781494140625
5.715265512466431
5.633578062057495
5.739774465560913
5.5926337242126465
5.390015363693237
5.658071517944336
6.0637147426605225
5.615649700164795
5.799068212509155
5.473397970199585
5.406440496444702
5.437375545501709
5.956456422805786
5.644834518432617
5.757169485092163
5.430891513824463
5.449002027511597
5.622854948043823
5.778747320175171
5.6464807987213135
5.718505620956421
5.571438312530518
5.541752338409424
5.699060678482056
6.099250793457031
5.438009738922119
5.551544904708862
5.53501296043396
5.758471488952637
5.918988466262817
5.586184501647949
5.4752936363220215
5.331414699554443
5.846862554550171
5.746983528137207
5.62255072593689
5.424531698226929
5.469328880310059
5.874095439910889
5.948904275894165
5.472184181213379
5.654560089111328
5.525464057922363
5.591387987136841
5.589129447937012
5.834346771240234
5.741657257080078
5.564422369003296
5.512405633926392
5.585988283157349
5.853715181350708
5.786296844482422
5.64918327331543
5.493499517440796
5.384907960891724
5.745179891586304
5.915298700332642
5.472348928451538
5.503593921661377
5.752511978149414
6.1060566902160645
5.825459241867065
5.712199449539185
5.538693428039551
5.492850065231323
5.507887363433838
5.814797401428223
6.040179967880249
5.599320888519287
5.584221601486206
5.496898651123047
5.552403926849365
5.666646480560303
5.972119569778442
5.62019944190979
5.725156545639038
5.472017526626587
5.579423189163208
5.377347469329834
5.9314329624176025
5.922701358795166
5.709862232208252
5.634908199310303
5.586122512817383
5.562602758407593
5.664248943328857
5.610404968261719
5.498040199279785
5.785163402557373
5.726699113845825
5.670719146728516
5.631952524185181
5.75775146484375
6.0810017585754395
5.759151220321655
5.842794895172119
5.786724328994751
5.772287845611572
5.803112983703613
5.794752836227417
5.7839195728302
5.707471609115601
5.846442699432373
5.9148478507995605
5.770372152328491
5.590784788131714
5.8433215618133545
5.61666202545166
5.710635662078857
5.736537456512451
5.819587230682373
5.883599042892456
5.692023515701294
5.8024327754974365
5.725457191467285
5.680271625518799
5.626178979873657
5.892030477523804
6.094969987869263
5.915412902832031
5.967875719070435
5.868969202041626
5.767691612243652
5.823620080947876
5.684669733047485
5.733530282974243
5.993622064590454
5.806719541549683
5.725661277770996
5.861705541610718
5.829211711883545
5.754503488540649
5.813832759857178
5.626139879226685
5.747377872467041
5.72511625289917
5.63227915763855
5.680495977401733
5.658606767654419
5.672982215881348
5.678537607192993
5.780115365982056
5.79535174369812
5.727616310119629
6.037308216094971
5.79179310798645
5.685203313827515
5.68526291847229
5.687574148178101
5.774960279464722
5.772341251373291
5.792577028274536
5.572885513305664
5.7581000328063965
5.764108419418335
5.7495503425598145
5.588164806365967
5.64627480506897
5.7143731117248535
5.755709886550903
5.822843790054321
5.509052991867065
5.684100866317749
5.812821388244629
5.770106077194214
5.691427946090698
5.670610189437866
5.634130239486694
5.744167327880859
5.695003509521484
5.524480104446411
5.748260498046875
5.578239917755127
5.659046173095703
5.710474967956543
5.722734451293945
5.611061334609985
5.668823957443237
5.774670362472534
5.642136335372925
5.725142002105713
5.753300428390503
5.692009210586548
5.677590608596802
5.719667673110962
5.571219205856323
5.686824798583984
5.560409069061279
5.5954670906066895
5.721444129943848
5.717056035995483
5.713086843490601
5.587281703948975
5.7088634967803955
5.566357135772705
5.759636878967285
5.517914533615112
5.7628631591796875
5.57453727722168
5.687154293060303
5.374640464782715
5.74345588684082
5.781250476837158
5.644609212875366
5.616487741470337
5.522214412689209
5.853818655014038
5.986072540283203
5.594533681869507
5.726374626159668
5.788151264190674
5.514967203140259
5.431784152984619
5.669534206390381
5.952200174331665
5.701213359832764
5.770559310913086
5.773863077163696
5.91885781288147
5.697709083557129
5.784641742706299
5.66873574256897
5.905123949050903
5.658767461776733
5.684955835342407
5.738685607910156
5.8614137172698975
5.8512444496154785
5.66606879234314
5.57549786567688
5.83102560043335
5.787724733352661
5.678187131881714
5.843294382095337
5.708172082901001
5.693991184234619
5.708983659744263
5.74671196937561
5.634569406509399
5.804317474365234
5.5038902759552
5.443861484527588
5.66455864906311
5.552471876144409
6.136284589767456
6.013667345046997
5.894211530685425
6.111739158630371
6.0705296993255615
5.799448251724243
5.676099061965942
5.706231117248535
5.8022401332855225
5.798186302185059
5.92296838760376
5.701517105102539
5.8420422077178955
5.6880083084106445
5.739753246307373
5.78284764289856
5.760214805603027
5.683432579040527
5.778979063034058
5.838231086730957
5.732193231582642
5.876892328262329
5.808311223983765
5.8011767864227295
5.631944894790649
5.839053153991699
5.555825710296631
5.730074644088745
5.628297567367554
6.009938716888428
5.532063722610474
5.635704517364502
5.4800026416778564
5.847727060317993
5.964490652084351
5.548014163970947
5.579515218734741
5.792817831039429
5.768949031829834
5.454372406005859
5.790800094604492
5.840641260147095
5.758705377578735
5.547321319580078
5.62214994430542
5.720219135284424
5.794932126998901
5.734243392944336
5.769948720932007
5.508540630340576
5.663731336593628
5.558664083480835
5.840126276016235
5.92294454574585
5.793808937072754
5.497629642486572
5.671627521514893
5.429304599761963
5.743955850601196
5.906683921813965
5.689605474472046
5.5442211627960205
5.636051416397095
5.633356809616089
5.797507286071777
5.783833265304565
5.355760335922241
5.394489049911499
5.434960126876831
5.7764198780059814
5.9480907917022705
5.72135329246521
5.645299196243286
5.534739971160889
5.514557123184204
5.629994630813599
5.976931571960449
5.942320823669434
5.528939962387085
5.556596994400024
5.569972038269043
5.88538122177124
5.733845949172974
5.564955711364746
5.51703953742981
5.5050389766693115
6.300235271453857
5.719884157180786
5.565515518188477
5.645528554916382
5.590873718261719
6.0357346534729
5.749329328536987
5.60417103767395
5.546112537384033
5.665327072143555
5.917902231216431
5.7811665534973145
5.906230688095093
5.642320394515991
5.624046802520752
6.038463354110718
5.863112688064575
5.813730001449585
5.609457492828369
5.599998950958252
5.560567378997803
5.864183664321899
5.844417095184326
5.450480699539185
5.642547130584717
5.557413578033447
5.992563724517822
5.790415525436401
5.495885372161865
5.586883783340454
5.611753940582275
5.916391849517822
5.8850953578948975
5.853315114974976
5.541582107543945
5.593060493469238
5.550611734390259
5.891693592071533
5.815931081771851
5.562435626983643
5.519066572189331
5.535564422607422
5.950339078903198
5.909835577011108
5.866387605667114
5.503017902374268
5.564664125442505
5.782962322235107
5.841226816177368
5.411941051483154
5.799544334411621
5.778481960296631
5.858865737915039
5.955340385437012
5.850512742996216
5.539942741394043
5.530933856964111
5.49752402305603
5.8898255825042725
5.798259973526001
5.5851686000823975
5.589200973510742
5.476957321166992
5.76971697807312
6.005245685577393
5.669785737991333
5.64298152923584
5.554584503173828
5.614133358001709
5.779762029647827
5.936321258544922
5.700716257095337
5.758180141448975
5.593538522720337
5.373354434967041
5.719573259353638
5.863999366760254
5.9476611614227295
5.840178966522217
5.657873153686523
5.5139100551605225
5.60459041595459
5.575028419494629
5.82077169418335
6.120202541351318
5.609692573547363
5.543620824813843
5.41838526725769
5.921860218048096
5.925928831100464
5.901417016983032
5.6267383098602295
5.4520087242126465
5.532486200332642
5.62144660949707
6.156731605529785
5.559991121292114
5.538965463638306
5.630650520324707
5.897465944290161
5.782640695571899
5.3935041427612305
6.118659019470215
5.832343816757202
6.082765817642212
6.009225606918335
5.796862602233887
5.696655988693237
5.539577484130859
5.478085041046143
5.837626934051514
5.630606412887573
5.710557699203491
5.999743938446045
5.865396738052368
5.474585056304932
5.64952278137207
5.88971471786499
5.641179800033569
5.674816131591797
5.8081958293914795
5.836901426315308
5.494940996170044
5.593764781951904
5.78092885017395
5.7978515625
5.8612096309661865
5.737075328826904
5.838467121124268
5.636183500289917
5.543523073196411
5.679642677307129
5.895442962646484
5.747943639755249
5.62744140625
5.50810432434082
5.7607762813568115
5.735262393951416
5.7683703899383545
5.738687992095947
5.577465534210205
5.530914306640625
5.920552492141724
5.453382968902588
5.554565906524658
5.986340522766113
5.803329229354858
5.78704309463501
5.7091405391693115
5.566916227340698
5.441786050796509
5.867136001586914
5.742913722991943
5.706907510757446
5.675808906555176
5.466342926025391
5.864792585372925
5.876240253448486
5.7893030643463135
5.679021596908569
5.517938613891602
5.464508533477783
5.6796019077301025
5.574540853500366
5.431362628936768
6.086409330368042
5.934208869934082
5.727141857147217
5.494433164596558
5.526418685913086
5.7422003746032715
5.8729023933410645
5.802701234817505
5.818766117095947
5.609733581542969
5.401670694351196
5.687709093093872
5.58741307258606
5.6022515296936035
5.581691026687622
5.593186140060425
5.709713935852051
5.761740684509277
6.131955862045288
5.965249538421631
5.530932664871216
5.597630739212036
5.563655376434326
5.757327556610107
5.839484930038452
5.844305992126465
5.649553537368774
5.585067510604858
5.720444679260254
5.721470832824707
5.733135223388672
5.57584547996521
5.552326440811157
5.7966468334198
6.107129096984863
5.631036043167114
5.705880880355835
5.675989627838135
5.362957000732422
5.784532070159912
5.7624335289001465
5.604423522949219
5.756869792938232
5.517364740371704
5.7024431228637695
5.56796669960022
6.1285789012908936
5.862619400024414
5.586614608764648
5.589153051376343
5.609134674072266
5.759127855300903
5.73872709274292
5.585507392883301
5.657548666000366
5.474877834320068
5.696199655532837
6.173141956329346
5.6170265674591064
5.8843772411346436
5.603671073913574
5.614518404006958
5.6235833168029785
6.001561641693115
5.890994548797607
5.599433660507202
5.597637176513672
5.704690933227539
5.57452392578125
5.793014764785767
5.591611862182617
5.5803258419036865
5.547962427139282
5.993303537368774
5.754226207733154
5.670616149902344
5.7627787590026855
5.488121271133423
5.651870489120483
5.8119213581085205
5.590976238250732
5.9680187702178955
5.955159664154053
5.528570890426636
5.4417524337768555
5.6372973918914795
5.939303398132324
5.635670900344849
6.071723461151123
5.74118185043335
5.5241265296936035
5.435206651687622
5.92883825302124
5.972327709197998
5.805174350738525
5.91413140296936
5.380494117736816
5.534553289413452
5.591045618057251
5.815844297409058
5.710191965103149
5.5022547245025635
5.621036767959595
5.540418386459351
6.011121511459351
5.959439039230347
5.687655448913574
5.571523904800415
5.523374557495117
5.803212642669678
5.7519261837005615
5.862778425216675
5.769412040710449
5.519336223602295
5.4815943241119385
5.701215505599976
5.887834072113037
5.8577561378479
5.752757549285889
5.726855278015137
5.73535418510437
5.619214296340942
5.603191614151001
5.867821455001831
5.606371164321899
5.875932931900024
5.780303478240967
5.491767168045044
5.546580791473389
5.767710447311401
6.1205010414123535
5.670141696929932
5.680707216262817
5.4580230712890625
5.397340536117554
5.666876554489136
5.7587809562683105
5.849342107772827
5.85774040222168
5.583613157272339
5.516621828079224
5.517606973648071
6.039694309234619
5.817349433898926
5.781050443649292
5.444312810897827
5.558611154556274
5.70644998550415
5.719813346862793
5.780713796615601
6.028502702713013
5.779565095901489
5.508912801742554
5.509095907211304
5.8790905475616455
5.84408164024353
5.877729654312134
5.978351831436157
5.73937463760376
5.580449342727661
5.545505523681641
5.947035789489746
5.696599006652832
5.885423898696899
5.88126540184021
5.85355544090271
5.375794172286987
5.453855752944946
5.7090277671813965
5.95039439201355
5.701666355133057
5.8159284591674805
5.717839002609253
5.84217095375061
5.472931385040283
5.392881393432617
5.8551177978515625
6.049389362335205
5.780492782592773
5.687211275100708
5.442744016647339
5.68329930305481
5.520281076431274
5.783291578292847
6.033767223358154
5.641163110733032
5.5708301067352295
5.529792070388794
5.364774227142334
5.760227203369141
5.899711847305298
5.853856325149536
5.384340763092041
5.485837936401367
5.757843732833862
5.679774761199951
5.827823638916016
5.443914890289307
5.542256832122803
5.640275001525879
5.776150465011597
5.983480453491211
5.485608816146851
5.495903968811035
5.62492299079895
5.9030070304870605
6.080029726028442
5.464064359664917
5.580864429473877
5.567767143249512
5.641706466674805
5.868517160415649
5.857577562332153
5.723124742507935
5.835846900939941
5.416971683502197
5.536512851715088
6.133410453796387
6.0293128490448
5.856991529464722
5.5781474113464355
5.560433864593506
5.413043737411499
5.794673919677734
5.742737293243408
5.868963956832886
5.774556636810303
5.716871738433838
5.803431749343872
5.7486724853515625
5.5390424728393555
5.464496374130249
5.86235237121582
5.794933795928955
5.650059461593628
5.835332155227661
5.541663646697998
5.433440685272217
5.921497106552124
5.750513553619385
5.726649522781372
5.904643535614014
5.804905652999878
5.591267824172974
5.624608755111694
5.562412977218628
5.736850261688232
5.904172658920288
5.722634792327881
5.499014616012573
5.582626581192017
5.815122365951538
5.770774841308594
5.8134894371032715
5.575096130371094
5.521266222000122
5.891942501068115
5.8632519245147705
5.794103145599365
5.68505597114563
5.5490806102752686
5.6250269412994385
5.955967903137207
5.959460020065308
5.771604299545288
5.817504405975342
5.71924090385437
5.593708753585815
5.525490999221802
5.626148700714111
5.905567407608032
5.809115171432495
5.543408393859863
5.543682098388672
5.89238166809082
5.705650806427002
5.740964651107788
5.912388801574707
5.551873683929443
5.472949028015137
5.492459774017334
5.784692764282227
5.800512790679932
5.545491456985474
5.529322147369385
5.572396516799927
5.900967359542847
5.773598909378052
5.575895071029663
5.399087190628052
5.648459196090698
5.77209997177124
5.687117576599121
5.929258346557617
5.7396485805511475
5.435462236404419
5.654344081878662
5.971241474151611
5.624726057052612
5.515893459320068
5.51573634147644
5.786403656005859
6.072159051895142
5.57209038734436
5.555343866348267
5.769134998321533
5.49088978767395
5.4334716796875
5.704624176025391
5.923432350158691
5.84831976890564
5.568882465362549
5.544737100601196
5.530562877655029
6.027761697769165
5.8033106327056885
5.900334119796753
5.894029140472412
5.7500834465026855
5.445660591125488
5.491909027099609
5.8342437744140625
5.935860633850098
5.790755271911621
5.551661968231201
5.668571472167969
5.566610336303711
6.002831935882568
5.767131328582764
5.639233827590942
5.570552349090576
5.74488091468811
6.073989629745483
5.714357614517212
5.927785873413086
5.923391580581665
5.530135869979858
5.611207723617554
5.721254587173462
5.867791652679443
5.672746658325195
5.901934862136841
5.6892054080963135
5.7407920360565186
5.614975452423096
5.569586277008057
5.6736791133880615
5.833523511886597
5.661821603775024
5.69388747215271
5.587326526641846
5.585211753845215
5.648131847381592
5.994859218597412
5.809905052185059
5.703343868255615
5.581391334533691
5.562618970870972
5.722795486450195
5.571446895599365
6.050179719924927
5.889623165130615
5.640602350234985
5.453492164611816
5.9176411628723145
5.847858428955078
5.47241997718811
5.909038543701172
5.98576283454895
5.481910705566406
5.617549180984497
5.756184339523315
5.762812852859497
5.567809820175171
5.5664026737213135
5.726945877075195
5.760381698608398
5.865904808044434
5.943976163864136
5.877018451690674
5.5385918617248535
5.5240373611450195
5.819487571716309
5.97632098197937
5.744646787643433
5.539559841156006
5.513059139251709
5.610380411148071
5.995824813842773
5.7119832038879395
5.871226072311401
5.419385671615601
5.645549535751343
5.5661940574646
5.720731973648071
5.930173635482788
5.605870962142944
5.626008987426758
5.447425842285156
5.824599742889404
5.910192251205444
5.9312684535980225
5.634399175643921
5.564786195755005
5.525550365447998
5.905962944030762
5.8622307777404785
5.576202869415283
5.543557167053223
5.55341649055481
5.601680040359497
5.986899137496948
6.0455052852630615
5.668468713760376
5.63911247253418
5.610052585601807
5.522315740585327
5.636202812194824
6.144488334655762
5.9961464405059814
6.148678302764893
