Timing log for each step:
0.019017457962036133
5.341946125030518
5.31851053237915
5.3341076374053955
5.346383094787598
5.196296215057373
5.247223377227783
5.316718339920044
5.419739723205566
5.359773397445679
5.36400842666626
5.275745868682861
5.320793390274048
5.369096279144287
5.373658895492554
5.6487345695495605
5.296216011047363
5.723766326904297
5.250310897827148
5.668266296386719
5.40630578994751
5.490595102310181
5.5257837772369385
5.401299238204956
5.430442810058594
5.5099756717681885
5.519838571548462
5.5936315059661865
5.565900087356567
5.578645706176758
5.367210388183594
5.559213399887085
5.578889846801758
5.324985027313232
5.364018678665161
4.837263822555542
5.370815992355347
5.395116567611694
5.3548903465271
5.361506938934326
5.456157684326172
5.340298652648926
5.356858730316162
5.444734811782837
5.3907084465026855
5.30366587638855
5.364466667175293
5.3947460651397705
5.38303542137146
5.4277143478393555
5.393385410308838
5.341922283172607
5.344600439071655
5.5454487800598145
5.555280923843384
5.383962154388428
5.459158658981323
5.338091850280762
5.322916507720947
5.377569675445557
5.49455451965332
5.42333459854126
5.350382328033447
5.376814126968384
5.44079065322876
5.363337755203247
5.336963891983032
5.7525856494903564
5.706124782562256
5.31294059753418
5.423648357391357
5.423924207687378
5.393248081207275
5.430888891220093
5.437519550323486
5.41642689704895
5.35141396522522
5.437947511672974
5.392081260681152
5.393605470657349
5.383510112762451
5.342196941375732
5.465039491653442
5.3958899974823
5.44062066078186
5.396978139877319
5.426275014877319
5.393335580825806
5.471025705337524
5.377006530761719
5.401788234710693
5.386106729507446
5.462787389755249
5.445502996444702
5.382722854614258
5.345388412475586
5.458101034164429
5.4603729248046875
5.321895599365234
5.424138784408569
5.402381420135498
5.519660234451294
5.368210315704346
5.50832724571228
5.472517728805542
5.47212815284729
5.356096267700195
5.442829370498657
5.513484239578247
5.380730867385864
5.381335735321045
5.4186718463897705
5.4506518840789795
5.424563884735107
5.466575622558594
5.453502893447876
5.349848508834839
5.429929733276367
5.433588743209839
5.431711912155151
5.35936713218689
5.481832027435303
5.414574146270752
5.401164531707764
5.463217735290527
5.458971261978149
5.458286285400391
5.606391429901123
5.578871488571167
5.50540566444397
5.277735948562622
5.413564920425415
5.514251708984375
5.905191898345947
5.5989830493927
5.552066087722778
5.4841859340667725
5.430786848068237
5.492012977600098
5.46537709236145
5.413784980773926
5.450801849365234
5.467564582824707
5.477701663970947
5.44980788230896
5.467295169830322
5.379421949386597
5.441669702529907
5.478071928024292
5.525572299957275
5.5801167488098145
5.529405355453491
5.54505467414856
5.477056264877319
5.489538192749023
5.49020791053772
5.438034772872925
5.460734605789185
5.431253910064697
5.5197978019714355
5.4985435009002686
5.551018476486206
5.450573921203613
5.4790825843811035
5.408753156661987
5.464904308319092
5.386340618133545
5.4710469245910645
5.451843023300171
5.578784465789795
5.373718500137329
5.5010058879852295
5.5259788036346436
5.499076843261719
5.52477240562439
5.576732158660889
5.477612018585205
5.637922525405884
5.39213752746582
5.455276250839233
5.393927335739136
5.452451229095459
5.41958475112915
5.488009691238403
5.434005260467529
5.476099967956543
5.44699501991272
5.402169704437256
5.508404493331909
5.47448205947876
5.411253213882446
5.466249942779541
5.440878391265869
5.460818529129028
5.352917432785034
5.4808104038238525
5.4168171882629395
5.488569974899292
5.404599189758301
5.4532551765441895
5.4078497886657715
5.439810752868652
5.478143930435181
5.408873081207275
5.482818126678467
5.449717998504639
5.521693229675293
5.446934700012207
5.474382400512695
5.428650379180908
5.450898170471191
5.439595937728882
5.615255355834961
5.394554853439331
5.467968702316284
5.44818639755249
5.414053201675415
5.450455904006958
5.43830680847168
5.471351623535156
5.450497388839722
5.51551079750061
5.402575254440308
5.526440620422363
5.51017689704895
5.479863405227661
5.351356267929077
5.460421800613403
5.5255959033966064
5.443749189376831
5.3501245975494385
5.464696168899536
5.4912145137786865
5.455500841140747
5.528030157089233
5.420584201812744
5.448361873626709
5.454500675201416
5.418781757354736
5.458695888519287
5.449297666549683
5.401630878448486
5.482925176620483
5.4156036376953125
5.427284002304077
5.474732875823975
5.468296766281128
5.460682392120361
5.548764705657959
5.633140563964844
5.430617094039917
5.5077879428863525
5.4680235385894775
5.495791673660278
5.4447832107543945
5.454460382461548
5.351701974868774
5.475900173187256
5.484953165054321
5.519643783569336
5.283441781997681
