Timing log for each step:
0.014013051986694336
5.510602712631226
5.468236446380615
5.42802095413208
5.595339775085449
5.435321807861328
5.475493907928467
5.595180034637451
5.497897386550903
5.535553216934204
5.481256484985352
5.559072494506836
5.517902612686157
5.493325233459473
5.443000078201294
5.574633598327637
5.42846417427063
5.602102041244507
5.528595209121704
5.454127788543701
5.503544569015503
5.589598894119263
5.43642258644104
5.525110483169556
5.493509769439697
5.5981605052948
5.474156379699707
5.483955144882202
5.485511302947998
5.531658172607422
5.514103412628174
5.459859132766724
5.475991249084473
5.474539279937744
5.560484409332275
5.531087398529053
5.590740203857422
5.494257211685181
5.543810606002808
5.489515066146851
5.4682111740112305
5.491359233856201
5.53797173500061
5.487323760986328
5.47005820274353
5.391809701919556
5.477494955062866
5.3980772495269775
5.344651937484741
5.487829208374023
5.557138204574585
5.516028881072998
5.447993516921997
5.510882377624512
5.576939582824707
5.476572036743164
5.6200151443481445
5.525035858154297
5.516820907592773
5.492014169692993
5.581460952758789
5.444200038909912
5.457365274429321
5.647577285766602
5.555059432983398
5.73015022277832
5.522655487060547
5.606523275375366
5.397422552108765
5.543789863586426
5.641643524169922
5.554516077041626
5.6054699420928955
5.556541442871094
5.514905214309692
5.6544365882873535
5.590269565582275
5.5512611865997314
5.551713466644287
5.591372013092041
5.643828868865967
5.579537868499756
5.557572603225708
5.6194703578948975
5.668033123016357
5.581537246704102
5.538958311080933
5.608017444610596
5.497885465621948
5.491512775421143
5.557268142700195
5.573134183883667
5.653011083602905
5.802224636077881
5.621333122253418
5.5535314083099365
5.747392892837524
5.5519490242004395
5.508262395858765
5.627496719360352
5.571564674377441
5.620330333709717
5.582089424133301
5.610268592834473
5.947247743606567
5.926656723022461
5.538527250289917
5.618240118026733
5.7523417472839355
5.6552910804748535
5.770083665847778
5.812784194946289
5.4954493045806885
5.680235862731934
5.588133811950684
5.536463022232056
5.48150372505188
6.1313159465789795
6.139147996902466
5.5875115394592285
5.713248252868652
5.646207094192505
5.727195978164673
5.554054021835327
5.64488959312439
5.595120429992676
5.500761985778809
5.527540922164917
5.491934299468994
5.596960783004761
5.542492151260376
5.957158803939819
5.549058198928833
5.637751579284668
5.612991809844971
5.774259090423584
5.757191896438599
5.518848180770874
5.532731294631958
5.630132436752319
5.651089191436768
5.620713949203491
5.621524810791016
5.485485553741455
5.476885557174683
5.624639272689819
5.607780694961548
5.593445062637329
5.556660413742065
5.5488598346710205
5.524264812469482
5.578287839889526
5.563480615615845
5.618581533432007
6.273294925689697
5.883974552154541
5.597524642944336
5.608067750930786
5.842352867126465
5.369337797164917
5.867839813232422
5.674785375595093
5.550959825515747
5.636666297912598
5.783373594284058
5.8026697635650635
5.571962594985962
5.625121593475342
5.628760814666748
5.584000825881958
5.889362096786499
5.4887683391571045
5.741665840148926
5.6234283447265625
5.667536735534668
5.700191974639893
5.4634904861450195
5.577532529830933
5.580624580383301
5.93784236907959
5.725188970565796
5.655918836593628
5.695620059967041
5.752609014511108
5.811910152435303
5.622997999191284
5.550570726394653
5.616539716720581
5.652851819992065
5.588627815246582
5.705901384353638
5.811159372329712
5.563606023788452
5.6842076778411865
5.556685209274292
5.558481693267822
5.489877939224243
5.78749942779541
5.926287651062012
5.628892660140991
5.57597541809082
5.951319932937622
5.78451681137085
5.617160320281982
5.798120021820068
5.672248840332031
5.59760856628418
5.6803672313690186
5.463543653488159
5.530050277709961
5.640059232711792
5.551995515823364
5.753718852996826
5.990633726119995
5.711200714111328
5.628600835800171
5.943890333175659
5.786303520202637
5.589704990386963
5.5409393310546875
5.816878318786621
5.853422164916992
5.832158327102661
5.597591161727905
5.6001341342926025
5.707624435424805
5.898948669433594
5.8449790477752686
5.7819249629974365
5.6625800132751465
5.604532480239868
5.719547271728516
5.57349419593811
5.604609966278076
5.751805782318115
5.606109857559204
5.7361226081848145
5.625411748886108
5.959603786468506
5.96244215965271
5.654727220535278
5.593083620071411
5.79188871383667
5.645642518997192
5.561396360397339
5.7336766719818115
5.558896780014038
5.505058765411377
5.535744905471802
5.620638608932495
5.633129596710205
5.579221248626709
5.617002964019775
5.510011911392212
5.494777202606201
5.607550621032715
5.623888969421387
5.643172264099121
5.612124919891357
5.581492900848389
5.646653890609741
5.861271381378174
5.726982116699219
5.805820941925049
5.569591283798218
5.840621471405029
5.868723154067993
5.652685165405273
5.521547794342041
5.596100568771362
5.53803563117981
6.061059474945068
5.781157732009888
5.522293329238892
5.577223300933838
5.508164167404175
5.602850914001465
5.662373304367065
5.801846981048584
5.771610498428345
5.5716259479522705
5.759815454483032
5.677680969238281
5.892819404602051
5.770555734634399
5.509930610656738
5.6402528285980225
5.9935102462768555
5.99832558631897
6.121284246444702
5.817814111709595
5.658691883087158
5.51144003868103
5.498527526855469
5.792309045791626
5.617774724960327
5.735166788101196
5.583606004714966
5.680675506591797
6.210314512252808
5.642556667327881
5.764249086380005
5.497941732406616
5.8172760009765625
5.744805574417114
5.706546068191528
5.68036413192749
5.838870048522949
5.785051345825195
5.811253786087036
5.720767498016357
5.605366468429565
5.898728847503662
5.877867937088013
5.611692428588867
5.7662787437438965
5.812094449996948
5.776266813278198
5.527561187744141
5.722569465637207
5.775162696838379
5.512227296829224
5.75905442237854
5.746098756790161
5.548637628555298
5.6862969398498535
5.6882429122924805
5.5599565505981445
5.858391761779785
5.700451612472534
5.644099950790405
5.661043167114258
5.820375204086304
5.647012233734131
5.842750787734985
5.6270575523376465
5.720554828643799
6.1843342781066895
5.838847637176514
5.50543475151062
5.6756792068481445
5.908682823181152
5.824738025665283
5.568478345870972
5.823008060455322
5.723703622817993
5.855648756027222
5.875813007354736
5.771442174911499
5.727654457092285
5.525537729263306
6.261086463928223
5.642812728881836
5.716587066650391
5.680691719055176
5.7901225090026855
5.765106201171875
5.649033308029175
5.495229721069336
5.912358045578003
6.038106679916382
5.565959930419922
5.7624733448028564
5.969015598297119
5.647581100463867
5.836342811584473
5.972277402877808
5.604994535446167
5.748799562454224
5.706245183944702
5.744107961654663
5.586622714996338
5.714482545852661
5.737956762313843
5.739684343338013
5.4684858322143555
5.765434265136719
5.779182195663452
5.767022371292114
5.509522914886475
5.753857374191284
5.737677812576294
5.79428505897522
5.631639003753662
5.729377031326294
5.573006629943848
5.86777925491333
5.671330690383911
5.690048456192017
5.905603885650635
5.5525617599487305
5.807814598083496
5.919442415237427
5.70363712310791
5.559569597244263
5.949320554733276
6.02792763710022
5.675155162811279
5.679959297180176
5.636533498764038
5.600927829742432
5.939561605453491
5.8958282470703125
5.4789879322052
6.054337739944458
5.775127649307251
5.580598592758179
5.785500526428223
5.942598104476929
6.116301774978638
5.547415018081665
5.752589225769043
5.922942161560059
5.720772743225098
5.830758571624756
5.803620100021362
5.684630393981934
5.882355213165283
5.849203586578369
5.9083778858184814
5.614256143569946
5.703003406524658
5.62167501449585
5.84515905380249
5.495149374008179
5.63957953453064
5.839552402496338
5.751505374908447
5.675683975219727
5.5961151123046875
5.754998683929443
5.696616888046265
5.467489957809448
5.908863067626953
6.004582643508911
5.660836219787598
5.5878517627716064
5.936149597167969
5.979970932006836
5.671355962753296
5.583870887756348
5.7070472240448
5.817118406295776
5.768979072570801
5.572073936462402
5.797954797744751
6.040865182876587
5.887133598327637
5.64365553855896
5.646144866943359
5.806190252304077
6.075131893157959
5.682300090789795
5.61711859703064
5.703242063522339
5.561727046966553
5.796424150466919
5.854330062866211
5.740003347396851
5.595529556274414
5.886555433273315
5.768587827682495
5.911689758300781
5.681918144226074
5.8658576011657715
5.918197870254517
5.778687238693237
5.636566877365112
5.580955743789673
5.858318090438843
5.925618648529053
5.658908128738403
5.700660228729248
5.924451589584351
5.91559100151062
5.748753309249878
5.5959718227386475
5.869488954544067
5.6587042808532715
5.796189546585083
5.61410665512085
5.628898859024048
6.168696641921997
6.001798391342163
5.625337600708008
5.653869390487671
5.819371938705444
6.014709949493408
5.720422744750977
5.593487977981567
5.893918991088867
6.24129843711853
5.603860855102539
5.531498432159424
5.7234275341033936
5.5047690868377686
5.562594890594482
5.769507169723511
5.813759088516235
5.750660419464111
5.7824015617370605
5.663898229598999
5.62837815284729
5.8188042640686035
6.17324161529541
5.848416566848755
5.542482376098633
5.5765838623046875
5.75750470161438
5.86896276473999
6.146808862686157
5.576594114303589
5.595396995544434
5.571965932846069
5.651677370071411
5.962428331375122
5.848771333694458
5.743059873580933
5.6862804889678955
5.574214458465576
5.774397373199463
6.10586404800415
5.63254976272583
5.445955991744995
5.904358148574829
5.537910461425781
5.814125061035156
5.94877552986145
5.51097559928894
5.565663814544678
5.769776344299316
5.76246976852417
5.644148826599121
5.8677918910980225
5.559625148773193
5.807744026184082
5.744060277938843
5.692972183227539
5.506011486053467
5.769254446029663
5.8074188232421875
5.834758996963501
5.5194244384765625
5.750485420227051
6.032327175140381
5.913770437240601
5.7200093269348145
5.78020167350769
5.51552677154541
5.631927251815796
5.579503059387207
5.67694091796875
5.715492248535156
5.605895519256592
5.8503923416137695
5.990996837615967
5.859351873397827
5.521882057189941
5.665089845657349
5.662821531295776
5.984756946563721
5.662006139755249
5.731918811798096
5.699594974517822
5.923444986343384
5.712421655654907
5.518183469772339
5.58795690536499
5.907430648803711
5.643513202667236
5.53135085105896
5.848395824432373
5.9770190715789795
5.784301996231079
5.53390097618103
5.8700361251831055
5.822445631027222
5.7734456062316895
5.490399599075317
5.781893253326416
5.921579599380493
5.739533424377441
5.650108814239502
5.615801572799683
6.112620830535889
5.770183801651001
5.529914140701294
5.868417263031006
5.838806629180908
5.766202449798584
6.33471941947937
5.802387714385986
5.558270215988159
5.7292962074279785
5.694246053695679
5.691116571426392
5.640913963317871
5.8182008266448975
5.857394218444824
5.537437438964844
6.100900411605835
6.133989095687866
5.777754783630371
5.862802505493164
5.743801593780518
5.702726364135742
5.833308935165405
5.726752519607544
5.765148401260376
5.681416034698486
5.834192752838135
5.653723955154419
5.896971702575684
6.056071758270264
5.854230880737305
6.007215976715088
5.553450584411621
5.567446947097778
5.651044130325317
5.738978862762451
5.830882787704468
5.626003980636597
5.792122840881348
5.915781259536743
5.963968515396118
5.68669319152832
5.7043681144714355
5.633245944976807
5.638126611709595
5.877350091934204
5.546313285827637
5.860743045806885
5.569077968597412
5.732048988342285
5.704084396362305
5.887871265411377
5.687073469161987
5.6118738651275635
5.729358196258545
5.620006561279297
5.983914613723755
5.605746030807495
5.782858610153198
5.723730087280273
5.772978067398071
5.9307637214660645
5.664698362350464
5.747645616531372
5.675232410430908
5.710826635360718
5.871251821517944
5.638034343719482
5.849955797195435
5.845066070556641
5.739068984985352
6.072251796722412
5.551504373550415
5.69046688079834
5.95640230178833
6.008342027664185
5.728790521621704
5.908382177352905
5.775257587432861
5.739045858383179
5.665569067001343
5.755550384521484
5.543961763381958
5.873779296875
5.71628475189209
5.647283315658569
5.713696002960205
5.805160760879517
5.6071937084198
6.177593469619751
6.05496883392334
5.693247556686401
5.527637720108032
5.733098030090332
6.05485200881958
5.868350505828857
5.581944227218628
5.699089527130127
5.662569046020508
6.227877140045166
6.106935024261475
6.00691294670105
6.1504504680633545
6.235552549362183
5.629473447799683
5.904191017150879
5.712602853775024
5.854745149612427
6.056910991668701
6.137135028839111
6.1253981590271
6.041378736495972
5.92027735710144
6.026483535766602
6.0173563957214355
5.76413369178772
6.208338022232056
6.193638563156128
5.966810703277588
6.065998554229736
5.9188971519470215
6.062517881393433
5.815687656402588
6.14301323890686
5.970509052276611
5.655460596084595
5.67103385925293
5.787828683853149
5.640991449356079
5.747201681137085
5.629025936126709
6.17963171005249
5.685692071914673
5.8917624950408936
5.699195623397827
5.687084674835205
5.667367219924927
5.6480183601379395
5.735656261444092
5.800801038742065
5.567375659942627
5.789630651473999
5.934843063354492
5.576075553894043
5.63417387008667
5.72941780090332
5.5505688190460205
5.968128681182861
6.046624183654785
5.638838768005371
5.608906269073486
5.575958013534546
5.891787767410278
5.802326440811157
6.303352117538452
5.748290538787842
5.702470541000366
5.645015478134155
5.61911416053772
5.451554536819458
5.604539155960083
5.735767126083374
5.673965215682983
5.577702283859253
5.767035961151123
5.890873670578003
5.615138530731201
5.783239126205444
5.739320278167725
5.658204793930054
5.677060842514038
5.815580606460571
5.958326101303101
5.941352367401123
5.656022310256958
5.803874492645264
5.831681251525879
5.6962950229644775
5.6453940868377686
5.770451545715332
5.685781002044678
5.682199001312256
5.699569940567017
5.65973424911499
5.690699815750122
5.699254274368286
5.848109245300293
5.768130779266357
5.878369569778442
5.729902982711792
5.86093544960022
5.800233602523804
5.607103586196899
5.784555673599243
5.576961278915405
5.58202600479126
5.874401330947876
5.755948066711426
5.648656845092773
5.700407266616821
5.717605829238892
5.712680101394653
5.636430740356445
6.308168411254883
5.758351564407349
6.055009603500366
5.77569580078125
5.683044910430908
5.646032810211182
5.57627534866333
6.1141276359558105
5.794545650482178
5.832765579223633
5.761155605316162
5.626587867736816
5.566004276275635
5.826585531234741
5.768249034881592
5.636077404022217
6.167529344558716
5.734303951263428
5.770762920379639
5.680034399032593
5.515364170074463
5.707742691040039
5.900130748748779
5.9463889598846436
5.802537202835083
5.5755815505981445
5.764359474182129
5.755575656890869
5.649635553359985
5.678689479827881
5.744064092636108
5.7435595989227295
5.760767698287964
5.82853627204895
5.833906888961792
5.785101890563965
5.674163579940796
5.841994524002075
6.053936243057251
5.823355436325073
5.814291477203369
5.808824300765991
5.460137367248535
5.928531646728516
5.546564102172852
5.79085111618042
5.786144733428955
5.7486419677734375
5.557549476623535
5.513525485992432
5.629361152648926
5.727627754211426
5.692500114440918
5.960611343383789
5.9464111328125
5.454965114593506
5.4739813804626465
5.8473217487335205
5.610106468200684
5.77925968170166
5.470979690551758
5.461970090866089
5.690178394317627
5.423936605453491
5.847321271896362
5.611106634140015
5.457968473434448
5.3728907108306885
5.6191136837005615
5.574073076248169
5.721206426620483
5.713199853897095
5.994455814361572
5.869341850280762
5.666157007217407
5.518021583557129
6.211653709411621
5.226756572723389
5.8453209400177
5.625118970870972
5.205736875534058
5.257784843444824
5.713198900222778
5.764245510101318
5.409923791885376
5.666157007217407
5.929397106170654
5.407921552658081
5.676165580749512
5.5810792446136475
5.874346017837524
5.762243986129761
5.663153886795044
5.687175035476685
5.839310646057129
5.152690172195435
5.560059547424316
5.680169105529785
5.358879566192627
5.455965757369995
5.702189922332764
5.601097345352173
5.593090295791626
5.938402414321899
5.372889995574951
6.205649137496948
5.7682507038116455
5.3058295249938965
5.6871771812438965
5.882353782653809
5.778258323669434
5.6781675815582275
5.896365642547607
6.184628248214722
5.399914741516113
5.71820330619812
5.989450931549072
5.44195294380188
5.428940534591675
5.41192626953125
5.495000123977661
5.437949180603027
5.539039611816406
5.815293550491333
5.479987144470215
5.6291234493255615
5.547048807144165
5.755237579345703
5.879350423812866
5.483990669250488
5.780259847640991
5.643136024475098
5.545045375823975
5.506010055541992
5.775255918502808
5.343865156173706
5.880350828170776
5.577075719833374
5.691179037094116
5.386902332305908
5.762243747711182
5.6941819190979
5.333855390548706
5.62011456489563
5.734217882156372
5.49099588394165
5.390905857086182
5.584081411361694
5.579077243804932
5.652143478393555
5.676166534423828
5.569068670272827
5.457967281341553
5.682171106338501
5.6661553382873535
5.471979856491089
5.423936128616333
5.691179275512695
5.581080675125122
5.415929555892944
5.300824880599976
5.646138668060303
5.580078363418579
5.5210254192352295
5.520023345947266
5.642133951187134
5.4479570388793945
5.591088056564331
5.452962160110474
5.488995552062988
5.697185039520264
5.504009246826172
5.357876539230347
5.821298122406006
5.761243104934692
5.279805898666382
5.826301574707031
5.805283069610596
5.441953897476196
5.72921347618103
5.590087652206421
5.502007007598877
5.663154602050781
5.723208904266357
5.197730779647827
5.638131380081177
5.732215881347656
5.424936294555664
5.925391912460327
5.517021417617798
5.148686647415161
5.668158292770386
5.796274900436401
5.543044567108154
5.556055784225464
5.823299169540405
5.393908500671387
5.646139144897461
5.62411904335022
5.545047044754028
5.580078125
5.5030083656311035
5.58608341217041
5.661152124404907
5.655147075653076
5.566066265106201
5.817293882369995
5.691179275512695
5.625119209289551
5.64013147354126
5.443954944610596
5.510014057159424
5.672162294387817
5.717202663421631
5.593091249465942
5.72220778465271
5.582080602645874
5.6791672706604
5.632125377655029
5.6901774406433105
5.50000524520874
5.566065788269043
5.748231649398804
5.50901460647583
5.744227170944214
5.5640623569488525
5.4869935512542725
5.532034635543823
5.6321258544921875
5.402916431427002
5.73421835899353
5.586082696914673
5.43094277381897
5.663153409957886
5.610106468200684
5.71219801902771
5.724208354949951
5.596092700958252
5.588086366653442
5.539041757583618
5.699186325073242
5.29982328414917
5.574072360992432
5.569067716598511
5.5300328731536865
5.752234697341919
5.556056976318359
5.378894805908203
5.7021894454956055
5.696184158325195
5.3718907833099365
5.800277233123779
5.8653364181518555
5.2778027057647705
5.590086460113525
5.604099988937378
5.260788440704346
5.559059381484985
5.675165176391602
5.396912336349487
5.67316198348999
5.611106872558594
5.4389495849609375
5.547049045562744
5.763245105743408
5.450960874557495
5.62511944770813
5.554054021835327
5.356875658035278
5.621115684509277
5.731215476989746
5.2978222370147705
5.606101036071777
5.756237745285034
5.454965114593506
5.5520524978637695
5.556057453155518
5.289813756942749
5.469977855682373
5.597093820571899
5.561059236526489
5.67816686630249
5.57907772064209
5.265793323516846
5.861334323883057
5.533034801483154
5.206739187240601
5.56406307220459
5.712198734283447
5.374892473220825
5.748231887817383
5.726211786270142
5.4379496574401855
5.57807469367981
5.824300527572632
5.349868297576904
5.518021821975708
5.839323043823242
5.338860273361206
5.352872848510742
5.605099678039551
5.57307243347168
5.438950777053833
5.5270302295684814
5.3388590812683105
5.684172868728638
5.594092130661011
5.559059143066406
5.632126569747925
5.642134428024292
5.5880842208862305
5.480987787246704
5.74622917175293
5.522024869918823
5.647138833999634
5.4469568729400635
5.739223003387451
5.547048807144165
5.376894235610962
5.634127378463745
5.579078674316406
5.490996837615967
5.557057619094849
5.552053213119507
5.523025035858154
5.58408260345459
5.645137310028076
5.731215476989746
5.324846267700195
5.2748003005981445
5.689177751541138
5.590087175369263
5.482989311218262
5.827303647994995
5.600096702575684
5.523026466369629
5.336856842041016
5.64213490486145
5.559058666229248
5.407921314239502
5.722207546234131
5.536039113998413
5.40692138671875
5.54604697227478
5.569068908691406
5.744227647781372
5.453963279724121
5.238767623901367
5.747230291366577
5.664154529571533
5.458967924118042
5.512017488479614
5.48399019241333
5.547047853469849
5.387902736663818
5.3538734912872314
5.523026466369629
5.83430814743042
5.3618810176849365
5.485992908477783
5.487994194030762
5.600096940994263
5.4059202671051025
5.408923864364624
5.66515588760376
5.569066286087036
5.537038326263428
5.542042970657349
5.519021987915039
5.6341187953948975
5.338858604431152
5.314837694168091
5.491998195648193
5.67716646194458
5.468977212905884
5.515019416809082
5.61911416053772
5.656147480010986
5.6541454792022705
5.368887186050415
5.765246629714966
6.233323574066162
5.892096281051636
5.565065860748291
5.790269374847412
5.714710474014282
