Timing log for each step:
0.01901721954345703
5.334897756576538
5.234760522842407
5.192265272140503
5.214329242706299
5.148672819137573
5.213080167770386
5.223100662231445
5.338123083114624
5.198194742202759
5.27096700668335
5.282707452774048
5.313899278640747
5.3515260219573975
5.418954133987427
5.450571537017822
5.626790761947632
5.616079807281494
5.748485326766968
5.815045356750488
5.7740318775177
5.871594190597534
6.029010534286499
5.784234285354614
5.932266473770142
5.520337104797363
5.774137735366821
5.504350423812866
5.303238391876221
5.450198650360107
5.327162265777588
5.507108926773071
5.773929595947266
5.613548755645752
5.451145648956299
6.140083074569702
5.730828285217285
5.438096523284912
5.2940802574157715
5.247968912124634
5.288463354110718
5.555272340774536
5.484317302703857
5.889913320541382
6.243573904037476
6.386558532714844
6.292618989944458
5.904875040054321
5.865294456481934
6.322219371795654
5.843732833862305
5.661490201950073
5.685879230499268
5.632827281951904
5.697098970413208
5.574845552444458
5.436069011688232
5.485240936279297
5.4438769817352295
5.5237812995910645
5.397582769393921
5.551255702972412
5.595447063446045
5.519009113311768
5.529770135879517
5.519258975982666
5.732906341552734
5.428326845169067
5.695826053619385
5.431597948074341
5.452238321304321
5.3780903816223145
5.496597051620483
5.3902747631073
5.429473638534546
5.485726594924927
5.621480703353882
5.652403116226196
5.380643606185913
5.7687366008758545
5.566924810409546
5.651099920272827
5.7360756397247314
5.6599280834198
5.343841552734375
5.77812123298645
5.42155909538269
5.599367618560791
5.776271104812622
5.988423824310303
6.042253255844116
5.8398520946502686
5.989628791809082
5.783401727676392
5.623161315917969
5.774117708206177
5.921114444732666
5.784305095672607
5.767908573150635
5.852365732192993
5.945470571517944
5.610232353210449
5.880242586135864
5.76523232460022
5.514823913574219
5.652355432510376
5.878546476364136
5.761186599731445
5.42325234413147
5.647570371627808
5.722992658615112
5.61448335647583
5.668621778488159
5.858940124511719
5.672863006591797
5.556453466415405
5.502166271209717
5.814257383346558
5.794814109802246
5.590233564376831
5.578190565109253
5.715928792953491
5.88321590423584
5.426201820373535
5.640151739120483
5.638019561767578
5.7059900760650635
5.873239994049072
6.00541090965271
5.810674667358398
5.704118967056274
5.91712498664856
5.570645093917847
5.582040309906006
5.449065685272217
5.700608491897583
5.8618996143341064
5.663891792297363
5.72353720664978
5.601499557495117
5.5335235595703125
5.515243768692017
5.543471574783325
5.649561882019043
5.611262798309326
5.556390285491943
5.499136686325073
5.6812567710876465
5.525073766708374
5.71362829208374
5.581316232681274
5.5315446853637695
5.571654558181763
5.539340972900391
5.5907142162323
5.547290325164795
5.57854151725769
5.506582021713257
5.580287933349609
5.515345573425293
5.549895763397217
5.721684694290161
5.602359294891357
5.573210000991821
5.586364030838013
5.626195907592773
5.6156840324401855
5.514629125595093
5.510413408279419
5.695287227630615
5.5394322872161865
5.652915954589844
5.659258604049683
5.568058013916016
5.711001873016357
5.7583167552948
6.081506967544556
5.795236110687256
5.800809860229492
5.805742502212524
5.849721193313599
5.730952978134155
5.759128570556641
5.753188133239746
5.7279441356658936
5.726331472396851
5.902880430221558
5.906084060668945
5.87316632270813
5.8044962882995605
5.849520683288574
5.693801164627075
5.5803797245025635
5.461656332015991
5.655653715133667
5.716165542602539
5.732098817825317
5.7311365604400635
5.515422105789185
5.6060028076171875
5.639826774597168
5.593360185623169
5.586184978485107
5.727481365203857
5.864819049835205
5.616282224655151
5.549584627151489
5.615936279296875
5.957159519195557
5.618872404098511
5.856507778167725
5.8337390422821045
5.505963325500488
5.5251665115356445
5.530691385269165
5.43873143196106
5.86049747467041
5.7132697105407715
5.470033884048462
5.538404226303101
5.484378814697266
5.57812237739563
5.55450439453125
5.54831337928772
5.584060430526733
5.558881759643555
5.572415113449097
5.590124130249023
5.467894077301025
5.581592798233032
5.578514337539673
5.5644073486328125
5.582602262496948
5.513323545455933
5.49847674369812
5.516169548034668
5.5328145027160645
5.5444700717926025
5.645806550979614
5.541514158248901
5.485525846481323
5.492853164672852
5.528075218200684
5.666849374771118
5.589688301086426
5.5172507762908936
5.472779750823975
5.522061824798584
5.528831243515015
5.546867609024048
5.524019241333008
5.474721670150757
5.549437761306763
5.486850023269653
5.499787092208862
5.543668746948242
5.529447078704834
5.570266246795654
5.520521402359009
5.488316774368286
5.478528022766113
5.510230302810669
5.523884296417236
5.5144689083099365
5.505023717880249
5.454464673995972
5.643217325210571
5.558459043502808
5.493668794631958
5.507702589035034
5.498659372329712
5.5303449630737305
5.566352605819702
5.554676532745361
5.587378740310669
5.440279006958008
5.523669481277466
5.528555631637573
5.581370830535889
5.483667373657227
5.505173683166504
5.452638387680054
5.507766008377075
5.588939428329468
5.469860553741455
5.545802116394043
5.46709942817688
5.484667539596558
5.531616687774658
5.492774963378906
5.494038343429565
5.468257665634155
5.435071229934692
5.466322660446167
5.440730571746826
5.390611410140991
5.4239301681518555
5.486356019973755
5.465380430221558
5.444496154785156
5.4724626541137695
5.425039291381836
5.523259878158569
5.491353988647461
5.420698642730713
5.564554691314697
5.47526216506958
5.424246788024902
5.496893405914307
5.4913671016693115
5.4806482791900635
5.533291578292847
5.520984172821045
5.524612903594971
5.568238019943237
5.53511905670166
5.484525442123413
5.457679510116577
5.5024566650390625
5.401002645492554
5.509387493133545
5.5342185497283936
5.455944538116455
5.496931314468384
5.475778341293335
5.498697519302368
5.490381956100464
5.493859052658081
5.5769524574279785
5.539025545120239
5.49517035484314
5.430231809616089
5.5081257820129395
5.557175636291504
5.466178894042969
5.524728059768677
5.52716064453125
5.535245418548584
5.595600366592407
5.56337308883667
5.525369644165039
5.669085264205933
5.5020551681518555
5.554953336715698
5.445706367492676
5.472378253936768
5.481714725494385
5.538424491882324
5.510171175003052
5.510343790054321
5.599618434906006
5.471758604049683
5.531912565231323
5.520388126373291
5.503686904907227
5.390331983566284
5.545614004135132
5.453977346420288
5.520794630050659
5.429848670959473
5.810012102127075
5.538285732269287
5.523541688919067
5.453641176223755
5.457731246948242
5.496055364608765
5.483145713806152
5.396791219711304
5.45922589302063
5.418585300445557
5.491932392120361
5.435836315155029
5.487145185470581
5.492334842681885
5.487088203430176
5.428957223892212
5.512219667434692
5.46997857093811
5.487903118133545
5.573556661605835
5.53117299079895
5.556087017059326
5.548587083816528
5.476646423339844
5.366828203201294
5.499528884887695
5.51559591293335
5.502535104751587
5.511569261550903
5.455805063247681
5.497434616088867
5.581131935119629
5.4666361808776855
5.530561923980713
5.574859857559204
5.6854846477508545
5.537111282348633
5.550389766693115
5.517154216766357
5.478737115859985
5.528560400009155
5.467203855514526
5.440341234207153
5.497515678405762
5.505256175994873
5.522262096405029
5.522023677825928
5.514630317687988
5.473168134689331
5.590600490570068
5.56201171875
5.521048069000244
5.478606462478638
5.53378701210022
5.56625509262085
5.506860971450806
5.5366926193237305
5.444176912307739
5.506545066833496
5.524820804595947
5.554749011993408
5.45817756652832
5.578289985656738
5.509571552276611
5.502592086791992
5.6073362827301025
5.5758538246154785
5.5444300174713135
5.511367559432983
5.4891979694366455
5.58378005027771
5.5147926807403564
5.441416025161743
5.513598918914795
5.594846963882446
5.560705184936523
5.551470518112183
5.591062545776367
5.522644758224487
5.46630597114563
5.363148927688599
5.466413497924805
5.480955123901367
5.351846694946289
5.53294038772583
5.466686248779297
5.441625356674194
5.366885423660278
5.434767246246338
5.537547588348389
5.398169994354248
5.531367540359497
5.448971748352051
5.380141973495483
5.474788188934326
5.425401210784912
5.347320795059204
5.46333384513855
5.375784158706665
5.377916097640991
5.479161024093628
5.426204681396484
5.490665435791016
5.49036431312561
5.457713842391968
5.430467367172241
5.427383899688721
5.50988245010376
5.41740870475769
5.398728370666504
5.50878119468689
5.506963729858398
5.41881537437439
5.432398080825806
5.466588020324707
5.505378246307373
5.403677225112915
5.392608642578125
5.392292499542236
5.461474895477295
5.4385809898376465
5.472735404968262
5.565772294998169
5.307784557342529
5.489043712615967
5.414737224578857
5.429455280303955
5.451223611831665
5.496421575546265
5.584538459777832
5.497340202331543
5.535239934921265
5.519286394119263
5.409298658370972
5.423585414886475
5.446542501449585
5.459393739700317
5.509880781173706
5.395702600479126
5.3846516609191895
5.395459413528442
5.481266260147095
5.46692681312561
5.759054660797119
5.642463207244873
5.521670341491699
5.453012943267822
5.342050075531006
5.419527769088745
5.402078151702881
5.248365163803101
5.35143256187439
5.2911341190338135
5.35428261756897
5.294082880020142
5.279103994369507
5.354387283325195
5.268193244934082
5.362423419952393
5.2755126953125
5.379236936569214
5.326007604598999
5.247421503067017
5.282368421554565
5.33459210395813
5.271215438842773
5.284394264221191
5.348248481750488
5.267690181732178
5.237961053848267
5.238291025161743
5.391261339187622
5.268448114395142
5.3565404415130615
5.314360618591309
5.276259899139404
5.299283504486084
5.259278059005737
5.210864782333374
5.230644226074219
5.176661014556885
5.325214385986328
5.363698720932007
5.316452741622925
5.294343709945679
5.3153910636901855
5.284465551376343
5.322476863861084
5.455461502075195
5.3294997215271
5.343493461608887
5.263381242752075
5.290081024169922
5.367229461669922
5.253283500671387
5.2917797565460205
5.354905366897583
5.245641708374023
5.183791399002075
5.303972244262695
5.20177960395813
5.182325124740601
5.215286731719971
5.375324964523315
5.609612226486206
5.3841071128845215
5.267206430435181
5.283811569213867
5.317289113998413
5.273452520370483
5.25125789642334
5.333483695983887
5.3383800983428955
5.339112997055054
5.23621129989624
5.254482746124268
5.161163806915283
5.268444776535034
5.212690114974976
5.157693862915039
5.271472692489624
5.289148330688477
5.381259918212891
5.244785785675049
5.285325527191162
5.222244024276733
5.20405912399292
5.250328063964844
5.295688629150391
5.270406723022461
5.2811479568481445
5.197455883026123
5.202575445175171
5.318189859390259
5.286606311798096
5.299954175949097
5.282409429550171
5.278802871704102
5.264253377914429
5.266665697097778
5.2513039112091064
5.21139669418335
5.203307151794434
5.301619291305542
5.193951606750488
5.212253093719482
5.182610511779785
5.332596302032471
5.229558706283569
5.306353569030762
5.205409288406372
5.234133243560791
5.233513593673706
5.184983015060425
5.180296897888184
5.177144289016724
5.252429723739624
5.282700777053833
5.106836795806885
5.272866249084473
5.275730609893799
5.283222913742065
5.360607624053955
5.299794435501099
5.2951788902282715
5.2866199016571045
5.1936938762664795
5.267008304595947
5.285547971725464
5.310737609863281
5.187150955200195
5.154738426208496
5.207468748092651
5.271109342575073
5.273197174072266
5.213557243347168
5.0961387157440186
5.305879592895508
5.2654688358306885
5.248233795166016
5.2791478633880615
5.257296800613403
5.200192213058472
5.268452405929565
5.224372386932373
5.268304347991943
5.176348447799683
5.286643028259277
5.20454216003418
5.274238348007202
5.153085470199585
5.2336342334747314
5.21345591545105
5.3460752964019775
5.352871656417847
5.212744474411011
5.249778747558594
5.241772174835205
5.216748237609863
5.298823595046997
5.2597877979278564
5.186721324920654
5.189723491668701
5.253782749176025
5.157694101333618
5.071617841720581
5.202735424041748
5.201735734939575
5.2738001346588135
5.299823760986328
5.316839218139648
5.215747117996216
5.249778985977173
5.108649969100952
5.047595739364624
5.117659091949463
5.290816783905029
5.191725015640259
5.2317609786987305
5.107649087905884
5.284810543060303
5.236767530441284
5.219750642776489
5.178713798522949
5.2107439041137695
5.170706748962402
5.299823760986328
5.217748403549194
5.199732780456543
5.257786512374878
5.175710678100586
5.167703151702881
5.151689767837524
5.141679763793945
5.183718204498291
5.079622983932495
5.256784677505493
5.380897045135498
5.208740949630737
5.198731422424316
5.06160831451416
5.1096510887146
5.173708915710449
5.221752882003784
5.186721086502075
5.201735019683838
5.397913694381714
5.1967291831970215
5.300825119018555
5.3088319301605225
5.112653732299805
5.135674476623535
5.13867712020874
5.135674476623535
5.066611051559448
5.192727565765381
5.275802373886108
5.179712772369385
5.068612575531006
5.174710988998413
5.097639799118042
5.137676239013672
5.229760408401489
5.256784439086914
5.212745428085327
5.210743188858032
5.18872332572937
5.118658781051636
5.14468240737915
5.141680717468262
5.142681360244751
5.229761123657227
5.167703151702881
5.226758718490601
5.027576684951782
5.032580852508545
5.194728374481201
5.112654685974121
5.066611289978027
5.28881049156189
5.11165189743042
5.067612886428833
5.224755764007568
5.068611145019531
5.287813425064087
5.266794443130493
5.190723657608032
5.167704105377197
5.161697864532471
5.194728136062622
5.143680810928345
5.164700269699097
5.06261134147644
5.1857194900512695
5.1857194900512695
5.224755764007568
5.134674072265625
5.372891187667847
5.183717966079712
5.2537829875946045
5.551052808761597
5.564064025878906
5.496001482009888
5.59208869934082
5.4379494190216064
5.578075647354126
5.430941820144653
5.231761932373047
5.561061143875122
5.416930437088013
5.3098320960998535
5.206739187240601
5.0425944328308105
5.561060905456543
5.145683526992798
5.0856287479400635
5.2988221645355225
5.472980260848999
5.473981142044067
5.030579090118408
5.482990264892578
5.13267183303833
5.0626091957092285
5.114655017852783
5.04859471321106
5.1266655921936035
5.116657495498657
5.159695625305176
5.308831453323364
5.214745044708252
5.15669322013855
5.26479172706604
5.229759693145752
5.06861424446106
5.221752405166626
5.214747905731201
5.129669666290283
5.108649492263794
5.140679597854614
5.186720371246338
5.203736305236816
5.055600881576538
5.14968729019165
5.092635154724121
5.329850673675537
5.528030872344971
5.174710035324097
5.16970419883728
5.157694339752197
5.2467756271362305
5.203736066818237
5.179713487625122
5.1667022705078125
5.19372820854187
5.108649969100952
5.183717250823975
5.264791250228882
5.322844505310059
4.954509735107422
5.189723014831543
5.2557830810546875
5.1777119636535645
5.153690814971924
5.130669116973877
5.2717976570129395
5.1797144412994385
5.184718132019043
5.060606956481934
5.100642442703247
5.18271803855896
5.233762741088867
5.144681215286255
5.198732376098633
5.179714202880859
5.170706033706665
5.170706033706665
5.23976993560791
5.128669261932373
5.337857961654663
5.026575565338135
5.268795728683472
5.2067389488220215
5.25378155708313
5.193727493286133
5.142680644989014
5.1226630210876465
5.205736875534058
5.084628105163574
5.208740472793579
5.199733734130859
5.308830976486206
5.180715084075928
5.277803182601929
5.250779390335083
5.155693769454956
5.066611289978027
5.246775150299072
5.232763290405273
5.256783962249756
5.283807754516602
5.020569801330566
5.1556923389434814
5.205737829208374
5.388904809951782
5.142679691314697
5.6211161613464355
5.192724704742432
5.258785963058472
5.177712678909302
5.231760740280151
5.2367658615112305
5.195727348327637
5.278804540634155
5.2748003005981445
5.007557392120361
5.193727254867554
5.193727254867554
5.187721252441406
5.127666234970093
5.259787082672119
5.228758811950684
5.195728778839111
5.184718132019043
5.271798133850098
5.213746786117554
5.160696506500244
5.182715654373169
5.20673942565918
5.151689529418945
5.126666784286499
5.104645729064941
5.034580945968628
5.196730613708496
5.3018248081207275
5.2087414264678955
5.167703628540039
5.227757930755615
5.092636346817017
5.206738710403442
5.143681526184082
5.196729421615601
5.243772745132446
5.186721086502075
5.166702032089233
4.979531526565552
5.285810708999634
5.227757692337036
5.291814804077148
5.263791084289551
5.2637903690338135
5.105647325515747
5.212744474411011
5.05460000038147
5.1877219676971436
5.179713487625122
5.232762575149536
5.271798372268677
5.16970419883728
5.1987316608428955
5.250779867172241
5.231760740280151
5.273799180984497
5.1586949825286865
5.225756406784058
5.907376766204834
5.624117612838745
5.192726135253906
5.147684812545776
5.356876373291016
5.241770267486572
5.180715322494507
5.351870059967041
5.209740877151489
5.2367658615112305
5.246776342391968
5.202735662460327
5.23876953125
5.146684169769287
5.34386420249939
5.228785514831543
5.224754810333252
5.2397682666778564
5.266793727874756
5.24877667427063
5.269796133041382
5.31583833694458
5.161962509155273
5.223754167556763
5.199732065200806
5.124664545059204
5.236765146255493
5.28781270980835
5.172706842422485
5.284810304641724
5.255784749984741
5.289814710617065
5.2417707443237305
5.3468663692474365
5.282809257507324
5.227757692337036
5.225754976272583
5.201733350753784
5.268795728683472
5.128667831420898
5.244774341583252
5.274801731109619
5.377894878387451
5.248777627944946
5.225755929946899
5.231761693954468
5.225755453109741
5.137333869934082
5.280806541442871
5.184719562530518
5.217748641967773
5.164701700210571
5.163699388504028
5.509014844894409
5.301825523376465
5.275802373886108
5.615108251571655
5.399914979934692
5.251779556274414
5.228758096694946
5.266794443130493
5.240771055221558
5.3889055252075195
5.210743188858032
5.110651016235352
5.161360740661621
5.230760812759399
5.158695697784424
5.146684169769287
5.18471884727478
5.159696102142334
5.275801420211792
5.199733257293701
5.25978684425354
5.207740545272827
5.225756883621216
5.2547831535339355
5.322843551635742
5.1907243728637695
5.38890528678894
5.274801254272461
5.166703224182129
5.169704914093018
5.13667631149292
5.251779794692993
5.111656665802002
5.175710678100586
5.159696578979492
5.160696983337402
5.118659496307373
5.216747522354126
5.183719158172607
5.172707796096802
5.200734853744507
5.185719728469849
5.210741758346558
5.264792203903198
5.1987316608428955
5.168705463409424
5.336859703063965
5.403918266296387
5.463972806930542
5.323845386505127
5.343862771987915
5.363881826400757
5.353873252868652
5.409923315048218
5.353873014450073
5.379894971847534
5.374891519546509
5.368885278701782
5.401915788650513
5.373891592025757
5.356874942779541
5.398914098739624
5.389906167984009
5.401916027069092
5.399914503097534
5.321844100952148
5.445956230163574
5.354873418807983
5.408921957015991
5.4539642333984375
5.390907049179077
5.41893196105957
5.4579668045043945
5.392907619476318
5.308831453323364
5.41793155670166
5.273798942565918
5.380897760391235
5.579077482223511
5.346866130828857
5.270796537399292
5.28481125831604
5.474982500076294
5.33685564994812
5.271798372268677
5.394910573959351
5.434946060180664
5.367885589599609
5.3688859939575195
5.387903690338135
5.39691162109375
5.2793519496917725
5.316838979721069
5.3578760623931885
5.383900165557861
5.516019105911255
5.5090131759643555
5.277803659439087
5.277804374694824
5.424938201904297
5.2507781982421875
5.322843790054321
5.280806303024292
5.3658833503723145
5.419933080673218
5.338859796524048
5.356874704360962
5.368886232376099
5.396912097930908
5.418931484222412
5.354873180389404
5.31683874130249
5.321843147277832
5.417769908905029
5.269796371459961
5.403918981552124
5.410923719406128
5.392908573150635
5.382899045944214
5.449959993362427
5.397912502288818
5.396911859512329
5.386902570724487
5.380897283554077
5.381897687911987
5.357874155044556
5.457969903945923
5.411923170089722
5.354874610900879
5.475711822509766
5.39691162109375
5.400914907455444
5.369887113571167
5.3768932819366455
5.386903762817383
5.415929079055786
5.326550483703613
5.370887994766235
5.409924507141113
5.3398613929748535
5.340861558914185
5.378947019577026
5.397912263870239
5.378895282745361
5.444183588027954
5.344865083694458
5.337857246398926
5.381898403167725
5.454966068267822
5.374891757965088
5.30482816696167
5.616111516952515
5.556057453155518
5.294818162918091
5.4599690437316895
5.4389495849609375
5.435945987701416
5.401916265487671
5.4279398918151855
5.423935651779175
5.416930198669434
5.356875419616699
5.393909215927124
5.281806707382202
5.451960802078247
5.370887279510498
5.437447786331177
5.390303134918213
5.377894401550293
5.4019176959991455
5.319842100143433
5.406920909881592
5.443953990936279
5.350870132446289
5.380897760391235
5.405919313430786
5.439350366592407
5.446956396102905
5.434946060180664
5.316838979721069
5.447372674942017
5.3959105014801025
5.4299421310424805
5.439951181411743
5.439951181411743
5.451962232589722
5.381897449493408
5.403918027877808
5.36087965965271
5.413929224014282
5.357876539230347
5.418931722640991
5.373692274093628
5.312836647033691
5.348921537399292
5.337858438491821
5.458968639373779
5.41392707824707
5.326847791671753
5.486993312835693
5.444956064224243
5.367885589599609
5.322845220565796
5.412926435470581
5.305829763412476
5.372889041900635
5.429940938949585
5.4649741649627686
5.369887113571167
5.385902643203735
5.371890544891357
5.424937725067139
5.42393684387207
7.010986328125
5.385899782180786
5.436948537826538
5.396911859512329
5.432945728302002
5.3559746742248535
5.3398597240448
5.3288493156433105
5.406920433044434
5.474982023239136
5.320842981338501
5.41993260383606
5.390905141830444
5.369887590408325
5.375892877578735
5.443019151687622
5.376893520355225
5.358876705169678
5.3738508224487305
5.37289023399353
5.342863082885742
5.351871490478516
5.329851150512695
5.427940368652344
5.461972236633301
5.41993260383606
5.46226954460144
5.297322034835815
5.44495701789856
5.4209325313568115
5.4519617557525635
5.352647066116333
5.471981048583984
5.449959754943848
5.361223936080933
5.424936771392822
5.419589042663574
5.3819615840911865
5.3438637256622314
5.437973976135254
5.410925626754761
5.354873895645142
5.476376056671143
5.2857489585876465
5.331157684326172
5.409924030303955
5.3438637256622314
5.3148369789123535
5.384900331497192
5.389906644821167
5.425938367843628
5.414928436279297
5.429941892623901
5.422935485839844
5.414927959442139
5.586084604263306
5.681171178817749
5.627121448516846
5.433945178985596
5.37088942527771
5.407921314239502
5.407922267913818
5.411925315856934
5.416937589645386
5.457967281341553
5.609105348587036
5.424936771392822
5.409924507141113
5.3568761348724365
5.344865560531616
5.361881971359253
5.415929555892944
5.396911382675171
5.37989616394043
5.3931074142456055
5.433947324752808
5.452962875366211
5.320843458175659
5.459968090057373
5.369492292404175
5.39491081237793
5.368299722671509
5.43940281867981
5.483991622924805
5.424937009811401
5.3228442668914795
5.451960325241089
5.285811424255371
5.3849005699157715
5.394909381866455
5.504009246826172
5.343864917755127
5.454617977142334
5.339859962463379
5.36994194984436
5.285810470581055
5.423938035964966
5.36688494682312
5.371889114379883
5.406920433044434
5.362880706787109
5.330851793289185
5.378896236419678
5.433945894241333
5.396911859512329
5.430944204330444
5.3678858280181885
5.343863248825073
5.406920909881592
5.401791572570801
5.5270302295684814
5.35587477684021
5.3708882331848145
5.44295597076416
5.302826404571533
5.429941892623901
5.405919075012207
5.31183385848999
5.388904809951782
5.495002031326294
5.404918670654297
5.383899688720703
5.443954706192017
5.425939083099365
5.457967042922974
5.398914575576782
5.396911382675171
5.422070026397705
5.4246532917022705
5.487995147705078
5.5950927734375
5.3498687744140625
5.384900808334351
5.3448646068573
5.370888710021973
5.394909858703613
5.352872133255005
5.4549641609191895
5.378897190093994
5.435948133468628
5.41893196105957
5.359878778457642
5.380589962005615
5.3088319301605225
5.457380056381226
5.355426073074341
5.418931484222412
5.37389063835144
5.4219348430633545
5.312835454940796
5.414928197860718
5.469433307647705
5.499004602432251
5.431942939758301
5.418931722640991
5.378895998001099
5.413928508758545
5.419034242630005
5.4609458446502686
5.457967519760132
5.409924030303955
5.301825523376465
5.401917219161987
5.355874538421631
5.37989616394043
5.47798490524292
5.364882469177246
5.489996433258057
5.423936128616333
5.388906240463257
5.430943012237549
5.447958707809448
5.611107110977173
5.416930198669434
5.32184362411499
5.448959589004517
5.399914264678955
5.515019416809082
5.476986408233643
5.3788957595825195
5.351870775222778
5.361880540847778
5.385902166366577
5.420932769775391
5.432945489883423
5.454963207244873
5.3818981647491455
5.55405592918396
5.386902809143066
5.402917861938477
5.404919385910034
5.348867893218994
5.407715559005737
5.2798051834106445
5.387890815734863
5.429941177368164
5.377894878387451
5.423936367034912
5.447958469390869
5.417930841445923
5.380897283554077
5.400915861129761
5.3869030475616455
5.4519617557525635
5.302826404571533
5.3258116245269775
5.4102702140808105
5.426937580108643
5.306829929351807
5.438774824142456
5.4589684009552
5.4359471797943115
5.368886709213257
5.381899118423462
5.425938129425049
5.419932842254639
5.433946847915649
5.3438639640808105
5.478063583374023
5.448958396911621
5.506011486053467
5.414929389953613
5.3628809452056885
5.4249372482299805
5.446957111358643
5.4019153118133545
5.323845624923706
5.365883827209473
5.295449256896973
5.41893196105957
5.448864459991455
5.361879587173462
5.366885423660278
5.432945728302002
5.488996505737305
5.251779556274414
5.404268980026245
5.391907691955566
5.502318382263184
5.31110405921936
5.398913860321045
5.416971206665039
5.335857391357422
5.3708882331848145
5.299823760986328
5.379452228546143
5.351442337036133
5.359878778457642
5.388904571533203
5.437949895858765
5.394910097122192
5.369520902633667
5.388373136520386
5.339860916137695
5.448959827423096
5.308831691741943
5.419931888580322
5.435571908950806
5.460970163345337
5.4879961013793945
5.379896402359009
5.415930509567261
5.4781224727630615
5.467977285385132
5.626413822174072
5.353874921798706
5.493000268936157
5.428941488265991
5.402918338775635
5.434945583343506
5.389633893966675
5.436949014663696
5.472981929779053
5.36788535118103
5.404919624328613
5.457968711853027
5.4869959354400635
5.312836408615112
5.450961112976074
5.331513404846191
5.450962781906128
5.448960781097412
5.392931938171387
5.400916576385498
5.486994743347168
5.4349470138549805
5.381899118423462
5.392908096313477
5.402918100357056
5.316839933395386
5.371889114379883
5.391907215118408
5.462972640991211
5.426939249038696
5.477986097335815
5.588086366653442
5.425939559936523
5.449960947036743
5.503009796142578
5.46900749206543
5.454963445663452
5.439952611923218
5.391909122467041
5.543045520782471
5.457877159118652
5.366885423660278
5.341862678527832
5.404920816421509
5.4009153842926025
5.4199323654174805
5.602100610733032
5.348869562149048
5.40692138671875
5.364567995071411
5.440953254699707
5.577075481414795
5.381897687911987
5.428941011428833
5.381899118423462
5.380897283554077
5.43494725227356
5.372891187667847
5.42193603515625
5.366886377334595
5.396911382675171
5.5310351848602295
5.37789511680603
5.405920505523682
5.364883899688721
5.385902643203735
5.3488688468933105
5.4024529457092285
5.4579689502716064
5.551184892654419
5.564064979553223
5.514019250869751
5.3468663692474365
5.344864368438721
5.44045090675354
5.548050165176392
6.252281665802002
5.588085889816284
5.592089414596558
5.436949014663696
5.644137144088745
5.3798980712890625
5.425938129425049
5.443954944610596
5.357875347137451
5.508014440536499
5.58649754524231
5.463973522186279
5.53303599357605
5.457969427108765
5.414929151535034
5.5100157260894775
5.438951253890991
5.407922744750977
5.448959589004517
5.477985382080078
5.334855556488037
5.402918815612793
5.331853151321411
5.524028062820435
5.717203378677368
5.448960542678833
5.473982095718384
5.387904405593872
5.3979127407073975
5.531033515930176
5.525027275085449
5.372891426086426
5.345867156982422
5.48699426651001
5.392908811569214
5.405143976211548
6.009470462799072
7.061428070068359
7.436767816543579
7.107468843460083
6.756631374359131
6.932039499282837
6.420597791671753
6.514683246612549
5.972060203552246
6.2881858348846436
6.011685371398926
6.018296957015991
5.94040584564209
6.068583250045776
6.004871368408203
6.041967153549194
5.925737380981445
6.030280113220215
5.9711854457855225
6.121423721313477
6.084728002548218
5.905303955078125
6.350661277770996
5.956022024154663
6.88026237487793
6.454633474349976
6.164201021194458
5.6717305183410645
5.628992319107056
5.7178053855896
5.773557662963867
5.782101392745972
5.810373544692993
5.756985902786255
5.7971930503845215
5.584890842437744
5.581481456756592
5.665715456008911
5.643621444702148
5.733222484588623
5.8359901905059814
5.577984809875488
5.585739850997925
5.758028030395508
5.622611999511719
5.674113988876343
6.564243793487549
5.910975217819214
5.840957880020142
5.851701974868774
5.830292463302612
5.750787258148193
5.708391189575195
5.8944902420043945
5.856371641159058
5.745307207107544
5.746045112609863
5.819197654724121
5.751861095428467
5.736648797988892
5.899786710739136
5.888866662979126
5.76959228515625
5.833284139633179
5.720943212509155
5.7326977252960205
5.869173765182495
5.796129941940308
5.823874473571777
5.752312183380127
6.088368892669678
6.291776418685913
5.957895755767822
5.96255898475647
5.663183212280273
5.852575063705444
6.243674993515015
6.553191900253296
6.142205476760864
6.471897840499878
6.280095815658569
5.919795513153076
5.77288031578064
6.009824275970459
5.876043081283569
5.828710317611694
5.808838129043579
5.8387510776519775
5.782847166061401
5.821832895278931
5.901357650756836
5.955233812332153
5.934194803237915
5.786800384521484
5.874698877334595
5.914576292037964
6.438082218170166
6.027912139892578
5.891664505004883
5.862760305404663
5.8619585037231445
5.879672050476074
5.882030248641968
5.992830753326416
5.930349588394165
5.932335376739502
5.89894437789917
5.865076303482056
5.960839033126831
5.971701622009277
5.952651262283325
5.939982175827026
6.024086236953735
6.000549793243408
6.199774503707886
6.413012981414795
6.651376008987427
5.989549398422241
6.505102634429932
6.305130958557129
6.3024115562438965
6.117582559585571
6.1211137771606445
6.158557415008545
6.1561102867126465
6.12605619430542
6.120635509490967
6.08031702041626
6.065178871154785
6.157063722610474
6.112015247344971
6.2446277141571045
6.109813451766968
5.972085952758789
6.074064254760742
6.017928600311279
6.142242670059204
6.072244644165039
6.0945916175842285
6.017956256866455
6.065999984741211
5.921903371810913
6.06164813041687
6.103288173675537
5.929771661758423
5.965099573135376
5.923056602478027
6.2002739906311035
6.040769100189209
6.247373819351196
6.118958473205566
6.238994598388672
10.032031059265137
9.282353639602661
7.867875814437866
5.757084846496582
6.728039741516113
8.039023399353027
10.306819200515747
7.826539754867554
11.290040493011475
8.167834997177124
6.702300071716309
6.944303035736084
6.427828311920166
7.512208700180054
6.8320229053497314
6.386496305465698
6.166297197341919
6.03756308555603
6.00233006477356
6.347166061401367
6.179211854934692
6.181075096130371
6.45837926864624
6.350552558898926
6.360815048217773
5.94651460647583
6.307488203048706
6.736688137054443
6.011780738830566
6.132375955581665
5.7961156368255615
5.716084718704224
6.59143590927124
6.22168755531311
6.801330089569092
6.0439863204956055
6.759989023208618
6.423314809799194
6.73905086517334
6.936338424682617
6.643038034439087
5.911811113357544
5.925992727279663
5.890716075897217
5.766962051391602
5.935610771179199
5.95949125289917
5.94343900680542
5.9487574100494385
5.838897228240967
6.117906808853149
6.064568519592285
6.36364483833313
6.60336971282959
6.035006523132324
5.938180446624756
6.886854887008667
6.487828254699707
6.427473306655884
6.547147274017334
6.474311113357544
6.479179859161377
6.559287071228027
6.542565584182739
6.41815447807312
6.557902574539185
6.567877292633057
6.370401382446289
6.460313320159912
6.546340465545654
6.0101237297058105
5.81754207611084
5.705895185470581
5.796411991119385
6.620578050613403
5.746269702911377
6.294011831283569
5.959548234939575
5.6066343784332275
5.614151477813721
5.688758611679077
5.752115964889526
5.637423515319824
5.669587850570679
5.8712317943573
5.807285785675049
5.8737499713897705
5.608927011489868
5.5809900760650635
5.5929038524627686
5.592189073562622
5.803492307662964
5.864614248275757
5.695009469985962
5.937005519866943
6.512969732284546
5.7797746658325195
5.699260711669922
6.246936082839966
5.7172675132751465
5.698643922805786
5.789797067642212
6.073992490768433
5.69345235824585
5.724254369735718
6.12074875831604
5.784978866577148
5.913818120956421
5.90053129196167
6.5316619873046875
6.12060546875
6.228273391723633
6.388420820236206
6.652639865875244
5.860175848007202
6.17296838760376
6.063089370727539
6.42056131362915
6.017167329788208
5.785365581512451
5.709350824356079
5.929273366928101
5.79537034034729
5.829908132553101
6.019977569580078
6.0213141441345215
5.707275629043579
5.711071252822876
6.082792043685913
6.431161403656006
6.589233636856079
6.666236400604248
6.421394348144531
7.167351961135864
6.50443434715271
6.218029737472534
5.962616682052612
5.741771459579468
5.972936153411865
5.963760137557983
6.048062086105347
5.929542541503906
6.058940410614014
6.051787853240967
5.794102191925049
5.816917657852173
6.019484996795654
6.842056035995483
6.360913515090942
6.449607849121094
6.2551047801971436
5.981726884841919
6.051675796508789
5.73530387878418
5.71749210357666
5.707069396972656
5.694506406784058
5.7641379833221436
6.256166696548462
5.900427579879761
5.678886890411377
5.7149786949157715
5.7043845653533936
5.703905344009399
5.781609535217285
5.7459375858306885
5.714493751525879
5.716480016708374
5.723177433013916
5.704747915267944
5.731309652328491
5.696667194366455
5.7159881591796875
5.705789566040039
5.950388431549072
5.8982484340667725
5.739418029785156
5.709891080856323
5.908620595932007
5.694202423095703
5.664120674133301
5.710534572601318
5.731942653656006
5.958818674087524
5.704789161682129
5.716867208480835
5.718975782394409
5.9019787311553955
5.669162273406982
5.704147100448608
5.701420307159424
6.125903606414795
5.729836463928223
5.706729412078857
5.938942193984985
5.959963321685791
5.89108943939209
5.723942279815674
5.67970609664917
5.90338134765625
5.937194347381592
5.922952890396118
5.899521112442017
5.676126480102539
5.709160089492798
5.707442998886108
5.716737747192383
5.746534824371338
5.675373315811157
5.6827392578125
5.651171922683716
5.655452251434326
5.6717400550842285
5.6993958950042725
5.896661281585693
5.897170305252075
5.9118218421936035
5.6967613697052
5.706102609634399
5.768773078918457
5.685763835906982
5.681617021560669
5.714854717254639
5.74799370765686
5.6724700927734375
5.700767993927002
5.667531251907349
5.743663549423218
5.999949216842651
5.810757637023926
6.136266469955444
6.181781053543091
7.63368558883667
7.937115907669067
6.24211573600769
6.194584131240845
5.878096103668213
6.098491191864014
6.176841974258423
5.827112674713135
5.79940128326416
5.773561954498291
6.043398141860962
6.093065023422241
5.982318162918091
5.78987979888916
5.859198331832886
5.837082624435425
5.963714361190796
5.842673063278198
6.142765760421753
6.054792881011963
6.086762428283691
5.792816877365112
5.816374778747559
5.754328966140747
5.780580759048462
6.036258697509766
6.075284481048584
6.011110782623291
6.042427062988281
5.798888683319092
5.851080894470215
5.84830379486084
5.844612121582031
5.833861589431763
6.388334512710571
6.455972909927368
6.959346055984497
6.645288705825806
5.9118170738220215
5.870425224304199
6.049955368041992
6.497606515884399
5.739743709564209
5.778918504714966
5.804177522659302
5.8912224769592285
5.8594276905059814
5.901448488235474
5.833991050720215
5.989037036895752
6.111234664916992
5.875277996063232
5.709007024765015
5.7047202587127686
6.123623609542847
6.0887291431427
6.059933423995972
6.257004261016846
6.843339204788208
6.332158803939819
6.01413893699646
6.0278708934783936
6.068890333175659
6.017680644989014
6.05033540725708
6.308159589767456
6.235759019851685
6.297427415847778
6.0918495655059814
6.0329430103302
6.053639650344849
6.246639013290405
6.277824878692627
6.239610195159912
6.030816316604614
5.984361886978149
6.030141353607178
6.080542325973511
6.028204917907715
6.085257053375244
6.119665861129761
6.313563585281372
6.225585460662842
6.0090367794036865
6.009728193283081
6.0484113693237305
6.546665906906128
