Timing log for each step:
0.014012336730957031
5.436070919036865
5.537108659744263
5.57123875617981
5.295942068099976
5.187797784805298
5.148087978363037
5.256994724273682
5.2599265575408936
5.226433992385864
5.600313663482666
5.224261522293091
5.1531476974487305
5.221302032470703
5.246067047119141
5.283223867416382
5.297305107116699
5.188380479812622
5.2403647899627686
5.203240156173706
5.190855264663696
5.19462513923645
5.182241201400757
5.232501983642578
5.1366047859191895
5.272926330566406
5.206817626953125
5.201884746551514
5.262891530990601
5.29385781288147
5.303019762039185
5.338496446609497
5.2024970054626465
5.205930233001709
5.277083873748779
5.235278844833374
5.229701280593872
5.317838907241821
5.113225221633911
5.25810170173645
5.301089525222778
5.347275018692017
5.204350709915161
5.495279312133789
5.241099119186401
5.220700263977051
5.266542196273804
5.20561408996582
5.183047771453857
5.343926191329956
5.234415292739868
5.2423107624053955
5.25132417678833
5.286436080932617
5.2728798389434814
5.337975740432739
5.299468994140625
5.285149574279785
5.375987529754639
5.3287694454193115
5.2874228954315186
5.270384073257446
5.336004018783569
5.349522113800049
5.314525365829468
5.255918502807617
5.290371656417847
5.2546985149383545
5.231626987457275
5.2688093185424805
5.291175127029419
5.321455001831055
5.217219352722168
5.325899362564087
5.363022804260254
5.311574935913086
5.249085426330566
5.345867872238159
5.294439315795898
5.314428091049194
5.205562114715576
5.24889349937439
5.375631093978882
5.32806134223938
5.2148895263671875
5.393076419830322
5.271713018417358
5.334415435791016
5.361961603164673
5.309382200241089
5.273362398147583
5.297883033752441
5.286986351013184
5.1698737144470215
5.2913658618927
5.230268716812134
5.227303743362427
5.3496413230896
5.303491830825806
5.304879903793335
5.36777138710022
5.403423070907593
5.454532146453857
5.373363494873047
5.290769815444946
5.371333122253418
5.285862445831299
5.293439865112305
5.243471384048462
5.318289041519165
5.259909629821777
5.325973749160767
5.280167818069458
5.28283429145813
5.217893838882446
5.346352815628052
5.220321416854858
5.32828164100647
5.322961091995239
5.231987714767456
5.288111686706543
5.376004934310913
5.33518648147583
5.3939197063446045
5.255162000656128
5.317245244979858
5.1538403034210205
5.258059024810791
5.54957127571106
5.327203273773193
5.380043983459473
5.292246580123901
5.217782974243164
5.234377861022949
5.257375001907349
5.315056085586548
5.3220579624176025
5.26174259185791
5.337953329086304
5.293928861618042
5.230947732925415
5.357880115509033
5.4291956424713135
5.30100679397583
5.255407810211182
5.323842525482178
5.61248254776001
5.56419563293457
5.332511901855469
5.239088773727417
5.3702592849731445
5.355976104736328
5.322046279907227
5.3253562450408936
5.282207012176514
5.371358156204224
5.19279670715332
5.494335889816284
5.309333324432373
5.272871971130371
5.289924144744873
5.369000434875488
5.2994184494018555
5.306137561798096
5.207320690155029
5.311107397079468
5.250584602355957
5.2749128341674805
5.296356678009033
5.255991697311401
5.30031156539917
5.330867767333984
5.3420562744140625
5.345791578292847
5.390122175216675
5.266126394271851
5.281501293182373
5.387882232666016
5.419738292694092
5.2499916553497314
5.257254362106323
5.376826524734497
5.610691547393799
5.3776960372924805
5.2719433307647705
5.308900356292725
5.271884918212891
5.287339448928833
5.284888505935669
5.4834699630737305
5.372122764587402
5.1357598304748535
5.223794937133789
5.291017532348633
5.156404256820679
5.34201979637146
5.266108512878418
5.323552131652832
5.2639524936676025
5.326395273208618
5.354188680648804
5.175632476806641
5.358286380767822
5.2783308029174805
5.271118402481079
5.225544691085815
5.240712404251099
5.240255832672119
5.306851625442505
5.354717016220093
5.282396078109741
5.2659382820129395
5.239388942718506
5.318299293518066
5.255915641784668
5.263422727584839
5.227319002151489
5.301254749298096
5.295915603637695
5.289485454559326
5.3419575691223145
5.270278692245483
5.249020338058472
5.237196683883667
5.345046043395996
5.55113959312439
5.42417049407959
5.3632118701934814
5.095139026641846
5.268266439437866
5.2921836376190186
5.171588182449341
5.231297016143799
5.2852747440338135
5.369024753570557
5.251168489456177
5.317922115325928
5.280114412307739
5.334040641784668
5.300884962081909
5.281893253326416
5.229981899261475
5.3510050773620605
5.258583307266235
5.306908845901489
5.324777364730835
5.319291591644287
5.224803447723389
5.362919092178345
5.272813558578491
5.076756954193115
5.3982744216918945
5.265186071395874
5.208002328872681
5.288034915924072
5.324362277984619
5.263378620147705
5.296460151672363
5.184779405593872
5.195573568344116
5.448777437210083
5.316918611526489
5.29136323928833
5.3489930629730225
5.445247173309326
5.29192852973938
5.329509496688843
5.361971616744995
5.226300001144409
5.314941167831421
5.304492950439453
5.370482683181763
5.326420783996582
5.376455545425415
5.261909484863281
5.402409553527832
5.2176194190979
5.168839454650879
5.435049057006836
5.269132614135742
5.3142383098602295
5.2588372230529785
5.330263614654541
5.302122116088867
5.290386915206909
5.199284315109253
5.368412494659424
5.231903314590454
5.3903648853302
5.197469234466553
5.342408180236816
5.291279077529907
5.309392929077148
5.255462884902954
5.265949010848999
5.261995553970337
5.308886766433716
5.402496576309204
5.200127363204956
5.358147621154785
5.382991552352905
5.285996913909912
5.305364608764648
5.157125234603882
5.345530033111572
5.345201015472412
5.296987295150757
5.282923460006714
5.339369773864746
5.29820704460144
5.295979976654053
5.3809943199157715
5.3554463386535645
5.604628562927246
5.37060022354126
5.271704912185669
5.342437744140625
5.368957042694092
5.1928486824035645
5.5869457721710205
5.330765247344971
5.339235782623291
5.312527418136597
5.229921579360962
5.248832941055298
5.280919790267944
5.2992658615112305
5.279051065444946
5.332539796829224
5.326378345489502
5.276947259902954
5.398005962371826
5.389607906341553
5.279902219772339
5.277048826217651
5.34062647819519
5.241331100463867
5.369393587112427
5.2375807762146
5.35813307762146
5.312923908233643
5.217464447021484
5.358362913131714
5.440204381942749
5.254896402359009
5.320925951004028
5.390527009963989
5.393044948577881
5.291307687759399
5.4048826694488525
5.436956167221069
5.420986890792847
5.3273725509643555
5.258691310882568
5.275249242782593
5.347941160202026
5.281836271286011
5.279062032699585
5.317403316497803
5.328223466873169
5.311833620071411
5.342017412185669
5.320339679718018
5.3289642333984375
5.289206504821777
5.247815370559692
5.403469562530518
5.427902698516846
5.3669421672821045
5.326909780502319
5.352128267288208
5.304580926895142
5.359026193618774
5.363033771514893
5.321223020553589
5.31268835067749
5.301988124847412
5.32662558555603
5.380923271179199
5.235878944396973
5.381615877151489
5.261952638626099
5.4267425537109375
5.337496995925903
5.261955976486206
5.3901636600494385
5.334024667739868
5.274415731430054
5.369955062866211
5.271852970123291
5.16166877746582
5.368253707885742
5.29392409324646
5.3279478549957275
5.353784561157227
5.424281597137451
5.290007591247559
5.326004505157471
5.225799322128296
5.3062357902526855
5.228359699249268
5.1748716831207275
5.349582672119141
5.432574033737183
5.36850905418396
5.289981842041016
5.475214004516602
5.279311418533325
5.209429740905762
5.75181770324707
5.3572447299957275
5.309343099594116
5.408026218414307
5.662779092788696
5.451068162918091
5.37540078163147
5.251198768615723
5.733762979507446
5.4759604930877686
5.31494140625
5.491721153259277
5.347836494445801
5.313976526260376
5.255259990692139
5.445824861526489
5.186899662017822
5.8195366859436035
5.44914698600769
5.2458837032318115
5.3741455078125
5.79752779006958
5.228963613510132
5.292959451675415
5.78842306137085
5.376818418502808
5.277867317199707
5.376352787017822
5.772359609603882
5.284219026565552
5.4552905559539795
5.659429550170898
5.581418037414551
5.423754453659058
5.381351947784424
5.293871879577637
5.596217393875122
5.5356574058532715
5.286279678344727
5.239987134933472
5.572164535522461
5.7646262645721436
5.470125198364258
5.422543287277222
5.367958307266235
5.384796380996704
5.610868692398071
5.451379299163818
5.353391170501709
5.485202312469482
5.359134674072266
5.314130067825317
5.190859794616699
5.237036466598511
5.406564950942993
5.692712306976318
5.4464497566223145
5.424201011657715
5.437662124633789
5.524853706359863
5.358461618423462
5.577969551086426
5.529948711395264
5.351142406463623
5.361350774765015
5.551606893539429
5.399608373641968
5.308796167373657
5.517139434814453
5.518090486526489
5.2589898109436035
5.2089526653289795
5.400068759918213
5.735667705535889
5.598109722137451
5.316419839859009
5.605499505996704
5.570441722869873
5.305217266082764
5.485531330108643
5.594670295715332
5.319960594177246
5.465527534484863
5.459296941757202
5.2171642780303955
5.368985891342163
5.31532883644104
5.4025490283966064
5.633167505264282
5.447411060333252
5.271904945373535
5.612884044647217
5.5365986824035645
5.30454421043396
5.5807952880859375
5.436269283294678
5.379980087280273
5.652820587158203
5.4767680168151855
5.167774677276611
5.708300828933716
5.476159334182739
5.380233287811279
5.310260534286499
5.316023111343384
5.3253843784332275
5.6922454833984375
5.289961576461792
5.445070505142212
5.4651219844818115
5.291502475738525
5.635588645935059
5.462035179138184
5.23114275932312
5.6032891273498535
5.535521507263184
5.340100526809692
5.581446647644043
5.478108167648315
5.278965473175049
5.496553897857666
5.634213209152222
5.373926401138306
5.276993989944458
5.3383166790008545
5.352900505065918
5.434774875640869
5.588584661483765
5.540270805358887
5.467101573944092
5.607205152511597
5.516732215881348
5.272976875305176
5.5371057987213135
5.4549150466918945
5.378039836883545
5.661274671554565
5.3564300537109375
5.293365478515625
5.405652046203613
5.3186328411102295
5.61788272857666
5.411871433258057
5.254076242446899
5.299673795700073
5.338092803955078
5.300023794174194
5.539559841156006
5.621229648590088
5.648284673690796
5.2788941860198975
5.6225104331970215
5.439521074295044
5.3160765171051025
5.457313060760498
5.388402938842773
5.28902268409729
5.402909755706787
5.414919853210449
5.28089451789856
5.466882705688477
5.5903096199035645
5.284623861312866
5.633474588394165
5.533109903335571
5.545936346054077
5.305746555328369
5.575311899185181
5.548717498779297
5.283406019210815
5.482797622680664
5.550454139709473
5.301406145095825
5.456532716751099
5.492052316665649
5.471250772476196
5.3468217849731445
5.592611312866211
5.603451251983643
5.58305549621582
5.273215055465698
5.46419358253479
5.593630075454712
5.506527900695801
5.627130508422852
5.337867975234985
5.280815839767456
5.269806146621704
5.396921634674072
5.23877739906311
5.266802549362183
5.3258562088012695
5.262798070907593
5.242780447006226
4.948511123657227
5.294827222824097
5.076627492904663
5.1346824169158936
5.18272590637207
5.303835391998291
5.222762584686279
5.489004135131836
5.513025522232056
5.431952714920044
5.015573263168335
5.431952714920044
5.377902507781982
5.213753938674927
5.29282546043396
5.002560615539551
5.3158464431762695
5.1136627197265625
5.2908244132995605
5.350878953933716
5.65815806388855
5.198741436004639
5.423945188522339
5.290823936462402
5.141687870025635
5.4039270877838135
5.441961765289307
5.0215795040130615
5.6501500606536865
5.556065320968628
5.092644453048706
5.409933090209961
5.399923324584961
5.407930374145508
5.351880788803101
5.403927326202393
5.420943975448608
5.189732313156128
5.482998847961426
5.612117052078247
5.184727191925049
5.069622039794922
5.379904270172119
5.134680986404419
5.268804311752319
5.371898174285889
5.260796546936035
5.570078611373901
5.651152610778809
5.588096380233765
5.166710376739502
5.50501823425293
5.432954788208008
5.246784448623657
5.232771158218384
5.283817529678345
5.233771324157715
5.083634853363037
5.1637067794799805
5.15570330619812
5.32685661315918
5.24678373336792
5.016574382781982
5.152697563171387
5.447967052459717
5.0195770263671875
4.971532106399536
5.454974412918091
5.294828414916992
5.149695158004761
5.131679058074951
5.160706281661987
5.203744411468506
5.563071966171265
5.017574071884155
4.957520484924316
4.992552042007446
5.155699968338013
5.512026071548462
5.149695158004761
5.167712450027466
5.4789955615997314
5.393917798995972
5.413934707641602
5.515028238296509
5.181724786758423
5.131678581237793
5.296829462051392
5.221760511398315
5.182725429534912
5.227767467498779
5.423944711685181
5.105655908584595
5.373899698257446
5.152697324752808
5.0165746212005615
5.421942949295044
5.287821054458618
5.101651430130005
5.013571500778198
5.098648548126221
5.542053461074829
5.214755058288574
5.565073728561401
5.085636138916016
5.011570930480957
5.247784376144409
5.257793426513672
5.242781162261963
5.187729597091675
5.143689870834351
5.056610345840454
5.19673752784729
5.07062292098999
5.193735122680664
5.162705898284912
5.27380895614624
5.134681701660156
5.219758033752441
4.92749285697937
5.396920204162598
5.137685775756836
5.4069294929504395
5.211752414703369
5.164709806442261
5.033589124679565
5.222761154174805
4.996556043624878
5.568077087402344
5.183725833892822
5.184727430343628
5.292826175689697
5.2968292236328125
5.141688346862793
5.175718545913696
5.101650953292847
5.327857732772827
5.3178489208221436
4.9124791622161865
5.335865259170532
5.44496488571167
4.97353458404541
5.309841632843018
5.535046577453613
5.035591125488281
5.052606821060181
5.102651357650757
5.072624921798706
5.11466383934021
5.145691871643066
5.225765705108643
5.308840036392212
5.269803762435913
5.268803834915161
4.936501741409302
5.156702518463135
5.392917633056641
5.437957525253296
5.512026309967041
5.222761631011963
5.466984748840332
5.277812719345093
5.608112573623657
5.289822578430176
5.307838439941406
5.3739001750946045
5.406929016113281
5.418941497802734
5.424945831298828
5.547057390213013
5.278811931610107
5.443962574005127
5.328859329223633
5.33686637878418
5.315847396850586
5.190733194351196
5.416938781738281
5.360889196395874
5.5150275230407715
5.2357752323150635
5.644145488739014
5.4719884395599365
5.497010946273804
5.447967052459717
5.409932613372803
5.039594411849976
5.082632064819336
4.931497812271118
5.30784010887146
5.190732955932617
5.103653430938721
5.063616991043091
5.147692918777466
5.398923397064209
5.304837465286255
5.190732479095459
5.309840679168701
5.474992513656616
5.362888813018799
5.414937496185303
5.5270397663116455
5.445965051651001
5.503017902374268
5.426948070526123
5.688186407089233
5.524036645889282
5.363891124725342
5.349877834320068
5.027584075927734
5.327857971191406
5.548057317733765
5.395919561386108
5.30283260345459
5.04760217666626
5.080632448196411
5.331861257553101
5.311842918395996
5.0135722160339355
5.192734241485596
4.9224889278411865
5.048602342605591
5.233771324157715
5.15770411491394
5.215755224227905
5.253790378570557
5.030586242675781
5.212752342224121
5.213753700256348
5.0756285190582275
5.425947189331055
5.526038408279419
5.062615394592285
5.153698921203613
5.130677700042725
4.986546993255615
5.361888885498047
5.312843322753906
5.231771469116211
5.183727264404297
5.188730716705322
5.30984091758728
5.116664886474609
5.412935256958008
5.180724859237671
4.949512958526611
5.2978315353393555
5.44496488571167
5.170714378356934
5.191734313964844
5.2017433643341064
5.192735910415649
5.1356823444366455
5.1376848220825195
5.114663600921631
5.147692680358887
5.072624206542969
5.039594650268555
5.268803834915161
5.186729669570923
5.003561973571777
5.054608345031738
5.227766036987305
5.178722858428955
5.108659029006958
5.468987703323364
5.236774921417236
5.308840990066528
5.147693634033203
5.173717021942139
5.3448731899261475
5.147692680358887
5.317847490310669
5.096647500991821
4.851423740386963
5.1867289543151855
4.991551399230957
5.1486945152282715
5.249786138534546
5.31284499168396
5.175719499588013
5.260796546936035
5.216756105422974
5.458977222442627
5.474992275238037
5.0936439037323
5.313844680786133
5.01957631111145
5.10465407371521
5.168712615966797
5.263800144195557
5.05360746383667
4.994554281234741
4.903469800949097
5.2557923793792725
5.18272590637207
5.13868522644043
5.175718545913696
5.2748095989227295
5.165710687637329
4.969531059265137
5.453972339630127
5.518031120300293
5.256793975830078
5.121668815612793
5.197738885879517
5.1867287158966064
5.1987409591674805
5.034590482711792
5.129677772521973
5.220759630203247
5.053607225418091
5.07963228225708
5.188730239868164
5.2728071212768555
4.9955549240112305
5.207749128341675
5.147693872451782
5.164708614349365
5.4269490242004395
5.466984033584595
5.239777326583862
5.257792949676514
5.279814004898071
5.262797832489014
5.159704208374023
5.178722858428955
5.075628042221069
5.277811527252197
5.441961288452148
5.134681224822998
4.999559640884399
5.15670108795166
5.100651741027832
5.167712688446045
5.286820411682129
5.029585361480713
4.983543395996094
5.237776041030884
5.147693634033203
5.2007410526275635
5.129676818847656
5.023578882217407
4.973534345626831
5.148693799972534
5.056611061096191
5.2507874965667725
5.259795904159546
5.167711496353149
4.87644624710083
5.287822723388672
5.231769800186157
5.141688108444214
5.143690586090088
5.10465407371521
5.156701326370239
5.27080512046814
5.137684345245361
5.092642784118652
5.340869426727295
5.18172550201416
5.2427802085876465
5.23076868057251
5.279813766479492
5.1076579093933105
5.123672246932983
5.159705400466919
5.101650953292847
5.232770919799805
5.141687870025635
5.319851398468018
5.266801118850708
5.180723667144775
5.186730146408081
5.101651906967163
5.027583599090576
5.357884645462036
5.254791736602783
5.192734479904175
5.202743768692017
5.283818006515503
5.102652311325073
5.262798309326172
5.2297680377960205
5.136682748794556
5.0546088218688965
5.2427802085876465
5.277811765670776
5.145691156387329
5.0215795040130615
5.167712450027466
5.14569091796875
5.00956654548645
5.306838512420654
5.085637092590332
5.122670412063599
5.209749698638916
5.175719738006592
5.032589673995972
5.243781566619873
5.283818006515503
5.254790782928467
5.067620277404785
5.202744007110596
5.143690824508667
4.97453498840332
4.994554281234741
5.064618825912476
5.101650714874268
5.1226701736450195
5.257795095443726
5.0405967235565186
5.233771800994873
5.272807359695435
5.018575191497803
5.009568691253662
5.118666887283325
4.898466348648071
5.194737195968628
5.215756893157959
5.12266993522644
5.2347729206085205
5.197740316390991
5.201742172241211
4.824398517608643
5.120668649673462
5.227765798568726
5.100651264190674
5.106657266616821
5.042597055435181
4.719303131103516
4.920485973358154
5.0816333293914795
5.202744007110596
5.230769395828247
5.075627565383911
5.1366822719573975
5.2567925453186035
5.229767799377441
5.048602342605591
5.313844680786133
5.197738885879517
5.122671127319336
5.304836988449097
5.163707494735718
5.1486945152282715
4.944509029388428
5.01357102394104
5.132679462432861
5.216756105422974
4.699285507202148
5.1146628856658936
5.090641260147095
5.096649169921875
5.2077476978302
5.059612512588501
4.975536584854126
5.198740005493164
5.106656074523926
5.200741767883301
4.9204864501953125
5.269804954528809
5.200741529464722
4.7643444538116455
5.121669769287109
5.009565591812134
5.117666721343994
5.173717260360718
4.9815428256988525
4.959521770477295
5.143689393997192
5.09964919090271
5.1737165451049805
5.221761465072632
5.031588554382324
4.971532821655273
5.096646308898926
5.279812574386597
5.065619230270386
5.226764917373657
5.0676209926605225
4.999558925628662
5.153698444366455
5.216756105422974
4.960522413253784
5.216756343841553
5.236774682998657
5.166711330413818
5.264800071716309
5.172715425491333
5.1767191886901855
5.1246724128723145
5.2377753257751465
5.188730955123901
5.013571500778198
5.214753866195679
5.0676209926605225
5.104653596878052
5.2668023109436035
5.234772205352783
5.11466383934021
4.939504146575928
5.025582551956177
5.181725263595581
5.065618276596069
5.081633567810059
5.3298585414886475
5.2027435302734375
5.131678342819214
5.130677938461304
5.1066553592681885
5.227766275405884
5.260796308517456
5.071623802185059
5.2407777309417725
5.191733360290527
5.143689393997192
5.16571044921875
5.10765814781189
5.112661123275757
5.201743125915527
4.992551565170288
5.198739767074585
5.041597843170166
5.291824102401733
4.980541229248047
5.221760988235474
5.3698954582214355
5.1386847496032715
5.118666887283325
5.28281569480896
5.255791187286377
5.223762273788452
5.260797023773193
4.938502550125122
5.308840274810791
5.162707328796387
4.957519769668579
5.141688108444214
5.284818410873413
5.094645023345947
4.8934619426727295
5.113663196563721
5.12166953086853
5.15670108795166
5.13368034362793
5.063616037368774
5.066619873046875
5.045600891113281
5.194736003875732
5.179723024368286
5.25779390335083
5.143689393997192
5.106656312942505
5.31484580039978
5.158702850341797
5.079631090164185
5.195738315582275
5.160705089569092
4.98554539680481
5.229768991470337
5.2327704429626465
5.133680582046509
5.26980447769165
5.298831224441528
5.042597532272339
5.224765062332153
5.324854612350464
5.186730146408081
5.231770038604736
5.094645023345947
5.330860137939453
5.242779016494751
5.148695468902588
5.220759630203247
5.139686346054077
5.014573097229004
5.146693468093872
5.162707090377808
5.197739124298096
5.125673532485962
5.097648859024048
5.231768846511841
5.060614824295044
5.035589933395386
5.162708044052124
5.175719499588013
5.1837263107299805
5.184727668762207
5.264800071716309
5.1546995639801025
5.07462739944458
4.8213958740234375
5.346874713897705
5.134682893753052
5.28581976890564
5.219759225845337
4.978539943695068
5.271806478500366
5.2277672290802
5.162707090377808
5.17872166633606
5.066620111465454
5.208749532699585
5.3208513259887695
5.160705089569092
5.063615798950195
5.248785734176636
5.298830986022949
5.234771490097046
4.897465229034424
5.313844442367554
5.219759225845337
5.084635496139526
5.2167580127716064
5.109657287597656
4.982542514801025
5.373899698257446
4.826401233673096
5.104654550552368
5.134680986404419
5.126673936843872
5.25779390335083
5.225766181945801
5.192734003067017
5.178723096847534
5.1587042808532715
5.186728239059448
5.232771158218384
5.180723190307617
5.0926432609558105
5.0726258754730225
5.438958168029785
5.215754985809326
5.1246726512908936
5.1677117347717285
4.983543872833252
5.120668411254883
4.941504716873169
4.937502384185791
5.23076868057251
5.267802953720093
5.031588315963745
5.2187581062316895
5.086638689041138
5.01357102394104
5.347875595092773
5.151697158813477
5.1837263107299805
5.187730073928833
5.157703876495361
4.971532583236694
4.984544515609741
5.137684345245361
5.210750341415405
5.16070556640625
5.216756582260132
5.248785018920898
5.13368034362793
4.9665281772613525
5.019576072692871
5.1076576709747314
5.055608510971069
5.159704685211182
5.054608345031738
5.232770204544067
5.221760511398315
5.149693727493286
5.271806716918945
5.214755058288574
5.164709091186523
5.01757550239563
5.061615943908691
5.038592576980591
5.18472695350647
5.129678010940552
5.179723501205444
5.0766284465789795
5.106655836105347
5.051605939865112
5.130677700042725
5.231770038604736
5.309842109680176
5.28081488609314
5.370896577835083
5.1436896324157715
5.139686584472656
5.234773397445679
5.050605058670044
5.037592887878418
5.123671531677246
5.179723501205444
5.282816648483276
5.321852207183838
5.146692276000977
5.306838274002075
5.21175217628479
5.0576112270355225
5.17972207069397
5.050604820251465
5.186729192733765
5.3799052238464355
5.095645904541016
5.061615705490112
5.394918441772461
5.026583671569824
5.110660076141357
5.278812646865845
5.224764585494995
5.119668960571289
5.0425965785980225
5.090641260147095
5.127675771713257
5.225764989852905
4.979540109634399
5.094645977020264
5.323853254318237
5.0686211585998535
5.297830104827881
5.260796785354614
5.121670484542847
5.04059624671936
5.311844110488892
5.007565498352051
5.176720857620239
5.140687942504883
5.086638689041138
5.1867287158966064
5.174717426300049
4.956519842147827
5.1907312870025635
5.184727430343628
5.171714544296265
5.121669292449951
5.052607297897339
4.992552280426025
5.152697801589966
5.089641332626343
5.063616514205933
5.171714782714844
5.303834915161133
5.237775564193726
5.147692680358887
5.258795499801636
5.160706281661987
5.0916428565979
5.179722309112549
4.892460584640503
5.175719261169434
5.204745054244995
5.01857590675354
5.241778612136841
5.1236724853515625
5.081634283065796
5.1216700077056885
5.298830509185791
5.112662076950073
5.141687631607056
5.178720951080322
5.165710687637329
5.185727596282959
4.90547251701355
5.2137532234191895
5.012569189071655
5.321850776672363
4.898466110229492
5.200741529464722
5.08763861656189
5.075626611709595
5.338866949081421
5.638140916824341
5.113662242889404
5.107656955718994
5.002560615539551
4.9715330600738525
4.905472278594971
5.159703969955444
5.058613061904907
5.179722309112549
5.182726144790649
4.970529556274414
5.110659599304199
5.299830913543701
5.178721189498901
5.0966477394104
5.249786853790283
5.175719976425171
4.989548921585083
5.0806334018707275
5.146693706512451
5.153698444366455
5.269803762435913
5.2708046436309814
5.266801834106445
5.103652238845825
5.125673532485962
5.1637091636657715
5.218758821487427
5.2027435302734375
4.9995574951171875
5.259795904159546
4.85742974281311
5.19373631477356
5.1166651248931885
5.2367753982543945
5.2257654666900635
5.142688751220703
5.259795665740967
5.210751533508301
5.264798641204834
5.022579193115234
5.112661361694336
5.216756105422974
5.152698993682861
5.237774848937988
5.304836750030518
5.1837263107299805
5.014572858810425
5.235773324966431
4.976536750793457
5.269806385040283
5.160705089569092
5.222761869430542
4.989548921585083
5.1546995639801025
5.252789497375488
5.296829700469971
5.024581670761108
5.116664886474609
5.222761392593384
4.996554851531982
5.073625802993774
5.111660957336426
5.0405967235565186
5.229769468307495
4.972533941268921
5.209749698638916
5.21375298500061
5.247784852981567
5.151697158813477
4.921476125717163
5.207747936248779
5.290823698043823
5.200741291046143
5.093644142150879
5.170713663101196
5.262798309326172
5.255792140960693
5.154698610305786
5.1166651248931885
5.066620349884033
5.19573712348938
5.124671936035156
5.2237629890441895
5.228766918182373
5.164708137512207
5.258795499801636
4.942505836486816
5.201741933822632
5.309841156005859
5.048603296279907
4.948511600494385
4.9795403480529785
5.163707971572876
5.176720380783081
5.058613061904907
5.148695230484009
5.053607702255249
5.114663362503052
5.150697231292725
5.11466383934021
5.19473671913147
5.195736408233643
5.216756105422974
5.087639808654785
5.131679534912109
5.222761631011963
5.06561803817749
5.078630208969116
5.082634210586548
5.243781566619873
5.157702684402466
5.231769800186157
5.050605058670044
4.885453462600708
5.1707141399383545
5.152697563171387
4.924489736557007
5.178721189498901
5.156702041625977
5.064618825912476
5.3018341064453125
5.079631090164185
5.1246726512908936
5.324854612350464
5.120668888092041
5.136683464050293
5.194737195968628
5.180722951889038
5.1006505489349365
5.166711330413818
5.210752010345459
5.170714378356934
5.060615062713623
5.043598651885986
5.015573501586914
5.346872806549072
5.007565259933472
5.263799428939819
5.2247633934021
5.107657194137573
5.199740171432495
4.928493976593018
5.202745199203491
5.089640378952026
5.1516969203948975
5.173717021942139
5.059613943099976
5.115664005279541
5.031588077545166
4.9435083866119385
4.907473564147949
5.195737361907959
5.132680892944336
5.300832986831665
5.031587839126587
4.803380727767944
5.033589601516724
5.28581976890564
4.984544992446899
5.163707733154297
5.257793664932251
5.018576622009277
5.138686418533325
5.167711496353149
5.185727834701538
5.14369010925293
5.410932779312134
5.166710376739502
5.263798952102661
5.231766700744629
5.223762273788452
5.210751533508301
4.835410118103027
5.27080512046814
5.065618276596069
5.05661153793335
5.2327704429626465
5.126674652099609
5.161707162857056
5.270804166793823
5.208749294281006
5.058611869812012
5.0335893630981445
5.209749698638916
5.000558853149414
5.290824890136719
5.138684034347534
5.232770681381226
5.304836988449097
5.1597044467926025
5.264800310134888
5.008565902709961
5.255791902542114
5.184726238250732
5.15069580078125
5.092643976211548
5.177720308303833
5.290823936462402
5.267802715301514
5.071625471115112
5.17772102355957
5.076629161834717
4.931495666503906
5.2127525806427
5.173717975616455
5.129677057266235
5.044599294662476
5.161706924438477
5.15369987487793
4.933499097824097
5.262798309326172
5.191732168197632
5.136682748794556
5.166712045669556
5.213752746582031
5.149695873260498
5.132679462432861
5.006564617156982
5.107656955718994
5.273808002471924
5.193735361099243
4.848422050476074
5.146692276000977
5.302834749221802
5.202743291854858
5.107656955718994
5.207747220993042
5.240778923034668
5.032589673995972
4.845417022705078
5.289822340011597
5.10565447807312
5.090641021728516
4.931497097015381
5.144691705703735
5.098648309707642
5.267801761627197
5.182725191116333
5.214754104614258
5.2207581996917725
5.1386847496032715
5.104654312133789
4.918485403060913
5.137683868408203
4.913479804992676
5.177720785140991
5.261796951293945
5.044599533081055
5.029585599899292
5.147693634033203
5.17972207069397
5.220759391784668
5.127674579620361
5.1086585521698
5.229768753051758
5.2778120040893555
5.225763559341431
5.178722620010376
5.239778280258179
5.216756105422974
5.155700206756592
5.153699159622192
5.279813528060913
5.294827222824097
5.112661361694336
5.208750009536743
5.262798070907593
5.1416871547698975
5.233771562576294
5.247784614562988
5.035590648651123
5.094644784927368
5.223762512207031
5.2617974281311035
5.1326799392700195
5.215754747390747
5.2077476978302
4.939503908157349
5.319849491119385
5.127676486968994
5.437957525253296
4.929494380950928
5.1466920375823975
5.039594650268555
5.321852445602417
5.192734003067017
5.115664482116699
5.165709018707275
5.222761869430542
5.169713973999023
5.218758821487427
5.266801595687866
5.020578861236572
5.237775087356567
5.14469051361084
5.0435967445373535
5.028584241867065
5.198740005493164
5.1206700801849365
5.027583360671997
5.129676103591919
5.100651502609253
5.264800071716309
5.247784614562988
4.934498310089111
5.1917335987091064
5.201742649078369
5.050604820251465
5.182725191116333
4.852423667907715
5.319850444793701
5.214753866195679
5.289823532104492
5.223763465881348
5.066619634628296
5.228766918182373
5.226766109466553
5.32685661315918
5.054609060287476
5.111660003662109
5.072624206542969
5.2127525806427
5.164709806442261
5.283816814422607
5.273808002471924
5.143689155578613
4.989549875259399
5.298830986022949
5.231769323348999
5.197738409042358
4.98354434967041
5.220760107040405
5.239777088165283
5.196738958358765
5.287820816040039
5.161705732345581
5.227766990661621
5.092643976211548
5.168712615966797
5.116665363311768
5.286820888519287
4.940504550933838
5.262798547744751
5.1076579093933105
5.0836358070373535
5.155700445175171
5.045600175857544
5.221760511398315
5.105654954910278
5.104654550552368
5.188730478286743
5.042598009109497
5.183725833892822
4.98454475402832
5.168713331222534
4.986547231674194
4.942507028579712
5.252789258956909
5.260796546936035
5.073625326156616
5.121669769287109
5.264799356460571
5.084635257720947
5.200742959976196
5.261796474456787
5.395919561386108
5.165709733963013
5.2207605838775635
5.1336798667907715
5.367893934249878
5.0275843143463135
5.09764838218689
5.220760822296143
5.130678653717041
5.048602342605591
5.193735122680664
5.1637091636657715
5.032589435577393
4.9254913330078125
5.071624040603638
5.0035624504089355
5.3048365116119385
5.039595365524292
5.049604177474976
5.148694753646851
5.338867664337158
5.154699325561523
5.246784210205078
5.0686211585998535
5.042598009109497
5.224763870239258
5.033589124679565
5.1076579093933105
5.153699636459351
5.180723190307617
5.172715663909912
5.292825698852539
5.193734645843506
5.026582956314087
5.172715663909912
5.163707733154297
5.164708614349365
5.288823366165161
5.126673936843872
5.21375298500061
5.18272590637207
5.029585838317871
5.032589435577393
5.12667441368103
5.239776849746704
5.020578145980835
5.356883764266968
5.215755224227905
5.147693395614624
5.130678415298462
5.068622350692749
5.027584075927734
5.087637662887573
5.338867425918579
5.119668960571289
5.257792949676514
5.330859422683716
5.133680820465088
5.2507874965667725
5.1246724128723145
5.197738170623779
5.1627068519592285
5.026583433151245
5.26980447769165
5.2347729206085205
5.048602342605591
5.2517876625061035
5.228767395019531
4.976537227630615
5.157702922821045
4.991552352905273
5.205746173858643
5.13968563079834
5.1536993980407715
5.118667125701904
5.135682106018066
5.13668417930603
5.126675128936768
5.168712854385376
5.2117531299591064
5.1156651973724365
4.960523843765259
5.074626445770264
5.010569334030151
5.130677700042725
5.266802072525024
5.12266993522644
4.947511911392212
5.108657360076904
5.251787900924683
5.23677396774292
5.32585597038269
5.226766347885132
5.2858195304870605
5.172715425491333
5.090641736984253
5.109659671783447
5.357885360717773
5.1036529541015625
5.177721977233887
5.210751056671143
5.015573501586914
5.058612823486328
5.212751865386963
4.9785401821136475
4.963526964187622
5.247784852981567
5.178720474243164
5.3668928146362305
5.1567018032073975
5.277811765670776
5.072626113891602
5.295827865600586
5.148694038391113
5.319849729537964
5.181724309921265
5.24678373336792
4.8634350299835205
5.2027435302734375
5.114664077758789
5.02358078956604
5.205746412277222
5.118666172027588
5.029585599899292
5.071624279022217
5.053608655929565
5.301833868026733
5.266801357269287
5.111660957336426
5.142688512802124
5.287821054458618
5.150696277618408
5.022579669952393
5.165710926055908
5.052606105804443
5.13868522644043
5.316847562789917
5.198739528656006
5.166710138320923
5.245781660079956
5.331861257553101
5.037592887878418
5.117666959762573
5.096647262573242
5.30083155632019
4.887455224990845
5.6701695919036865
6.724130868911743
6.607024192810059
6.2577056884765625
6.616031885147095
8.101386547088623
8.08435583114624
6.2316813468933105
8.021313667297363
7.309664726257324
8.04133152961731
7.3717217445373535
7.2275896072387695
6.8842761516571045
7.062439203262329
8.090376615524292
7.478819131851196
7.983278512954712
7.234595775604248
6.250699043273926
8.121404647827148
8.07035756111145
6.576995611190796
8.027317762374878
8.270539999008179
6.122582197189331
7.337690114974976
6.514940023422241
8.453707933425903
6.070534944534302
6.108569622039795
7.478819131851196
8.172451496124268
6.54596734046936
7.569901704788208
6.199652910232544
7.242603302001953
6.143601655960083
6.760163068771362
7.616944789886475
7.766080141067505
6.010479927062988
6.56298041343689
7.54087495803833
6.144602298736572
7.565898418426514
8.104389190673828
6.473902702331543
6.120580673217773
6.0294976234436035
8.128410816192627
7.69401478767395
7.445789337158203
6.359798192977905
6.1776323318481445
6.832228660583496
7.413759231567383
6.93632435798645
7.189554691314697
7.603933572769165
7.2275896072387695
7.326679944992065
8.305572748184204
6.615031003952026
7.627953290939331
8.025315999984741
8.712944030761719
8.478723526000977
6.234684228897095
7.549883842468262
6.104565858840942
6.057523250579834
6.210662603378296
7.544880390167236
6.36780571937561
6.542965412139893
8.479731321334839
7.774087905883789
6.131590366363525
7.655981063842773
6.708116292953491
8.219494342803955
7.458800554275513
8.231505393981934
8.105390071868896
8.107391834259033
7.31767201423645
8.120403289794922
7.965261459350586
6.125585079193115
8.112396240234375
7.081456661224365
8.478729963302612
6.1726274490356445
6.453883409500122
7.285642862319946
7.349700927734375
8.115398406982422
8.09738278388977
6.546969413757324
6.328770399093628
7.489829063415527
7.923223495483398
8.118401050567627
8.157436847686768
8.126409530639648
7.173540353775024
6.885277271270752
6.903294563293457
7.523859739303589
6.638052225112915
7.555889129638672
7.714032888412476
7.902204513549805
7.708027601242065
8.359621047973633
6.074538469314575
8.07736349105835
8.265536069869995
6.24869704246521
7.0794548988342285
7.298655271530151
7.615943908691406
7.884188413619995
7.869174242019653
7.445789337158203
6.421854496002197
6.8782713413238525
6.264711856842041
8.090376615524292
8.178457260131836
6.3277692794799805
8.124407291412354
6.176631450653076
7.852158784866333
7.19856333732605
7.565898418426514
6.377813816070557
7.416761636734009
6.335776329040527
7.118490695953369
6.93131947517395
7.785098075866699
7.373723268508911
7.355706691741943
7.07344913482666
6.1125712394714355
6.408842325210571
6.319762229919434
6.648061275482178
8.104389429092407
6.517942905426025
7.752068042755127
6.3407816886901855
6.521946430206299
6.086548566818237
7.472813367843628
6.117577791213989
8.082369565963745
8.17745590209961
7.784097194671631
7.378727436065674
7.019399404525757
8.203479528427124
6.333774566650391
6.228678941726685
6.89228367805481
7.021401405334473
7.3767249584198
6.375813722610474
6.727133274078369
6.109570026397705
6.225676536560059
7.31767201423645
6.632046222686768
6.346786022186279
5.9624364376068115
5.211751222610474
5.246783971786499
5.426948070526123
5.176719903945923
5.384909391403198
5.09764838218689
5.18873143196106
5.113662242889404
5.047603130340576
5.290823936462402
5.206747055053711
5.2177581787109375
5.008566617965698
5.319850444793701
5.131679534912109
5.191733121871948
5.251787900924683
5.20674729347229
5.115663528442383
5.106657028198242
5.1266748905181885
5.065618276596069
5.276810884475708
5.161707162857056
5.120669603347778
5.190732955932617
5.126674175262451
5.102653503417969
5.299832105636597
5.3178489208221436
5.1496946811676025
5.0596137046813965
5.386911630630493
5.111661195755005
5.284818410873413
4.957520961761475
5.079630374908447
5.145692348480225
5.000558614730835
5.0205771923065186
5.352879524230957
5.354882001876831
5.101650953292847
5.1617066860198975
5.27480936050415
5.063617944717407
5.177718877792358
5.205746650695801
5.237775087356567
5.334862947463989
5.122670650482178
5.3348634243011475
5.263798952102661
5.048603057861328
5.1376848220825195
5.124673366546631
5.1396870613098145
5.232771158218384
4.913480997085571
5.288821458816528
5.062616586685181
5.329859018325806
5.303836822509766
4.9875476360321045
5.027584552764893
5.0696210861206055
5.283817291259766
5.233771562576294
5.211751461029053
5.069621801376343
5.320850849151611
5.065617799758911
5.258792161941528
5.140687465667725
4.766345739364624
5.087637662887573
5.189730882644653
5.142689943313599
5.105654954910278
5.127675771713257
5.009568929672241
5.231769561767578
5.236774682998657
5.077629327774048
5.161706209182739
5.289822816848755
5.170714616775513
5.186729431152344
5.2758097648620605
5.100651025772095
5.1817240715026855
5.037593126296997
5.1056554317474365
5.253790378570557
5.122670412063599
5.139686346054077
5.199740409851074
5.240777969360352
5.257793426513672
5.253789186477661
5.245782852172852
5.235773801803589
4.9194865226745605
5.1296775341033936
4.883451700210571
5.03759241104126
5.168712139129639
5.13968563079834
5.273807764053345
5.160706043243408
5.265798807144165
5.071624755859375
5.433953762054443
5.277811765670776
5.314844846725464
5.242780685424805
5.2908244132995605
5.248785734176636
5.176720142364502
5.139685869216919
4.957520484924316
5.07762885093689
5.167711973190308
5.033589601516724
5.165708065032959
5.247784376144409
5.274808883666992
5.18072509765625
5.267802715301514
5.323853969573975
5.034591436386108
5.084636688232422
5.237774848937988
5.148695707321167
5.049604654312134
5.3158464431762695
5.119668245315552
5.135683059692383
5.165710687637329
5.166712045669556
5.121670961380005
5.089641571044922
5.135682106018066
5.219759941101074
5.100650787353516
5.2808144092559814
5.148694753646851
5.188731670379639
5.238775968551636
5.062615394592285
5.17772102355957
5.118666648864746
5.188730478286743
5.114663124084473
5.200741529464722
5.450969696044922
5.0816333293914795
5.118666887283325
5.15570068359375
5.069621801376343
5.040595531463623
5.130677938461304
5.204744815826416
5.077629566192627
4.9925525188446045
5.323854923248291
4.922487020492554
5.065618991851807
5.255791902542114
4.9575207233428955
5.1867287158966064
5.1817238330841064
5.275810241699219
5.124673128128052
5.121669769287109
5.134681224822998
5.1116602420806885
5.159704923629761
5.087639331817627
5.217758417129517
5.0756285190582275
5.255791664123535
5.276810646057129
5.0055646896362305
5.148694038391113
4.908475875854492
5.007565975189209
5.292824983596802
5.197738885879517
5.110659599304199
5.204745292663574
5.210751056671143
5.042598247528076
5.275811195373535
5.250787019729614
5.163707971572876
5.032588481903076
5.010569334030151
5.334864139556885
4.948511838912964
5.364891052246094
5.204745054244995
5.163707971572876
5.288821697235107
4.937502861022949
5.277812719345093
5.1546995639801025
5.217757225036621
5.1837263107299805
5.029585599899292
5.25779390335083
5.203744888305664
5.241779088973999
5.100651264190674
5.1887311935424805
5.251788377761841
5.297829866409302
5.458976745605469
5.280815839767456
5.324854850769043
5.128357887268066
