Timing log for each step:
0.01501321792602539
10.599278211593628
10.685296773910522
10.581602096557617
10.60008454322815
10.737710952758789
10.660114526748657
10.28166127204895
10.660331726074219
10.702143669128418
10.762728691101074
10.260412693023682
10.68696641921997
10.762431383132935
10.727130889892578
10.586727619171143
9.595566272735596
10.591264724731445
10.603770017623901
10.200307130813599
10.561500310897827
10.58217740058899
10.271826028823853
10.470632314682007
10.481206893920898
10.61261773109436
10.318628072738647
10.213147401809692
10.21250867843628
10.636756181716919
10.131848573684692
10.580883026123047
10.130316734313965
10.1472487449646
10.669219970703125
10.61020565032959
10.582614421844482
10.527617692947388
10.498699426651001
10.681367874145508
10.66363787651062
10.575623035430908
10.569638967514038
10.594135999679565
10.703520059585571
10.760657787322998
10.72885513305664
10.713510751724243
10.665967464447021
10.78056788444519
10.583755493164062
10.210304021835327
10.959747791290283
10.769649028778076
10.794690608978271
10.912421226501465
10.793172121047974
10.82346510887146
10.948215961456299
10.724260807037354
10.692237377166748
10.864511251449585
10.892858266830444
10.882049083709717
10.917199850082397
10.859253644943237
10.790257215499878
10.799310207366943
10.800766944885254
10.973570823669434
10.717676162719727
10.914276123046875
10.999052047729492
10.866487503051758
10.837636470794678
10.91267466545105
10.990478277206421
10.979350805282593
10.83608889579773
10.965713739395142
11.031312227249146
10.862246990203857
10.82115888595581
10.94606876373291
10.916093111038208
10.905791997909546
10.957103490829468
10.907687902450562
10.930891036987305
10.861739873886108
10.924634218215942
10.891788005828857
10.987712860107422
10.940863132476807
10.89757513999939
10.919665813446045
10.947000741958618
10.968326330184937
10.936476230621338
10.838070631027222
10.873974561691284
10.852921485900879
10.98039722442627
10.931365489959717
12.439854860305786
