Timing log for each step:
0.013012409210205078
1.933781385421753
1.9452545642852783
2.0598583221435547
2.065467357635498
1.9258251190185547
1.9097239971160889
1.9917967319488525
1.9495699405670166
1.8746941089630127
1.8256471157073975
1.880624532699585
1.876281499862671
1.8877053260803223
1.8006246089935303
1.8110802173614502
1.7889466285705566
1.8046281337738037
1.7445745468139648
1.8622350692749023
1.7708070278167725
1.7435736656188965
1.9637725353240967
1.792590618133545
1.8227930068969727
1.7766029834747314
1.876694679260254
1.8242390155792236
1.8436646461486816
1.9117252826690674
1.7626516819000244
1.7976830005645752
1.794637680053711
1.8316552639007568
1.8969221115112305
1.7938802242279053
1.7475783824920654
1.8816986083984375
1.8643252849578857
1.8478329181671143
1.9287407398223877
1.771599292755127
1.8046319484710693
1.7727341651916504
1.7595884799957275
1.8281469345092773
1.7871692180633545
1.8268053531646729
1.8046293258666992
1.7821736335754395
1.8472068309783936
1.9068222045898438
1.8256471157073975
1.9132649898529053
1.8611581325531006
1.8098225593566895
1.8706893920898438
1.878394603729248
1.8014037609100342
1.7999203205108643
1.9837908744812012
1.7752223014831543
1.829714298248291
1.8166382312774658
1.842663288116455
1.9132952690124512
1.7899203300476074
1.8696868419647217
1.8051643371582031
1.8491604328155518
1.8327503204345703
1.8166382312774658
1.742157220840454
1.8238627910614014
1.9477591514587402
1.7951860427856445
1.7890868186950684
1.9299328327178955
1.9477579593658447
1.8026950359344482
1.84871506690979
1.8667187690734863
1.8436694145202637
1.8602094650268555
1.7356395721435547
1.7886593341827393
1.809638261795044
1.7977375984191895
1.7992722988128662
1.7766075134277344
1.8797013759613037
1.8327791690826416
1.8482367992401123
1.9677789211273193
1.8311405181884766
1.9505095481872559
1.7776274681091309
1.856679916381836
1.8822219371795654
1.8290667533874512
1.848670482635498
1.7946240901947021
1.7949659824371338
1.83640718460083
1.7996265888214111
1.8116400241851807
1.89729905128479
1.8077738285064697
1.870692253112793
1.7856149673461914
1.803379774093628
1.8888132572174072
1.7946224212646484
1.8602173328399658
1.9262244701385498
1.8948307037353516
1.8356611728668213
1.8021986484527588
1.9672224521636963
1.8128197193145752
1.8726954460144043
1.8156414031982422
1.8507957458496094
1.9018094539642334
1.8546781539916992
1.826481819152832
1.8578052520751953
1.8106398582458496
1.847344160079956
1.8394663333892822
1.793623447418213
1.7625946998596191
1.797821044921875
1.9068608283996582
1.8236515522003174
1.8106379508972168
1.8312439918518066
1.9550621509552002
1.8286526203155518
1.9049105644226074
1.9382779598236084
1.8731193542480469
1.8036315441131592
1.857193946838379
1.9127542972564697
1.9557363986968994
1.91585111618042
1.8281877040863037
1.8425264358520508
1.877896785736084
1.8586792945861816
1.8052523136138916
1.8623697757720947
1.9207367897033691
1.8056344985961914
1.8093178272247314
1.813514232635498
1.873694896697998
1.8146426677703857
1.7991490364074707
1.9030005931854248
1.8606822490692139
1.9282567501068115
1.830200433731079
1.7917747497558594
1.7776069641113281
1.746579885482788
1.8738493919372559
1.7777268886566162
1.8006298542022705
1.84366774559021
1.9557583332061768
1.8099467754364014
1.8186440467834473
1.8206472396850586
1.9250788688659668
1.8207871913909912
1.7786071300506592
1.8196463584899902
1.902958631515503
1.8475911617279053
1.8606829643249512
1.9575245380401611
1.8017313480377197
1.8797004222869873
1.8041460514068604
1.9368047714233398
1.8498919010162354
1.911729097366333
1.919539451599121
1.795539379119873
1.8603096008300781
1.8406658172607422
1.8057007789611816
1.913243293762207
1.8046331405639648
1.8817036151885986
1.8662397861480713
1.8608169555664062
1.836660623550415
1.853677749633789
1.85914945602417
1.7740252017974854
1.8036317825317383
1.8181886672973633
1.8727271556854248
1.7876653671264648
1.8356595039367676
1.8532705307006836
1.9436838626861572
1.8186941146850586
1.8036315441131592
1.8642334938049316
1.8465602397918701
1.9877970218658447
1.9167346954345703
1.8882286548614502
1.8438618183135986
1.8086376190185547
1.8636865615844727
1.898339033126831
1.9059760570526123
1.9327492713928223
1.8636863231658936
1.8912286758422852
1.846670389175415
1.8476717472076416
2.0282351970672607
1.7678158283233643
1.7946226596832275
1.9807932376861572
1.8301944732666016
1.872755527496338
1.7916219234466553
1.9632680416107178
1.805361270904541
1.781611442565918
1.8486735820770264
1.8939430713653564
1.835756540298462
1.891709804534912
1.7802016735076904
1.8286817073822021
1.7987077236175537
1.7746050357818604
1.8287768363952637
1.7927064895629883
1.7245593070983887
1.8276536464691162
1.8090994358062744
1.8253514766693115
1.7906193733215332
1.8306567668914795
1.8343024253845215
1.7748043537139893
1.8466718196868896
1.7947652339935303
1.873225212097168
1.8127326965332031
1.8827037811279297
1.8012897968292236
1.8426299095153809
1.859102725982666
1.8306548595428467
1.8716998100280762
1.815845012664795
1.8346595764160156
1.7986280918121338
1.8052000999450684
1.8668012619018555
1.8666903972625732
1.9142358303070068
1.7948272228240967
1.8137788772583008
1.9667797088623047
1.8196461200714111
1.9638679027557373
1.798659324645996
1.8847064971923828
1.8793258666992188
1.8508234024047852
1.8817558288574219
1.8616831302642822
1.8421683311462402
1.8428013324737549
1.8146424293518066
1.8306567668914795
1.921137809753418
1.8718314170837402
1.8566806316375732
1.7976267337799072
1.9012322425842285
1.8757708072662354
1.9137308597564697
1.7415754795074463
1.8022875785827637
1.8444550037384033
1.973785161972046
1.9372570514678955
1.7965734004974365
1.822826623916626
1.820648193359375
1.8558571338653564
1.8250601291656494
1.8406639099121094
1.7696006298065186
1.8902864456176758
1.8161141872406006
1.8879504203796387
1.87969970703125
1.8297734260559082
1.8575749397277832
1.8306562900543213
1.890709638595581
1.8501415252685547
1.902813196182251
1.8486721515655518
1.7986257076263428
1.940769910812378
1.8268308639526367
1.8146419525146484
1.7906200885772705
1.8016200065612793
1.8428289890289307
1.8136391639709473
1.7365729808807373
1.7582273483276367
1.8122599124908447
1.8366625308990479
1.8206160068511963
1.8584210872650146
1.8356611728668213
1.7946228981018066
1.8630280494689941
1.904184341430664
1.7616000175476074
1.8746957778930664
1.8271641731262207
1.9609363079071045
1.9427580833435059
1.8572063446044922
1.787947177886963
1.8087213039398193
1.8977155685424805
1.8561983108520508
1.830575704574585
1.8346996307373047
1.8286540508270264
1.8531570434570312
1.9068756103515625
1.8526766300201416
1.8236498832702637
1.783339262008667
1.8758132457733154
1.8216495513916016
1.7831366062164307
1.8517897129058838
1.944908857345581
1.8506746292114258
1.8913488388061523
1.8417105674743652
1.8237524032592773
1.817643642425537
1.8150005340576172
1.8927085399627686
1.815643310546875
1.8877079486846924
1.860196828842163
1.8751208782196045
1.7906196117401123
1.8316566944122314
1.8437223434448242
1.7848172187805176
1.8356595039367676
1.831657886505127
1.8417489528656006
1.8098065853118896
1.9187350273132324
1.7535851001739502
1.870795488357544
1.8708217144012451
1.8256514072418213
1.8887083530426025
1.8294544219970703
1.8548846244812012
1.8766980171203613
1.884704351425171
1.8051891326904297
1.804884433746338
1.8486723899841309
1.930281162261963
2.046380043029785
1.8700950145721436
1.827653408050537
2.0038909912109375
1.8458490371704102
1.8706927299499512
1.8857059478759766
1.822141170501709
1.8637995719909668
1.923741340637207
1.835660696029663
1.8773128986358643
1.785703420639038
1.8396635055541992
1.8576791286468506
1.8371717929840088
1.8027713298797607
1.8156416416168213
1.827162265777588
1.8716504573822021
1.80975341796875
1.9207382202148438
1.9823241233825684
1.8236510753631592
1.8318023681640625
1.782611608505249
1.777738332748413
1.826308250427246
1.794682502746582
1.9597728252410889
1.8432159423828125
1.8757803440093994
1.8787004947662354
1.9327492713928223
1.7982292175292969
1.889798879623413
1.8847050666809082
1.821648359298706
1.8692631721496582
1.8468327522277832
1.8897082805633545
1.8696925640106201
1.9454381465911865
1.8027632236480713
1.8496732711791992
1.8401849269866943
2.0329530239105225
1.7457585334777832
1.78261137008667
1.844240665435791
1.8531768321990967
1.8409125804901123
1.8596820831298828
1.883894920349121
1.8522732257843018
1.8336598873138428
1.9107270240783691
1.9452955722808838
1.7886831760406494
1.9497637748718262
1.7625946998596191
1.8662817478179932
1.8177552223205566
1.9167346954345703
1.8752663135528564
1.9636471271514893
1.853149652481079
1.8556790351867676
1.906928300857544
1.8307716846466064
1.796623945236206
1.814640760421753
1.8391318321228027
1.8036868572235107
1.7976253032684326
1.8817014694213867
1.953171730041504
1.937556505203247
1.909728765487671
1.7906217575073242
1.7707955837249756
1.927001953125
1.785614013671875
1.8126411437988281
1.8198955059051514
1.8688631057739258
1.8336594104766846
1.9042305946350098
1.9263064861297607
1.8215951919555664
1.8526761531829834
1.9012341499328613
1.868154764175415
1.8416972160339355
1.7746050357818604
1.8799073696136475
1.9138238430023193
1.9107296466827393
1.850675344467163
1.8902132511138916
1.7666993141174316
1.883704423904419
1.8972413539886475
1.901244878768921
1.8597490787506104
1.8987174034118652
1.866689920425415
1.9186866283416748
1.885711908340454
1.8176462650299072
1.8356373310089111
1.9304356575012207
1.7966244220733643
1.8506743907928467
1.935682773590088
1.8447113037109375
1.863685131072998
1.9277441501617432
1.784531831741333
1.8207614421844482
1.9537684917449951
1.8206455707550049
1.8493685722351074
1.8277692794799805
1.8096377849578857
1.8987195491790771
1.841444492340088
1.8798506259918213
1.9427566528320312
1.8242418766021729
1.90576171875
1.967000961303711
1.8606839179992676
2.0012218952178955
1.9679112434387207
1.8677701950073242
1.7986280918121338
1.952293872833252
1.795743465423584
1.8156418800354004
1.8692026138305664
1.865518569946289
1.864772081375122
1.8156440258026123
1.9498188495635986
1.9209022521972656
1.7796099185943604
1.8246510028839111
1.8835539817810059
1.833847999572754
1.8026301860809326
1.8326594829559326
1.848189353942871
1.812941312789917
1.8146443367004395
1.8434126377105713
1.7602310180664062
1.8216915130615234
1.7876203060150146
1.9141640663146973
1.920426368713379
1.9247441291809082
1.8556807041168213
1.7731618881225586
1.8969268798828125
1.840667724609375
1.7615962028503418
1.819608449935913
1.897791862487793
1.8206498622894287
1.962005615234375
1.9065113067626953
1.9356341361999512
1.7986280918121338
1.8471746444702148
1.8113694190979004
1.7966277599334717
1.757591724395752
1.9764585494995117
1.9300849437713623
1.8296573162078857
1.856215000152588
1.8996496200561523
1.8636894226074219
1.9057269096374512
1.8901357650756836
1.810858964920044
1.8036351203918457
1.8326590061187744
1.7799458503723145
1.822540044784546
1.9107301235198975
1.860687017440796
1.956418752670288
1.8358323574066162
1.993807315826416
2.070139169692993
1.9217963218688965
1.961778163909912
1.9387578964233398
1.8851325511932373
1.9049034118652344
1.8857100009918213
1.7986297607421875
1.8930058479309082
1.9119091033935547
1.8436706066131592
1.8706951141357422
1.8076720237731934
1.864762306213379
1.804635763168335
1.9249484539031982
1.9286057949066162
1.9888017177581787
1.9727885723114014
1.813628911972046
1.9368653297424316
1.8596858978271484
1.830657720565796
1.7938756942749023
1.833754301071167
1.8847088813781738
1.9392943382263184
1.8001515865325928
1.8589129447937012
1.8126416206359863
1.9714148044586182
1.8388264179229736
1.848801612854004
1.861687183380127
1.929945707321167
1.9166254997253418
1.89971923828125
1.8306589126586914
1.8423309326171875
1.878903865814209
1.9477639198303223
1.793128490447998
1.9367454051971436
1.9317896366119385
1.961778163909912
1.83662748336792
1.924753189086914
1.8136415481567383
1.8192660808563232
1.8477609157562256
1.79762864112854
1.912734031677246
1.8742496967315674
1.8948910236358643
1.8356640338897705
1.8206493854522705
1.8171586990356445
1.8308100700378418
1.8476765155792236
1.819155216217041
1.7917990684509277
1.7886216640472412
1.8226511478424072
1.8184311389923096
1.8228468894958496
1.8516783714294434
1.844672441482544
1.8967359066009521
1.9185030460357666
1.7746081352233887
1.856189489364624
1.789391040802002
1.897719144821167
1.8156461715698242
1.874746561050415
1.8808724880218506
1.8226525783538818
1.8346614837646484
1.917781114578247
1.8528268337249756
1.8827059268951416
1.7906227111816406
1.8082714080810547
1.8057045936584473
1.9227418899536133
1.8131234645843506
1.8207101821899414
1.8356637954711914
1.8206486701965332
1.9735240936279297
1.8337600231170654
1.7956254482269287
1.799161672592163
1.9337983131408691
1.8738744258880615
1.9918053150177002
1.802781105041504
1.8568575382232666
1.8196489810943604
1.8066375255584717
1.8585622310638428
1.7888827323913574
1.8206496238708496
1.8847086429595947
1.8233561515808105
1.7997491359710693
1.9507684707641602
1.8201885223388672
1.8497264385223389
1.79762864112854
1.9247441291809082
1.9151716232299805
1.8848953247070312
1.849675178527832
1.814643383026123
1.896777868270874
1.7796952724456787
1.7856175899505615
1.7677733898162842
1.8528339862823486
1.859764814376831
1.866692304611206
1.845323085784912
1.9008452892303467
1.8199748992919922
1.802631139755249
1.8794169425964355
1.7982568740844727
1.7846167087554932
1.7891297340393066
1.8815605640411377
1.8076705932617188
1.9217405319213867
1.871767282485962
1.8627758026123047
1.857682466506958
1.7976288795471191
1.766843557357788
1.914940595626831
1.8006315231323242
1.84767484664917
1.9062471389770508
1.8609673976898193
1.9407575130462646
1.8232219219207764
1.8341999053955078
1.9109082221984863
1.8656909465789795
1.7896218299865723
2.0055148601531982
1.838083028793335
1.8546802997589111
1.8202030658721924
1.8287053108215332
1.7866621017456055
1.9898037910461426
1.8053383827209473
1.8895139694213867
1.8897125720977783
1.8847095966339111
1.794407606124878
1.9143245220184326
1.8616864681243896
1.8351678848266602
1.9141242504119873
1.844843864440918
1.9427604675292969
1.873262882232666
1.8122637271881104
1.8857548236846924
1.9908041954040527
1.831291913986206
1.878779649734497
1.7886204719543457
1.9883520603179932
1.8036596775054932
1.9888134002685547
1.784616231918335
1.8966100215911865
1.9068903923034668
1.84367036819458
1.8496768474578857
1.8192684650421143
1.9639017581939697
1.7645983695983887
1.8636884689331055
1.8094313144683838
1.893831729888916
1.949765682220459
1.8452250957489014
1.8730833530426025
1.8507840633392334
1.8356645107269287
1.824251413345337
1.7983174324035645
1.9167876243591309
1.9197380542755127
1.8113467693328857
1.9184222221374512
1.8056361675262451
1.811640977859497
1.8550395965576172
1.912593126296997
1.8046350479125977
1.8016307353973389
1.9592230319976807
1.8788397312164307
1.8656895160675049
1.8431966304779053
1.8883976936340332
1.9408724308013916
1.7856168746948242
1.795313835144043
1.8265702724456787
1.8137931823730469
1.8756990432739258
1.851224660873413
1.78067946434021
1.8386824131011963
1.8686928749084473
1.7670340538024902
1.8102428913116455
1.8096389770507812
1.7786104679107666
1.8020758628845215
1.8132822513580322
1.8877110481262207
1.775608777999878
1.862156867980957
1.8051841259002686
1.856682538986206
1.8221726417541504
1.809023380279541
1.8296592235565186
2.020408868789673
1.916266679763794
1.9511768817901611
1.8246541023254395
1.8609247207641602
1.8364205360412598
1.8887131214141846
1.7986304759979248
1.9123401641845703
1.8575835227966309
1.816645622253418
1.8837058544158936
1.9489948749542236
1.9498438835144043
1.8696937561035156
1.9093315601348877
1.959824800491333
1.831768274307251
1.8306593894958496
1.7991461753845215
1.823629379272461
1.8626770973205566
1.7796111106872559
1.819648265838623
1.8663725852966309
1.8900861740112305
1.848675012588501
1.8422181606292725
1.8842828273773193
1.8046343326568604
1.8827061653137207
1.7772367000579834
1.8057661056518555
1.7776110172271729
1.8586835861206055
2.02236270904541
1.8458127975463867
1.8987209796905518
1.7978401184082031
1.8683464527130127
1.805635929107666
1.7986302375793457
1.8089988231658936
1.8993723392486572
1.7846169471740723
1.8546817302703857
1.834275245666504
1.7988712787628174
1.770604133605957
1.772111415863037
1.7997291088104248
1.8136420249938965
1.8957159519195557
1.8882482051849365
1.824512004852295
1.809640645980835
1.7876195907592773
1.9989540576934814
1.8659412860870361
1.8496756553649902
1.8141729831695557
1.8797364234924316
1.9337828159332275
1.8386671543121338
1.8702154159545898
1.9405324459075928
1.7876198291778564
1.9027235507965088
1.8794350624084473
1.8337476253509521
1.941758632659912
1.85276460647583
1.8763370513916016
1.79465651512146
1.836663007736206
1.8318207263946533
1.7834343910217285
1.919748067855835
1.875699758529663
1.9111344814300537
1.7964539527893066
1.9037249088287354
1.8706965446472168
1.8223941326141357
1.8772845268249512
1.7776098251342773
1.869286298751831
1.8438186645507812
1.9407572746276855
1.8346624374389648
1.8440325260162354
1.8228797912597656
1.8777003288269043
1.8466746807098389
1.8904368877410889
1.8128163814544678
1.7836167812347412
1.7941381931304932
1.9050686359405518
1.833662986755371
1.7595939636230469
1.8154094219207764
1.7777984142303467
1.830658197402954
1.8426704406738281
1.758131504058838
1.8037683963775635
1.8716957569122314
1.8446714878082275
1.8622350692749023
1.9308795928955078
1.8096394538879395
1.8269267082214355
1.7847445011138916
1.811647891998291
1.8857090473175049
1.828916311264038
1.8128612041473389
1.8306593894958496
1.878206491470337
1.8492183685302734
1.8778064250946045
1.964780330657959
1.7832067012786865
1.806265115737915
1.8267042636871338
1.8356637954711914
1.8472177982330322
1.8807480335235596
1.8657896518707275
1.8817050457000732
1.8566806316375732
1.7824428081512451
1.8228554725646973
1.813643217086792
1.8293089866638184
2.046931028366089
1.985799789428711
1.8917145729064941
1.8732872009277344
1.8658173084259033
1.8076376914978027
1.8496754169464111
1.960209608078003
1.9018585681915283
1.855679988861084
1.7901504039764404
1.8477046489715576
1.9068212509155273
1.8967185020446777
1.8492577075958252
1.8391964435577393
1.941864252090454
1.8716979026794434
1.8952610492706299
1.788851022720337
1.8316588401794434
1.9467647075653076
1.8494994640350342
1.8797616958618164
1.8476755619049072
1.830164909362793
1.9334673881530762
1.9017751216888428
1.8096399307250977
1.9384050369262695
1.8719170093536377
1.878702163696289
1.8066363334655762
1.7684438228607178
1.8257865905761719
1.844670295715332
1.7987101078033447
1.933922290802002
1.903724193572998
1.931750774383545
1.8677468299865723
1.8077993392944336
1.8736982345581055
1.822160243988037
1.789888620376587
1.8377397060394287
1.747581958770752
1.8798885345458984
1.8849225044250488
1.8356659412384033
1.7726082801818848
1.881756067276001
1.7888338565826416
1.9067292213439941
1.9347543716430664
1.9163384437561035
1.8628487586975098
1.952773094177246
1.8963298797607422
1.8125293254852295
1.85768461227417
1.7686054706573486
1.9013292789459229
1.8356950283050537
1.7976322174072266
1.8451857566833496
1.8073678016662598
1.8076386451721191
1.869694471359253
1.8323297500610352
1.796499252319336
1.9558913707733154
1.87870454788208
1.9029541015625
1.8193964958190918
1.8176484107971191
1.7966301441192627
1.7931180000305176
1.8147330284118652
1.8336644172668457
1.8777036666870117
1.8063504695892334
1.8388898372650146
1.9087319374084473
1.8071746826171875
1.8665838241577148
1.9487802982330322
1.8486785888671875
1.8532617092132568
1.8747837543487549
1.7656009197235107
1.7615976333618164
1.8351755142211914
1.74528169631958
1.8827104568481445
1.7676022052764893
1.8597557544708252
1.925811767578125
1.8156464099884033
1.8642048835754395
1.8876025676727295
1.8237040042877197
2.0528619289398193
1.861325740814209
1.793278694152832
1.8869643211364746
1.8346638679504395
1.808579683303833
1.7977426052093506
1.8406693935394287
1.8550946712493896
1.8787503242492676
1.8397390842437744
1.780613899230957
1.940277338027954
1.9377686977386475
1.8928322792053223
1.869694471359253
1.879270315170288
1.8308110237121582
1.7667200565338135
1.809643268585205
1.8180837631225586
1.8829069137573242
1.8737001419067383
1.7986304759979248
1.8295707702636719
1.788818597793579
1.8196542263031006
1.8202614784240723
1.8366522789001465
1.8797836303710938
1.7756104469299316
1.8147823810577393
1.8802642822265625
1.8256573677062988
1.9207425117492676
1.7991645336151123
1.7677857875823975
1.8957207202911377
1.810819149017334
1.778364896774292
1.8636975288391113
1.793626070022583
1.8017687797546387
1.7453303337097168
1.8596875667572021
1.8086411952972412
1.9833695888519287
1.8772895336151123
1.7878532409667969
1.8236541748046875
1.9024252891540527
1.891923427581787
1.897721529006958
1.9327545166015625
1.819758653640747
1.8538792133331299
1.7816150188446045
1.8086416721343994
1.7600955963134766
1.813753604888916
1.7806143760681152
1.7801454067230225
1.8532052040100098
1.8350720405578613
1.803636074066162
1.8592474460601807
1.802762746810913
1.8946762084960938
1.7996325492858887
1.8219962120056152
1.9524824619293213
1.8386688232421875
2.0408525466918945
1.8477046489715576
1.8227896690368652
1.7555913925170898
1.8266570568084717
1.765794038772583
1.821829080581665
1.7776117324829102
1.8352301120758057
1.8386640548706055
2.0049984455108643
1.8086402416229248
1.856780767440796
1.8981695175170898
1.7997334003448486
1.9017260074615479
1.8383281230926514
1.8371331691741943
1.8658254146575928
1.8406705856323242
1.8572542667388916
1.775541067123413
1.7956645488739014
1.9267494678497314
1.8008110523223877
1.846114158630371
1.9227447509765625
1.875206708908081
1.798841953277588
1.8797125816345215
1.8136444091796875
1.8526828289031982
1.869309663772583
1.9609785079956055
1.9767937660217285
1.9393184185028076
1.7735753059387207
1.8317675590515137
1.924746036529541
1.7781875133514404
2.108847141265869
1.8977832794189453
1.9247462749481201
1.9262354373931885
1.8419239521026611
1.9197418689727783
2.0318429470062256
2.0044610500335693
2.0679237842559814
1.8977222442626953
1.8082573413848877
2.0358998775482178
1.850679874420166
1.9307506084442139
1.896183967590332
1.8935956954956055
1.8076410293579102
1.8096425533294678
1.7891783714294434
1.7856199741363525
1.8156473636627197
1.8552238941192627
1.8642592430114746
1.7846190929412842
1.9279084205627441
1.8236973285675049
1.825735092163086
1.8326613903045654
1.765864372253418
1.8304450511932373
1.854682207107544
1.7956292629241943
1.9470365047454834
1.8828694820404053
1.8186500072479248
1.8376688957214355
1.8297386169433594
1.9408693313598633
1.848677635192871
1.9048585891723633
1.8598637580871582
1.824655294418335
1.9237451553344727
1.8182353973388672
1.9098889827728271
1.8026354312896729
1.8782165050506592
1.9141957759857178
1.9117345809936523
1.8406708240509033
1.8861827850341797
1.8964712619781494
1.8646941184997559
1.868694543838501
1.8251397609710693
1.8778495788574219
1.9948091506958008
1.9222652912139893
1.9001481533050537
1.813795804977417
1.9327547550201416
1.8702454566955566
1.8745296001434326
1.8851642608642578
1.832662582397461
1.8088524341583252
1.8568923473358154
1.8797039985656738
1.8576834201812744
1.9163036346435547
1.8927769660949707
1.8396692276000977
1.8616907596588135
1.8330776691436768
1.8437161445617676
1.7866203784942627
1.8552370071411133
1.8190782070159912
1.826697826385498
1.8446743488311768
1.8550207614898682
1.8488571643829346
1.9868035316467285
1.845674753189087
1.9269053936004639
1.9208314418792725
1.8646914958953857
1.8156471252441406
1.7802603244781494
1.8137938976287842
1.8076400756835938
1.8528127670288086
1.920875072479248
1.8006324768066406
1.8987231254577637
1.9002704620361328
1.8237204551696777
1.8536808490753174
1.8516807556152344
1.8498809337615967
1.8273606300354004
1.9247467517852783
1.8516809940338135
1.8851747512817383
1.8307740688323975
1.8556818962097168
1.8276581764221191
1.8546373844146729
1.8747045993804932
1.8396692276000977
1.8266572952270508
1.8760762214660645
1.902726650238037
1.8696963787078857
1.8895347118377686
1.8334074020385742
1.800633192062378
1.848677158355713
1.864840030670166
1.8059766292572021
1.7896242141723633
1.8341736793518066
1.8482637405395508
1.8497788906097412
1.866694450378418
1.9353528022766113
1.8949909210205078
1.788719654083252
1.8807063102722168
1.8282122611999512
1.9298644065856934
1.824655294418335
1.8476760387420654
1.7945940494537354
1.918900728225708
1.7796125411987305
1.82765793800354
1.8598692417144775
1.8588402271270752
2.017828941345215
1.9422681331634521
1.8976843357086182
1.7806646823883057
1.9107334613800049
1.8369183540344238
1.8033044338226318
1.8467211723327637
1.8176510334014893
1.8594865798950195
1.9779114723205566
1.85868501663208
1.9302918910980225
1.9047832489013672
1.8858330249786377
1.8326606750488281
1.8583500385284424
2.017932415008545
1.857842206954956
1.8136446475982666
1.8431758880615234
1.9121508598327637
1.8056392669677734
1.8481993675231934
1.8187367916107178
2.0208334922790527
1.8476767539978027
1.8841910362243652
1.8988823890686035
1.9657835960388184
1.7886219024658203
1.7983036041259766
1.8106434345245361
1.9827985763549805
1.9010052680969238
1.8937675952911377
1.8406696319580078
1.9998142719268799
1.8720993995666504
1.8868305683135986
1.8046376705169678
1.886357307434082
1.8631670475006104
1.7827117443084717
1.8246550559997559
1.980309247970581
1.7946794033050537
1.8320281505584717
1.892716884613037
1.9022314548492432
1.8185920715332031
1.8768231868743896
1.8686957359313965
1.9869694709777832
2.036919116973877
1.821652889251709
1.9052486419677734
1.8228600025177002
1.9378125667572021
1.9177403450012207
1.8407361507415771
1.8126964569091797
1.8286595344543457
2.0108232498168945
1.790198802947998
1.812798023223877
1.8576841354370117
1.8626892566680908
1.851703405380249
1.9037771224975586
1.8396694660186768
1.8221266269683838
1.876434564590454
1.8176491260528564
1.8376657962799072
1.8984425067901611
1.8719122409820557
1.8506784439086914
1.9337563514709473
1.9272656440734863
1.7876620292663574
2.3591392040252686
1.926278829574585
2.205444097518921
1.8887903690338135
1.8646912574768066
1.847257137298584
1.845855474472046
1.7676680088043213
1.8416721820831299
1.802006721496582
1.8909046649932861
1.8206508159637451
1.9597773551940918
1.7941744327545166
1.8428266048431396
1.8026344776153564
1.8216526508331299
1.878291130065918
1.8158018589019775
1.8606886863708496
1.9928081035614014
1.8281352519989014
1.813819169998169
1.9017257690429688
1.8516795635223389
1.8194379806518555
1.852632999420166
1.9888043403625488
1.7969460487365723
1.7833266258239746
1.971789836883545
1.8716988563537598
1.913792610168457
1.7817471027374268
1.7926263809204102
1.8927183151245117
1.8847472667694092
1.817744493484497
1.8426730632781982
1.839667797088623
1.920287847518921
1.8758857250213623
1.908733606338501
1.850677490234375
1.8122410774230957
1.8582303524017334
1.7996320724487305
1.794140338897705
1.813098430633545
1.8939554691314697
1.845674991607666
1.8182041645050049
1.9111888408660889
1.872896432876587
1.840669870376587
1.8652851581573486
1.8762331008911133
1.8658814430236816
1.8366661071777344
1.9772987365722656
1.8162100315093994
1.819838523864746
1.8456764221191406
1.7656021118164062
1.8448030948638916
1.9038286209106445
1.8146445751190186
1.8056371212005615
1.8198390007019043
1.8698153495788574
1.7926263809204102
1.836667776107788
1.807276725769043
1.8070707321166992
1.9147393703460693
1.910252571105957
1.8397576808929443
1.8456757068634033
1.840672254562378
1.8313519954681396
1.847832441329956
1.8066401481628418
1.9127352237701416
1.8623080253601074
1.8135082721710205
1.803636074066162
1.9077320098876953
1.8731613159179688
1.776979684829712
1.8686964511871338
1.9147396087646484
1.9142835140228271
1.93479323387146
1.884711503982544
1.900322675704956
1.8307247161865234
1.7656023502349854
1.863692283630371
1.8232228755950928
1.9098005294799805
1.8476765155792236
1.8091940879821777
1.8495793342590332
1.7886474132537842
1.8927180767059326
1.865224838256836
1.9226016998291016
1.880708932876587
1.883711576461792
1.8648178577423096
1.8317880630493164
1.8246567249298096
1.9207448959350586
1.8458077907562256
1.843210220336914
1.8256580829620361
1.895308256149292
1.8734040260314941
1.8526811599731445
1.8767051696777344
1.836362600326538
1.9258167743682861
1.7686049938201904
1.9077298641204834
1.8402431011199951
1.905820369720459
1.8416712284088135
1.8226549625396729
1.8937792778015137
1.8607778549194336
1.7786142826080322
1.8773105144500732
1.7893025875091553
1.8997247219085693
1.983802080154419
1.8055534362792969
1.8095073699951172
1.8336658477783203
1.8967208862304688
1.9056904315948486
1.8363566398620605
1.8346664905548096
1.8526818752288818
1.8271450996398926
1.8258137702941895
1.7836198806762695
1.9007251262664795
1.8572413921356201
1.8311727046966553
1.9447689056396484
1.8322670459747314
1.9272592067718506
1.8470728397369385
1.9047293663024902
1.8793489933013916
1.8999533653259277
1.843674659729004
1.9828004837036133
2.125608205795288
1.752720594406128
1.916741132736206
1.88923978805542
1.8277404308319092
1.993809700012207
1.907731533050537
1.821258544921875
1.8823528289794922
1.9127428531646729
1.8346660137176514
1.9013409614562988
1.8394594192504883
1.784618854522705
1.7906255722045898
1.8491592407226562
1.9239070415496826
1.7986335754394531
1.97979736328125
1.8207907676696777
1.8128387928009033
1.8486788272857666
1.8176486492156982
1.918848991394043
1.889127254486084
1.8226542472839355
1.9478912353515625
1.9201393127441406
1.9457647800445557
1.8236541748046875
1.7873954772949219
1.8888740539550781
1.7936267852783203
2.015387773513794
1.864616870880127
1.811734914779663
1.870699405670166
1.8913037776947021
1.7955303192138672
1.8686976432800293
1.9747931957244873
1.9434571266174316
1.833707332611084
1.804638385772705
1.902348279953003
1.8098108768463135
1.8656930923461914
1.9422969818115234
1.9035146236419678
1.850691318511963
1.8696978092193604
1.8369829654693604
1.9530284404754639
1.946767807006836
1.820652723312378
1.920414924621582
1.9409072399139404
1.9107351303100586
1.9960377216339111
1.872847080230713
1.8506803512573242
1.9707891941070557
2.0015058517456055
1.9237897396087646
1.8937206268310547
1.8251781463623047
1.874762773513794
1.88576078414917
1.8837099075317383
1.931020975112915
2.016395092010498
2.107914924621582
1.9587798118591309
1.97322678565979
2.0128586292266846
1.973792314529419
1.893796443939209
2.1049604415893555
1.9723193645477295
1.9132678508758545
2.0649502277374268
2.038851737976074
1.9707856178283691
1.806725263595581
1.8907184600830078
1.8116447925567627
1.8161461353302002
1.8671653270721436
1.8416719436645508
1.8843019008636475
1.8634490966796875
1.9347572326660156
1.9197421073913574
1.8922884464263916
1.8808672428131104
1.8767037391662598
2.0423643589019775
1.9834437370300293
1.885711669921875
1.915738821029663
1.9586737155914307
1.905921220779419
1.874701976776123
1.8907148838043213
1.8808887004852295
1.8608272075653076
2.112917900085449
1.954317331314087
1.8175480365753174
1.9307548999786377
1.8970401287078857
1.842914342880249
1.9238719940185547
1.8944156169891357
1.856839656829834
1.8406713008880615
1.7691574096679688
1.9282379150390625
1.8286700248718262
1.9243357181549072
1.8723900318145752
1.838670015335083
1.8807060718536377
1.9244213104248047
2.037076234817505
2.038332462310791
1.9897587299346924
2.0025906562805176
1.862941026687622
1.9317529201507568
1.8271517753601074
1.8688452243804932
1.8176500797271729
1.9257481098175049
2.0123448371887207
1.8898816108703613
1.9207427501678467
1.8735988140106201
1.9518489837646484
1.8236546516418457
1.874704122543335
1.93695068359375
1.9407615661621094
1.9813485145568848
1.9732303619384766
1.8738350868225098
1.9007248878479004
1.9171335697174072
1.806936502456665
2.0118277072906494
1.8606886863708496
1.8729307651519775
1.8718626499176025
1.8983440399169922
1.9479014873504639
1.9577767848968506
1.955392599105835
1.8451435565948486
1.959808588027954
1.8536818027496338
1.8622477054595947
1.988135576248169
1.8526818752288818
1.8464162349700928
1.817685604095459
1.8426711559295654
1.866382360458374
1.8209280967712402
1.9077353477478027
1.8656933307647705
1.9245717525482178
1.7849676609039307
1.9067306518554688
1.9405608177185059
1.7907953262329102
1.8076422214508057
1.8366672992706299
1.9603018760681152
1.8467810153961182
1.926748514175415
1.8860528469085693
1.9739248752593994
1.820652723312378
1.9511866569519043
1.8778488636016846
1.8787055015563965
1.765254020690918
2.1833813190460205
2.1435203552246094
2.0567479133605957
1.807375192642212
1.7897522449493408
1.7595973014831543
1.8893613815307617
1.865997314453125
1.8907172679901123
1.7751383781433105
1.917825698852539
1.8947200775146484
1.8426733016967773
2.0795884132385254
2.020888566970825
1.98980712890625
1.9407439231872559
1.8687715530395508
1.956777572631836
1.8645594120025635
1.817373514175415
1.8747029304504395
1.911736011505127
1.9440784454345703
2.0750555992126465
2.030844211578369
1.859144687652588
1.8507320880889893
1.9100971221923828
1.9753947257995605
2.015829086303711
1.8532435894012451
1.802863597869873
1.9017260074615479
1.9472777843475342
1.9152448177337646
1.8426361083984375
1.9581377506256104
1.9142520427703857
1.8707773685455322
1.8556280136108398
1.947786808013916
1.8706989288330078
1.879345417022705
1.8350870609283447
1.803013563156128
1.8206532001495361
1.8421943187713623
1.9967319965362549
1.8067207336425781
1.835664987564087
1.8991289138793945
1.9774818420410156
1.8096427917480469
1.850679636001587
1.8362064361572266
1.9349470138549805
1.9037299156188965
1.8463284969329834
2.0377230644226074
1.894669532775879
1.8131403923034668
1.9462711811065674
1.796741008758545
1.8356678485870361
2.001816749572754
1.8355913162231445
1.8297371864318848
1.9397633075714111
1.9219892024993896
1.9121928215026855
1.8997254371643066
1.7541158199310303
1.7792818546295166
1.8716998100280762
1.84767746925354
1.850285291671753
1.8987090587615967
1.911736011505127
1.8554902076721191
1.983799934387207
1.831662893295288
1.833634614944458
1.851811170578003
1.8977227210998535
1.8071603775024414
1.7597324848175049
1.888714075088501
1.8664765357971191
1.808356761932373
1.7495882511138916
1.9167382717132568
1.873405933380127
1.8568241596221924
2.0238378047943115
1.781165361404419
1.85982084274292
1.8737006187438965
1.93876051902771
1.8901262283325195
1.784714937210083
1.8376684188842773
1.9802310466766357
1.9087717533111572
1.8797364234924316
2.034846782684326
1.8043007850646973
1.8937199115753174
1.8416717052459717
1.9012866020202637
1.833803653717041
1.9037282466888428
1.8227086067199707
1.8331520557403564
1.8734636306762695
1.9096946716308594
2.0107297897338867
1.829291820526123
1.7961885929107666
1.8620107173919678
1.956777811050415
1.8512022495269775
1.8394081592559814
1.9092388153076172
1.917160987854004
1.8477869033813477
1.890716791152954
1.857201099395752
1.830237865447998
1.9548561573028564
1.904728889465332
1.8021552562713623
1.8878676891326904
1.7886240482330322
1.8592984676361084
1.945199966430664
1.8188371658325195
1.7966313362121582
1.9549071788787842
1.9784581661224365
1.9928078651428223
1.9181599617004395
1.9029490947723389
2.080617666244507
1.8913085460662842
1.9687881469726562
1.8256571292877197
1.8682236671447754
1.997938871383667
1.8927180767059326
1.8908233642578125
1.8874123096466064
1.8316640853881836
1.8636932373046875
1.9448580741882324
1.8958368301391602
2.0368494987487793
1.8392908573150635
1.829197883605957
1.913844347000122
1.863692283630371
1.8942303657531738
1.8878381252288818
1.8436729907989502
1.849294900894165
1.9476816654205322
1.878706693649292
1.9217445850372314
1.8331496715545654
1.839754343032837
1.9177396297454834
1.9333012104034424
1.8749127388000488
1.8546850681304932
1.9542818069458008
2.0164284706115723
1.964890480041504
1.9097347259521484
1.9772107601165771
1.8088421821594238
1.9536662101745605
1.8422176837921143
1.9937937259674072
1.8927538394927979
1.8807103633880615
1.9082653522491455
1.8277757167816162
1.828660011291504
2.020376205444336
1.9170966148376465
1.7717885971069336
1.7896239757537842
2.0079424381256104
1.9068529605865479
1.8850419521331787
1.8182668685913086
1.9158282279968262
1.8948349952697754
1.9097342491149902
1.9112882614135742
1.8466072082519531
1.8967211246490479
2.026397705078125
1.8965868949890137
1.8737022876739502
1.8511974811553955
1.9130291938781738
1.9107372760772705
1.934755802154541
1.8967926502227783
1.8697686195373535
1.8827102184295654
1.8552327156066895
1.8733084201812744
2.0018181800842285
2.1199254989624023
1.9469585418701172
1.963618516921997
2.0111913681030273
2.0303821563720703
2.1095829010009766
2.063323497772217
2.0575122833251953
2.058551549911499
2.0737340450286865
2.0678772926330566
1.9692788124084473
2.0002760887145996
1.926750898361206
1.8321599960327148
1.8637654781341553
2.0208353996276855
1.8947210311889648
1.8526811599731445
1.818833351135254
1.8917174339294434
1.8662564754486084
1.864746332168579
1.797633409500122
1.8096439838409424
1.8131365776062012
1.910876750946045
1.8847129344940186
1.8171937465667725
1.995725154876709
1.935795545578003
1.9427642822265625
1.8392572402954102
1.844057321548462
1.9487721920013428
1.803638219833374
2.0999114513397217
1.8238043785095215
1.816650629043579
1.896306037902832
1.8844709396362305
1.7706239223480225
1.8086426258087158
1.9532291889190674
1.8132092952728271
1.7636034488677979
1.8612821102142334
1.844677448272705
1.8177456855773926
1.9006733894348145
1.9048686027526855
2.115922212600708
1.9779400825500488
2.0229554176330566
2.0314152240753174
2.1146936416625977
2.087897539138794
2.0058391094207764
2.0008115768432617
1.9182240962982178
1.9683434963226318
1.9541771411895752
1.8126428127288818
1.8321130275726318
1.9969656467437744
1.9547755718231201
1.9548823833465576
1.909381628036499
1.8686981201171875
1.9457662105560303
1.8266313076019287
1.855846643447876
1.8636927604675293
1.9158060550689697
1.7918236255645752
2.004822015762329
1.8767051696777344
1.9608583450317383
1.9767966270446777
1.860689401626587
1.7890865802764893
1.9950370788574219
1.8576860427856445
1.9063682556152344
1.9098045825958252
1.8637878894805908
1.9047296047210693
1.8133094310760498
2.045515298843384
1.9197421073913574
2.008821725845337
1.787198781967163
1.9550700187683105
1.9267499446868896
1.949352502822876
1.9079222679138184
1.8120296001434326
1.8837110996246338
1.9652588367462158
1.891922950744629
1.7796168327331543
1.8862330913543701
1.8467962741851807
1.8496806621551514
1.9199695587158203
2.0055060386657715
1.851682424545288
1.8256580829620361
1.8376727104187012
1.8577852249145508
1.8466780185699463
1.8367362022399902
1.7442011833190918
1.7766146659851074
1.8646941184997559
1.8273847103118896
1.8557863235473633
2.0108280181884766
2.027437925338745
1.900575876235962
1.8277182579040527
1.8717000484466553
1.922128677368164
1.9870076179504395
1.8947231769561768
1.8862345218658447
1.8937678337097168
1.76766037940979
1.9137380123138428
1.8532133102416992
1.9239704608917236
1.8636932373046875
1.8316631317138672
1.9413208961486816
1.8768424987792969
1.9357571601867676
1.880413293838501
1.9843416213989258
1.8326644897460938
1.7767205238342285
1.9457314014434814
1.8097357749938965
1.8296608924865723
1.8432776927947998
1.8237717151641846
1.9257500171661377
1.8156476020812988
1.9337780475616455
1.8502922058105469
1.7636022567749023
1.8752732276916504
1.801872968673706
1.789625644683838
1.9057321548461914
1.8426718711853027
1.8486993312835693
1.942765474319458
1.8351142406463623
1.8292832374572754
1.9747958183288574
1.863694429397583
1.8948287963867188
2.012969732284546
1.8416733741760254
1.7761175632476807
1.7937376499176025
1.896857738494873
1.8626914024353027
1.9147391319274902
2.078486680984497
1.947561502456665
2.026841163635254
2.0418853759765625
2.013026475906372
2.0348474979400635
2.0201685428619385
1.873417615890503
1.9480726718902588
1.9018504619598389
1.9347586631774902
1.9751553535461426
2.110719680786133
1.9767959117889404
2.0429041385650635
1.8350367546081543
1.8730313777923584
1.9787969589233398
1.9467952251434326
2.020979166030884
1.9397625923156738
1.919403314590454
1.8829150199890137
1.9295141696929932
1.8818867206573486
1.8951342105865479
2.0044565200805664
1.967069149017334
1.889716625213623
1.9062559604644775
1.9316604137420654
1.9365782737731934
1.9021821022033691
1.8336670398712158
1.9137394428253174
1.901322603225708
1.996952772140503
1.8676965236663818
1.9418339729309082
1.9376819133758545
1.9377601146697998
1.9081456661224365
1.9047842025756836
1.8947205543518066
1.8957903385162354
1.9198322296142578
1.9377591609954834
1.8576867580413818
1.959834098815918
1.9598689079284668
1.9256598949432373
1.901728868484497
1.9951837062835693
1.9083716869354248
1.9687883853912354
1.9553463459014893
1.9668145179748535
1.9047272205352783
1.948770523071289
1.886535406112671
1.906226396560669
1.9733378887176514
1.9144535064697266
1.8741862773895264
1.885279893875122
1.9477691650390625
1.9740118980407715
1.9187359809875488
1.9954204559326172
2.0563719272613525
1.9677867889404297
1.987907886505127
1.9512302875518799
1.93876051902771
1.9616026878356934
1.9077799320220947
1.9835834503173828
1.8547799587249756
1.9197449684143066
1.8883516788482666
1.9186997413635254
1.9309403896331787
1.9482667446136475
1.9207441806793213
1.9430456161499023
2.016293525695801
1.864614486694336
1.9342257976531982
1.968134880065918
1.9357588291168213
1.9287521839141846
1.9687950611114502
2.026841163635254
1.9717497825622559
1.9178996086120605
1.9637765884399414
1.9066507816314697
1.9469075202941895
1.9427669048309326
1.9075851440429688
1.9939024448394775
1.9187445640563965
1.9547786712646484
1.987438440322876
2.0318450927734375
1.8922595977783203
1.8347253799438477
1.879377841949463
1.898648738861084
1.9347176551818848
1.9629533290863037
1.9297525882720947
1.9449939727783203
2.0471959114074707
1.9663331508636475
1.9737329483032227
1.9011948108673096
1.8632392883300781
1.9631528854370117
2.0518651008605957
1.860659122467041
1.9192357063293457
1.9759712219238281
1.905730962753296
1.930217981338501
1.9607770442962646
1.8982281684875488
1.8797667026519775
1.945739507675171
1.8706986904144287
2.149878740310669
2.018995523452759
1.9417645931243896
1.9605865478515625
1.8757033348083496
1.9785723686218262
1.9778730869293213
1.9367587566375732
1.9698820114135742
2.0809571743011475
1.9117369651794434
1.925290584564209
1.9197192192077637
1.916740894317627
1.9334423542022705
1.9771111011505127
1.8987245559692383
1.8976726531982422
1.9694616794586182
2.0431225299835205
1.9603960514068604
1.8663370609283447
1.9910547733306885
1.9579343795776367
1.8858485221862793
1.9117367267608643
1.9437663555145264
1.9270861148834229
2.068772554397583
1.8666949272155762
1.9789118766784668
1.9890756607055664
1.959568977355957
1.8142755031585693
1.9366772174835205
1.9078173637390137
1.910735845565796
1.9663197994232178
1.986879587173462
1.8206539154052734
1.866426706314087
1.9042201042175293
1.8959224224090576
1.8932106494903564
1.9269850254058838
1.9107458591461182
1.8536837100982666
1.9333231449127197
1.9779291152954102
1.9078412055969238
1.902679681777954
1.9347565174102783
1.9607806205749512
1.9088189601898193
1.848679542541504
1.8967225551605225
1.9200224876403809
1.8704123497009277
1.8616900444030762
1.9413738250732422
1.9978141784667969
1.9015967845916748
1.8829352855682373
1.95814847946167
1.8658738136291504
2.04085373878479
2.0153732299804688
1.8948900699615479
1.8847124576568604
1.9390897750854492
1.9221282005310059
1.9548819065093994
1.875598430633545
2.025841236114502
2.00272536277771
1.8977243900299072
1.9312212467193604
1.9610669612884521
1.8913662433624268
1.944767951965332
1.9660170078277588
1.9859614372253418
1.9287519454956055
2.0699265003204346
2.085028648376465
2.0018150806427
1.9162521362304688
1.9938113689422607
1.8767011165618896
1.8720974922180176
1.849182367324829
1.9177424907684326
2.0630016326904297
1.9430556297302246
1.9277479648590088
1.9187440872192383
1.814619541168213
1.8858802318572998
1.8777053356170654
1.898984432220459
1.8759803771972656
1.8977243900299072
1.8292219638824463
2.048532247543335
1.9787983894348145
1.961784839630127
1.8914086818695068
2.0477983951568604
1.8807084560394287
1.978379726409912
1.997732162475586
2.0017402172088623
1.980414867401123
2.0148305892944336
1.8707003593444824
1.983978033065796
1.946854829788208
1.9147396087646484
1.9343252182006836
1.9158499240875244
1.906733512878418
1.947770118713379
1.9088833332061768
1.9212327003479004
1.887716293334961
1.928873062133789
1.886613130569458
2.1179251670837402
2.008909225463867
2.1115708351135254
1.8596904277801514
1.9807989597320557
1.841292142868042
1.9208998680114746
2.066878318786621
2.1500189304351807
2.046661853790283
2.0418567657470703
1.9449656009674072
1.9431192874908447
1.986804723739624
1.8837792873382568
1.9257512092590332
2.0188071727752686
2.039836883544922
1.944767713546753
