Timing log for each step:
0.018016338348388672
10.617048978805542
9.930813789367676
10.034626007080078
10.158591032028198
10.195364475250244
10.01741337776184
10.188565492630005
10.208200693130493
10.016789436340332
10.147905588150024
9.982545137405396
10.137410879135132
10.244986534118652
10.253752946853638
10.135170698165894
10.197617292404175
9.92164921760559
10.217504262924194
10.350520610809326
10.293623447418213
10.238530158996582
10.007867574691772
10.3857581615448
10.071128368377686
10.290815591812134
10.347684860229492
10.485925197601318
10.36880373954773
10.438511848449707
10.501861572265625
10.493488788604736
10.378660917282104
10.428542852401733
10.477930068969727
10.248957395553589
10.486472368240356
10.376606702804565
10.425600290298462
10.294939517974854
10.269631147384644
10.277976989746094
10.30344009399414
10.491186618804932
10.399027585983276
10.26650619506836
10.661396265029907
10.075984001159668
10.288334608078003
10.247370958328247
10.32088041305542
10.115299224853516
10.393771648406982
10.639857053756714
10.479360103607178
10.383414268493652
10.411312103271484
10.484882116317749
10.396831274032593
10.303107500076294
10.459502458572388
10.367120265960693
10.472922325134277
10.384465456008911
10.502657175064087
10.697457551956177
10.431569337844849
10.318614721298218
10.591736078262329
10.513556480407715
10.41071105003357
10.504470825195312
10.561898469924927
10.621490955352783
10.509792804718018
10.490225791931152
10.331868886947632
10.48268175125122
10.364917993545532
10.486427307128906
10.445305824279785
10.421757698059082
10.528475046157837
10.270371198654175
10.156117916107178
10.289151430130005
10.326494932174683
10.35368299484253
10.43817687034607
10.37868881225586
10.49766230583191
10.43491530418396
10.540779113769531
10.529539823532104
10.307316064834595
10.440945625305176
10.44679880142212
10.371517419815063
10.497307777404785
10.598038911819458
10.421369075775146
10.515610933303833
10.49873661994934
10.474606037139893
10.495409965515137
10.402482271194458
10.441787242889404
10.578796863555908
10.492446899414062
10.580700874328613
10.229654788970947
10.464153289794922
10.436768770217896
10.657785177230835
10.350728988647461
10.434530258178711
10.525969982147217
10.333731174468994
10.288728475570679
10.351779222488403
10.175833702087402
10.591190814971924
10.42047643661499
10.629752397537231
10.371812343597412
10.575733423233032
10.181718111038208
10.337909936904907
10.571691036224365
10.680899858474731
10.439168214797974
10.347944974899292
10.386465549468994
10.74630355834961
10.447615385055542
10.406091451644897
10.444535970687866
10.363301277160645
10.283096551895142
10.303567886352539
10.575396060943604
10.448444843292236
10.567065477371216
10.446456909179688
10.48793911933899
10.61298942565918
10.533656597137451
10.49337887763977
10.425799131393433
10.604634284973145
10.401732206344604
10.550601482391357
10.563204526901245
10.58748745918274
10.600628852844238
10.582432746887207
10.598697662353516
10.61972689628601
10.459545612335205
10.346293926239014
10.333776712417603
10.60021424293518
10.510512590408325
10.268652200698853
10.464934587478638
10.419609785079956
10.52369475364685
10.571067333221436
10.368350505828857
10.495063543319702
10.538801908493042
10.579492330551147
10.614877223968506
10.619166851043701
10.481071949005127
10.377851247787476
10.66162395477295
10.452341556549072
10.545191287994385
10.564858675003052
10.271604061126709
10.576643228530884
10.565134286880493
10.515613555908203
10.504638195037842
10.663763761520386
10.580271482467651
10.574381828308105
10.46588683128357
10.35264539718628
10.570128202438354
10.281679391860962
10.600465774536133
10.51585078239441
10.56816053390503
10.377476692199707
10.389349699020386
10.508183479309082
10.543716669082642
10.35883903503418
10.640499830245972
10.56328010559082
10.443859577178955
10.473890781402588
10.50753927230835
10.454054117202759
10.20731496810913
10.660885334014893
10.528509616851807
10.52803897857666
10.671776056289673
10.698810577392578
11.129292488098145
10.587676525115967
10.598881959915161
10.614875316619873
10.285217046737671
10.544782161712646
10.670576572418213
10.29765272140503
10.561919450759888
10.717031478881836
10.528625011444092
10.440163612365723
10.606661558151245
10.377774715423584
10.510810852050781
10.446403503417969
10.52615737915039
10.636083841323853
10.43858027458191
10.324994325637817
10.62121057510376
10.256772756576538
10.562957763671875
10.453860521316528
10.738138675689697
10.59183144569397
10.5455162525177
10.680453777313232
10.340747594833374
10.211066722869873
10.431373596191406
10.388718128204346
10.631812334060669
10.433294534683228
10.349933862686157
10.563697814941406
10.58044981956482
10.469905614852905
10.525402784347534
10.603675127029419
10.474830389022827
10.436389446258545
10.44467043876648
10.274589538574219
10.611949920654297
10.389898300170898
10.416745901107788
10.440112590789795
10.618987083435059
10.414238691329956
10.4117910861969
10.513543128967285
10.55874514579773
10.540168762207031
10.380815744400024
10.508910894393921
10.752051830291748
10.287138938903809
10.398821353912354
10.138367652893066
10.272141933441162
10.446561574935913
10.79232668876648
10.41117000579834
10.656396627426147
10.497460842132568
10.632955074310303
10.455873489379883
10.696380853652954
10.53432321548462
10.440479278564453
10.528793096542358
10.581758499145508
10.428544998168945
10.496662616729736
10.64076566696167
10.431284427642822
10.518161535263062
10.409606456756592
10.463705778121948
10.592778444290161
10.65742826461792
10.556180953979492
10.438727617263794
10.487890720367432
10.274787664413452
10.482187032699585
10.43094801902771
10.361658334732056
10.421862363815308
10.33086895942688
10.356369256973267
10.488912105560303
10.634740114212036
10.377785682678223
10.341947555541992
10.552634000778198
10.438876152038574
10.355754613876343
10.429173469543457
10.462217092514038
10.52175760269165
10.559968948364258
10.172970533370972
10.51166296005249
10.810832262039185
10.373834609985352
10.468692302703857
10.374276161193848
10.250940561294556
10.594225406646729
10.278331995010376
9.930015563964844
9.946028709411621
10.06413459777832
9.88697600364685
10.122189044952393
10.090161323547363
10.026103734970093
10.188250064849854
9.779879093170166
10.04612112045288
9.765865564346313
10.2202787399292
9.958040714263916
9.948031663894653
9.763862609863281
9.936020851135254
10.14521050453186
9.851944208145142
9.68379259109497
10.495529890060425
10.202263116836548
10.619641065597534
9.923009395599365
10.3223717212677
10.331378936767578
9.831927299499512
9.936021327972412
9.88397479057312
10.074146270751953
10.098169088363647
10.315365314483643
10.09616732597351
10.394436836242676
10.212271690368652
10.301352977752686
10.450488567352295
10.116183996200562
9.97405457496643
10.403445482254028
10.085155963897705
10.256311655044556
10.179241418838501
10.144209384918213
10.305355787277222
10.239295959472656
10.19125247001648
10.151215314865112
10.364410161972046
9.844938039779663
10.15422010421753
10.126193284988403
10.155219316482544
9.875965595245361
10.335383653640747
10.187249183654785
10.284337282180786
10.272327184677124
10.31236219406128
10.186248302459717
10.187249422073364
10.183244943618774
10.207266807556152
10.350397109985352
9.970051765441895
10.336384534835815
10.244300127029419
10.226285219192505
10.221279859542847
10.02810525894165
10.304354906082153
10.504536628723145
10.021097660064697
10.29434609413147
10.227284908294678
10.188249588012695
9.834928512573242
10.4014413356781
10.40344524383545
10.260315179824829
10.124192237854004
10.021097183227539
10.152217626571655
9.90599513053894
9.959041118621826
10.022098064422607
10.453490734100342
10.38542890548706
10.459494829177856
9.976057052612305
9.640752792358398
10.344391584396362
10.387430667877197
10.24830412864685
10.228286027908325
10.196257829666138
10.211271047592163
10.224282503128052
10.28333592414856
10.11017918586731
10.078149557113647
10.075146675109863
10.096165895462036
10.239296197891235
10.139205694198608
9.934019327163696
9.899988651275635
10.303354263305664
10.339386701583862
10.131197929382324
10.299350500106812
10.292344093322754
10.207267045974731
10.374418258666992
10.409451007843018
10.224282503128052
10.129196166992188
10.24429965019226
10.16122555732727
10.260314702987671
10.302353382110596
10.094164848327637
10.043118476867676
10.058131217956543
10.164228200912476
10.209268808364868
10.010088920593262
10.065138578414917
9.897987365722656
10.156220436096191
10.008086204528809
10.061132907867432
10.157222032546997
10.191252708435059
9.987067222595215
9.332472562789917
9.565685510635376
9.94803261756897
10.13320016860962
10.047122955322266
9.873963594436646
10.100169897079468
10.359405279159546
10.338385820388794
10.137203693389893
10.085155963897705
9.971052646636963
10.079150676727295
9.880970001220703
10.072145462036133
10.197258234024048
10.109177827835083
10.231287479400635
10.109177589416504
9.920007228851318
10.091162204742432
10.081153631210327
10.237294435501099
10.133199214935303
10.084154605865479
10.142207622528076
10.21727466583252
10.15421748161316
10.18424654006958
9.937020063400269
9.517641544342041
10.191253662109375
9.926011085510254
9.620734691619873
9.850942850112915
9.71682095527649
9.920006036758423
9.862954139709473
9.562681913375854
9.724828720092773
10.158221006393433
10.00208067893982
9.336901903152466
9.865600109100342
10.184911251068115
10.133861780166626
9.643384218215942
9.49323558807373
10.139866590499878
10.187915086746216
10.16689419746399
9.682421684265137
9.689429998397827
10.048778772354126
10.287010431289673
9.963696002960205
10.214940071105957
9.73647427558899
10.070800304412842
10.229954719543457
9.834569692611694
10.128857135772705
9.781519889831543
10.060790538787842
10.144871711730957
9.777513980865479
10.021752119064331
10.232958316802979
10.101830959320068
9.752490520477295
10.07480502128601
9.488233804702759
9.3631112575531
9.884618997573853
10.057789087295532
10.039768695831299
10.085813999176025
10.323045492172241
10.089818477630615
10.162888526916504
10.230954647064209
10.209933519363403
10.08981966972351
10.050779581069946
9.910643577575684
10.120847702026367
10.323045492172241
10.089818954467773
9.724462747573853
10.126853942871094
10.188915729522705
10.184910535812378
10.121850490570068
10.039769887924194
10.310031652450562
10.25497817993164
10.049779176712036
9.943676710128784
10.14286994934082
10.259983777999878
9.992723941802979
9.937669277191162
10.184911012649536
10.26799201965332
10.131860256195068
9.973707437515259
9.688429117202759
10.129857063293457
9.879615545272827
9.948680639266968
10.169895648956299
9.987719058990479
10.190915822982788
9.722461938858032
10.042772054672241
10.246971368789673
10.074803829193115
9.788522005081177
10.076806545257568
10.066795587539673
10.281004667282104
9.881615400314331
9.907641410827637
10.230955839157104
10.060790300369263
10.219945192337036
10.26899266242981
10.190917015075684
10.206932544708252
10.069798707962036
10.217942476272583
10.034765720367432
9.76750373840332
10.10283088684082
10.078807830810547
10.494221925735474
10.03072476387024
9.566141843795776
10.253797769546509
10.186733961105347
10.052605390548706
9.917476654052734
10.089641332626343
9.633204936981201
9.301887512207031
9.493070125579834
9.926484823226929
10.18973708152771
10.103654623031616
10.212758779525757
10.225771427154541
10.030585527420044
10.280823707580566
9.808372020721436
10.273815393447876
10.282824993133545
10.049600839614868
9.664233684539795
10.205750226974487
10.159707069396973
10.34388518333435
9.908466577529907
10.305848360061646
9.997551679611206
10.073626279830933
9.485062599182129
9.53911542892456
10.238783597946167
10.336877584457397
10.19373869895935
10.19874382019043
9.913472414016724
10.238784074783325
9.946504831314087
10.054606914520264
10.078630685806274
9.887447834014893
10.13267993927002
9.30689263343811
9.966522693634033
9.968523502349854
9.839402914047241
9.958515644073486
10.071622371673584
10.216762781143188
10.028581857681274
10.049602746963501
10.014568567276001
10.108660697937012
10.614143133163452
9.778342485427856
10.504037857055664
10.084636211395264
10.26280665397644
10.042595624923706
9.93549394607544
10.035587787628174
9.932491064071655
9.740305662155151
9.816378116607666
10.232778072357178
10.1066575050354
10.17872667312622
9.991544246673584
10.176724195480347
10.02958345413208
10.110660314559937
9.821382761001587
10.272815704345703
10.290833234786987
10.0315842628479
10.145694971084595
10.132682085037231
9.544119119644165
9.493069410324097
10.188735723495483
10.108659029006958
10.164712190628052
10.22777271270752
10.017570972442627
10.245789289474487
9.851413011550903
10.105656862258911
10.422959804534912
10.21676230430603
9.85741925239563
9.97953486442566
10.08263373374939
10.10665774345398
10.157703638076782
9.798356771469116
10.237675905227661
9.925359010696411
9.990418672561646
10.387795686721802
10.04647421836853
9.780222654342651
10.049475908279419
10.067492723464966
9.80624508857727
10.024452686309814
9.834273338317871
9.787228107452393
9.973403215408325
9.843281984329224
10.087513446807861
9.898333549499512
10.135557413101196
10.078505277633667
10.366774082183838
10.103525638580322
10.185604810714722
10.085509300231934
9.982412338256836
9.944376707077026
10.424830198287964
9.863299369812012
10.239655256271362
9.965395212173462
10.116538524627686
10.262676477432251
10.180599689483643
10.087512254714966
10.166586875915527
9.964396238327026
9.817256689071655
10.12154483795166
9.877312183380127
9.933367729187012
9.9333655834198
9.947380542755127
9.583036661148071
10.239654541015625
10.004433870315552
10.036464929580688
9.75719952583313
10.196613788604736
10.127549648284912
9.804243326187134
10.193611860275269
10.210628271102905
10.141562223434448
10.318729639053345
10.206624031066895
9.61606740951538
9.945377826690674
10.011441230773926
9.832272052764893
9.64909839630127
10.314726114273071
9.758201360702515
9.943376064300537
9.825264930725098
10.075499773025513
10.141562700271606
9.901336669921875
10.088511943817139
10.259674787521362
10.321732521057129
9.94137454032898
10.003431797027588
10.1555757522583
10.177596807479858
9.320789098739624
9.585038185119629
9.905339002609253
10.120542526245117
9.991422414779663
10.153572082519531
9.829267978668213
10.191610336303711
10.021449565887451
9.979410409927368
9.890326976776123
9.967398881912231
9.954386234283447
10.127550601959229
10.115537643432617
10.10152554512024
10.088512659072876
9.74418830871582
9.472931623458862
9.889325141906738
9.89432978630066
9.820260047912598
10.04244875907898
9.827176809310913
10.03236722946167
9.768122673034668
10.000338792800903
10.048383474349976
10.040376424789429
10.466774463653564
10.00634479522705
9.69705605506897
9.895240306854248
9.84319281578064
9.937279462814331
9.578944683074951
9.666027545928955
9.716073513031006
10.028364658355713
10.18451976776123
9.822172403335571
9.995333671569824
9.683042764663696
9.98932933807373
10.206531286239624
10.101433515548706
9.867214679718018
10.035371780395508
10.021358966827393
9.844193696975708
10.24056363105774
10.14647626876831
10.090422868728638
9.609974384307861
9.947288751602173
10.041377544403076
9.767120838165283
9.798150300979614
9.515885591506958
9.553921937942505
9.360743045806885
9.568936109542847
9.621985912322998
9.524894952774048
9.355737686157227
9.50687861442566
9.551920890808105
9.146542310714722
9.482854843139648
9.421799898147583
9.60597014427185
9.342726707458496
9.418796062469482
9.419796228408813
9.48285722732544
9.56292986869812
9.453828573226929
9.732089042663574
9.485857725143433
9.553922414779663
9.679040431976318
9.585951328277588
9.569937467575073
9.733705282211304
9.724080562591553
9.623986721038818
9.458832025527954
9.495867490768433
9.332715272903442
9.488861083984375
9.482856035232544
9.359740495681763
9.405783653259277
9.353734493255615
9.649011135101318
9.77913212776184
9.727083206176758
9.519890308380127
9.632995367050171
9.971312284469604
9.49286437034607
9.442818403244019
9.584951400756836
9.53290343284607
9.338720798492432
9.537907123565674
9.337719678878784
9.376756191253662
9.836185216903687
9.604969024658203
9.763114929199219
9.444819927215576
9.772126197814941
9.399779319763184
9.507879972457886
9.560927391052246
9.759113311767578
9.76311731338501
9.602957725524902
9.66096019744873
9.481793403625488
9.670970439910889
9.493805170059204
9.602906227111816
9.553860902786255
9.40772557258606
9.398717641830444
9.4667809009552
9.511821746826172
9.642944097518921
9.315640687942505
9.674973249435425
9.664963245391846
9.816104888916016
9.709003686904907
9.606909275054932
9.496809720993042
9.652953386306763
9.52983832359314
9.780071496963501
9.630931377410889
9.608912706375122
9.588894128799438
9.579885005950928
9.740033864974976
9.792081356048584
9.617920637130737
9.372692108154297
9.454768896102905
9.547855615615845
9.690987586975098
9.527837038040161
9.726020812988281
9.44175672531128
10.790006637573242
10.084351778030396
9.627929210662842
9.84813404083252
9.750043630599976
9.56186556816101
9.591895580291748
9.739032983779907
9.652951717376709
9.298624038696289
9.4247407913208
9.282609462738037
9.681979656219482
9.851137161254883
9.64594578742981
9.526835203170776
9.661961793899536
9.586893081665039
9.379699468612671
9.60590934753418
9.672971725463867
9.476788997650146
9.597901821136475
9.49580693244934
9.6449453830719
9.467782258987427
9.269597291946411
9.647948265075684
9.20453691482544
9.479793071746826
9.378697872161865
9.2856125831604
9.4637770652771
9.599904537200928
9.682981014251709
9.550858497619629
9.4837965965271
9.260587930679321
9.658958673477173
9.286612272262573
9.407724380493164
9.344666004180908
9.467780590057373
9.16750192642212
9.775066137313843
9.532840251922607
9.088428974151611
9.794084787368774
9.681979656219482
9.295621633529663
9.649950504302979
9.303629398345947
9.287613868713379
9.383704662322998
9.4567711353302
9.182516098022461
9.41873574256897
9.379699230194092
9.288615226745605
9.372693300247192
9.449764728546143
9.18752121925354
9.390671730041504
9.296579360961914
9.107403993606567
9.595854043960571
9.258543729782104
9.23452115058899
9.601860761642456
9.744992733001709
9.41068410873413
9.389663934707642
9.581843137741089
9.175467014312744
9.650903940200806
9.34161925315857
9.447718620300293
9.424698114395142
9.483752012252808
9.658913612365723
9.214503049850464
9.364640951156616
9.430702924728394
9.362639427185059
9.208497762680054
9.467735528945923
9.65591049194336
9.466736078262329
9.457727193832397
9.471740961074829
9.507774114608765
9.12842321395874
9.50076675415039
9.60586404800415
9.618875980377197
9.355633020401001
9.556817531585693
9.6849365234375
9.790033340454102
9.746994256973267
9.575836420059204
9.757003545761108
9.758004426956177
9.548811912536621
9.527791976928711
9.509774923324585
9.694945573806763
9.47374153137207
9.610868215560913
9.546809196472168
9.743990898132324
9.623881101608276
9.484752416610718
9.67192530632019
9.521787166595459
9.73898696899414
9.647902727127075
9.540804624557495
9.508774042129517
9.767010927200317
9.687939643859863
9.693946838378906
9.538801908493042
9.673926830291748
9.719968795776367
9.575837135314941
9.579840183258057
9.736985445022583
9.473742008209229
9.568828821182251
9.665919303894043
9.68894076347351
9.57383418083191
9.773018598556519
9.529793739318848
9.563825845718384
9.561823606491089
9.692944526672363
9.704954624176025
9.767012357711792
9.78803300857544
9.687938690185547
9.552815675735474
9.717967510223389
9.819060325622559
9.716967105865479
9.727976560592651
9.593852758407593
9.624881744384766
9.588849544525146
9.512778520584106
9.420693397521973
9.70195198059082
9.755001544952393
9.671924591064453
9.81205439567566
9.681934356689453
9.605863809585571
9.775020599365234
9.667922258377075
9.552794456481934
9.707926750183105
9.78199315071106
9.6849045753479
9.518751621246338
9.72394061088562
9.567797422409058
10.002196550369263
9.521754741668701
9.785998106002808
9.866071939468384
9.61183762550354
9.92612600326538
9.714933156967163
9.690911769866943
9.74896502494812
9.62885332107544
9.60483193397522
9.81702709197998
9.68390417098999
9.843050718307495
9.761975526809692
9.915116548538208
9.79700779914856
9.94014024734497
9.75697135925293
9.637863636016846
9.70992922782898
9.553784370422363
9.848056316375732
9.476714849472046
9.866071701049805
9.676897048950195
9.704922914505005
9.771985292434692
9.862067937850952
9.917119264602661
9.53877067565918
9.773987293243408
9.768982172012329
9.87007451057434
10.046246767044067
9.98618221282959
9.621848583221436
9.524757862091064
9.946145057678223
9.74095606803894
9.831040859222412
9.800009727478027
9.597825288772583
9.552784204483032
9.665887594223022
9.834042072296143
9.716933965682983
9.817026853561401
9.88008427619934
10.159350872039795
9.583811283111572
9.654877424240112
9.724941492080688
9.749964475631714
9.611836671829224
9.778991460800171
9.703922033309937
9.861066818237305
9.87407922744751
9.658880710601807
9.889092922210693
9.754970073699951
9.88709044456482
9.941140413284302
9.848055362701416
9.863068580627441
9.741957664489746
9.742958307266235
9.910113334655762
9.892095804214478
9.674895524978638
9.85205864906311
9.674896001815796
9.71593427658081
9.92012071609497
9.741957664489746
9.799010753631592
10.040231943130493
9.633858919143677
9.580809354782104
10.30447506904602
10.067254543304443
9.852060079574585
10.001196384429932
10.005199909210205
9.81802773475647
9.941139936447144
9.797008991241455
10.038229942321777
10.032222747802734
9.913104057312012
10.076241970062256
9.821006774902344
10.067233562469482
9.8670494556427
9.956132173538208
10.002174139022827
10.068233489990234
10.05722451210022
9.915093898773193
9.948124170303345
10.000171899795532
9.790979623794556
9.83902359008789
10.033201932907104
9.990162134170532
9.820006132125854
9.927104711532593
10.00717830657959
9.91109037399292
10.024193525314331
10.102266073226929
9.998169898986816
9.932109832763672
9.961135387420654
10.03119945526123
10.049216508865356
10.051218748092651
9.725919961929321
9.871052980422974
9.680878400802612
9.926103591918945
9.85904335975647
10.034203052520752
9.744937658309937
10.076239824295044
9.93411135673523
10.004175901412964
9.800989627838135
9.955130815505981
10.034203290939331
9.649850368499756
9.95513105392456
9.769961595535278
9.957132339477539
9.80399203300476
9.972146272659302
9.793983697891235
9.755947351455688
9.948123216629028
10.017188310623169
9.896076679229736
9.896077632904053
9.895076751708984
9.854039430618286
9.815001726150513
9.799988269805908
9.875056743621826
10.027196884155273
10.29744291305542
9.847030878067017
9.93511176109314
9.96113657951355
10.01218318939209
9.915093660354614
9.654854536056519
9.84803318977356
9.913092136383057
10.111273050308228
9.893073081970215
10.004175901412964
9.824010610580444
9.853036880493164
9.99416732788086
9.930107831954956
9.946123361587524
9.89507508277893
9.893074989318848
9.7849760055542
9.991163492202759
9.909088134765625
9.96714186668396
9.964138984680176
9.887067317962646
9.950125694274902
9.930107593536377
10.126288652420044
10.147306680679321
9.868050813674927
10.115277528762817
9.759952068328857
10.054222106933594
9.869051694869995
9.941118001937866
9.842026472091675
10.039207458496094
9.875052690505981
9.996151685714722
10.264394998550415
9.8620285987854
9.738915205001831
9.98614239692688
10.041193008422852
9.811983108520508
9.92408561706543
10.165306329727173
9.880045413970947
10.177317142486572
10.13154149055481
