Timing log for each step:
0.018016338348388672
5.359886407852173
5.341869831085205
5.363889932632446
5.352879524230957
5.3368659019470215
5.3418707847595215
5.346873044967651
5.350879430770874
5.16070556640625
5.229767322540283
5.387910842895508
5.506018161773682
5.296826362609863
5.214754343032837
5.317848443984985
5.305837154388428
5.352880239486694
5.312844276428223
5.628131628036499
5.365891218185425
5.330859422683716
5.293826341629028
5.383908033370972
5.415936708450317
5.270804405212402
5.347875356674194
5.226765155792236
5.472989797592163
5.343871831893921
5.411933183670044
5.38991379737854
5.401926040649414
5.318848133087158
5.290823698043823
5.572077989578247
5.410932779312134
5.318849086761475
5.533043622970581
5.414935350418091
5.538047790527344
5.4219443798065186
5.448968410491943
5.449969291687012
5.458977222442627
5.433954477310181
5.305835962295532
5.355881452560425
5.317847490310669
5.409933090209961
5.304834604263306
5.273808717727661
5.409928321838379
5.40692925453186
5.458975791931152
5.399923324584961
5.356882810592651
5.371896982192993
5.401924133300781
5.4449639320373535
5.321852445602417
5.348877191543579
5.278812885284424
5.329859256744385
5.299830436706543
5.409931421279907
5.337866544723511
5.4629807472229
5.420942783355713
5.365893125534058
5.352880477905273
5.474991083145142
5.495009899139404
5.402923345565796
5.456975221633911
5.507021188735962
5.416938543319702
5.447966575622559
5.439957141876221
5.396921396255493
5.553062200546265
5.3698954582214355
5.273808479309082
5.399922847747803
5.903382301330566
5.565074920654297
5.5830910205841064
5.491006851196289
5.490004777908325
5.601107597351074
5.56006932258606
5.543053388595581
5.4449639320373535
5.60010290145874
5.503016710281372
5.573080778121948
5.643145322799683
5.613117694854736
5.589095115661621
5.565075397491455
5.535045862197876
5.534044504165649
5.573080778121948
5.511024713516235
5.539051055908203
5.478995084762573
5.5941002368927
5.536046504974365
5.511023998260498
5.5410521030426025
5.557067394256592
5.4890031814575195
5.547055721282959
5.465984344482422
5.719213247299194
5.5900959968566895
5.490004301071167
5.474992275238037
5.357884883880615
5.546056270599365
5.44996976852417
5.576083660125732
5.458977937698364
5.572079658508301
5.464983224868774
5.513025283813477
5.492007493972778
5.637139797210693
5.332863092422485
5.499012231826782
5.3759002685546875
5.497012138366699
5.507019758224487
5.408931016921997
5.56907844543457
5.426945209503174
5.433955192565918
5.35187840461731
5.326857328414917
5.371896982192993
5.397921085357666
5.483999490737915
5.505017042160034
5.503016948699951
5.583090305328369
5.485000371932983
5.518031120300293
5.4709882736206055
5.515027761459351
5.537048101425171
5.506019353866577
5.52904200553894
5.391916275024414
5.493006944656372
5.294827938079834
5.500015020370483
5.441961288452148
5.588093996047974
5.511023759841919
5.733227252960205
5.539049863815308
5.599106073379517
5.575082302093506
5.624127388000488
5.618122339248657
5.4599769115448
5.652152061462402
5.559068918228149
5.519031524658203
5.685184001922607
5.565074682235718
5.52703857421875
5.620123386383057
5.6961939334869385
5.6741743087768555
5.616119623184204
5.724217653274536
5.629132032394409
5.6251280307769775
5.609114170074463
5.6811792850494385
5.720215559005737
5.710205316543579
5.6001060009002686
5.577085018157959
5.688185691833496
5.687184572219849
5.6561572551727295
5.696192979812622
5.6961939334869385
5.613117456436157
5.633134126663208
5.716210603713989
5.58809494972229
5.642143249511719
5.587092876434326
5.587093114852905
5.569077014923096
5.5530619621276855
5.588095426559448
5.682180881500244
5.665164947509766
5.74423623085022
5.665164947509766
5.564072370529175
5.675173759460449
5.6321351528167725
5.7152099609375
5.692189693450928
5.522033214569092
5.670170068740845
5.556065797805786
5.503018617630005
5.512025594711304
5.485001564025879
5.502015829086304
5.502016544342041
5.596102237701416
5.447967290878296
5.451971530914307
5.46698522567749
5.470987319946289
5.4669835567474365
5.531042098999023
5.431952953338623
5.424946546554565
5.548057317733765
5.463982343673706
5.453972101211548
5.463981866836548
5.451971054077148
5.482998609542847
5.420942783355713
5.408932685852051
5.340871810913086
5.55005955696106
5.358887195587158
5.314845561981201
5.450969457626343
5.4059295654296875
5.504018306732178
5.4549736976623535
5.523035526275635
5.5991051197052
5.53904914855957
5.496009111404419
5.395918369293213
5.433952808380127
5.481997013092041
5.421942710876465
5.514027118682861
5.390915393829346
5.41994047164917
5.475991487503052
5.319849967956543
5.424946069717407
5.450969457626343
5.450970411300659
5.452970743179321
5.350878715515137
5.430951833724976
5.394917964935303
5.279813528060913
5.375900983810425
5.305835485458374
5.441962480545044
5.421943187713623
5.32385516166687
5.3388683795928955
5.242779016494751
5.279813528060913
5.381906270980835
5.426947832107544
5.286819219589233
5.355882883071899
5.352879762649536
5.362888813018799
5.428949356079102
5.325855493545532
5.344872713088989
5.421942710876465
5.342872142791748
5.261797189712524
5.384909391403198
5.41994047164917
5.341870307922363
5.518031120300293
5.325855255126953
5.40993332862854
5.4539735317230225
5.294827222824097
5.327856779098511
5.35488224029541
5.3819074630737305
5.3348634243011475
5.405928611755371
5.361886739730835
5.431953430175781
5.355882406234741
5.336865186691284
5.2948267459869385
5.267804145812988
5.328857898712158
5.455974102020264
5.319848537445068
5.347875595092773
5.236774682998657
5.339869499206543
5.328858852386475
5.272807598114014
5.379905939102173
5.2968292236328125
5.346875190734863
5.415937423706055
5.414936304092407
5.380906343460083
5.383907318115234
5.28381872177124
5.344872236251831
5.456974744796753
5.446966171264648
5.34387469291687
5.3078391551971436
5.372896909713745
5.386911869049072
5.411933422088623
5.337866306304932
5.323853492736816
5.367894649505615
5.2667999267578125
5.2147533893585205
5.335864305496216
5.36489200592041
5.338866233825684
5.470987796783447
5.408930778503418
5.331860303878784
5.425947189331055
5.4779932498931885
5.319850206375122
5.378903865814209
5.373899459838867
5.362888813018799
5.389913082122803
5.357884168624878
5.400925159454346
5.322852373123169
5.3598856925964355
5.297831058502197
5.339868068695068
5.397920846939087
5.5420520305633545
5.447967529296875
5.401923894882202
5.3849098682403564
5.292825937271118
5.421942710876465
5.415937423706055
5.445965051651001
5.406928777694702
5.403925895690918
5.351879835128784
5.303836107254028
5.336865663528442
5.38690972328186
5.332859992980957
5.337866544723511
5.317849159240723
5.17471718788147
5.378903150558472
5.521034240722656
5.2818145751953125
5.448967933654785
5.29883074760437
5.3969197273254395
5.329859495162964
5.36789345741272
5.5190300941467285
5.264800786972046
5.408931016921997
5.414936780929565
5.397921800613403
5.328860521316528
5.2678022384643555
5.341868162155151
5.445964574813843
5.3368659019470215
5.348876476287842
5.287821531295776
5.360888719558716
5.364891529083252
5.476993799209595
5.362889051437378
5.3698952198028564
5.343871593475342
5.292825222015381
5.405926704406738
5.430950403213501
5.445963144302368
5.410933017730713
5.421942949295044
5.389915466308594
5.300833225250244
5.341870307922363
5.369896650314331
5.285818815231323
5.397922515869141
5.3508782386779785
5.437957525253296
5.440960645675659
5.376901865005493
5.4159369468688965
5.41293478012085
5.279814958572388
5.463981866836548
5.331861257553101
5.437959432601929
5.460979223251343
5.279813528060913
5.304836273193359
5.424945831298828
5.378904342651367
5.317849397659302
5.414937734603882
5.351878881454468
5.258795261383057
5.397920608520508
5.332862138748169
5.211751937866211
5.356884002685547
5.36088752746582
5.451970815658569
5.404927968978882
5.368895530700684
5.446965217590332
5.392916202545166
5.322853088378906
5.433953046798706
5.322852373123169
5.442962884902954
5.472988605499268
5.2177574634552
5.387911319732666
5.406928777694702
5.392916679382324
5.369896650314331
5.328858852386475
5.450970649719238
5.397921562194824
5.168712139129639
5.434954881668091
5.288822174072266
5.303835391998291
5.36188817024231
5.414937496185303
5.463981628417969
5.423944711685181
5.353881120681763
5.368893623352051
5.480997800827026
5.224762678146362
5.37089729309082
5.297829866409302
5.456974267959595
5.495009660720825
5.403926610946655
5.443963527679443
5.423944473266602
5.348876953125
5.279813766479492
5.431951284408569
5.444955825805664
5.362889766693115
5.308839797973633
5.426947832107544
5.358885288238525
5.326861619949341
5.41493558883667
5.310842990875244
5.315845966339111
5.30483603477478
5.384909629821777
5.297830581665039
5.755245685577393
5.385910511016846
5.372898578643799
5.525035619735718
5.412934303283691
5.411933660507202
5.29482626914978
5.341870307922363
5.3368659019470215
5.360886096954346
5.363889694213867
5.415936231613159
5.350878000259399
5.362889289855957
5.265800714492798
5.250787019729614
5.470987796783447
5.428949594497681
5.165709972381592
5.4449639320373535
5.29282546043396
5.286821603775024
5.276814699172974
5.421942949295044
5.291825771331787
5.397921800613403
5.303836822509766
5.268803596496582
5.328858852386475
5.440962076187134
5.277812719345093
5.373899936676025
5.3408684730529785
5.399923086166382
5.3078389167785645
5.3398683071136475
5.329860210418701
5.454973459243774
5.224763631820679
5.4629807472229
5.417938709259033
5.21875786781311
5.37289571762085
5.461979389190674
5.339868545532227
5.3048365116119385
5.452971458435059
5.286819934844971
5.445964336395264
5.370894908905029
5.410933256149292
5.387910604476929
5.392916917800903
5.398923873901367
5.428950548171997
5.198739767074585
5.426948070526123
5.476992607116699
5.441961050033569
5.403926610946655
5.316847562789917
5.452972173690796
5.470988035202026
5.649914503097534
5.452971696853638
5.496010780334473
5.494008541107178
5.447967290878296
5.483999729156494
5.799287796020508
5.648148775100708
5.503015756607056
5.507020711898804
5.510023355484009
5.587094068527222
5.474991798400879
5.460977077484131
5.393918037414551
5.466984510421753
5.404928922653198
5.397921800613403
5.320889472961426
