Timing log for each step:
0.017015457153320312
5.584082126617432
5.599095106124878
5.467974901199341
5.521023988723755
5.722207069396973
5.50400972366333
5.640133380889893
5.793272256851196
5.597092866897583
5.673162221908569
5.649140119552612
5.6030988693237305
5.675164461135864
5.669157981872559
5.743225574493408
5.691178321838379
5.55905818939209
5.641132593154907
5.550050258636475
5.572070360183716
5.708194732666016
5.604099750518799
5.750232458114624
5.558058500289917
5.761242389678955
5.6251184940338135
5.734217405319214
5.851324558258057
6.268704175949097
5.521024465560913
5.812289476394653
5.618112564086914
5.598095655441284
5.618113279342651
5.546046257019043
5.76824951171875
5.5610597133636475
5.487993240356445
5.735218524932861
5.456965684890747
5.60409951210022
5.48799467086792
5.614108324050903
5.4389488697052
5.472980499267578
5.564064025878906
5.519021987915039
5.466975927352905
5.521024942398071
5.475983381271362
5.782262563705444
5.597092151641846
5.767248153686523
5.669158935546875
5.687175750732422
5.607102632522583
5.80428147315979
5.798277854919434
5.786265850067139
5.698185443878174
5.553053379058838
5.472980260848999
5.5220255851745605
5.522025108337402
5.857330799102783
5.758239984512329
5.849322557449341
5.57307243347168
5.667155981063843
5.813290596008301
5.680169105529785
5.663154363632202
5.816291570663452
5.880351543426514
5.606100797653198
6.086538314819336
6.0825347900390625
5.3979127407073975
5.634127855300903
5.707194089889526
5.6781675815582275
5.589085578918457
5.524026393890381
5.8823535442352295
5.724207878112793
5.730214357376099
5.897367000579834
5.375892162322998
5.611105442047119
5.6271185874938965
5.922389030456543
5.653144121170044
5.76324462890625
5.9073755741119385
5.535036563873291
5.751233816146851
5.467976331710815
5.527029037475586
5.497001647949219
5.515018701553345
5.658149242401123
5.490996360778809
5.5120158195495605
5.652144432067871
5.758240222930908
5.751233100891113
5.612107038497925
5.589085578918457
5.605100870132446
5.53904128074646
5.759240388870239
5.689177751541138
5.6431357860565186
5.668157577514648
5.562060594558716
5.577074289321899
5.572070360183716
5.547048330307007
5.697184801101685
5.652143239974976
5.63713002204895
5.784263372421265
5.730214357376099
5.7332165241241455
5.685173034667969
5.680169105529785
5.679167747497559
5.711198091506958
5.472980260848999
5.782262325286865
5.523024797439575
5.736217975616455
5.68517279624939
5.635126352310181
5.732217311859131
5.701189279556274
6.063518285751343
5.558058738708496
5.738221645355225
5.660151243209839
5.66015100479126
5.653143882751465
5.70018744468689
5.755238056182861
5.698184967041016
5.618113040924072
5.678168058395386
5.7992777824401855
5.78626561164856
5.8052825927734375
5.839312553405762
5.6231162548065186
5.7222065925598145
5.717202663421631
5.631123304367065
5.685173511505127
5.739222049713135
5.755236864089966
5.679167032241821
5.629113435745239
5.716201543807983
5.751233339309692
5.632125377655029
5.651142120361328
5.687175273895264
5.847321271896362
5.609104871749878
5.752224683761597
5.594091176986694
5.71720290184021
5.799276828765869
5.6891772747039795
5.563061714172363
5.635126829147339
5.71019721031189
5.7352190017700195
5.703189373016357
5.600096225738525
5.66215181350708
5.7432262897491455
5.804281711578369
5.734219074249268
5.714199066162109
5.735218286514282
5.589085578918457
5.659151077270508
5.624117612838745
5.749230146408081
5.85332727432251
5.928393840789795
5.785264730453491
5.738221883773804
5.594090223312378
5.6941819190979
5.7071943283081055
5.725210428237915
5.691177129745483
5.644137382507324
5.690176725387573
5.910651445388794
5.660148620605469
5.764245271682739
5.630122661590576
5.720205783843994
5.695182800292969
5.63913106918335
5.788266897201538
5.633125066757202
5.7292139530181885
5.597092628479004
5.624118328094482
5.596091985702515
5.600096225738525
5.663153409957886
5.704190492630005
5.599095106124878
5.783262729644775
5.717201471328735
5.621114730834961
6.202643871307373
5.757238149642944
5.54604697227478
5.670158624649048
5.656146049499512
5.62511944770813
5.468976259231567
5.492998838424683
5.639131546020508
5.558058261871338
5.598095417022705
5.746228456497192
5.5900866985321045
5.696182727813721
5.399913311004639
5.548049211502075
5.588085412979126
5.610102653503418
5.498003959655762
5.473982810974121
5.541041851043701
5.448958158493042
5.486993074417114
5.640132427215576
5.754235506057739
5.584081172943115
5.541041612625122
5.517021656036377
5.525028228759766
5.348868370056152
5.621114015579224
5.559058666229248
5.59208869934082
5.555054426193237
5.581077814102173
5.437948226928711
5.428941011428833
5.465973138809204
5.4039177894592285
5.446956157684326
5.582080841064453
5.47298002243042
5.56906795501709
5.51001501083374
5.621116399765015
5.481988191604614
5.554054021835327
5.452961683273315
5.5020060539245605
5.576074123382568
5.4759838581085205
5.357875347137451
5.371888160705566
5.742225408554077
5.72721266746521
5.474982023239136
5.484991073608398
5.56406307220459
5.51201605796814
5.558058261871338
5.430940866470337
5.84631872177124
5.341859817504883
5.487993478775024
5.396912097930908
5.40792179107666
5.4099225997924805
5.362881422042847
5.560059070587158
5.358876466751099
5.394908905029297
5.391906499862671
5.3768932819366455
5.508011817932129
5.340859889984131
5.191724061965942
5.367884635925293
5.297820568084717
5.312835454940796
5.3909056186676025
5.385900497436523
5.418930768966675
5.2287585735321045
5.50701117515564
5.48399019241333
5.312832832336426
5.359877109527588
5.622117042541504
5.296819686889648
5.284808874130249
5.371887683868408
5.482988595962524
5.5360376834869385
5.241769552230835
5.311833620071411
5.3788957595825195
5.389905691146851
5.26779317855835
5.2377660274505615
5.340859651565552
5.395910978317261
5.293817758560181
5.328848600387573
5.301824331283569
5.354872465133667
5.336856365203857
5.424936056137085
5.4219324588775635
5.2197489738464355
5.318841457366943
5.42493748664856
5.377893924713135
5.278804540634155
5.316837787628174
5.30582857131958
5.360877752304077
5.526029109954834
5.500005722045898
5.470977783203125
5.425936937332153
5.276801586151123
5.292816400527954
5.383900165557861
5.39991307258606
5.4069201946258545
5.458967685699463
5.4759838581085205
5.409922122955322
5.353871822357178
5.3478662967681885
5.347867012023926
5.327847957611084
5.417931079864502
5.406920909881592
5.361880540847778
5.297820806503296
5.383899927139282
5.567065238952637
5.222752332687378
5.325847625732422
5.2727978229522705
5.3658835887908936
5.355874538421631
5.30082368850708
5.220751047134399
5.393908500671387
5.21474552154541
5.422935962677002
5.392907381057739
5.431941986083984
5.415929079055786
5.38289737701416
5.413926362991333
5.385900974273682
5.4609694480896
5.3178391456604
5.420932292938232
5.388904571533203
5.447957515716553
5.378894805908203
5.391905784606934
5.433944940567017
5.3788933753967285
5.404919385910034
5.334854364395142
5.326847553253174
5.3438637256622314
5.353872537612915
5.4029176235198975
5.3658833503723145
5.349868059158325
5.211741924285889
5.246774196624756
5.36488151550293
5.461971044540405
5.443953037261963
5.360878944396973
5.487993478775024
5.3248467445373535
5.480987548828125
5.412925481796265
5.359877824783325
5.270795822143555
5.465973138809204
5.380897045135498
5.306829452514648
5.298821210861206
5.293816566467285
5.330851316452026
5.657147645950317
5.389906167984009
5.327848196029663
5.299822807312012
5.341862201690674
5.355874538421631
5.404918193817139
5.333853244781494
5.372889757156372
5.643134832382202
5.442952871322632
5.462971448898315
5.348868370056152
5.501005411148071
5.257786273956299
5.34686541557312
5.3078296184539795
5.2277562618255615
5.170704126358032
5.248776435852051
5.289814710617065
5.436948776245117
5.321842670440674
5.1757097244262695
5.344864845275879
5.419931650161743
5.331853151321411
5.3398590087890625
5.399913549423218
5.486992835998535
5.337858200073242
5.70018744468689
5.510926246643066
5.305910348892212
