Timing log for each step:
0.016016244888305664
5.621225595474243
5.618222713470459
5.618223428726196
5.7383341789245605
5.815406084060669
5.914499521255493
5.887472867965698
5.667268991470337
5.681281328201294
5.723320245742798
5.730328559875488
5.630234479904175
5.630235195159912
5.698297739028931
5.6732752323150635
5.6932923793792725
5.640243768692017
5.604209661483765
5.703302383422852
5.5431530475616455
5.684283256530762
5.638241291046143
5.700299263000488
5.790383338928223
5.628233432769775
5.644247055053711
5.6842851638793945
5.616221904754639
5.568175792694092
5.711310386657715
5.704303026199341
5.693292856216431
5.6562583446502686
5.616220951080322
5.6512534618377686
5.6902899742126465
5.64424729347229
5.663264274597168
5.809399127960205
5.653255939483643
5.60521125793457
5.5871946811676025
5.784377813339233
5.542151927947998
5.6362388134002686
5.5561652183532715
5.651252746582031
5.523134708404541
5.631234884262085
5.511123418807983
5.6842827796936035
5.599206447601318
5.670270919799805
5.659261465072632
5.720318555831909
5.599205017089844
5.603209972381592
5.654256582260132
5.618223428726196
5.669269323348999
5.526138067245483
5.700299263000488
5.6792802810668945
5.646249294281006
5.68828821182251
5.559168815612793
5.651254415512085
5.640240669250488
5.664256572723389
5.633207559585571
5.645219564437866
5.564144611358643
5.622197151184082
5.518102645874023
5.627201795578003
5.536117315292358
5.638211250305176
5.66723895072937
5.652226209640503
5.651223659515381
5.635209083557129
5.654227256774902
5.726292848587036
5.7102789878845215
5.618193864822388
5.691260576248169
5.652225971221924
5.622197389602661
5.677247047424316
5.593170881271362
5.553133249282837
5.622198581695557
5.554132461547852
5.649222373962402
5.627202033996582
5.625199556350708
5.781343698501587
5.5661468505859375
5.635209560394287
5.677249908447266
5.616191625595093
5.6922619342803955
5.681251764297485
5.6782495975494385
5.819380283355713
5.601178169250488
5.7483134269714355
5.777340888977051
5.630204916000366
5.59517240524292
5.613188982009888
6.396913051605225
5.658230304718018
5.624199867248535
5.54512619972229
5.610186338424683
5.913467168807983
5.7623255252838135
5.617193222045898
5.509092807769775
5.610187292098999
5.64922308921814
5.652226209640503
5.629204034805298
5.621196746826172
5.649224281311035
5.559139966964722
5.6632349491119385
5.59116792678833
5.6732447147369385
5.665238618850708
5.610186576843262
5.6462202072143555
5.594171762466431
5.568147420883179
5.625199556350708
5.715283393859863
5.64922308921814
5.632206916809082
5.607183933258057
5.631206035614014
5.608184576034546
5.576155662536621
5.691260814666748
5.679250478744507
5.592169523239136
5.675247430801392
5.555136680603027
5.624198913574219
5.6512250900268555
5.605181455612183
5.611186981201172
5.565144777297974
5.524106740951538
5.6512250900268555
5.682252883911133
5.7152838706970215
5.586164236068726
5.64421820640564
5.6442177295684814
5.559139728546143
5.584161996841431
5.4480366706848145
5.703271865844727
5.515099763870239
5.563143730163574
5.572150945663452
5.616191864013672
5.601178169250488
5.604182004928589
5.721289396286011
5.708275556564331
5.723290205001831
5.5921690464019775
5.514097690582275
5.691261053085327
5.507091283798218
5.5891664028167725
5.601177930831909
5.635210752487183
5.5411224365234375
5.6031813621521
5.648221254348755
5.678249835968018
5.761325836181641
5.5461273193359375
5.5991761684417725
5.630206346511841
5.574153661727905
5.651224136352539
5.718286514282227
5.600176095962524
5.644217491149902
5.671241283416748
5.578157424926758
5.619194030761719
5.550130605697632
5.645218849182129
5.554135322570801
5.585164546966553
5.7022716999053955
5.71027946472168
5.643218040466309
5.593171119689941
5.5921690464019775
5.640212059020996
5.585163354873657
5.5771565437316895
5.603176832199097
5.670241832733154
5.569148778915405
5.687258005142212
5.562142610549927
5.617192983627319
5.667239189147949
5.584161996841431
5.486072540283203
5.482068300247192
5.547128677368164
5.66723895072937
5.611187934875488
5.600176811218262
5.602179050445557
5.645219087600708
5.63420844078064
5.547127962112427
5.66723895072937
5.480066299438477
5.594172239303589
5.606182336807251
5.576143026351929
5.630182981491089
5.564122915267944
5.627181768417358
5.673223257064819
5.675225257873535
5.699246644973755
5.509072542190552
5.6221771240234375
5.656206130981445
5.628182411193848
5.652204751968384
5.536096572875977
5.679228782653809
5.611165285110474
6.02754807472229
5.7322776317596436
5.622175455093384
5.628181457519531
5.643195629119873
5.584141254425049
5.54910945892334
5.609164476394653
5.608163833618164
5.606161117553711
5.624178409576416
5.627180576324463
5.598153114318848
5.529091119766235
5.644197463989258
5.644195556640625
5.632183790206909
5.555116176605225
5.572129964828491
5.615169286727905
5.593149662017822
5.674223899841309
5.715261220932007
5.611165761947632
5.555114269256592
5.600156784057617
5.599155426025391
5.619174003601074
5.606160640716553
5.716262340545654
5.669219493865967
5.6081626415252686
5.649201154708862
5.6471991539001465
5.651202917098999
5.697245359420776
5.687236070632935
5.631185054779053
5.81835675239563
5.581139087677002
5.577134132385254
5.6161699295043945
5.619174003601074
5.580137252807617
5.536096572875977
5.5811378955841064
5.648200511932373
5.6391921043396
5.685234546661377
5.649199485778809
5.595151901245117
5.611166477203369
5.626178503036499
5.611166715621948
5.571129083633423
5.552112102508545
5.518080234527588
5.532093048095703
5.820358753204346
5.562121152877808
5.570129156112671
5.557116746902466
5.6121673583984375
5.676225900650024
5.473038673400879
5.614168405532837
5.641193628311157
5.739284038543701
5.628181219100952
5.611165761947632
5.535096883773804
5.685234785079956
5.620175123214722
5.622176885604858
5.532093286514282
5.606163024902344
5.648199796676636
5.5771331787109375
5.603158235549927
5.578136444091797
5.618172883987427
5.5781354904174805
5.774316072463989
5.5491087436676025
5.630182981491089
5.647199630737305
5.6291821002960205
5.545105218887329
5.571129083633423
5.647198915481567
5.631184101104736
5.697245121002197
5.522083759307861
5.646198749542236
5.598155498504639
5.68423318862915
5.673223495483398
5.670219659805298
5.724270582199097
5.510072708129883
5.593149185180664
5.57413125038147
5.444012403488159
5.579136371612549
5.46002721786499
5.395967245101929
5.474039316177368
5.516079902648926
5.602157831192017
5.508071184158325
5.56812596321106
5.508072137832642
5.531091928482056
5.54510498046875
5.4980621337890625
5.57413125038147
5.474039316177368
5.646198272705078
5.5811378955841064
5.544105291366577
5.596151351928711
5.626180410385132
5.667217493057251
5.704252243041992
5.473039150238037
5.477043151855469
5.481046438217163
5.5691282749176025
5.51607871055603
5.538098573684692
5.53709864616394
5.40597677230835
5.42699670791626
5.39596962928772
5.420990705490112
5.4750401973724365
5.569127321243286
5.439008712768555
5.53309440612793
5.420990943908691
5.421992540359497
5.464030981063843
5.437006711959839
5.51707911491394
5.468034982681274
5.394967317581177
5.456023454666138
5.351927042007446
5.507058620452881
5.448001146316528
5.3509135246276855
5.345906496047974
5.337901830673218
5.313878297805786
5.497047185897827
5.300867557525635
5.3529133796691895
5.248819589614868
5.3789381980896
5.5250725746154785
5.3409035205841064
5.284850835800171
5.374934196472168
5.455007314682007
5.308875560760498
5.406966924667358
5.404962778091431
5.398955583572388
5.444998741149902
5.354916572570801
5.3579185009002686
5.274842977523804
5.399957895278931
5.426982402801514
5.395954132080078
5.297863960266113
5.507054328918457
5.307873249053955
5.420977354049683
5.44099497795105
5.399957656860352
5.312877893447876
5.572115659713745
5.3949525356292725
5.297863721847534
5.137717962265015
5.314879894256592
5.525072336196899
5.453006982803345
5.293859481811523
5.326889514923096
5.3399035930633545
5.364925384521484
5.366928339004517
5.497047185897827
5.443998575210571
5.387945652008057
5.372933387756348
5.47502589225769
5.352914810180664
5.3909502029418945
5.267836809158325
5.440995216369629
5.3536317348480225
5.436991930007935
5.318883419036865
5.43298864364624
5.272841691970825
5.4500038623809814
5.479030132293701
5.236801624298096
5.419976234436035
5.475025415420532
5.4530065059661865
5.503051996231079
5.4670188426971436
5.422978639602661
5.35491418838501
5.2247960567474365
5.378938436508179
5.382941246032715
5.348907947540283
5.362923860549927
5.2748425006866455
5.349911689758301
5.313879728317261
5.330893516540527
5.3409035205841064
5.328892230987549
5.442996978759766
5.365925550460815
5.4480016231536865
5.408967018127441
5.304870367050171
5.233803987503052
5.34991192817688
5.247817516326904
5.362924575805664
5.3719329833984375
5.349911689758301
5.310876369476318
5.3529136180877686
5.318881988525391
5.278845548629761
5.356917381286621
5.395953416824341
5.285852670669556
5.327890872955322
5.276844501495361
5.408965826034546
5.348910570144653
5.356918573379517
5.321885347366333
5.309875726699829
5.259829044342041
5.34090518951416
5.487037658691406
5.402960538864136
5.340904235839844
5.281850099563599
5.392951488494873
5.324888706207275
5.388946056365967
5.3158793449401855
5.356919050216675
5.403960227966309
5.339901685714722
5.281848907470703
5.37293267250061
5.294861078262329
5.419975757598877
5.266836166381836
5.377938747406006
5.383944272994995
5.465017557144165
5.375934839248657
5.276844501495361
5.322886228561401
5.488039493560791
5.254824638366699
5.351912975311279
5.611150741577148
5.374933242797852
5.301867723464966
5.337900638580322
5.369930982589722
5.3749330043792725
5.230803489685059
5.284851312637329
5.507055759429932
5.314878940582275
5.260829448699951
5.375934600830078
5.3218865394592285
5.367927551269531
5.323887586593628
5.517064571380615
5.260829448699951
5.400958776473999
5.357919454574585
5.323887825012207
5.463015794754028
5.307693958282471
5.456008672714233
5.386945724487305
5.406963348388672
5.3038694858551025
5.474025011062622
5.42297887802124
5.446001052856445
5.377938270568848
5.480030059814453
5.3409035205841064
5.294861078262329
5.416965007781982
5.372923374176025
5.429973125457764
5.422967195510864
5.3388895988464355
5.414960622787476
5.236797094345093
5.381930589675903
5.482023239135742
5.274831056594849
5.293850421905518
5.393941640853882
5.384932518005371
5.379927635192871
5.467007637023926
5.534069538116455
5.290847301483154
5.400947570800781
5.4089555740356445
5.338890552520752
5.436980724334717
5.225787162780762
5.266825199127197
5.417962551116943
5.359909534454346
5.52606201171875
5.468009948730469
5.296851873397827
5.269826650619507
5.344895124435425
5.35390567779541
5.329882383346558
5.296852111816406
5.3188722133636475
5.345898151397705
5.440984487533569
5.432977676391602
5.349899768829346
5.2678258419036865
5.285841941833496
5.347898960113525
5.383933067321777
5.418963670730591
5.406954050064087
5.353903770446777
5.42296838760376
5.43998384475708
5.251810789108276
5.366916656494141
5.349900722503662
5.3869359493255615
5.377925872802734
5.377926588058472
5.414961814880371
5.459001541137695
5.357909202575684
5.4539954662323
5.355906248092651
5.326880931854248
5.53907322883606
5.267827033996582
5.323877811431885
5.423969268798828
5.382930755615234
5.349901437759399
5.355907440185547
5.361912727355957
5.491029977798462
5.508044958114624
5.41896390914917
5.349900484085083
5.370920181274414
5.503040790557861
5.4559972286224365
5.428972959518433
5.300857067108154
5.392940282821655
5.422968149185181
5.392939805984497
5.412958860397339
5.400946378707886
5.412959814071655
5.399947643280029
5.336888313293457
5.446989297866821
5.448991537094116
5.391939163208008
5.306861639022827
5.41095757484436
5.5270631313323975
5.361911773681641
5.332885026931763
5.343894958496094
5.393174409866333
5.418964147567749
5.403951168060303
5.345897436141968
5.4369797706604
5.4559996128082275
5.407954692840576
5.357908248901367
5.494033575057983
5.34890079498291
5.441986560821533
5.375925064086914
5.296853303909302
5.4359800815582275
5.432977199554443
5.436980724334717
5.387936115264893
5.404951333999634
5.38593316078186
5.263823509216309
5.439983129501343
5.392941236495972
5.501039505004883
5.482022762298584
6.160643577575684
5.91207480430603
5.7323317527771
5.510047912597656
5.607137203216553
5.5010387897491455
5.4039506912231445
5.44098424911499
5.496035099029541
5.44999361038208
5.543078899383545
5.545079231262207
5.546081066131592
5.40495228767395
5.412958860397339
5.4830238819122314
5.50604248046875
5.539073467254639
5.441985130310059
5.611141204833984
5.464006185531616
5.495035409927368
5.413961172103882
5.53406834602356
5.282840967178345
5.35390567779541
5.3539042472839355
5.411958932876587
5.38793683052063
5.4119579792022705
5.350901126861572
5.3749237060546875
5.288845062255859
5.373924493789673
5.2868430614471436
5.3919432163238525
5.542076826095581
5.440984487533569
5.424969911575317
5.41596245765686
5.401947975158691
5.400946855545044
5.4640052318573
5.414960622787476
5.4279725551605225
5.4269726276397705
5.387930631637573
5.42095947265625
5.5650904178619385
5.411951780319214
5.385927438735962
5.406945705413818
5.422961950302124
5.383926153182983
5.377920627593994
5.3579020500183105
5.417956352233887
5.351895332336426
5.483013868331909
5.362905979156494
5.4359729290008545
5.304852247238159
5.384925365447998
5.310858726501465
5.408947706222534
5.478010654449463
5.378921747207642
5.264817476272583
5.462996959686279
5.497028589248657
5.322869300842285
5.406946659088135
5.315863370895386
5.374916315078735
5.422960519790649
5.508037090301514
5.405945777893066
5.315862655639648
5.501033306121826
5.389930486679077
5.358902454376221
5.367910385131836
5.353898525238037
5.39893913269043
5.323869943618774
5.362905979156494
5.317864418029785
5.540069103240967
5.380923271179199
5.4119508266448975
5.315863132476807
5.483015775680542
5.321868658065796
5.495027303695679
5.603123903274536
5.443979978561401
5.416955947875977
5.487018823623657
5.425962924957275
5.435973882675171
5.472005605697632
5.4850172996521
5.333879470825195
5.417956590652466
5.355898380279541
5.423963308334351
5.398939847946167
5.3909313678741455
5.449985504150391
5.341886758804321
5.368912696838379
5.475008964538574
5.427965402603149
5.345890522003174
5.39093017578125
5.421958923339844
5.625145196914673
5.457993745803833
5.530059576034546
5.362906455993652
5.4850170612335205
5.499029636383057
5.406945705413818
5.332879066467285
5.508039474487305
5.379922866821289
5.32387113571167
5.533060789108276
5.4009411334991455
5.391931533813477
5.327873468399048
5.434971570968628
5.362905979156494
5.338885068893433
5.4950270652771
5.328874111175537
5.321868658065796
5.311858177185059
5.502033948898315
5.435972213745117
5.363907337188721
5.401941299438477
5.361904859542847
5.294843673706055
5.395936012268066
5.587111949920654
5.68820333480835
5.35489821434021
5.478011608123779
5.437973499298096
5.545071601867676
5.459994792938232
5.388930559158325
5.401942253112793
5.372915983200073
5.4309680461883545
5.447984218597412
5.294844388961792
5.436974287033081
5.39193058013916
5.504035472869873
5.5060365200042725
5.4359729290008545
5.8093156814575195
5.658505916595459
5.660972833633423
5.812119007110596
5.938910245895386
5.806029319763184
5.915412902832031
5.73357892036438
5.658649206161499
5.5891125202178955
5.501800537109375
5.612134695053101
5.547640085220337
5.629143476486206
5.730437517166138
6.031517505645752
5.81431770324707
5.619139909744263
5.3959362506866455
5.473008155822754
5.346889972686768
5.41595458984375
5.484015941619873
5.527055978775024
5.467001676559448
5.4900221824646
5.401942014694214
5.4950270652771
5.4740073680877686
5.44398045539856
5.430967807769775
5.5130438804626465
5.486018896102905
5.5110414028167725
5.428966283798218
5.4529876708984375
5.413951873779297
5.392934322357178
5.429966449737549
5.454988956451416
5.3889288902282715
5.373914957046509
5.447983980178833
5.551079034805298
5.454989671707153
5.444980621337891
5.439974546432495
5.45398473739624
5.3729088306427
5.471998691558838
5.421953201293945
5.399934768676758
5.441973924636841
5.423956871032715
5.439972162246704
5.495022773742676
5.454983472824097
5.328869104385376
5.46599555015564
5.299842596054077
5.421955585479736
5.342881917953491
5.419952392578125
5.450979948043823
5.492017984390259
5.383920431137085
5.3268678188323975
5.469999074935913
5.651164293289185
5.400935411453247
5.364902019500732
5.441972970962524
5.3669047355651855
5.516040802001953
5.433966875076294
5.5310540199279785
5.50102686882019
5.398934602737427
5.431963920593262
5.47200083732605
5.443974733352661
5.482009172439575
5.370908498764038
5.484011173248291
5.410944700241089
5.346885919570923
5.491016626358032
5.481006383895874
5.555075645446777
5.430963039398193
5.493020057678223
5.429961919784546
5.475003480911255
5.48000693321228
5.543064832687378
5.462991952896118
5.326867580413818
5.428959608078003
5.469998598098755
5.381917953491211
5.507033586502075
5.401936769485474
5.468996524810791
5.539061784744263
5.570091247558594
5.550071477890015
5.49001669883728
5.454984188079834
5.4930198192596436
5.507033348083496
5.499024868011475
5.419953346252441
5.450981616973877
5.471999883651733
5.347886800765991
5.413947105407715
5.452982425689697
5.532055377960205
5.367904424667358
5.55307412147522
5.446977376937866
5.473001003265381
5.481008052825928
5.474002122879028
5.485013008117676
5.588107347488403
5.545067310333252
5.4970245361328125
5.481008529663086
5.343883275985718
5.406940937042236
5.4990246295928955
5.5230467319488525
5.527050256729126
5.473001003265381
5.4409730434417725
5.43296480178833
5.550073146820068
5.470999717712402
5.540062427520752
5.564084529876709
5.5020270347595215
5.419952154159546
5.490016937255859
5.510035276412964
5.574092864990234
5.369908094406128
5.513038396835327
5.518042087554932
5.37691330909729
5.539061784744263
5.613129138946533
5.498024940490723
5.437970161437988
5.464994430541992
5.434966325759888
5.476004123687744
5.455985069274902
5.3899245262146
5.566086292266846
5.49602198600769
5.480008602142334
5.483010530471802
5.4349658489227295
5.4740025997161865
5.478005647659302
5.534058094024658
5.4469780921936035
5.674185514450073
5.492017984390259
5.464994192123413
5.588107109069824
5.44397497177124
5.542064905166626
5.4389708042144775
5.536058664321899
5.420954465866089
5.428960800170898
5.496022462844849
5.434966564178467
5.491018295288086
5.451982498168945
5.489016056060791
5.5921103954315186
5.446977376937866
5.532055139541626
5.404938459396362
5.413946628570557
5.374912738800049
5.429961204528809
5.3769142627716064
5.44998025894165
5.406940698623657
5.521044731140137
5.5070319175720215
5.442975044250488
5.4760048389434814
5.450981855392456
5.521045684814453
5.493019104003906
5.480006456375122
5.33687686920166
5.463993310928345
5.537059783935547
5.47300124168396
5.53205418586731
5.477005243301392
5.541063547134399
5.48801589012146
5.43897008895874
5.41394567489624
5.421950101852417
5.475999593734741
5.560077667236328
5.470996141433716
5.552069425582886
5.501022815704346
5.427955150604248
5.358893394470215
5.454980850219727
5.383915901184082
5.386918783187866
5.28382420539856
5.476001024246216
5.419948101043701
5.49101448059082
5.5020246505737305
5.486009120941162
5.359894752502441
5.518038034439087
5.494016647338867
5.430959939956665
5.506027460098267
5.468993425369263
5.412942409515381
5.473998785018921
5.461988210678101
5.464990139007568
5.43996787071228
5.4850077629089355
5.369904518127441
5.476000785827637
5.518038511276245
5.592105865478516
5.308847904205322
5.560076713562012
5.4319610595703125
5.355891227722168
5.541058778762817
5.447973966598511
5.484006881713867
5.5460638999938965
5.547065734863281
5.426955461502075
5.4649903774261475
5.528047323226929
5.424954652786255
5.521041393280029
5.523043155670166
5.5020246505737305
5.441969156265259
5.488011598587036
5.537055015563965
5.422950744628906
5.506028175354004
5.4069366455078125
5.443970680236816
5.430959224700928
5.4019317626953125
5.514034986495972
5.491014003753662
5.401932716369629
5.421951532363892
5.501023292541504
5.368901968002319
5.46599006652832
5.479001998901367
5.441969394683838
5.506028652191162
5.46098518371582
5.566083192825317
5.395927429199219
5.45097804069519
5.457983732223511
5.543061256408691
5.448975324630737
5.378911256790161
5.51003098487854
5.503024339675903
5.465991020202637
5.472997426986694
5.461987257003784
5.452979564666748
5.409940958023071
5.364899396896362
5.391923427581787
5.448974847793579
5.448976516723633
5.486008644104004
5.473998546600342
5.573088645935059
5.593106508255005
5.385917901992798
5.469993829727173
5.492014408111572
5.432960033416748
5.342877626419067
5.50803017616272
5.586100816726685
5.389921188354492
5.432961463928223
5.48600959777832
5.396928310394287
5.5120344161987305
5.428956747055054
5.580093860626221
5.443970680236816
5.503023386001587
5.411941766738892
5.552069187164307
5.383916139602661
5.558074712753296
5.498019695281982
5.460986375808716
5.531052112579346
5.522042512893677
5.413942337036133
5.441968202590942
5.516037940979004
5.4129416942596436
5.466991662979126
5.40193247795105
5.45598292350769
5.5270466804504395
5.501022577285767
5.513034820556641
5.480003595352173
5.559075593948364
5.370904207229614
5.366900682449341
5.512032747268677
5.4719977378845215
5.450976371765137
5.495017051696777
5.337873935699463
5.453979730606079
5.504025936126709
5.379912614822388
5.544060945510864
5.518038988113403
5.375908136367798
5.482005596160889
5.494016647338867
5.446973562240601
5.512033462524414
5.422951698303223
5.518038511276245
5.411941289901733
5.635145425796509
5.409940719604492
5.513034820556641
5.440967082977295
5.5871007442474365
5.547064781188965
5.492013692855835
5.474998950958252
5.535053253173828
5.434963703155518
5.504024028778076
5.507029056549072
5.373906850814819
5.5350518226623535
5.4469733238220215
5.4429707527160645
5.440966367721558
5.409937858581543
5.3909196853637695
5.443967819213867
5.438963174819946
5.450974225997925
5.371902227401733
5.4069342613220215
5.473995685577393
5.486006259918213
5.461982727050781
5.392920970916748
5.43596076965332
5.456979990005493
5.484004259109497
5.486006736755371
5.316853284835815
5.465987920761108
5.495013952255249
5.331865310668945
5.351883888244629
5.408936023712158
5.513030529022217
5.500019311904907
5.386916160583496
5.489008188247681
5.464986801147461
5.426952600479126
5.664169788360596
5.4729955196380615
5.388918399810791
5.472995281219482
5.443966865539551
5.457980632781982
5.40293025970459
5.468990325927734
5.478999853134155
5.501019716262817
5.384913444519043
5.5941057205200195
5.374904632568359
5.574086666107178
5.3909196853637695
5.3819098472595215
5.416942834854126
5.426951885223389
5.455979347229004
5.523041248321533
5.515031814575195
5.334868669509888
5.457980155944824
5.350882530212402
5.467989683151245
5.4499735832214355
5.511029243469238
5.463986158370972
5.535050392150879
5.535051345825195
5.444968938827515
5.4940149784088135
5.383913040161133
5.479000568389893
5.552066326141357
5.548063039779663
5.466988563537598
5.45097541809082
5.455979347229004
5.49201226234436
5.4719929695129395
5.469991207122803
5.388916969299316
5.335867881774902
5.424951553344727
5.4329588413238525
5.448971748352051
5.488007545471191
5.538055181503296
5.527044773101807
5.46999192237854
5.438962936401367
5.424952030181885
5.527042627334595
5.420946836471558
5.505023956298828
5.47099232673645
5.444967746734619
5.525042295455933
5.410937786102295
5.433959007263184
5.425952434539795
5.462984800338745
5.333867311477661
5.444969892501831
5.641147613525391
5.51102876663208
5.490011215209961
5.499019145965576
5.509028434753418
5.472995281219482
5.443967819213867
5.465987205505371
5.519037246704102
5.525042772293091
5.412939071655273
5.4279539585113525
5.521038293838501
5.379910707473755
5.434959173202515
5.553068399429321
5.564078092575073
5.590101718902588
5.565079212188721
5.52704381942749
5.411939382553101
5.437962770462036
5.323858976364136
5.422948598861694
5.542057514190674
5.463987827301025
5.380911350250244
5.48100209236145
5.429955959320068
5.4669880867004395
5.536051511764526
5.402930498123169
5.460982322692871
5.458981513977051
5.42795467376709
5.495014905929565
5.664168357849121
5.428955078125
5.547062635421753
5.379909992218018
5.364895582199097
5.479000091552734
5.605114698410034
5.45597767829895
5.51503324508667
5.530047416687012
5.485006093978882
5.477998733520508
5.4339587688446045
5.527045249938965
5.392920970916748
5.434959888458252
5.464987277984619
5.408937215805054
5.439964294433594
5.509028434753418
5.481001377105713
5.29583215713501
5.3779075145721436
5.45197606086731
5.468989610671997
5.456979990005493
5.535050868988037
5.377907752990723
5.475997686386108
5.365896463394165
5.548063516616821
5.504022598266602
5.38991904258728
5.365896463394165
5.443967580795288
5.532048463821411
5.366897106170654
5.664167404174805
5.700199842453003
5.3849122524261475
5.386914014816284
5.53905177116394
5.394921064376831
5.443967342376709
5.356886148452759
5.426949501037598
5.454976320266724
5.37990665435791
5.488006353378296
5.380909442901611
5.505022287368774
5.488006114959717
5.455976486206055
5.4459686279296875
5.426951169967651
5.376904726028442
5.324857950210571
5.4609808921813965
5.4870054721832275
5.435957908630371
5.542054891586304
5.472992658615112
5.4299538135528564
5.376904487609863
5.365893602371216
5.368896961212158
5.43395733833313
5.551063537597656
5.408934116363525
5.407932996749878
5.380907773971558
5.451974153518677
5.401927471160889
5.259798765182495
5.431956052780151
5.527041912078857
5.351883172988892
5.4149391651153564
5.452974319458008
5.5090248584747314
5.4359588623046875
5.431955575942993
5.27581000328064
5.445967674255371
5.501017332077026
5.4970152378082275
5.446969509124756
5.339871406555176
5.451972484588623
5.454975843429565
5.507023334503174
5.394920825958252
5.617124319076538
5.588096857070923
5.346877574920654
5.301836967468262
5.425948858261108
5.2688071727752686
5.328862190246582
5.168715715408325
5.39492130279541
5.344875335693359
5.406932830810547
5.36789608001709
5.363891839981079
5.142691373825073
5.40793251991272
5.572083234786987
5.327861309051514
5.715213298797607
5.621127367019653
5.904385566711426
5.7252209186553955
5.737231492996216
5.387914180755615
5.480999708175659
5.385912656784058
5.379907846450806
5.3668951988220215
5.458979368209839
5.325857162475586
5.382910966873169
5.4229466915130615
5.383912086486816
5.323857545852661
5.302836894989014
5.156703948974609
5.27681303024292
5.394920825958252
5.244785308837891
5.37690544128418
5.28782320022583
5.338871479034424
5.176722526550293
5.3779051303863525
5.309844255447388
5.487004280090332
5.390917062759399
5.372901439666748
5.362891435623169
5.260797500610352
5.3709001541137695
5.423946857452393
5.385912656784058
5.216758728027344
5.31484842300415
5.427951097488403
5.454975366592407
5.287823915481567
5.279815912246704
5.336869239807129
5.3028364181518555
5.404930353164673
5.3829100131988525
5.297832727432251
5.363892078399658
5.200743675231934
5.334866285324097
5.301836252212524
5.342873573303223
5.435957908630371
5.188733100891113
5.428952217102051
5.476994752883911
5.327860355377197
5.413938283920288
5.459980726242065
5.183728218078613
5.255793809890747
5.289826154708862
5.4119367599487305
5.295831203460693
5.255793809890747
5.378903865814209
5.269808292388916
5.181727409362793
5.381910562515259
5.252791404724121
5.440963268280029
5.45297384262085
5.3318634033203125
6.600735664367676
5.752797842025757
5.8549299240112305
5.367896795272827
