Timing log for each step:
0.01201176643371582
10.162086963653564
9.915697813034058
9.99973177909851
10.233100891113281
10.381379842758179
9.975479125976562
9.79800534248352
10.226597547531128
9.901046991348267
9.919055223464966
10.10045051574707
9.916879415512085
10.30980634689331
10.181316614151001
9.931694507598877
8.91616177558899
9.53176236152649
9.64633846282959
8.807234287261963
8.944915294647217
8.761134386062622
8.795519828796387
10.374319791793823
9.114293098449707
8.851258039474487
9.10698127746582
10.112547159194946
10.573263168334961
10.388713121414185
10.290203332901001
10.604213953018188
10.168586492538452
10.21724557876587
10.596486568450928
10.572134494781494
10.482278108596802
10.292201280593872
10.209986925125122
10.507349967956543
10.400341033935547
10.303799867630005
10.52120041847229
10.41907787322998
10.438495874404907
10.504300832748413
10.541422843933105
