Timing log for each step:
0.018017292022705078
10.417921543121338
11.152051448822021
10.72106385231018
10.464373111724854
10.536655187606812
10.580935716629028
10.343002557754517
10.397402286529541
10.505606651306152
10.447563409805298
10.564294338226318
10.602848529815674
10.754451513290405
11.29922103881836
10.710817813873291
10.550355672836304
10.486961364746094
10.527103185653687
10.588926553726196
10.726994276046753
10.950715065002441
10.54383134841919
10.995627880096436
10.969964265823364
11.512612342834473
12.252050638198853
12.06194281578064
11.504204034805298
11.285486936569214
11.29464840888977
11.255318403244019
11.35128664970398
11.264211177825928
10.805653810501099
10.880462884902954
11.261593341827393
11.253804922103882
11.356305837631226
11.260136365890503
11.337784767150879
11.277773380279541
11.345398187637329
10.356556415557861
11.257206439971924
11.366700172424316
11.242360591888428
10.858413457870483
11.359275817871094
10.585723876953125
11.227128505706787
11.579655408859253
11.304165601730347
11.001785516738892
11.390275955200195
11.413396835327148
11.344103574752808
10.32641339302063
11.329994678497314
10.906219482421875
11.333532810211182
11.480778932571411
11.434671878814697
10.784073114395142
11.349425315856934
10.844686508178711
11.292115449905396
10.812013387680054
11.255871057510376
10.817847490310669
11.349941968917847
11.481525659561157
10.024863958358765
10.752442359924316
11.346659660339355
10.875127792358398
10.936412334442139
11.38014268875122
10.154438495635986
10.844517469406128
11.377228498458862
10.768423318862915
10.853553295135498
10.219444990158081
10.943876504898071
10.95020318031311
11.424537897109985
11.397270441055298
9.637999296188354
10.621684074401855
11.400895595550537
10.084802389144897
10.80264687538147
11.358379125595093
10.957764625549316
11.368935823440552
9.995868682861328
10.83926272392273
11.337416410446167
10.047001123428345
10.324870586395264
10.808537244796753
11.309565782546997
10.702763319015503
11.385573863983154
10.077002763748169
10.279448747634888
10.846545696258545
10.87196683883667
10.776237487792969
10.918034553527832
10.679564237594604
10.681236743927002
10.709411144256592
10.183541536331177
10.731648445129395
10.747268199920654
10.84172534942627
9.544929027557373
10.305705547332764
10.944533586502075
10.810746192932129
10.768372535705566
9.8663911819458
9.823332071304321
9.738531827926636
10.649492502212524
10.7353994846344
10.628263711929321
10.583717346191406
10.597912311553955
10.695677995681763
10.552205801010132
10.643766641616821
10.648763656616211
10.643375158309937
10.672066450119019
10.663824558258057
11.112953662872314
11.132346630096436
10.661579847335815
10.667686700820923
10.550727844238281
10.653866529464722
10.822162389755249
11.262057304382324
11.193283319473267
11.26654052734375
11.259068250656128
11.212173700332642
11.237614870071411
11.229280471801758
11.288352966308594
11.225598335266113
11.32638931274414
11.295555830001831
11.310494422912598
11.390891075134277
11.28891658782959
11.18519377708435
11.255821704864502
11.14093017578125
11.120926856994629
11.213970422744751
11.489070653915405
11.171396017074585
11.206416606903076
11.18254041671753
11.201471090316772
11.26918077468872
11.240256786346436
11.143523454666138
11.252712488174438
11.203581094741821
11.193743705749512
11.250230312347412
11.148058414459229
11.268679141998291
11.189291715621948
11.247225999832153
11.162343502044678
11.251232385635376
11.149383783340454
11.209336996078491
11.281615972518921
11.25661587715149
11.241527318954468
11.18996524810791
11.396123886108398
11.21584963798523
11.809731721878052
11.997415781021118
11.273768424987793
10.806991338729858
10.946424961090088
11.23020076751709
11.277729749679565
11.234479188919067
11.363056898117065
11.246665000915527
11.406394481658936
11.79501223564148
11.481884956359863
11.422476291656494
11.393535614013672
11.385449409484863
11.452457189559937
11.381209373474121
11.32342004776001
11.24898386001587
11.380734205245972
11.332792520523071
11.395818710327148
11.470971584320068
11.386555194854736
11.387922048568726
11.364511728286743
11.393509149551392
11.319024562835693
11.329288244247437
11.315559387207031
11.364799737930298
11.313230276107788
11.351410627365112
11.377129316329956
11.452862977981567
11.452997922897339
11.677599906921387
11.371289491653442
11.474270820617676
11.431924819946289
11.478995561599731
11.744042873382568
11.54314112663269
11.414323806762695
11.415325403213501
11.449913263320923
11.399134159088135
11.680304050445557
11.605777263641357
11.435940742492676
11.180526971817017
10.776340246200562
10.993090152740479
11.748642444610596
11.445967435836792
11.129810094833374
11.092428922653198
10.77316665649414
11.337115049362183
10.77402138710022
12.141118049621582
11.051206588745117
11.234581708908081
10.929438352584839
11.20086932182312
11.2372145652771
11.3921799659729
11.182650566101074
10.789879322052002
11.758801460266113
11.766951084136963
11.272348165512085
11.107625246047974
10.993915319442749
11.344356298446655
11.591701745986938
11.81210207939148
12.127452611923218
11.763922214508057
11.664111137390137
11.408580780029297
11.676954984664917
11.411130666732788
11.3823721408844
11.613510131835938
11.214961051940918
11.225501537322998
10.996119499206543
10.618658542633057
10.597976922988892
