Timing log for each step:
0.011008739471435547
5.966279029846191
5.9241180419921875
5.77710485458374
5.863915681838989
5.8651673793792725
5.847310781478882
5.8008081912994385
5.835949659347534
5.9440858364105225
5.809235334396362
5.703855037689209
5.807354927062988
5.932376146316528
5.900319337844849
5.799335718154907
5.877942800521851
5.845569610595703
5.927414417266846
5.850839853286743
5.998772859573364
5.84002423286438
6.030750751495361
5.981265068054199
5.794336795806885
5.969383001327515
5.994508266448975
6.048864126205444
5.9902403354644775
6.19782567024231
6.107950925827026
5.961278915405273
5.997346639633179
5.9695799350738525
5.908846378326416
5.926601409912109
5.88121223449707
5.935971021652222
5.97728157043457
5.92681884765625
5.888689994812012
5.8959245681762695
5.788970708847046
5.7045063972473145
5.845053195953369
5.771521329879761
5.861127138137817
5.878174304962158
6.0054848194122314
5.9214043617248535
5.864341497421265
5.910665273666382
5.907433032989502
5.876823902130127
5.984230279922485
5.943445444107056
5.99117112159729
5.980278730392456
5.906240224838257
5.91076922416687
6.205560684204102
6.139991044998169
5.916552305221558
5.965422630310059
5.9015092849731445
5.999494314193726
5.90520167350769
5.914397716522217
6.022885084152222
5.983226776123047
5.920331954956055
5.934452056884766
5.992298603057861
5.995383024215698
5.8976891040802
5.909637689590454
6.23516058921814
5.9404871463775635
5.8923726081848145
5.961958885192871
5.908038854598999
5.931052923202515
5.979763746261597
5.939451217651367
5.940154314041138
6.021829128265381
5.981979131698608
5.910862922668457
6.005425691604614
6.007894277572632
5.900223255157471
5.932980537414551
5.980025053024292
6.012305736541748
5.985485792160034
5.962892055511475
5.889248847961426
5.9571356773376465
6.0901572704315186
6.043792247772217
6.000262975692749
6.094939947128296
5.999367713928223
5.934690237045288
5.973095417022705
5.839482307434082
5.952801942825317
5.917115688323975
5.9311842918396
6.018110036849976
5.890733480453491
6.082933187484741
6.313277006149292
6.389332056045532
6.475948333740234
6.845963001251221
6.7269511222839355
6.793942928314209
6.484295129776001
6.879610061645508
7.017628908157349
6.599028825759888
6.0827038288116455
5.997835874557495
5.937328815460205
7.225086450576782
6.47034215927124
6.01798415184021
5.9477972984313965
5.579204082489014
5.923165321350098
6.783766746520996
5.464969158172607
5.52202033996582
5.504003047943115
5.5780723094940186
5.443949937820435
5.451956748962402
5.47497820854187
5.510009765625
5.46797251701355
5.45596170425415
5.430937767028809
5.507006645202637
5.467971563339233
5.412921667098999
5.44294810295105
5.510009765625
5.470973014831543
5.4979987144470215
5.415153503417969
5.4442901611328125
5.443400859832764
5.467971563339233
5.491993188858032
5.5440404415130615
5.507007122039795
5.484987020492554
5.472976207733154
5.5200183391571045
5.484987497329712
5.456962585449219
5.452958822250366
5.476979970932007
5.434942007064819
5.4459521770477295
5.442948579788208
5.465970039367676
5.634114503860474
5.6310484409332275
5.433940649032593
5.587078809738159
5.455960512161255
5.439945697784424
5.494996547698975
5.440138578414917
5.415464162826538
5.442948579788208
5.57306694984436
5.578071117401123
5.475979804992676
5.555048704147339
5.481983661651611
5.460964918136597
5.4689717292785645
5.446953058242798
5.549045085906982
5.415924310684204
5.539036989212036
5.427934885025024
5.46696662902832
5.455960750579834
5.384896278381348
5.403914451599121
5.418926954269409
5.483985900878906
5.438944339752197
5.455676555633545
5.3598716259002686
5.444950580596924
5.441948890686035
5.361875057220459
5.421929359436035
5.502002477645874
5.50300407409668
5.388899326324463
5.369882583618164
5.429936647415161
5.3598737716674805
5.4549596309661865
5.49099326133728
5.4127655029296875
5.487989902496338
5.493995189666748
5.496997833251953
5.414923429489136
5.426368474960327
5.44595193862915
5.412922143936157
5.499000310897827
5.382894039154053
5.459965467453003
5.396906852722168
5.413922548294067
5.4059154987335205
5.460965156555176
5.37288498878479
5.3939049243927
5.394481658935547
5.438748121261597
5.418927192687988
5.414922714233398
5.501001596450806
5.46997332572937
5.4629669189453125
5.500001668930054
5.699473857879639
5.944905757904053
5.96204137802124
5.935982942581177
5.943341493606567
5.95366907119751
5.9887542724609375
5.70888352394104
5.82709813117981
6.011037826538086
5.898238658905029
5.858760595321655
5.870776653289795
5.772019863128662
5.799032926559448
5.762341737747192
5.813705205917358
5.849372863769531
5.878016710281372
5.928911209106445
5.973768949508667
5.965479850769043
5.896232604980469
5.932065725326538
5.931973457336426
5.929357290267944
5.877874851226807
6.0224034786224365
5.8328306674957275
5.9607765674591064
5.944607734680176
5.869084119796753
5.946176290512085
5.819429159164429
5.835736513137817
5.985918045043945
5.952543258666992
5.955154180526733
5.910541296005249
5.982696771621704
5.948399543762207
5.8916332721710205
5.907963514328003
5.9195616245269775
5.936426401138306
5.881170034408569
5.8928139209747314
5.969066381454468
5.827608346939087
5.915838718414307
5.959516525268555
5.845113039016724
5.856342077255249
5.946399211883545
5.882935285568237
6.040364503860474
5.899686336517334
5.86665153503418
5.917440414428711
5.891826391220093
5.9221110343933105
5.830708980560303
5.789525270462036
5.799150705337524
5.8512818813323975
5.930479288101196
5.963367700576782
5.867166996002197
5.878598690032959
5.959336280822754
5.925211191177368
5.914978504180908
5.921350002288818
5.892829418182373
5.9984517097473145
5.723880767822266
5.766381502151489
5.797950029373169
5.82301926612854
5.806796550750732
5.7709574699401855
5.817259788513184
5.8948469161987305
5.909696102142334
5.954419136047363
5.853111982345581
5.929254770278931
5.854774713516235
5.920886516571045
6.536095380783081
6.604005336761475
5.826297283172607
5.6201090812683105
5.482985496520996
5.494996070861816
5.509009599685669
5.471975326538086
5.430937767028809
5.470972537994385
5.477980852127075
5.453960180282593
5.453957557678223
5.436943054199219
5.458963394165039
5.43994665145874
5.383895397186279
5.339854955673218
5.403913259506226
5.409918308258057
5.447954177856445
5.4489545822143555
5.52001953125
5.421929121017456
5.4229302406311035
5.3905744552612305
5.394906282424927
5.445951700210571
5.380892753601074
5.445951700210571
5.45596170425415
5.463968515396118
5.449955463409424
5.340856313705444
5.363876104354858
5.3999104499816895
5.436943531036377
5.494996070861816
5.466970443725586
5.4059154987335205
5.496997356414795
5.488991737365723
5.482949733734131
5.482985734939575
5.468972444534302
5.342858076095581
5.411921501159668
5.421929359436035
5.273794889450073
5.37288498878479
5.337852239608765
5.311829328536987
5.397907495498657
5.364878416061401
5.561055898666382
5.3578715324401855
5.394905090332031
5.451956748962402
5.3378517627716064
5.422929763793945
5.37488865852356
5.472976207733154
5.40491247177124
5.417926788330078
5.339854717254639
5.369888067245483
5.889084100723267
5.864954710006714
5.88508939743042
5.849185943603516
6.298677682876587
6.0761878490448
6.204354524612427
6.103638410568237
5.871064186096191
5.895588159561157
5.8222784996032715
5.81010103225708
5.927246570587158
5.8848090171813965
5.867288827896118
5.949615955352783
5.900890111923218
5.892525672912598
6.000905513763428
5.965896368026733
5.938477277755737
5.881409168243408
5.9449851512908936
6.016185760498047
5.9636335372924805
5.931398391723633
5.913402080535889
5.835002899169922
5.675246000289917
5.9250428676605225
5.97948956489563
5.903147459030151
5.926698684692383
5.845043659210205
5.822547912597656
5.777554512023926
5.885166168212891
5.849441766738892
5.8034327030181885
5.84668493270874
5.873358249664307
5.859246730804443
5.745067834854126
5.877767324447632
5.809799671173096
6.487049579620361
5.845892667770386
5.897568941116333
5.874542236328125
5.831928014755249
5.759941816329956
5.752116441726685
5.814966440200806
5.820231676101685
5.769651889801025
5.859014987945557
5.8559699058532715
5.962225914001465
5.919457197189331
5.868746757507324
5.914517402648926
5.919907093048096
5.899649143218994
5.900250196456909
5.821321487426758
5.809087753295898
5.7842795848846436
5.875736474990845
5.722380876541138
5.79262375831604
5.891657829284668
5.835735082626343
5.911353349685669
5.83143949508667
5.865426063537598
5.848579168319702
5.901014566421509
6.14402174949646
6.202686548233032
6.000245094299316
5.738808870315552
5.861265182495117
5.742262363433838
5.793118476867676
6.028630018234253
5.787154197692871
5.896439075469971
5.848982810974121
5.900289297103882
5.88630747795105
5.8248677253723145
5.792739629745483
5.829126834869385
5.905854940414429
5.823538303375244
5.933928728103638
5.840773820877075
5.892887115478516
5.9880149364471436
5.873973369598389
6.412424802780151
6.127568483352661
6.324761390686035
6.050567865371704
5.813815593719482
5.767583131790161
5.851063013076782
5.883484601974487
5.824153661727905
5.863851070404053
5.770102500915527
5.890126943588257
5.818655490875244
5.915465354919434
5.865988731384277
5.825582504272461
5.815291881561279
5.8248889446258545
5.858950138092041
5.9168782234191895
5.851089239120483
5.832759857177734
5.8621978759765625
5.92345666885376
5.835336208343506
5.945845603942871
5.863883972167969
5.813894033432007
5.769728183746338
5.936438798904419
5.85556173324585
5.8765387535095215
6.08007287979126
5.779297113418579
5.829151630401611
5.957672119140625
6.271597862243652
5.799454212188721
5.906539678573608
5.906472444534302
6.21258020401001
5.883527040481567
5.822050094604492
5.862114429473877
5.883265972137451
5.763223171234131
5.886266469955444
5.824998378753662
5.820051908493042
5.891546726226807
5.824843406677246
5.858414173126221
5.804934978485107
5.798893928527832
5.8426032066345215
5.810669422149658
5.8350067138671875
5.85245418548584
5.753906011581421
5.8330278396606445
5.65613865852356
5.761096477508545
5.813132047653198
5.7618701457977295
5.607672452926636
6.217363119125366
5.749731063842773
5.773729562759399
5.758572101593018
5.807817697525024
5.716861009597778
5.694685459136963
5.7103071212768555
5.721123695373535
5.763186693191528
5.813562631607056
5.763604164123535
5.860397100448608
5.731051921844482
5.694330453872681
5.8608691692352295
5.752283811569214
5.752507925033569
5.779803276062012
5.716085910797119
5.711210489273071
5.783872365951538
5.7543253898620605
5.70667290687561
5.718350410461426
5.700202941894531
5.662899732589722
5.740925073623657
5.746717691421509
5.7634077072143555
5.7084455490112305
5.781131744384766
5.734512805938721
5.783454179763794
5.750931739807129
5.697261095046997
5.772942543029785
5.697002649307251
5.760637521743774
5.821695327758789
5.737155199050903
5.7022809982299805
5.766218185424805
5.710768461227417
5.614035129547119
5.669582843780518
5.746501922607422
5.746533393859863
5.770292043685913
5.7798171043396
5.855532646179199
5.788726806640625
5.74783992767334
5.749999046325684
5.697668790817261
5.5479347705841064
5.383894920349121
5.4399473667144775
5.340856552124023
5.432939767837524
5.4839863777160645
5.430938005447388
5.432939767837524
5.27779746055603
5.391901016235352
5.387898206710815
5.3688812255859375
5.383895397186279
5.404912710189819
5.347862482070923
5.3498640060424805
5.3848958015441895
5.3858962059021
5.448953628540039
5.364878177642822
5.311830282211304
5.3128297328948975
5.395906209945679
5.446951389312744
5.339855432510376
5.36287522315979
5.433939456939697
5.281801462173462
5.412921190261841
5.34986424446106
5.646878004074097
5.834552764892578
5.768475294113159
5.70235800743103
5.6872336864471436
5.818633794784546
5.694956064224243
5.893182992935181
5.5920844078063965
5.446953058242798
5.554049968719482
5.463968992233276
6.362785577774048
6.143613338470459
6.431715965270996
6.43262505531311
6.334371328353882
6.415235996246338
5.829792261123657
5.702560186386108
5.96880578994751
5.755141973495483
5.705585241317749
5.72121787071228
5.6652257442474365
5.682521820068359
5.749746084213257
5.68553900718689
5.818506956100464
5.710554838180542
5.7633490562438965
5.714882850646973
5.734034299850464
5.706634998321533
5.6883087158203125
5.751996994018555
5.735535383224487
5.73412561416626
5.710453987121582
5.964936017990112
5.905260801315308
5.781337261199951
5.780869722366333
5.794901371002197
5.808590412139893
5.722099542617798
5.748917102813721
5.782452821731567
5.8415446281433105
5.77510404586792
5.7459259033203125
5.772906541824341
5.76919960975647
5.724435567855835
5.80203652381897
5.724459648132324
5.71137261390686
5.892193794250488
5.865774869918823
5.787802457809448
5.730733394622803
5.788297891616821
5.766639232635498
5.774919748306274
5.729642868041992
5.804476499557495
5.860877752304077
5.7936460971832275
6.138097524642944
6.163801670074463
5.687223672866821
5.768527269363403
5.85418438911438
6.154024839401245
6.292217254638672
6.255842924118042
5.686000347137451
5.716296195983887
6.15859317779541
5.851104974746704
5.77475118637085
6.166959524154663
5.8315911293029785
5.7587995529174805
5.775995492935181
5.77619194984436
5.773842811584473
5.845317363739014
5.7689831256866455
5.76167893409729
5.92176628112793
6.699618577957153
7.028589248657227
6.284714221954346
5.509011507034302
5.592414617538452
5.740878343582153
5.515015602111816
5.7091920375823975
5.71019172668457
6.378800392150879
6.7010931968688965
5.923385381698608
5.55004620552063
5.7899489402771
5.528026103973389
5.63212251663208
5.628119230270386
5.516015291213989
5.782257556915283
5.3798909187316895
5.429937124252319
6.083146333694458
5.963650226593018
5.726627826690674
5.793610334396362
5.7628865242004395
5.773170471191406
5.71216344833374
5.694375514984131
5.97219443321228
6.16876745223999
5.94269323348999
5.912979602813721
5.898399114608765
5.8594810962677
5.887212514877319
5.667186975479126
5.687427997589111
5.849827766418457
5.758989095687866
5.792764663696289
5.864765405654907
5.832756757736206
5.807323932647705
5.840459585189819
5.762571811676025
5.786673545837402
5.860492467880249
5.718937873840332
5.8257060050964355
5.81606388092041
5.766164064407349
5.737359046936035
5.765169143676758
5.870472431182861
5.8845601081848145
5.944586992263794
5.997711658477783
5.900851488113403
5.730992555618286
5.718562602996826
5.7003865242004395
5.748095750808716
5.826899528503418
5.844336986541748
5.773329257965088
5.738283157348633
5.785597324371338
5.828763484954834
5.745115280151367
5.779954195022583
5.788104295730591
5.898611545562744
5.8419201374053955
5.805086612701416
5.72957181930542
5.822160243988037
5.8467371463775635
5.745647192001343
5.7386298179626465
5.78974461555481
5.712079763412476
5.750988483428955
6.028832674026489
5.760211706161499
5.7504801750183105
5.757397413253784
5.777934312820435
5.807528972625732
5.764013767242432
5.879925012588501
5.791732549667358
5.785326957702637
5.878856658935547
5.7945005893707275
5.766307830810547
5.744613409042358
5.828248739242554
5.854907512664795
5.755970239639282
5.76279091835022
5.864062786102295
5.7525856494903564
5.772239446640015
5.8549511432647705
5.863213062286377
6.031303405761719
5.8686628341674805
5.800090074539185
5.853028059005737
5.792739629745483
5.917403936386108
5.753809690475464
6.317808151245117
6.1405863761901855
5.790870904922485
5.540304899215698
6.113492250442505
5.907032489776611
5.9728875160217285
5.971175670623779
5.902714014053345
5.874288082122803
5.954447031021118
5.985444784164429
5.874037981033325
5.940691709518433
5.891123056411743
5.917036533355713
5.926079988479614
5.907473087310791
5.9239726066589355
5.899900913238525
5.870253086090088
5.885473728179932
5.873162508010864
5.871713876724243
5.885802507400513
5.949394702911377
5.939289569854736
5.932054042816162
5.881881475448608
5.9284069538116455
5.948214054107666
5.919355630874634
5.886847972869873
5.917867183685303
5.938526630401611
5.969482660293579
5.880326747894287
5.92975640296936
5.907474517822266
5.946755886077881
6.040539741516113
6.017194747924805
6.438255548477173
6.707113742828369
6.344281196594238
5.825082778930664
5.896701812744141
5.884896278381348
5.925617933273315
5.856627464294434
5.917613506317139
5.931980133056641
6.207763910293579
5.940095663070679
5.907966136932373
5.869873762130737
5.980796813964844
6.5963287353515625
6.169427871704102
6.467666149139404
6.432848930358887
7.102590322494507
6.772294044494629
6.129573822021484
6.177106857299805
5.804680347442627
5.762623071670532
5.718001127243042
5.737163782119751
5.908451318740845
5.999104976654053
5.7086992263793945
5.744418621063232
5.700512170791626
5.760955095291138
5.710899353027344
5.775314807891846
5.720468997955322
5.729531288146973
5.7483601570129395
5.750479698181152
5.727594614028931
5.754799127578735
5.783231019973755
5.769844055175781
5.767247200012207
5.775835037231445
5.789471387863159
5.7350568771362305
5.764244556427002
5.811925888061523
5.708353519439697
5.75221061706543
5.7827467918396
5.7678258419036865
5.781201601028442
5.731242656707764
5.753013372421265
5.756152629852295
5.776773691177368
5.770662307739258
5.805457592010498
5.738802194595337
5.73371696472168
5.753422737121582
5.820751667022705
5.915668964385986
5.815378665924072
5.792564630508423
5.810745716094971
5.729596853256226
5.76345682144165
5.729004621505737
5.754821300506592
5.729275703430176
5.763353586196899
5.72820258140564
5.732419013977051
5.7327070236206055
5.766256332397461
5.78432559967041
5.732315301895142
5.780298948287964
5.805575132369995
5.745131731033325
5.704579591751099
5.732889890670776
5.740827322006226
5.71157693862915
5.700799465179443
5.886358022689819
6.0874927043914795
5.711755275726318
6.133527994155884
5.81383204460144
6.197474956512451
6.016475200653076
5.718024015426636
5.779062747955322
5.767664432525635
5.693950414657593
5.72658896446228
5.781850814819336
5.769360303878784
5.761074066162109
5.785920858383179
5.981023073196411
5.9030601978302
6.4538328647613525
6.089970111846924
5.995114326477051
5.8757829666137695
5.9664270877838135
5.9384918212890625
5.93580961227417
6.120594501495361
6.021719455718994
6.144784212112427
6.10241436958313
5.896044969558716
5.969303131103516
5.8603527545928955
6.142794847488403
5.80912446975708
5.823568820953369
5.756185054779053
5.821965456008911
5.795915842056274
5.8241283893585205
5.746798038482666
5.856548547744751
5.969764232635498
5.994708061218262
6.3026039600372314
6.731724500656128
6.344509601593018
6.089104652404785
5.9865381717681885
6.190295934677124
6.231396675109863
6.213737726211548
6.088376760482788
6.233416795730591
6.1348185539245605
6.134855270385742
6.155867099761963
6.158819913864136
6.155527353286743
6.226622104644775
6.177638530731201
6.141922473907471
6.154780626296997
6.158029079437256
6.385437488555908
6.390102386474609
6.216518402099609
6.153951406478882
6.15220832824707
6.52019190788269
6.158912420272827
6.174529790878296
6.105067014694214
6.1649580001831055
6.165965557098389
6.497624397277832
6.187132358551025
6.193300485610962
6.1269121170043945
6.25269627571106
6.129990816116333
6.141985177993774
6.105422735214233
6.3932764530181885
6.598605155944824
6.218594789505005
6.271454334259033
6.153475999832153
6.145868301391602
6.210813283920288
6.179410457611084
6.177218437194824
6.264565944671631
6.1409220695495605
6.230453968048096
6.228472948074341
6.428404331207275
6.371155261993408
6.288759708404541
6.165571928024292
6.118937015533447
6.113713026046753
6.106484889984131
6.176307201385498
6.181857585906982
6.114346981048584
6.1375732421875
6.176433324813843
6.2797911167144775
6.179144620895386
6.313452482223511
6.741343021392822
6.19872784614563
6.286066293716431
6.270870923995972
6.205695390701294
6.182806491851807
6.300427198410034
6.093595266342163
6.030801773071289
6.1770501136779785
6.209689140319824
6.180353164672852
6.171264171600342
6.148261547088623
6.221064329147339
6.23221230506897
6.194427251815796
6.198431491851807
6.2800633907318115
6.188324928283691
6.276433229446411
6.201823472976685
6.295805215835571
6.23288369178772
6.218165636062622
6.150048732757568
6.233401536941528
6.1058080196380615
6.173828840255737
6.22870397567749
6.572288513183594
6.128285884857178
6.23347282409668
6.1437156200408936
6.072510242462158
6.060741186141968
6.121185064315796
6.18231201171875
6.283532619476318
6.147223234176636
6.193244218826294
6.194016218185425
6.440487384796143
6.1908180713653564
6.192257642745972
6.1924755573272705
6.225103139877319
6.170311450958252
6.162665128707886
6.1887407302856445
6.33099627494812
6.302783250808716
6.279852628707886
6.085060119628906
6.3135364055633545
6.2039361000061035
6.140146970748901
6.1873908042907715
6.139266729354858
6.174093246459961
6.152281284332275
6.126543760299683
6.132965564727783
6.323876619338989
6.219681024551392
6.289841890335083
6.18022894859314
6.21540904045105
6.148257493972778
6.179186820983887
6.328321218490601
6.285260200500488
6.385518550872803
6.581326007843018
6.200435161590576
6.1226372718811035
6.123337030410767
6.147533416748047
6.204202651977539
6.1394572257995605
6.148235082626343
6.174026727676392
6.162511110305786
6.14507532119751
6.099280595779419
6.0689170360565186
6.095090389251709
6.12708306312561
6.092316150665283
6.264864921569824
6.163841724395752
6.156960725784302
6.187778949737549
6.180700063705444
6.09589409828186
6.166568994522095
6.197172164916992
6.164965629577637
6.142838954925537
6.445101499557495
6.520422458648682
6.219440221786499
6.226266145706177
6.275517463684082
6.230340957641602
6.235401391983032
6.280660629272461
6.344990968704224
6.3073060512542725
6.333571434020996
6.33705472946167
6.277955532073975
6.250833034515381
6.3526575565338135
6.209968090057373
6.296041250228882
6.28244423866272
6.304983139038086
6.3231520652771
6.252620458602905
6.2942187786102295
6.363723516464233
6.178613185882568
6.233681678771973
6.2337965965271
6.20604133605957
6.287360906600952
6.222626686096191
6.296514511108398
6.266000747680664
6.259930849075317
6.199435472488403
6.218769073486328
6.230077028274536
6.2391839027404785
6.214863538742065
6.189300298690796
6.317325592041016
6.363226413726807
6.2275238037109375
6.280234336853027
6.36588978767395
6.358754634857178
5.993406057357788
5.807499408721924
6.55840277671814
6.519792556762695
6.383841514587402
6.265301465988159
6.323397159576416
6.322404384613037
5.809282302856445
5.817289113998413
5.730210304260254
5.704185724258423
5.71119236946106
5.742221117019653
5.735214710235596
5.721201658248901
5.773248672485352
5.834305286407471
5.7462239265441895
5.72420334815979
5.718198299407959
5.746224403381348
5.807280540466309
5.7382166385650635
5.746223211288452
5.699181318283081
5.733213186264038
5.7292094230651855
5.737215518951416
5.720200777053833
5.6811652183532715
5.741219758987427
5.7352142333984375
5.704186916351318
5.682165861129761
5.704186201095581
5.7712483406066895
5.854322195053101
5.712193727493286
5.989445447921753
5.883348703384399
5.736216068267822
5.716197729110718
5.742220640182495
5.739218711853027
5.727205991744995
5.827298641204834
5.7141945362091064
5.749227285385132
5.694177150726318
5.6901726722717285
5.805277347564697
5.754231691360474
5.69217586517334
5.68717098236084
5.747225284576416
5.974431276321411
5.668153524398804
5.754231214523315
5.7572340965271
5.7612385749816895
5.728208303451538
5.69217586517334
5.716197490692139
5.7292094230651855
5.717197418212891
5.772244453430176
5.738217830657959
5.697180509567261
5.726206302642822
5.712192535400391
5.706185579299927
5.728209018707275
5.741220235824585
5.718198299407959
5.703185796737671
5.750226020812988
5.72320294380188
5.8152875900268555
5.981438159942627
5.7191996574401855
5.779254198074341
5.736216068267822
5.732212543487549
5.7111899852752686
5.718198776245117
5.785259962081909
5.818290710449219
5.7542314529418945
5.752230167388916
5.737216472625732
5.705185651779175
5.72920823097229
5.66515040397644
5.790265321731567
5.704186201095581
5.710190773010254
5.659143686294556
5.726206302642822
5.7161970138549805
5.784258604049683
5.699181795120239
5.737215757369995
5.705186128616333
5.7242045402526855
5.748226165771484
5.763240098953247
5.828299283981323
5.7242043018341064
5.740219593048096
5.712193489074707
6.4093310832977295
6.326448917388916
6.445026159286499
6.53214168548584
6.301622152328491
6.499399423599243
6.379588603973389
6.3654234409332275
6.408942222595215
6.306944131851196
6.231258392333984
6.302479982376099
6.355848073959351
6.285120725631714
6.374919652938843
6.243995428085327
6.222998142242432
6.280232191085815
6.277835369110107
6.220317602157593
6.138685464859009
6.2605462074279785
5.952286958694458
6.274007320404053
6.3458921909332275
6.371160984039307
6.296910762786865
6.449895858764648
6.324427604675293
6.2646567821502686
6.417881011962891
6.332180738449097
6.286890745162964
6.362995862960815
6.443926572799683
6.380080461502075
6.374769449234009
6.387500524520874
6.455157518386841
6.366601467132568
6.442123651504517
6.481982469558716
6.31713604927063
6.39342999458313
6.311455249786377
6.477049350738525
6.435879468917847
6.3777501583099365
6.55912446975708
6.491456508636475
6.306434392929077
6.429730176925659
6.35693621635437
6.444736480712891
6.520712852478027
6.3557655811309814
6.2896809577941895
6.232147216796875
6.277643203735352
6.227339506149292
6.44622540473938
6.4348790645599365
6.369335174560547
6.385056734085083
6.871926546096802
6.3444459438323975
6.154892206192017
6.328358888626099
6.338279485702515
6.374579191207886
6.244585752487183
6.360062122344971
6.178468704223633
6.406019449234009
6.311249256134033
6.238023281097412
6.304124355316162
6.237673997879028
6.240485906600952
6.197104454040527
6.181010961532593
6.3007800579071045
6.2222514152526855
6.158013105392456
6.530018329620361
6.3055479526519775
6.23372483253479
6.259873628616333
6.209784030914307
6.200289249420166
6.241791009902954
6.241032838821411
6.235454797744751
6.251291751861572
6.25594425201416
6.281938076019287
6.398064374923706
6.308956861495972
6.251269102096558
6.442962169647217
6.435828924179077
6.2260143756866455
6.243520736694336
6.1937477588653564
6.208688259124756
6.324530601501465
6.352309465408325
6.305734157562256
6.349169969558716
6.378262519836426
6.361947298049927
6.331601858139038
6.295131683349609
6.239203691482544
6.2964184284210205
6.278257846832275
5.933789491653442
6.114561080932617
5.906369209289551
5.9113757610321045
5.903367757797241
5.889354705810547
5.854320526123047
5.780256032943726
5.75623345375061
5.8623292446136475
5.890355587005615
5.9754321575164795
5.843312740325928
5.8232948780059814
5.741217851638794
5.721203804016113
5.937397241592407
5.85832667350769
5.863331079483032
5.837307929992676
5.725204229354858
5.74622368812561
5.811283111572266
5.869335174560547
5.870337724685669
5.871337652206421
5.834303855895996
5.732211589813232
5.733211994171143
5.88034725189209
5.843313694000244
5.909373044967651
5.855324029922485
5.725205421447754
5.753229856491089
5.959419012069702
5.8453147411346436
5.874341011047363
6.056505441665649
5.9093708992004395
5.775250434875488
5.774250507354736
6.170611143112183
5.913376808166504
5.939400672912598
5.82429575920105
5.731211185455322
5.797271490097046
5.8663341999053955
5.902365684509277
5.930391788482666
6.4317944049835205
6.442317485809326
6.630740404129028
6.3990466594696045
6.512548446655273
6.457614421844482
6.47670841217041
6.44215726852417
6.231483697891235
6.29723596572876
6.482201337814331
6.587467670440674
6.378687381744385
6.353050231933594
6.3839111328125
6.397593021392822
6.231144189834595
6.349458456039429
6.748212814331055
7.355959177017212
6.561983108520508
6.585132598876953
6.468930959701538
6.565687894821167
6.295655965805054
6.31807017326355
6.303164720535278
6.558272361755371
5.7332799434661865
6.075419664382935
6.08597993850708
6.692633628845215
6.171182632446289
6.545223712921143
6.210124731063843
5.845358610153198
5.910694122314453
6.346481800079346
6.335771560668945
6.484922409057617
5.985889911651611
6.025624513626099
6.590078592300415
5.91523003578186
6.426235198974609
5.810554027557373
6.075026273727417
5.715707302093506
5.86740255355835
5.8863325119018555
6.024587869644165
5.770997762680054
6.683448553085327
6.560689687728882
6.3856775760650635
6.370696783065796
6.597393274307251
6.372726917266846
6.360735654830933
6.340824127197266
6.387260675430298
6.334000587463379
6.434142827987671
6.424701452255249
6.463534355163574
6.481103420257568
6.392493486404419
6.752045392990112
6.827128887176514
6.455686569213867
6.396774768829346
6.478411436080933
6.380916118621826
6.456434011459351
6.588066339492798
6.422493934631348
6.408797025680542
6.622577667236328
6.709201812744141
6.734255075454712
6.601121425628662
6.421262741088867
6.468819618225098
6.54074764251709
6.363775968551636
6.610769033432007
6.640300512313843
6.805165767669678
6.6748127937316895
6.7091224193573
6.3439717292785645
6.425896167755127
6.400834798812866
6.599409580230713
6.408411502838135
6.467156171798706
6.470644474029541
6.478013515472412
6.349651575088501
6.392217636108398
6.349658489227295
6.652460336685181
6.44110107421875
6.525537967681885
6.4317946434021
6.617722511291504
6.6906421184539795
6.460064172744751
6.64217209815979
6.51293683052063
6.776367664337158
6.467367649078369
6.484051942825317
6.4005022048950195
6.490701198577881
6.72888708114624
7.13515830039978
6.76034140586853
6.858202695846558
6.559622287750244
6.857964277267456
6.666666746139526
6.509082317352295
6.509317636489868
6.460984706878662
6.811100959777832
6.698358774185181
6.392282962799072
6.465266227722168
6.445943593978882
6.662787437438965
6.671675443649292
6.483611106872559
6.4487385749816895
6.4464616775512695
6.692694664001465
6.708742618560791
6.405102729797363
6.414512872695923
6.4737548828125
6.395739555358887
6.413068056106567
6.5677406787872314
6.403728246688843
6.330838203430176
6.593966007232666
6.370059013366699
6.347822427749634
6.577705383300781
6.307643413543701
6.383577585220337
6.585809946060181
6.35535192489624
6.460860013961792
6.5434181690216064
6.466951847076416
6.79131817817688
6.990141868591309
6.473431825637817
6.473249912261963
6.653517484664917
6.571808338165283
6.684898138046265
7.118999004364014
6.487245559692383
6.227603197097778
6.3279125690460205
6.680179595947266
6.524941682815552
6.827685117721558
6.311899423599243
6.734558582305908
6.2674829959869385
6.295419931411743
6.260107040405273
6.382464408874512
6.62497353553772
6.539504766464233
6.2262067794799805
6.215989828109741
6.16292929649353
7.087511777877808
6.756226062774658
7.188209533691406
6.685090780258179
6.4080870151519775
5.8989832401275635
6.678946256637573
6.591315507888794
6.548616647720337
6.5284423828125
6.483946323394775
6.378976345062256
6.355638265609741
6.314871788024902
6.693408489227295
6.6600422859191895
6.325437545776367
6.573704481124878
6.354408025741577
6.407137870788574
6.681147575378418
6.631253957748413
6.3645548820495605
6.717946290969849
6.821426630020142
7.658639669418335
6.788803577423096
6.651535511016846
6.56518816947937
7.081622123718262
6.730158567428589
6.674528360366821
6.361034631729126
6.253133773803711
6.325316429138184
6.578796625137329
6.6904308795928955
6.611901044845581
6.262768983840942
6.257571220397949
6.304876327514648
6.644275426864624
6.626510143280029
6.622853517532349
6.200504541397095
6.275511741638184
6.343072414398193
6.681405305862427
6.878007173538208
6.955271005630493
6.89905858039856
6.303811311721802
6.190818786621094
6.583108425140381
6.5256147384643555
6.726241827011108
6.586589097976685
6.350246429443359
6.340540647506714
6.437448501586914
6.285013437271118
6.818859100341797
6.58628511428833
6.621912956237793
6.480497360229492
6.511699676513672
7.044682741165161
7.032411336898804
6.625771522521973
6.559514045715332
6.4936089515686035
6.69725775718689
6.554517030715942
6.570732355117798
6.3977210521698
6.437580823898315
6.682477712631226
6.508410692214966
6.505693435668945
6.452798128128052
6.532482624053955
6.738774538040161
6.547767639160156
6.648991584777832
6.334496974945068
6.4313905239105225
6.792402267456055
6.889575958251953
6.7001707553863525
6.347105264663696
6.328230381011963
6.1913816928863525
6.2846574783325195
6.232180595397949
6.296452760696411
6.582520008087158
6.115302562713623
6.237291574478149
6.057953357696533
6.089282989501953
6.2444007396698
6.370085954666138
6.444105386734009
6.290087938308716
6.049390554428101
6.360864877700806
6.302803039550781
6.202108144760132
6.1445136070251465
6.158824443817139
6.117013454437256
6.364462375640869
6.356839656829834
6.127962827682495
5.902965307235718
6.323957204818726
6.196930408477783
5.9672932624816895
6.2960803508758545
6.338581085205078
6.225000858306885
6.220836400985718
6.1365203857421875
5.965208292007446
6.070202112197876
6.311231374740601
6.53278660774231
6.440911769866943
6.213664293289185
6.11133074760437
6.347272157669067
6.350841283798218
6.469690322875977
6.558310508728027
6.211591720581055
6.1096813678741455
5.9691948890686035
6.029716730117798
6.415830612182617
6.31844425201416
6.318516254425049
6.09450101852417
6.098200798034668
6.089919567108154
6.094935178756714
6.2705652713775635
6.483327865600586
6.320314645767212
6.044934988021851
6.164770126342773
6.362193584442139
6.2759177684783936
6.272625207901001
6.032864332199097
6.096837282180786
6.491793870925903
6.505199432373047
6.328761339187622
6.130624055862427
6.416417360305786
6.373377799987793
6.2734105587005615
6.265513181686401
6.174647092819214
6.21195387840271
6.484871864318848
6.447542428970337
6.373788356781006
6.14867901802063
6.3265955448150635
6.357013463973999
6.375633478164673
6.326154470443726
6.115834474563599
6.255242109298706
6.225214958190918
6.21459698677063
6.205591201782227
6.172841787338257
6.198517322540283
6.527753114700317
6.238937139511108
6.300094127655029
6.338242053985596
6.317870378494263
6.329284191131592
6.306979656219482
6.341182231903076
6.169734716415405
6.4722723960876465
6.590478181838989
6.299242973327637
6.222418308258057
6.309097766876221
6.384808301925659
6.543238639831543
7.243555784225464
7.14149284362793
6.96095609664917
7.038928031921387
6.98395037651062
7.039151430130005
6.610010147094727
6.666060447692871
7.052881240844727
6.322358846664429
6.323869943618774
6.158599138259888
5.909373044967651
6.045495986938477
6.300729036331177
6.498685121536255
6.055778503417969
6.180618762969971
6.2272748947143555
5.978119134902954
6.17924427986145
5.796270132064819
6.593995094299316
6.294461965560913
6.446611404418945
6.514051198959351
6.3788206577301025
6.078228235244751
6.963504314422607
6.654366493225098
6.3274009227752686
6.0687501430511475
6.33005428314209
6.457400321960449
6.530129671096802
6.318948984146118
6.1266093254089355
6.175338506698608
6.385772228240967
6.3186235427856445
6.241575002670288
6.169284105300903
6.412557363510132
6.342762470245361
6.575974464416504
5.705758571624756
5.813881158828735
6.556962490081787
6.116695880889893
6.114049911499023
6.226252555847168
6.376158952713013
6.477416038513184
6.439389705657959
6.341316223144531
6.273158073425293
6.494896411895752
6.439665079116821
6.619564533233643
6.929713249206543
6.401841640472412
6.404941082000732
6.512532472610474
6.489100217819214
6.306142330169678
6.266226291656494
6.548888921737671
6.52614426612854
6.3690879344940186
6.270132064819336
6.203053712844849
6.637220859527588
6.577750205993652
6.536697864532471
6.359846830368042
6.582800388336182
6.492452621459961
6.291496992111206
6.228680372238159
6.097005128860474
6.261361360549927
6.445167303085327
6.322415113449097
6.395067453384399
6.248299598693848
6.51981258392334
6.830684185028076
6.478671312332153
6.3082945346832275
6.082066297531128
6.2449634075164795
6.332411050796509
6.303401708602905
6.3545777797698975
6.241254091262817
6.171743154525757
6.4790871143341064
6.483803987503052
6.245160341262817
6.191212892532349
6.264930725097656
6.393545627593994
6.531071186065674
6.219033718109131
6.523480415344238
6.677680015563965
6.420453310012817
6.504780292510986
6.194849729537964
6.179185152053833
6.301259517669678
6.442152976989746
6.1212358474731445
6.205633640289307
6.207114219665527
6.526452541351318
6.3942365646362305
6.194774389266968
6.335668087005615
6.410385847091675
6.608780860900879
6.420356035232544
6.148275136947632
6.123489856719971
6.195671796798706
6.942140102386475
6.741911888122559
6.1865599155426025
6.198516607284546
6.2688212394714355
6.188512325286865
6.222759008407593
6.40165114402771
6.445544958114624
6.332269191741943
6.308230400085449
6.2781078815460205
6.241208553314209
6.627584218978882
6.2441935539245605
6.324686050415039
6.7611119747161865
6.596813678741455
6.255213737487793
6.6551573276519775
6.392324924468994
6.286729335784912
6.259108066558838
6.234492540359497
6.377155780792236
6.428857088088989
6.3807594776153564
6.721490383148193
6.689942836761475
6.247646331787109
6.51447057723999
6.35282039642334
6.35089898109436
6.278194189071655
6.458331346511841
6.2161993980407715
6.293074607849121
6.168531894683838
6.257622718811035
6.4111504554748535
6.507493734359741
6.436764478683472
6.392136812210083
6.373171091079712
6.5966503620147705
6.3053717613220215
6.583747148513794
6.50558614730835
6.332784175872803
6.309167385101318
6.242703676223755
6.662012815475464
6.109928131103516
6.163682460784912
6.092210531234741
5.870856523513794
5.927108287811279
6.080284118652344
6.454600811004639
6.84914493560791
7.049798488616943
6.342737674713135
6.0217907428741455
6.002166271209717
5.950078010559082
6.0999369621276855
6.69701075553894
6.123306751251221
6.115460634231567
6.2871763706207275
6.172123432159424
5.857325553894043
6.031484603881836
6.239672422409058
6.182531356811523
6.538944959640503
6.798649787902832
6.379122257232666
6.160178899765015
6.3118226528167725
6.226283550262451
6.252834796905518
6.183134078979492
6.180854082107544
6.161186456680298
6.537159442901611
6.410972356796265
6.1616315841674805
6.200960159301758
6.1662187576293945
6.187327146530151
6.392452716827393
6.365574836730957
6.177278757095337
6.41632342338562
6.532923698425293
5.945404529571533
5.953412055969238
6.4188361167907715
6.169610261917114
5.925647020339966
6.124320030212402
6.17645525932312
5.940776109695435
5.8804614543914795
6.0795276165008545
6.112340450286865
5.993463039398193
5.839493036270142
