Timing log for each step:
0.013012886047363281
5.3481762409210205
5.195784330368042
5.3281214237213135
5.213483810424805
5.345569133758545
5.163055181503296
5.295369863510132
5.263477325439453
5.202314138412476
5.1811230182647705
5.301630258560181
5.274607419967651
5.228240966796875
5.327922582626343
5.353545188903809
5.30085825920105
5.288965702056885
5.299429893493652
5.170303583145142
5.324739456176758
5.277006387710571
5.318479776382446
5.30826473236084
5.219234943389893
5.1905388832092285
5.321937322616577
5.426572322845459
5.394829988479614
5.408849716186523
5.424131393432617
5.404970645904541
5.31787896156311
5.383977890014648
5.35343599319458
5.315013647079468
5.207478046417236
5.308976173400879
5.256927490234375
5.457404375076294
5.40285849571228
5.44495153427124
5.516529321670532
5.476032733917236
5.459258079528809
5.273720741271973
5.428410053253174
5.353977680206299
5.236224889755249
5.299065113067627
5.317678689956665
5.426772594451904
5.449349880218506
5.521065950393677
5.269988775253296
5.391295433044434
5.351426839828491
5.397221565246582
5.353031396865845
5.341464281082153
5.460434675216675
5.420100688934326
5.319859266281128
5.46423864364624
5.425585746765137
5.466226577758789
5.4775426387786865
5.43380331993103
5.368263244628906
5.479528903961182
5.420702934265137
5.333629608154297
5.418466091156006
5.431288242340088
5.479995250701904
5.54931116104126
5.431045055389404
5.4062323570251465
5.4767231941223145
5.473716974258423
5.484027147293091
5.3627283573150635
5.234344482421875
5.433265447616577
5.452940225601196
5.424622535705566
5.4939124584198
5.448835849761963
5.472536325454712
5.4189772605896
5.294328689575195
5.433519124984741
5.417999029159546
5.504348516464233
5.418514013290405
5.371748208999634
5.529282569885254
5.47547721862793
5.538964748382568
5.457333326339722
5.346306800842285
5.511051654815674
5.51783561706543
5.524355173110962
5.46694016456604
5.445063352584839
5.472065448760986
5.499011754989624
5.4415459632873535
5.461018800735474
5.438025236129761
5.370965480804443
5.4295127391815186
5.431993246078491
5.422018051147461
5.518967390060425
5.470847129821777
5.45490026473999
5.409131765365601
5.450838327407837
5.502938985824585
5.245008230209351
5.42746901512146
5.43821907043457
5.394518613815308
5.34980034828186
5.55286979675293
5.532520771026611
5.320029020309448
5.519354820251465
5.504894495010376
5.39259147644043
5.512509107589722
5.365323781967163
5.380437612533569
5.473477125167847
5.258776426315308
5.433077573776245
5.364458084106445
5.515000104904175
5.561954736709595
5.367430925369263
5.390056848526001
5.3393754959106445
5.431452989578247
5.401188373565674
5.522076845169067
5.426549196243286
5.4355103969573975
5.387293100357056
5.432291269302368
5.50224494934082
5.508208274841309
5.4910688400268555
5.582280874252319
5.432984113693237
5.4775309562683105
5.489465713500977
5.542653322219849
5.364423751831055
5.320600748062134
5.3571929931640625
5.435442686080933
5.5030834674835205
5.487491607666016
5.231813430786133
5.46690559387207
5.626176595687866
5.271661043167114
5.368190050125122
5.525600910186768
5.388484954833984
5.482541084289551
5.514487981796265
5.546108722686768
5.467602491378784
5.57818865776062
5.465138673782349
5.400351524353027
5.462658882141113
5.3012003898620605
5.386148691177368
5.606329441070557
5.486329078674316
5.609628200531006
5.459360599517822
5.418861627578735
5.394996643066406
5.4795849323272705
5.317500114440918
5.575209379196167
5.493556976318359
5.398634910583496
5.504925489425659
5.4455296993255615
5.339905261993408
5.565385818481445
5.473214149475098
5.398540019989014
5.530899524688721
5.363527774810791
5.45975661277771
5.50666618347168
5.494211196899414
5.5209479331970215
5.438437461853027
5.475480079650879
5.475140571594238
5.468921422958374
5.515849351882935
5.487907886505127
5.453721761703491
5.506265163421631
5.4901721477508545
5.467012882232666
5.493107080459595
5.472625255584717
5.552030563354492
5.428593635559082
5.504102468490601
5.349671363830566
5.510392904281616
5.444910049438477
5.4101011753082275
5.499242305755615
5.4519829750061035
5.556958198547363
5.330906391143799
5.420414686203003
5.49345588684082
5.584129333496094
5.620947360992432
5.514002561569214
5.423952341079712
5.447012901306152
5.379318714141846
5.423306226730347
5.3475096225738525
5.407116174697876
5.511103391647339
5.5620105266571045
5.473996639251709
5.525991916656494
5.5109946727752686
5.4141786098480225
5.563604831695557
5.414821147918701
5.466046571731567
5.374831438064575
5.456916332244873
5.510109186172485
5.467648267745972
5.551531553268433
5.451143503189087
5.4362688064575195
5.371226787567139
5.512595891952515
5.519654273986816
5.569692134857178
5.44150972366333
5.358311176300049
5.43852972984314
5.493525505065918
5.482053518295288
5.3282952308654785
5.503106594085693
5.531599521636963
5.36185884475708
5.44461727142334
5.432493686676025
5.459260702133179
5.473785400390625
5.26725435256958
5.4232096672058105
5.477531671524048
5.435922384262085
5.377091407775879
5.506361961364746
5.4752068519592285
5.553635835647583
5.67558217048645
5.4112677574157715
5.339986801147461
5.496269226074219
5.523595333099365
5.3143391609191895
5.4603590965271
5.358374357223511
5.373760461807251
5.332331657409668
5.386436223983765
5.499088525772095
5.4192540645599365
5.534342527389526
5.482553482055664
5.408294916152954
5.508959770202637
5.510101079940796
5.422219753265381
5.483550786972046
5.434308290481567
5.186144113540649
5.367284297943115
5.3865745067596436
5.491713523864746
5.47486424446106
5.346263647079468
5.466310501098633
5.345643758773804
5.519157409667969
5.507041931152344
5.39298677444458
5.53696084022522
5.4044952392578125
5.7457191944122314
5.747396469116211
5.480020046234131
5.518065690994263
5.414324522018433
5.533518075942993
5.419443368911743
5.46816611289978
5.774762392044067
5.563487768173218
5.582178831100464
5.504275798797607
5.542279958724976
5.511156320571899
5.373921871185303
5.524968385696411
5.440333604812622
5.540200471878052
5.763521194458008
5.622009515762329
5.338074445724487
5.4464194774627686
5.560107231140137
5.522536516189575
5.454232215881348
5.447448015213013
5.51892352104187
5.493287563323975
5.413881063461304
5.423028230667114
5.487760543823242
5.535059690475464
5.418460369110107
5.464690446853638
5.512828826904297
5.406524658203125
5.844488620758057
5.790827751159668
5.530659437179565
5.486080884933472
5.3115925788879395
5.4227399826049805
5.316327095031738
5.508464574813843
5.3789496421813965
5.536968946456909
5.555599689483643
5.368974208831787
5.3907551765441895
5.475936651229858
5.169857740402222
5.4143805503845215
5.433004140853882
5.384151220321655
5.590845346450806
5.489098072052002
5.439442873001099
5.554603338241577
5.421288967132568
5.484774112701416
5.4915361404418945
5.396284103393555
5.58869743347168
5.617661952972412
5.45052433013916
5.457025051116943
5.390183448791504
5.518364667892456
5.509895324707031
5.529425144195557
5.408447504043579
5.393446207046509
5.4091479778289795
5.525377988815308
5.503341913223267
5.48297381401062
5.436726093292236
5.396852254867554
5.467999458312988
5.575022220611572
5.506940603256226
5.569284439086914
5.47200608253479
5.467668294906616
5.313868045806885
5.531106472015381
5.61466121673584
5.552568435668945
5.479080438613892
5.502901077270508
5.478274583816528
5.606106281280518
5.506036758422852
5.358126163482666
5.613675117492676
5.837572813034058
5.3999550342559814
5.466654539108276
5.526047468185425
5.618727684020996
5.516131401062012
5.519228935241699
5.55751633644104
5.514321327209473
5.567142009735107
5.319303274154663
5.5162084102630615
5.434618234634399
5.401427984237671
5.515538454055786
5.610178470611572
5.610362529754639
5.523272752761841
5.458014011383057
5.445087194442749
5.5113584995269775
5.449583053588867
5.451045513153076
5.5703840255737305
5.3960301876068115
5.515225410461426
5.554863929748535
5.48822021484375
5.605332136154175
5.5572404861450195
5.454002857208252
5.778543472290039
5.69283390045166
5.460114002227783
5.5127129554748535
5.605503797531128
5.9227306842803955
5.844655275344849
5.541391134262085
5.48006010055542
5.58643651008606
5.528666257858276
5.51034140586853
5.501096487045288
5.4132232666015625
5.501417875289917
5.378921747207642
5.479044437408447
5.533919334411621
5.561321973800659
5.522597074508667
5.476667165756226
5.562814235687256
5.4065704345703125
5.392455339431763
5.555245637893677
5.569307804107666
5.591074466705322
5.504595994949341
5.383931875228882
5.572076082229614
5.4330894947052
5.420305013656616
5.554230213165283
5.479756116867065
5.297425270080566
5.318432331085205
5.541229963302612
5.405184507369995
5.554533243179321
5.545507431030273
5.445889711380005
5.7397987842559814
5.354773044586182
5.380957126617432
5.361442565917969
5.540050983428955
5.526503801345825
5.553041458129883
5.345985412597656
5.506116151809692
5.573551893234253
5.429873466491699
5.334324359893799
5.367463827133179
5.47696328163147
5.512662410736084
5.617445230484009
5.568176746368408
5.48953914642334
5.442517042160034
5.557440280914307
5.883029937744141
5.407602548599243
5.3343870639801025
5.4445459842681885
5.480468034744263
5.476012945175171
5.584186315536499
5.443127870559692
5.537599325180054
5.7154035568237305
5.604635715484619
5.771759986877441
5.419896602630615
5.616527080535889
5.757709503173828
5.463465929031372
5.471997261047363
5.5883729457855225
5.539767265319824
5.3377580642700195
5.660651922225952
5.496269226074219
5.4512574672698975
5.7497239112854
5.533472061157227
5.3316733837127686
5.63306736946106
5.85835337638855
5.709968328475952
5.319754123687744
5.564025402069092
5.813774585723877
5.515062093734741
5.560392618179321
5.582119703292847
5.70146107673645
5.6268837451934814
5.462279319763184
5.553409576416016
5.62445592880249
5.44659161567688
5.476146459579468
5.550045728683472
5.788262128829956
5.746662616729736
5.406300783157349
5.675846815109253
5.726940393447876
5.6416590213775635
5.4248669147491455
5.399404525756836
5.774614572525024
5.753364324569702
5.51286244392395
5.650512456893921
5.663610219955444
5.680889844894409
5.376920700073242
5.407309293746948
5.794357538223267
5.688028573989868
5.582465171813965
5.554611921310425
5.662823438644409
5.546870231628418
5.750386476516724
5.401229619979858
5.56580662727356
5.77478814125061
5.761237382888794
5.610146522521973
5.62312912940979
5.67361855506897
5.61907958984375
5.3590004444122314
5.407335042953491
5.870281457901001
5.654308557510376
5.504390001296997
5.63181209564209
5.76926851272583
5.753253698348999
5.517038345336914
5.5770933628082275
5.6761839389801025
5.502024412155151
5.382915496826172
5.550069570541382
5.497020959854126
5.680186748504639
5.57309103012085
5.635147333145142
5.581096649169922
5.614128112792969
5.486009359359741
5.4930174350738525
5.724227666854858
5.651160478591919
5.425955533981323
5.679187297821045
5.423953294754028
5.38291597366333
5.368903636932373
5.678184270858765
5.834327220916748
5.285828113555908
5.684190511703491
5.597111463546753
5.663172721862793
5.605118751525879
5.669177532196045
5.606119632720947
5.385918378829956
5.38291597366333
5.777276039123535
5.570086479187012
5.457984924316406
5.648157835006714
5.4990222454071045
5.152706623077393
5.507029056549072
5.64515495300293
5.658168315887451
5.383916139602661
5.51203465461731
5.773271799087524
5.630141019821167
5.7482383251190186
5.421951055526733
5.2618043422698975
5.528048038482666
5.653162717819214
5.496018409729004
5.64315390586853
5.571087837219238
5.410942316055298
5.550069570541382
5.523043632507324
5.425955772399902
5.527044296264648
5.513035774230957
5.87736701965332
5.795292377471924
5.446974039077759
5.632143259048462
5.738239288330078
5.6901960372924805
5.893381595611572
5.556064128875732
5.40593695640564
5.626138687133789
5.593108654022217
5.296836614608765
5.364901065826416
5.4940173625946045
5.533052444458008
5.507027864456177
5.528048038482666
5.729230642318726
5.482006311416626
5.538057327270508
5.525046348571777
6.669090747833252
5.6581666469573975
5.685187578201294
5.5040247440338135
5.6699888706207275
5.4609880447387695
5.683548927307129
5.625136375427246
5.517035961151123
5.479999780654907
6.027499675750732
5.554063558578491
5.529170989990234
5.623128652572632
5.664166212081909
5.344877243041992
5.674177885055542
5.571084976196289
5.696197271347046
5.722221612930298
5.500019788742065
5.831320762634277
5.582093000411987
5.551066637039185
5.63013768196106
5.616124391555786
5.561075210571289
5.7062928676605225
5.790283679962158
5.573086261749268
5.644151926040649
5.642149209976196
5.601112365722656
5.6381449699401855
5.586098670959473
5.7092108726501465
5.475995302200317
5.588098526000977
5.818309783935547
5.478999376296997
5.5720837116241455
5.669483661651611
5.396925449371338
5.602112054824829
5.559071779251099
5.4549784660339355
5.429955959320068
5.673176527023315
5.423949241638184
5.531046628952026
5.661166667938232
5.428953409194946
5.857345104217529
5.583095073699951
5.424949645996094
5.840330123901367
5.6611669063568115
5.508025884628296
5.75625205039978
5.607115030288696
5.473996639251709
5.565077066421509
5.673176527023315
5.486004590988159
5.488569021224976
5.586733341217041
5.539053916931152
5.50502347946167
5.45998215675354
5.468989372253418
5.664167642593384
5.716215133666992
5.433957576751709
5.56307578086853
5.565077781677246
5.662165403366089
5.612120866775513
5.670175790786743
5.554066896438599
5.609118223190308
5.4659857749938965
5.832322597503662
5.554068326950073
5.567079782485962
5.474996089935303
5.626132488250732
5.8223137855529785
5.359889268875122
5.625134229660034
5.611120223999023
5.547061443328857
5.657162427902222
5.714215517044067
5.461983919143677
5.851341247558594
6.014487028121948
5.480001449584961
5.431956768035889
5.567079544067383
5.763259410858154
5.795289516448975
5.435960292816162
5.710209608078003
5.644150495529175
5.513028144836426
5.882367372512817
5.74124002456665
5.7422401905059814
5.689191579818726
5.500020265579224
5.799292802810669
5.656161785125732
5.4389636516571045
5.978455066680908
5.777272939682007
5.680182695388794
5.40793514251709
5.531047344207764
5.625131130218506
5.547061204910278
5.675178527832031
5.575087070465088
5.4920127391815186
5.603113174438477
5.356883525848389
5.604112863540649
5.724222660064697
5.407933950424194
5.73923659324646
5.784278154373169
5.571084260940552
5.496015787124634
5.634141206741333
5.795286417007446
5.635141849517822
5.514030456542969
5.53905463218689
5.704205513000488
5.6101202964782715
5.697197675704956
5.4589807987213135
5.5340495109558105
5.6651692390441895
5.573085069656372
5.681182146072388
5.755253076553345
5.553067445755005
5.353885650634766
5.624131679534912
5.715214729309082
5.73323130607605
5.597107887268066
5.462985038757324
5.606116533279419
5.5190348625183105
5.7632598876953125
5.6561620235443115
5.54405951499939
5.607116937637329
5.662168502807617
5.790283679962158
5.675179481506348
5.408936262130737
5.4769978523254395
5.691194295883179
5.465986967086792
5.731229543685913
5.697197198867798
5.8313212394714355
5.548062324523926
5.452972173690796
5.44496750831604
5.654156446456909
5.685186386108398
5.397923946380615
6.233686685562134
6.051520347595215
5.777270317077637
5.477993965148926
5.450972557067871
5.699198007583618
5.621129035949707
5.691192865371704
5.554067373275757
5.668170690536499
5.50201940536499
5.548061370849609
5.451975107192993
5.554067611694336
5.489006996154785
5.589099884033203
5.58109188079834
5.4519736766815186
5.767261743545532
5.799290180206299
5.564074754714966
5.4409637451171875
5.574084997177124
5.810299634933472
5.593102693557739
5.599110126495361
5.4840028285980225
5.721218109130859
5.6391448974609375
5.433956861495972
5.497016668319702
5.511027574539185
5.523038387298584
5.5640764236450195
5.57308292388916
5.67817759513855
5.873358964920044
5.547059535980225
5.780273199081421
5.674177646636963
5.731228590011597
5.368896722793579
5.811301946640015
5.546060085296631
5.415942192077637
5.675178289413452
5.60611367225647
5.478997230529785
5.540054082870483
5.866360187530518
5.755250453948975
5.528041839599609
5.416942358016968
5.6411473751068115
5.692193508148193
5.595104932785034
5.519036054611206
5.711210489273071
5.694193124771118
5.674175024032593
5.463985204696655
5.6311376094818115
5.527042865753174
5.5770885944366455
5.788281202316284
5.7022011280059814
5.761255979537964
5.52103590965271
5.658161878585815
5.476996660232544
5.569079875946045
5.800291299819946
5.610118627548218
5.589099407196045
5.862348794937134
5.677180290222168
5.634139776229858
5.77426552772522
5.608116626739502
5.456977367401123
5.9214026927948
5.658161878585815
5.475996017456055
5.725223779678345
5.526041507720947
5.618124961853027
5.399925231933594
5.581091403961182
5.435957431793213
5.676177978515625
5.75324821472168
5.440964221954346
5.70120096206665
5.723221302032471
5.446969747543335
5.6491539478302
5.642147064208984
5.435958623886108
5.575085639953613
5.720218181610107
5.392915725708008
5.5030198097229
5.557069778442383
5.450973033905029
5.369898080825806
5.57708740234375
5.678179979324341
5.36489462852478
5.678180456161499
5.623129844665527
5.359889984130859
5.621128082275391
5.694195032119751
5.574084758758545
5.686188220977783
5.799289703369141
5.511027812957764
5.680182456970215
5.696196556091309
5.370900630950928
5.409933805465698
5.435960054397583
5.479999303817749
5.543057680130005
5.71921706199646
5.588098049163818
5.5090250968933105
5.484004259109497
5.516032457351685
5.511027812957764
5.531046628952026
5.533048152923584
5.480999946594238
5.56407618522644
5.530045032501221
5.5230393409729
5.389915943145752
5.678180932998657
5.547061204910278
5.517033100128174
5.42795205116272
5.66216516494751
5.667169570922852
5.5080249309539795
5.477996587753296
5.661164283752441
5.479997634887695
5.4359588623046875
5.533048391342163
5.472993612289429
5.587095260620117
5.527042865753174
5.548060894012451
5.6451497077941895
5.522037506103516
5.416942596435547
5.528043508529663
5.72922682762146
5.495012283325195
5.512027263641357
5.422945499420166
5.444965839385986
5.534047365188599
5.399923324584961
5.382909536361694
5.375902891159058
5.47399377822876
5.546058416366577
5.513028621673584
5.472991466522217
5.555066823959351
5.445967435836792
5.457976579666138
5.423946142196655
5.504019498825073
5.472991704940796
5.456977605819702
5.3939197063446045
5.4960126876831055
5.42094349861145
5.428949356079102
5.466986179351807
5.502017498016357
5.54405665397644
5.371899127960205
5.4900078773498535
5.474992275238037
5.462982177734375
5.4930100440979
5.456977128982544
5.529043674468994
5.4669859409332275
5.691189765930176
5.344873905181885
5.565075635910034
5.478996753692627
5.441962480545044
5.538051605224609
5.546056032180786
5.469988822937012
5.537049293518066
5.481999635696411
5.475993871688843
5.514029264450073
5.580089092254639
5.569078683853149
5.453974485397339
5.473993301391602
5.481998443603516
5.32085108757019
5.509023189544678
5.4199419021606445
5.4659857749938965
5.391915321350098
5.40192723274231
5.519032955169678
5.467987537384033
5.693192720413208
5.5310447216033936
5.512027025222778
5.382908344268799
5.487004280090332
5.5130274295806885
5.4719908237457275
5.5740838050842285
5.425949573516846
5.437959432601929
5.573083877563477
5.577087163925171
5.611117362976074
5.446968078613281
5.28381872177124
5.66917085647583
5.389914512634277
5.477997064590454
5.463983058929443
5.466986179351807
5.411935806274414
5.435957431793213
5.390917062759399
5.4990150928497314
5.422946929931641
5.42594838142395
5.473993301391602
5.401926279067993
5.385915279388428
5.390916347503662
5.528042793273926
5.515028953552246
5.5770862102508545
5.395920991897583
5.380906105041504
5.423947095870972
5.5220348834991455
5.449970245361328
5.463982105255127
5.356884956359863
5.483000755310059
5.522036075592041
5.444965839385986
5.415939092636108
5.472991228103638
5.508021116256714
5.478997468948364
5.477995872497559
5.452972888946533
5.529042959213257
5.4739930629730225
5.604111194610596
5.4799981117248535
5.447970390319824
6.220670938491821
5.543055295944214
5.63814115524292
5.732229232788086
5.513027906417847
5.557068109512329
5.5040202140808105
5.383910417556763
5.450971364974976
5.566076993942261
5.5000159740448
5.474992275238037
5.403928279876709
5.562072515487671
5.425948143005371
5.458978652954102
5.437959671020508
5.447966575622559
5.444965839385986
5.572081804275513
5.458978652954102
5.443965196609497
5.34787654876709
5.525039434432983
5.416940450668335
5.465985298156738
5.514028787612915
5.345874547958374
5.515029668807983
5.362891912460327
5.343872785568237
5.460980415344238
5.4269492626190186
5.458978891372681
5.416939735412598
5.425948143005371
5.3608880043029785
5.479997634887695
5.455977201461792
5.502018690109253
5.5450568199157715
5.640143632888794
5.535048246383667
5.550063848495483
5.4049296379089355
5.462982416152954
5.413936138153076
5.459978103637695
5.506021499633789
5.3638916015625
5.55506706237793
5.51102352142334
5.412936687469482
5.407931566238403
5.433953762054443
5.569076776504517
5.457976818084717
5.49601149559021
5.463982343673706
5.55606746673584
5.474992513656616
5.450970649719238
5.435957670211792
5.562071800231934
5.432953834533691
5.439958572387695
5.443964719772339
5.486002206802368
5.463982343673706
5.455974102020264
5.5160298347473145
5.536048173904419
5.396921157836914
5.44596529006958
5.4880051612854
5.3298585414886475
5.442963123321533
5.429950952529907
5.531043291091919
5.445965766906738
5.524037599563599
5.489004611968994
5.429950952529907
5.4069294929504395
5.359884977340698
5.448968410491943
5.474992752075195
5.509022235870361
5.382905721664429
5.3708953857421875
5.338867902755737
5.594100713729858
5.450970411300659
5.478996753692627
5.417940855026245
5.289823293685913
5.519031286239624
5.441959381103516
5.420942783355713
5.386911392211914
5.412935495376587
5.3688952922821045
5.457977294921875
5.477995157241821
5.35788369178772
5.494009017944336
5.431953430175781
5.380908250808716
5.40592885017395
5.4409589767456055
5.486002445220947
5.372899770736694
5.433953762054443
5.389915227890015
5.358885765075684
5.521034240722656
5.324854373931885
5.340870141983032
5.330860614776611
5.41293478012085
5.423944711685181
5.444961786270142
5.403927564620972
5.325856447219849
5.349879026412964
5.432952165603638
5.377904176712036
5.481997966766357
5.412935495376587
5.479997634887695
5.4289467334747314
5.328858375549316
5.449968338012695
5.401925563812256
5.337867736816406
5.434955358505249
5.4900062084198
5.420943260192871
5.5190324783325195
5.476993799209595
5.464982986450195
5.275810956954956
5.514028549194336
5.432953834533691
5.474992036819458
5.491007089614868
5.393919467926025
5.392916917800903
5.360888481140137
5.39191746711731
5.3498780727386475
5.508021593093872
5.4749908447265625
5.468987464904785
5.474992752075195
5.481999158859253
5.590097904205322
5.484999895095825
5.379904747009277
5.461980104446411
5.315842866897583
5.504018783569336
5.475992202758789
5.407931089401245
5.442962169647217
5.467986106872559
5.501016855239868
5.490006685256958
5.474991798400879
5.40092396736145
5.395920038223267
5.478994607925415
5.4359564781188965
5.471988677978516
5.481998920440674
5.439959526062012
5.57608437538147
5.41793966293335
5.440962314605713
5.424941778182983
5.5280396938323975
5.440958023071289
5.35988712310791
5.26580286026001
5.48900580406189
5.437958002090454
5.275811433792114
5.382907867431641
5.506018400192261
5.429951429367065
5.418940544128418
5.460979223251343
5.341869592666626
5.425946950912476
5.363893747329712
5.421945095062256
5.478996753692627
5.662160396575928
5.351879596710205
5.440959930419922
5.454971790313721
5.454973936080933
5.420943737030029
5.4279491901397705
5.3608880043029785
5.459975719451904
5.5800886154174805
5.418941974639893
5.420942306518555
5.417940616607666
5.408931493759155
5.411935091018677
5.490004777908325
5.438960313796997
5.392914295196533
5.440961599349976
5.470989227294922
5.330859661102295
5.377901077270508
5.903376340866089
5.3548805713653564
5.382905960083008
5.483999490737915
5.40792989730835
5.473990440368652
5.51102352142334
5.464980840682983
5.265800714492798
5.488003969192505
5.299831390380859
5.418940305709839
5.467984914779663
5.402926445007324
5.511023283004761
5.45397162437439
5.467984914779663
5.472989559173584
5.4709861278533936
5.502014398574829
5.509022235870361
5.389912366867065
5.5230348110198975
5.624125957489014
5.4359540939331055
5.482998371124268
5.291821241378784
5.592098236083984
5.368892669677734
5.528039455413818
5.431945562362671
5.548058986663818
5.475992918014526
5.5020153522491455
5.485000848770142
5.406929016113281
5.399922609329224
5.438958406448364
5.434954404830933
5.5530619621276855
5.4689860343933105
5.516028642654419
5.486001253128052
5.364889860153198
5.56707501411438
5.809294939041138
5.427948713302612
5.477994203567505
5.526038408279419
5.626128196716309
5.490005254745483
5.408931493759155
5.517027378082275
5.537047386169434
5.42194390296936
5.495009660720825
5.410932779312134
5.4579761028289795
5.3919150829315186
5.5310423374176025
5.469984769821167
5.367894172668457
5.425946235656738
5.519031047821045
5.357884645462036
5.475992918014526
5.421941041946411
5.4549736976623535
5.491006851196289
5.465982675552368
5.5920984745025635
5.4439637660980225
5.507020473480225
5.497011423110962
5.4539713859558105
5.3538818359375
5.443962574005127
5.39691948890686
5.570078134536743
5.308839321136475
5.378903865814209
5.471989154815674
5.3839075565338135
5.47298789024353
5.498013019561768
5.495008945465088
5.363891363143921
5.455974340438843
5.390913486480713
5.469986200332642
5.503016233444214
5.42394495010376
5.4689857959747314
5.44696569442749
5.376902103424072
5.445963621139526
5.460977792739868
5.3949174880981445
5.499012231826782
5.535044193267822
5.441960573196411
5.465984106063843
5.372898101806641
5.430950403213501
5.420941114425659
5.475991725921631
5.445964574813843
5.397921562194824
5.278808832168579
5.3728978633880615
5.440959930419922
5.424945116043091
5.557064771652222
5.461979150772095
5.445964574813843
5.42094087600708
5.39491868019104
5.512025356292725
5.4429612159729
5.373898029327393
5.3548829555511475
5.517028331756592
5.47899603843689
5.480996370315552
5.375900745391846
5.4659812450408936
5.458976984024048
5.439957141876221
5.431952476501465
5.4009222984313965
5.3578855991363525
5.519031763076782
5.480996608734131
5.422943592071533
5.424944162368774
5.437958240509033
5.42394495010376
5.5030152797698975
5.498011589050293
5.379904270172119
5.3558831214904785
5.434955835342407
5.3688952922821045
5.503016948699951
5.463980436325073
5.792279958724976
5.686181545257568
5.452970743179321
5.406929969787598
5.454972743988037
5.389913558959961
5.371896982192993
5.33886456489563
5.401922941207886
5.431950092315674
5.466983795166016
5.477993965148926
5.541049957275391
5.462980031967163
5.386911869049072
5.499013423919678
5.555065393447876
5.407930135726929
5.512016773223877
5.613116264343262
5.638138055801392
5.505017280578613
5.553060531616211
5.585090637207031
5.427948236465454
5.470987319946289
5.524035692214966
5.5420520305633545
5.491004228591919
5.4509663581848145
5.274805307388306
5.565073013305664
5.268803119659424
5.430950403213501
5.4569737911224365
5.53904914855957
5.463980197906494
5.4459638595581055
5.461979150772095
5.472988843917847
5.450968265533447
5.345870018005371
5.4019246101379395
5.709202289581299
5.71621036529541
5.434953927993774
5.405928134918213
5.453972339630127
5.391915559768677
5.520031690597534
5.325855016708374
5.383907318115234
5.524035930633545
5.513025999069214
5.440959692001343
5.449966907501221
5.5070202350616455
5.397920608520508
5.475991249084473
5.480997085571289
5.441960334777832
5.559062957763672
5.460977554321289
5.446964263916016
5.523035526275635
5.411931037902832
5.411933898925781
5.453972101211548
5.446965217590332
5.555063009262085
5.4890031814575195
5.494008541107178
5.47198748588562
5.4839982986450195
5.464982032775879
5.543052673339844
5.4689905643463135
5.439958095550537
5.481996774673462
5.5570666790008545
5.4699866771698
5.560068368911743
5.4201133251190186
