Timing log for each step:
0.010008573532104492
1.9547772407531738
1.9003663063049316
1.8757765293121338
1.8296637535095215
1.9889147281646729
1.7959628105163574
1.8306639194488525
1.7595994472503662
1.8199727535247803
1.786625623703003
1.8136489391326904
1.8251543045043945
1.8818984031677246
1.8316640853881836
1.8198702335357666
1.8621878623962402
1.7596001625061035
1.821173906326294
1.8341844081878662
1.856705665588379
1.8616938591003418
1.8087272644042969
1.8213555812835693
1.7966339588165283
1.9107375144958496
1.9386861324310303
1.9486825466156006
1.8787086009979248
1.8722295761108398
1.8110873699188232
1.7606003284454346
1.801638126373291
1.8005924224853516
1.861691951751709
1.7495918273925781
1.7070837020874023
1.8399357795715332
1.8146498203277588
1.7878341674804688
1.7479939460754395
1.7225654125213623
1.8216564655303955
1.8571605682373047
1.8461174964904785
1.8156518936157227
1.7957370281219482
1.8659579753875732
1.7535967826843262
1.8932530879974365
1.7394161224365234
1.8857152462005615
1.830026626586914
1.9185633659362793
1.8847136497497559
1.768606424331665
1.885218620300293
1.7519593238830566
1.8416748046875
1.7628624439239502
1.77651047706604
1.7616026401519775
1.751591444015503
1.8028984069824219
1.8219683170318604
1.921748161315918
1.7987794876098633
1.7820417881011963
1.772611141204834
1.8006362915039062
1.7495133876800537
1.8687317371368408
1.8036398887634277
1.8039827346801758
1.7655954360961914
1.7936301231384277
1.8206558227539062
1.8957667350769043
1.7896263599395752
1.9382750988006592
1.7885191440582275
1.7946312427520752
1.9057328701019287
1.8755593299865723
1.7968013286590576
1.8076434135437012
1.7558305263519287
1.8853228092193604
1.8787078857421875
1.824659824371338
1.7525112628936768
1.90433931350708
1.7856247425079346
1.8522107601165771
1.7892823219299316
1.8416755199432373
1.820655107498169
1.8281981945037842
1.7549803256988525
1.8757057189941406
1.7747435569763184
1.8470726013183594
1.9457709789276123
1.8026385307312012
1.8075010776519775
1.7645766735076904
1.8656952381134033
1.7889091968536377
1.7416083812713623
1.8036420345306396
1.8707008361816406
1.8044002056121826
1.752101182937622
1.836669921875
1.7861578464508057
1.7920398712158203
1.850682258605957
1.7626028060913086
1.9509985446929932
1.8278868198394775
1.761601209640503
1.77756929397583
1.8316221237182617
1.8987267017364502
1.9037256240844727
1.7737512588500977
1.7966358661651611
1.797635555267334
1.837996482849121
1.7886781692504883
1.8426752090454102
1.794631004333496
1.786933422088623
1.8385264873504639
1.890718698501587
1.707948923110962
1.857675552368164
1.736579418182373
2.031848192214966
1.878458023071289
1.9162070751190186
1.7946317195892334
1.872870683670044
1.861074447631836
1.8456792831420898
1.9042351245880127
1.852738618850708
1.7716100215911865
1.823657751083374
1.8258945941925049
1.8701751232147217
1.8696999549865723
1.7984402179718018
1.8043060302734375
1.8646957874298096
1.7531452178955078
1.771585464477539
1.7535958290100098
1.8046412467956543
1.8511009216308594
1.8337371349334717
1.8066442012786865
1.8208997249603271
1.785620927810669
1.825659990310669
1.844674825668335
1.773695468902588
1.74058198928833
1.893721580505371
1.8230886459350586
1.829089641571045
1.7335751056671143
1.8957240581512451
1.7628021240234375
1.8146510124206543
1.8917202949523926
1.7764828205108643
1.7801964282989502
1.7686080932617188
1.9078233242034912
1.8795077800750732
1.884714126586914
1.8016371726989746
1.8109233379364014
1.921741008758545
1.7585983276367188
1.8429107666015625
1.8284556865692139
1.911738634109497
1.8076436519622803
1.8387324810028076
1.86570405960083
1.8116488456726074
1.850895881652832
1.8701002597808838
1.7505922317504883
1.9322922229766846
1.7989375591278076
1.786620855331421
1.8636932373046875
1.880500316619873
1.8251502513885498
1.9027318954467773
1.9203481674194336
1.7418560981750488
1.7796173095703125
1.9127392768859863
1.767136812210083
1.8901009559631348
1.7445857524871826
1.8703045845031738
1.832401990890503
1.971794843673706
1.890805721282959
1.8688740730285645
1.779618263244629
1.790628433227539
1.7849936485290527
1.8609178066253662
1.8446769714355469
1.8231921195983887
1.8520846366882324
1.8957242965698242
1.9092466831207275
1.7595508098602295
1.8127193450927734
1.9047319889068604
1.81972336769104
1.8575377464294434
1.8967258930206299
1.835986852645874
1.9063453674316406
1.8506827354431152
1.8757061958312988
1.9185664653778076
1.837674617767334
1.8306643962860107
1.9033939838409424
1.8141539096832275
1.8026392459869385
1.8843107223510742
1.852454662322998
1.7917892932891846
1.8556883335113525
1.827807903289795
1.761669397354126
1.8526861667633057
1.8216562271118164
1.9733335971832275
1.8334252834320068
1.854687213897705
1.872986078262329
1.886115550994873
1.791628360748291
1.8792321681976318
1.8115739822387695
1.832775354385376
1.7686078548431396
1.9069838523864746
1.7803630828857422
1.7916297912597656
1.7846240997314453
1.8363544940948486
1.81522536277771
1.7906291484832764
1.8589227199554443
1.8986785411834717
1.826659917831421
1.8476805686950684
1.879347562789917
1.9077651500701904
1.8416740894317627
1.9484062194824219
1.79683518409729
1.86769700050354
1.8666980266571045
1.8944227695465088
1.8016383647918701
1.9417667388916016
1.8434123992919922
1.7815601825714111
1.9067344665527344
1.7617301940917969
1.7517921924591064
1.8076441287994385
1.7806198596954346
1.7898290157318115
1.8501183986663818
1.7616024017333984
1.8228545188903809
1.8959271907806396
1.8536865711212158
1.8496816158294678
1.8693432807922363
1.8477694988250732
1.8807110786437988
1.7842116355895996
1.8035478591918945
1.8867247104644775
1.772613763809204
1.83213472366333
1.9122531414031982
1.8186540603637695
1.8692576885223389
1.8196284770965576
1.8086445331573486
1.8026392459869385
1.812211036682129
1.8761074542999268
1.9387626647949219
1.891287088394165
1.9116060733795166
1.9487724304199219
1.9107377529144287
1.8952076435089111
1.797440767288208
1.8827126026153564
1.90309476852417
1.8321912288665771
1.8266630172729492
1.8320269584655762
1.8790829181671143
1.8406751155853271
1.9317572116851807
1.8311583995819092
1.8441705703735352
2.007826089859009
1.7837717533111572
1.884059190750122
1.7936322689056396
2.027348756790161
1.9912805557250977
1.781803846359253
1.852684497833252
1.7968792915344238
1.8537158966064453
1.8136496543884277
1.8977258205413818
1.8306365013122559
1.834670066833496
1.894838571548462
1.8564515113830566
1.812648057937622
2.067880868911743
2.004526376724243
1.870500087738037
1.9047322273254395
1.8802504539489746
1.8303897380828857
1.8216562271118164
1.880711555480957
1.8066132068634033
1.8313324451446533
1.850682020187378
1.8118863105773926
1.7689943313598633
1.8887171745300293
1.7691259384155273
1.8320894241333008
1.8246560096740723
1.8646957874298096
1.8019096851348877
1.9247610569000244
1.9407649040222168
1.8912665843963623
1.8704502582550049
1.8366694450378418
1.8947229385375977
1.9000144004821777
1.900012493133545
1.7405812740325928
1.8268027305603027
1.8386473655700684
1.9797875881195068
1.8026387691497803
1.773146629333496
1.827218770980835
1.849682331085205
1.89827299118042
1.7999937534332275
1.794633150100708
1.8967249393463135
1.8536062240600586
1.9579360485076904
1.8456783294677734
2.02998423576355
1.904165267944336
1.7736139297485352
1.8321754932403564
1.816274881362915
1.7996373176574707
2.0008187294006348
1.8597691059112549
1.9019906520843506
1.8136498928070068
1.8346688747406006
1.874577283859253
1.8727035522460938
1.820655107498169
1.919257640838623
1.903075933456421
1.784623384475708
1.8007564544677734
1.814155101776123
1.9207475185394287
1.8322217464447021
1.853989839553833
1.8867161273956299
1.782132863998413
1.9248323440551758
1.811647891998291
1.795633316040039
1.8501975536346436
1.8860933780670166
1.8496830463409424
1.8388237953186035
1.779437780380249
1.8686983585357666
1.7871341705322266
1.9066686630249023
1.8997278213500977
1.9227485656738281
1.8377573490142822
1.9673759937286377
1.8697011470794678
1.8272521495819092
1.8206310272216797
1.8266613483428955
1.8997273445129395
1.8262383937835693
1.8638155460357666
1.898723840713501
1.8698248863220215
1.8251590728759766
1.8386740684509277
1.921748161315918
1.8530986309051514
1.8828067779541016
1.9047319889068604
1.8151581287384033
1.9326865673065186
1.8807132244110107
1.8762445449829102
1.865091323852539
1.7836222648620605
1.864694595336914
1.8375413417816162
1.8957240581512451
1.8606927394866943
1.8399534225463867
1.8710715770721436
1.8396728038787842
1.8492419719696045
1.858104944229126
1.8597486019134521
1.8486809730529785
1.8020803928375244
1.81001615524292
1.8356688022613525
1.8191640377044678
1.9188954830169678
1.880636215209961
1.843677043914795
1.8517875671386719
1.8866963386535645
1.8306636810302734
1.881711483001709
1.9385197162628174
1.7656066417694092
1.8236596584320068
1.8649873733520508
1.8782508373260498
1.7786176204681396
1.8608100414276123
1.8025422096252441
1.9547765254974365
2.038853883743286
1.8641977310180664
1.8637189865112305
1.8907203674316406
1.771066665649414
1.8848559856414795
1.8496828079223633
1.8031673431396484
1.8029165267944336
1.8086869716644287
1.8176519870758057
1.9142720699310303
1.8619215488433838
1.8206572532653809
1.829665184020996
1.863219976425171
1.8296642303466797
1.8326663970947266
1.8923592567443848
1.9361424446105957
1.8216586112976074
1.9219326972961426
1.8025550842285156
1.8957245349884033
2.0158333778381348
1.8898208141326904
1.796633005142212
1.802640438079834
1.7909271717071533
1.8209600448608398
1.8636949062347412
1.8248248100280762
1.9556128978729248
1.801638126373291
1.7976348400115967
1.744654893875122
1.8166518211364746
1.8486812114715576
1.8377861976623535
1.7866249084472656
1.8646957874298096
1.854539394378662
1.8429896831512451
1.9577813148498535
1.8440570831298828
1.8722643852233887
1.826662302017212
1.9111542701721191
1.8047394752502441
1.8306655883789062
1.8787081241607666
1.8805291652679443
2.0038225650787354
1.7976346015930176
1.848970651626587
2.0269205570220947
1.8767063617706299
1.9013254642486572
1.8805594444274902
2.002821445465088
1.7786178588867188
1.81160306930542
1.8910737037658691
1.7816200256347656
1.840137004852295
1.9159061908721924
1.843677043914795
1.8177847862243652
1.7882308959960938
1.983802080154419
1.7806193828582764
1.8431580066680908
1.799177646636963
1.807642936706543
1.8508176803588867
1.790437936782837
1.8977265357971191
1.7786169052124023
1.8220200538635254
1.8977258205413818
1.9287550449371338
1.8667826652526855
1.7665596008300781
2.0038228034973145
1.7701411247253418
1.8684940338134766
1.7966337203979492
1.839672565460205
2.0470004081726074
1.8749027252197266
1.8506836891174316
1.7982022762298584
1.8025741577148438
1.8787071704864502
1.7606017589569092
1.8391437530517578
1.8852453231811523
1.90273118019104
1.8857173919677734
1.7613797187805176
1.8967256546020508
1.8652534484863281
1.9083101749420166
1.8596916198730469
1.918278455734253
1.9500610828399658
1.7956655025482178
2.0318474769592285
1.8922457695007324
1.8407213687896729
1.833667516708374
1.7942204475402832
1.8058772087097168
1.8857154846191406
1.939765453338623
1.9425628185272217
2.0028231143951416
1.8837130069732666
1.7819492816925049
1.9292728900909424
1.8837130069732666
1.956968069076538
1.8998565673828125
1.862694263458252
1.8251683712005615
2.1297507286071777
1.850684404373169
1.8476817607879639
1.8838310241699219
1.879640817642212
1.8036415576934814
2.087625026702881
1.9998185634613037
2.0738821029663086
2.00636625289917
1.8512921333312988
1.829664945602417
1.8076589107513428
1.9459631443023682
1.8446788787841797
1.9209246635437012
1.8159868717193604
1.792630672454834
1.8742492198944092
1.7671153545379639
1.9207472801208496
1.9213182926177979
1.9040741920471191
1.878709077835083
1.771144151687622
1.8150930404663086
1.8116471767425537
1.8556873798370361
1.7796244621276855
1.9377634525299072
1.9037322998046875
1.906752347946167
1.8747704029083252
1.99881911277771
1.8132524490356445
1.7917366027832031
1.7986361980438232
1.955435037612915
1.8599193096160889
1.8036401271820068
1.8018882274627686
1.929227590560913
1.7906279563903809
1.912334680557251
1.723572015762329
1.8426775932312012
1.8412070274353027
1.8615801334381104
1.9727997779846191
1.836669921875
1.969710350036621
1.8386738300323486
1.8586912155151367
1.8915224075317383
1.8977258205413818
1.8336684703826904
1.850503921508789
1.7796378135681152
1.8997280597686768
2.006335973739624
1.8221619129180908
1.884714126586914
1.9902780055999756
1.8701698780059814
2.0208382606506348
1.841855764389038
1.8213081359863281
1.8496825695037842
1.8097190856933594
1.8470113277435303
1.9287550449371338
1.8466789722442627
1.832641363143921
1.888310432434082
1.7746152877807617
1.775907278060913
1.847970724105835
1.8326666355133057
1.8812525272369385
1.9295787811279297
1.919745683670044
1.9607834815979004
1.8536038398742676
1.7886264324188232
1.9773030281066895
1.8156023025512695
1.8440794944763184
1.8286645412445068
1.8170311450958252
1.8547637462615967
1.8596916198730469
1.8682060241699219
1.9775571823120117
1.8736112117767334
1.7966339588165283
1.9338881969451904
1.8452303409576416
1.8767070770263672
1.8828425407409668
1.8597021102905273
1.875706434249878
1.8616938591003418
1.7828292846679688
1.8944377899169922
1.772611379623413
1.8648650646209717
1.8725428581237793
2.051865816116333
1.8446781635284424
1.8506717681884766
1.9137444496154785
1.864696741104126
1.9769301414489746
1.8707857131958008
1.8456783294677734
1.7636051177978516
1.8354697227478027
1.8580331802368164
1.836670160293579
1.7841734886169434
1.9457919597625732
1.7549655437469482
1.8576881885528564
1.85540771484375
1.8080716133117676
1.955777645111084
1.8517751693725586
1.8973109722137451
1.843677043914795
1.864243507385254
1.8217651844024658
1.894453763961792
1.8496837615966797
1.8798305988311768
1.8839590549468994
1.9197454452514648
1.7926301956176758
1.8346199989318848
1.983914852142334
1.8306655883789062
1.9008703231811523
1.8811757564544678
1.9007282257080078
1.8346688747406006
1.8882670402526855
1.7315888404846191
1.842677116394043
1.9343867301940918
1.9017469882965088
1.904731273651123
1.8809993267059326
1.8590493202209473
1.8717024326324463
1.9213435649871826
1.862903356552124
1.8797101974487305
1.8556880950927734
1.8934710025787354
1.816331148147583
1.7806189060211182
1.8643887042999268
1.8555350303649902
1.7555968761444092
1.8997268676757812
1.7695186138153076
1.8822429180145264
1.8456788063049316
1.8389239311218262
1.9720942974090576
1.7976348400115967
1.9072506427764893
1.7954156398773193
1.869870662689209
1.8556878566741943
1.8843750953674316
1.843214750289917
2.0338501930236816
1.9202919006347656
1.8755958080291748
1.8897180557250977
1.914740800857544
1.8343117237091064
1.9289278984069824
1.836670160293579
1.850907325744629
1.79630446434021
1.9429945945739746
1.8476812839508057
1.962369680404663
1.8634295463562012
1.8867151737213135
1.777616262435913
1.7785487174987793
1.772756576538086
1.9177448749542236
1.8473124504089355
1.9070935249328613
1.974794864654541
1.7547328472137451
1.7662711143493652
1.8206555843353271
1.7886250019073486
1.8135123252868652
1.9092440605163574
1.953777551651001
1.9394664764404297
1.8550000190734863
1.8126485347747803
1.7901604175567627
1.8655061721801758
1.8316645622253418
2.0288450717926025
1.8807628154754639
1.8256640434265137
1.8676996231079102
1.7963366508483887
1.822833776473999
1.8606925010681152
1.8214516639709473
1.8576884269714355
1.8847131729125977
1.8438255786895752
1.8426320552825928
1.8126497268676758
1.868293285369873
1.8497414588928223
1.8096466064453125
1.9918110370635986
1.862290620803833
1.892721176147461
1.7676081657409668
1.9086918830871582
1.8469009399414062
1.8216569423675537
1.8147501945495605
1.7968308925628662
1.766606330871582
1.8246605396270752
1.9850153923034668
1.8146517276763916
1.842677116394043
1.7630529403686523
1.850966453552246
1.9607822895050049
1.8441896438598633
1.8303701877593994
1.8787081241607666
1.8717014789581299
1.794534683227539
1.8346686363220215
1.789628267288208
1.890704870223999
1.8397338390350342
1.8306636810302734
1.8492217063903809
1.9621634483337402
1.7976362705230713
1.8479728698730469
1.860030174255371
1.8991031646728516
1.8026390075683594
1.8297874927520752
1.842987060546875
1.986806869506836
1.8146488666534424
1.8682456016540527
1.864048719406128
1.8676986694335938
1.8057889938354492
1.8668391704559326
1.764604091644287
1.8366713523864746
1.8326470851898193
1.7827401161193848
1.8516831398010254
1.805159330368042
1.8379037380218506
1.800638198852539
1.8406715393066406
1.8309671878814697
1.8659353256225586
1.814650535583496
1.8299636840820312
1.9751684665679932
1.8536853790283203
1.8272042274475098
1.9016714096069336
1.825746774673462
1.8767063617706299
1.7910149097442627
1.874143362045288
1.8546876907348633
1.8472323417663574
1.914567232131958
1.86669921875
1.7866041660308838
1.7782618999481201
1.8426764011383057
1.8366703987121582
1.8377981185913086
1.8080484867095947
1.793630838394165
1.807253360748291
1.8176226615905762
1.9127392768859863
1.889225721359253
1.9220235347747803
1.854687213897705
1.8216590881347656
1.8280465602874756
1.8152179718017578
1.8346693515777588
1.7958061695098877
1.8783586025238037
1.7866249084472656
1.8116481304168701
1.8391380310058594
1.949307918548584
1.782621145248413
1.8247811794281006
1.8599786758422852
1.858689785003662
1.8296637535095215
1.8046209812164307
1.7610628604888916
1.8266608715057373
1.918107271194458
1.7878491878509521
1.7515923976898193
1.7836222648620605
1.9163377285003662
1.7637040615081787
1.9517748355865479
1.826310396194458
1.794910192489624
1.8306572437286377
1.915740966796875
2.058523654937744
2.044623374938965
1.899728536605835
1.9409992694854736
1.932868480682373
1.8556876182556152
1.9152507781982422
1.8605897426605225
1.9177441596984863
1.8586902618408203
1.8848512172698975
1.8769843578338623
1.8967244625091553
1.8828468322753906
1.8679625988006592
1.8426759243011475
1.8536863327026367
1.857574462890625
1.8566477298736572
1.835669994354248
1.7807443141937256
1.82560133934021
1.8696999549865723
1.9124584197998047
1.8779888153076172
1.8877170085906982
1.827197551727295
1.8275179862976074
1.8457345962524414
1.8837125301361084
1.8457746505737305
1.822723388671875
1.8646960258483887
1.825660228729248
1.871394395828247
1.8844106197357178
1.8957242965698242
1.928307294845581
1.8657128810882568
1.940643310546875
1.8176538944244385
1.89996337890625
1.809980869293213
1.8717021942138672
1.8643171787261963
1.7837166786193848
1.8346703052520752
1.900728702545166
1.7751491069793701
1.764854907989502
1.8697009086608887
1.950120449066162
2.018251895904541
1.873703956604004
1.8377935886383057
1.7996480464935303
1.8636951446533203
2.0448591709136963
1.9304163455963135
1.8348231315612793
1.810645341873169
1.9072000980377197
1.8888628482818604
1.801638126373291
1.873704195022583
1.9579260349273682
1.855686902999878
1.7946317195892334
1.8667528629302979
1.7811462879180908
1.9017291069030762
1.7829582691192627
1.8517708778381348
1.8526852130889893
1.8646957874298096
1.897204875946045
1.8141276836395264
1.8446779251098633
1.7872343063354492
1.8699328899383545
1.7936303615570068
1.8117835521697998
1.8062589168548584
1.8767056465148926
1.8376855850219727
1.9653401374816895
1.8817107677459717
1.797633171081543
1.8250107765197754
1.7977628707885742
1.8126475811004639
1.878019094467163
1.8222661018371582
1.8206546306610107
1.7931644916534424
1.773766279220581
1.8056426048278809
1.8797094821929932
2.0025031566619873
1.9198784828186035
1.7896273136138916
1.9244213104248047
1.878298044204712
1.7906289100646973
1.8036415576934814
1.7537522315979004
1.8291606903076172
1.8306641578674316
1.8758275508880615
1.795639991760254
1.9027318954467773
1.8331944942474365
1.888364315032959
1.8576886653900146
1.9237487316131592
1.9157891273498535
1.9197287559509277
1.8236579895019531
1.7912166118621826
1.7820091247558594
1.8817105293273926
1.8262207508087158
1.8666224479675293
1.7956323623657227
1.7996361255645752
1.8088045120239258
1.8111176490783691
1.808645486831665
1.8412601947784424
1.7765181064605713
1.8789806365966797
1.8216578960418701
1.8007638454437256
1.861104965209961
1.818655252456665
1.9598870277404785
1.817915916442871
1.8927204608917236
1.8556883335113525
1.8654963970184326
1.7585742473602295
1.843677043914795
1.9512066841125488
1.8248653411865234
1.8666987419128418
1.7826213836669922
1.7671749591827393
1.8053536415100098
1.9717931747436523
1.794163703918457
1.7891418933868408
1.9237501621246338
1.8262038230895996
1.831723928451538
1.7796127796173096
1.7796180248260498
1.791896104812622
1.8972890377044678
1.8366694450378418
1.8466811180114746
1.8688297271728516
1.8990485668182373
1.7806179523468018
1.8152358531951904
1.796562910079956
1.9217479228973389
1.7706103324890137
1.8298113346099854
1.8729579448699951
1.9818015098571777
1.837235450744629
1.7953834533691406
1.8366711139678955
1.844677209854126
1.8080816268920898
1.8396544456481934
1.8506834506988525
2.037466287612915
2.001837968826294
1.741584062576294
1.8516838550567627
1.8619701862335205
1.8454420566558838
1.7926313877105713
1.7826225757598877
1.939763069152832
1.808800220489502
1.8226566314697266
1.7897047996520996
1.8667449951171875
1.8596923351287842
1.7836225032806396
1.8513293266296387
1.8560922145843506
1.8086450099945068
1.8247437477111816
1.8220975399017334
1.8186540603637695
1.7916300296783447
1.7907593250274658
1.8326666355133057
1.819655418395996
1.844146490097046
1.8188743591308594
1.819654941558838
1.7781612873077393
1.7062444686889648
1.804640293121338
1.9347600936889648
2.0510332584381104
1.8950059413909912
1.986825942993164
1.9355967044830322
1.9617295265197754
