Timing log for each step:
0.012010812759399414
5.688749313354492
5.473665237426758
5.51304292678833
5.548301458358765
5.475056409835815
5.492464542388916
5.605374336242676
5.7439045906066895
5.72510838508606
5.449296712875366
5.642100095748901
5.722743034362793
5.530258417129517
5.355466604232788
5.303294897079468
5.328462362289429
5.323363780975342
5.495732307434082
5.744876384735107
5.3448615074157715
5.307355642318726
5.380046844482422
5.372794151306152
5.396873950958252
5.3704187870025635
5.456303596496582
5.414045810699463
5.393911600112915
5.349272966384888
5.418807029724121
5.3760130405426025
5.46508526802063
5.423896551132202
5.436613321304321
5.491779565811157
5.434053659439087
5.457115173339844
5.348200798034668
5.430501222610474
5.411118268966675
5.439262866973877
5.397936820983887
5.421523809432983
5.402720212936401
5.447883605957031
5.452503681182861
5.42565655708313
5.595440626144409
5.404153823852539
5.416184425354004
5.728578329086304
5.691282033920288
5.505977630615234
5.395141124725342
5.467201471328735
5.4980199337005615
5.45923376083374
5.333774089813232
5.41039776802063
5.427308797836304
5.432358980178833
5.433462142944336
5.368580102920532
5.41848611831665
5.411538362503052
5.334275484085083
5.5062336921691895
5.491570711135864
5.483801603317261
5.3990538120269775
5.398024082183838
5.418513774871826
5.421573877334595
5.412594795227051
5.61756706237793
5.433019638061523
5.460566520690918
5.406702995300293
5.384662866592407
5.476497650146484
5.482792854309082
5.442940711975098
5.450088739395142
5.4649107456207275
5.518104314804077
5.458209276199341
5.456478595733643
5.418689727783203
5.5002121925354
5.477423429489136
5.414648532867432
5.504912376403809
5.7346532344818115
5.470441818237305
5.447138071060181
5.405901670455933
5.494738340377808
5.709902286529541
5.448487043380737
5.5081470012664795
5.451675653457642
5.419868469238281
5.473228216171265
5.638418674468994
5.420389413833618
5.5542168617248535
5.501455068588257
5.441182851791382
5.439259052276611
5.42491602897644
5.451492786407471
5.497373580932617
5.478616952896118
5.335993051528931
5.459522724151611
5.466143608093262
5.593246221542358
5.525214672088623
5.53587794303894
5.433728456497192
5.467746257781982
5.497225522994995
5.487885475158691
5.5985589027404785
5.471540927886963
5.560840606689453
5.484580755233765
5.427540063858032
5.641363620758057
5.551585912704468
5.563957214355469
5.495715856552124
5.481703519821167
5.48564338684082
5.50698184967041
5.520026683807373
5.485175609588623
5.466506004333496
5.5299482345581055
5.503746032714844
5.49623703956604
5.479923486709595
5.691781759262085
5.7690534591674805
5.718857765197754
5.690603733062744
5.840612888336182
5.887914180755615
5.53359055519104
5.547388076782227
5.624490261077881
5.60202169418335
5.592697381973267
5.81747031211853
6.250193357467651
5.513319253921509
5.916326522827148
5.9686315059661865
6.021592140197754
5.85259222984314
5.672624111175537
5.89980149269104
6.087780237197876
5.786242723464966
5.82350492477417
5.608388900756836
5.713024139404297
5.589717626571655
5.760751008987427
6.377526760101318
6.527326345443726
6.387726068496704
6.254589319229126
5.739917278289795
6.12238621711731
5.750018358230591
6.0318443775177
6.303812503814697
6.517077445983887
6.283255577087402
6.522048473358154
6.066134452819824
6.592110872268677
6.219289541244507
6.189709186553955
6.0657548904418945
6.447210788726807
6.598339080810547
6.211641550064087
5.867036581039429
5.675874710083008
5.872610330581665
6.1499974727630615
6.420397520065308
5.8198113441467285
5.79872989654541
5.97898006439209
5.976979732513428
6.111950397491455
6.291187524795532
6.306477308273315
6.0903708934783936
5.809786796569824
5.764750719070435
5.804670333862305
5.77606987953186
5.897855520248413
6.709650993347168
6.257572412490845
6.189082384109497
6.158304691314697
6.154701232910156
5.757462024688721
6.007180690765381
5.704545021057129
5.735223293304443
6.028043270111084
5.979045391082764
6.498039245605469
5.990579605102539
6.011802673339844
6.290802240371704
6.217318296432495
5.9702372550964355
6.070758104324341
6.8388752937316895
5.807161092758179
5.525580406188965
6.389867305755615
6.4104413986206055
5.7807087898254395
5.8284592628479
5.816530227661133
5.697105884552002
6.038987159729004
6.174023866653442
5.902009725570679
6.026167154312134
5.667572021484375
5.848811388015747
5.872793674468994
5.788132190704346
5.721685886383057
5.7541139125823975
5.7536468505859375
5.794422388076782
5.947341442108154
5.832815885543823
5.744385480880737
5.769664764404297
5.798991680145264
5.742903709411621
5.782675743103027
5.742927551269531
5.86520791053772
5.619128465652466
5.774438142776489
5.74402642250061
5.710318088531494
5.749091625213623
5.81968092918396
5.764756679534912
5.792625665664673
5.811755895614624
6.460934638977051
6.390793561935425
6.04106879234314
5.967841386795044
5.892744541168213
6.336802959442139
6.409893989562988
6.220000743865967
6.026392221450806
5.731576919555664
5.727368354797363
5.691570281982422
5.8262858390808105
5.732887268066406
5.835365533828735
5.638749599456787
5.673876762390137
5.683593273162842
5.68210244178772
5.788898468017578
5.612019300460815
5.657548189163208
5.705247402191162
5.646352052688599
5.948979139328003
5.655285835266113
5.695953607559204
5.6856629848480225
5.653252840042114
5.646573781967163
5.639063119888306
5.692322731018066
5.629451513290405
5.4693334102630615
5.433535814285278
5.59144926071167
5.481571912765503
5.484513282775879
5.606609344482422
6.005306243896484
6.0100085735321045
5.704173564910889
5.673833847045898
5.651397943496704
5.480643272399902
5.447117328643799
5.449249744415283
5.47301721572876
5.475037574768066
5.532154083251953
5.5531206130981445
5.715831995010376
5.463950872421265
5.488218307495117
5.378410339355469
5.454688310623169
5.481508255004883
5.618601083755493
5.749943733215332
5.44507908821106
5.437466144561768
5.4508585929870605
5.458082675933838
5.491407871246338
5.495496034622192
5.47943639755249
5.485356569290161
5.447868585586548
5.435486316680908
5.525533199310303
5.503489971160889
5.483328819274902
5.4798195362091064
5.639048099517822
5.740694522857666
5.672779321670532
5.67091178894043
5.685629606246948
5.662501811981201
6.098717451095581
5.464367866516113
5.487049341201782
5.491958141326904
