Timing log for each step:
0.009008169174194336
1.933288812637329
1.9178378582000732
1.886758804321289
1.9139001369476318
1.9137396812438965
1.9084162712097168
1.9527761936187744
1.875169277191162
2.2970893383026123
1.9131078720092773
1.6204736232757568
1.9731621742248535
1.9507741928100586
1.3097293376922607
1.5123753547668457
1.4912364482879639
2.05499267578125
1.8596916198730469
1.882784366607666
1.875706434249878
1.8631339073181152
1.8877170085906982
1.8986561298370361
1.9070188999176025
1.9290196895599365
2.0008904933929443
1.890721082687378
1.9933300018310547
1.9868080615997314
1.9422574043273926
2.010828971862793
1.9393901824951172
1.8937230110168457
2.0227386951446533
1.9238982200622559
1.9517755508422852
1.9521706104278564
1.9417674541473389
1.9834537506103516
1.9577813148498535
1.9157981872558594
2.04586124420166
1.9709103107452393
1.9928128719329834
1.9961929321289062
2.063002347946167
1.93876314163208
2.0170633792877197
1.953777551651001
2.0903568267822266
1.997817039489746
2.1783549785614014
1.9337592124938965
2.0073461532592773
1.9527764320373535
1.9796063899993896
1.967789649963379
1.9756684303283691
1.9667894840240479
1.9242322444915771
1.9347608089447021
1.902878999710083
1.9397642612457275
1.9362223148345947
1.9737961292266846
1.9221596717834473
1.9918122291564941
1.9207885265350342
1.9147424697875977
2.0113775730133057
1.9697916507720947
2.013300895690918
1.9777989387512207
1.958221435546875
1.9557774066925049
1.9601736068725586
1.9898099899291992
2.026841163635254
2.026844024658203
1.9982163906097412
1.9087367057800293
1.8732073307037354
1.906249761581421
1.886242151260376
1.8632371425628662
2.0378544330596924
1.9042103290557861
1.892721176147461
1.9878275394439697
1.9347593784332275
1.9004216194152832
1.9387638568878174
1.9871442317962646
1.919748306274414
1.9859850406646729
1.9858062267303467
2.063291549682617
1.9267537593841553
1.9368932247161865
1.927677869796753
1.9961302280426025
1.9792742729187012
1.9990904331207275
1.9057331085205078
1.8980703353881836
2.0028226375579834
1.9024381637573242
1.9878089427947998
1.9420990943908691
1.975278377532959
2.0784811973571777
2.028846025466919
1.9067599773406982
2.0068271160125732
1.9796538352966309
2.000821113586426
1.967731237411499
2.013831615447998
2.012320041656494
2.002821445465088
1.9787261486053467
2.027681589126587
1.9849207401275635
2.034851551055908
1.9842560291290283
1.9868080615997314
1.9669840335845947
2.0088260173797607
1.9353210926055908
1.954777717590332
1.929004192352295
1.961785078048706
1.9519708156585693
2.0293688774108887
1.9740021228790283
1.9757969379425049
1.9761672019958496
1.9583277702331543
1.9584505558013916
2.0179216861724854
1.9307587146759033
2.0930984020233154
1.918745994567871
1.8690876960754395
1.970794439315796
1.9766790866851807
1.9467713832855225
2.0979254245758057
2.040855884552002
1.9273207187652588
2.009341239929199
2.033081293106079
2.06969952583313
2.0088284015655518
1.9797413349151611
1.9147424697875977
2.044309139251709
2.0088281631469727
1.9291229248046875
1.9257524013519287
1.9482054710388184
1.9783141613006592
2.0398664474487305
1.9851343631744385
2.010828971862793
1.885164737701416
2.0288455486297607
2.0119922161102295
1.9888100624084473
1.948784351348877
2.0068249702453613
1.9605169296264648
2.015834093093872
1.8854281902313232
1.9187462329864502
2.0148518085479736
1.9979267120361328
2.0418009757995605
2.0498650074005127
1.9821035861968994
1.925520420074463
1.9877073764801025
1.9532828330993652
1.9818031787872314
2.0243024826049805
2.0358519554138184
1.9530839920043945
2.0108296871185303
1.923191785812378
2.045861005783081
1.9726169109344482
1.9778013229370117
1.9593720436096191
1.9447691440582275
1.8829221725463867
1.8847146034240723
2.0471558570861816
1.9547786712646484
1.8942298889160156
1.9593193531036377
1.9600317478179932
1.9433155059814453
1.9822614192962646
1.9637858867645264
2.001040458679199
1.9953651428222656
2.0168347358703613
1.9350275993347168
1.967789888381958
1.938246726989746
1.9217486381530762
2.0812366008758545
2.0038232803344727
2.014355182647705
2.106916904449463
1.9294321537017822
1.9777987003326416
1.9236609935760498
1.9848053455352783
2.043816328048706
2.0218396186828613
1.8579235076904297
2.0328495502471924
1.9707934856414795
1.9491794109344482
1.9512295722961426
2.029366970062256
1.9050498008728027
2.0080409049987793
1.93278169631958
2.0039761066436768
1.9237494468688965
1.9637434482574463
1.9407660961151123
1.8921058177947998
1.992812156677246
1.9942076206207275
1.9037315845489502
2.0373942852020264
2.0239436626434326
1.9439573287963867
2.0523757934570312
1.9112253189086914
1.934309959411621
1.9760105609893799
1.982367992401123
1.9819903373718262
1.935267686843872
1.9687912464141846
1.9474897384643555
1.940765380859375
1.9156439304351807
1.9898104667663574
1.9995033740997314
2.0088279247283936
1.9692678451538086
1.934760570526123
1.932274580001831
1.9808731079101562
2.1099188327789307
1.9319078922271729
1.986807107925415
1.93804931640625
1.9768073558807373
1.9969022274017334
1.9838125705718994
1.8918852806091309
1.9577817916870117
2.029299259185791
1.95277738571167
1.9442048072814941
1.9317574501037598
2.046919107437134
1.956780195236206
1.9918105602264404
2.035349130630493
1.963787317276001
1.9703593254089355
1.905733346939087
1.8900136947631836
1.917271375656128
1.9273309707641602
1.9442927837371826
1.9431486129760742
2.017031192779541
1.999819040298462
1.957050085067749
1.934760570526123
2.0031638145446777
2.010829210281372
1.9928920269012451
1.982804536819458
1.9149212837219238
1.9217486381530762
1.9543092250823975
2.002821207046509
1.90604567527771
1.9677891731262207
2.018339157104492
1.9577820301055908
1.9473555088043213
1.9497735500335693
1.9410345554351807
1.9322748184204102
1.9506323337554932
1.9848062992095947
1.9811110496520996
1.9773123264312744
2.026745080947876
1.898726224899292
1.9496300220489502
2.0178351402282715
2.0244250297546387
1.9373328685760498
1.9368770122528076
2.019969940185547
1.963310718536377
2.0549559593200684
2.0433273315429688
1.9739155769348145
1.95377779006958
1.9962615966796875
1.9307568073272705
1.9641196727752686
1.9407658576965332
1.9505577087402344
1.992814064025879
1.9695281982421875
1.9277546405792236
1.9186336994171143
2.0318470001220703
1.9216911792755127
1.988809585571289
1.9831068515777588
1.9337568283081055
1.9252076148986816
1.938762903213501
1.9822399616241455
1.9561820030212402
1.9996545314788818
1.998901128768921
2.017836093902588
2.0073516368865967
1.932758092880249
1.9312281608581543
1.9197471141815186
1.9977750778198242
1.991811752319336
2.106571912765503
2.1239326000213623
1.997802495956421
1.9367618560791016
1.9086120128631592
2.115924835205078
2.076348304748535
2.0008199214935303
1.9961626529693604
2.0808932781219482
2.044419765472412
2.066880702972412
2.0989809036254883
2.0353474617004395
