Timing log for each step:
0.02502155303955078
5.378902196884155
5.372896671295166
5.2708046436309814
5.2928242683410645
5.274807453155518
5.524033308029175
5.289820671081543
5.269803524017334
5.330858469009399
5.1536970138549805
5.266798257827759
5.370896100997925
5.426945924758911
5.2678000926971436
5.125672340393066
5.030584812164307
5.15970253944397
5.376900911331177
5.498010873794556
5.663161516189575
5.497009754180908
5.3759002685546875
5.324852466583252
5.234770774841309
5.49600887298584
5.169711351394653
5.181721925735474
5.264798402786255
5.52403450012207
5.2507851123809814
5.71120548248291
5.251786947250366
5.642142295837402
5.180721044540405
5.493004083633423
5.375898838043213
5.333861351013184
5.343869686126709
5.284806728363037
5.322851181030273
5.336864233016968
5.324852466583252
5.311840295791626
5.338865518569946
5.428947687149048
5.156699895858765
5.6501500606536865
5.603106498718262
5.2367730140686035
5.307837247848511
5.513023376464844
5.200739622116089
5.51902961730957
5.36388897895813
5.51202392578125
5.33586311340332
5.380903959274292
5.371896505355835
5.208747386932373
5.276808023452759
5.288819789886475
5.301831007003784
5.287817716598511
5.450968265533447
5.292823553085327
5.235771656036377
5.252786636352539
5.316845178604126
5.413934946060181
5.337865352630615
5.413934707641602
5.291822671890259
5.3198487758636475
5.255790948867798
5.211750268936157
5.404927015304565
5.332861661911011
5.4119322299957275
5.394916772842407
5.363889455795288
5.396918773651123
5.240776777267456
5.453970193862915
5.531041145324707
5.392916202545166
5.452969789505005
5.373896360397339
5.379902362823486
5.2467803955078125
5.332859754562378
5.402922868728638
5.3678929805755615
5.339866638183594
5.440958738327026
5.36388897895813
5.379903078079224
5.432951927185059
5.379903078079224
5.331857204437256
5.322851181030273
5.3258538246154785
5.4149346351623535
5.408930540084839
5.378903388977051
5.497009992599487
5.370894193649292
5.424944162368774
5.3278563022613525
5.320849895477295
5.4339516162872314
5.23477029800415
5.3889124393463135
5.477992057800293
5.424944162368774
5.424944877624512
5.446964740753174
5.422942399978638
5.40492582321167
5.462979316711426
5.424944877624512
5.389911890029907
5.312842607498169
5.3989198207855225
5.297828912734985
5.3819050788879395
5.478992223739624
5.431950330734253
5.400922775268555
5.378901243209839
5.409931182861328
5.53104043006897
5.4359540939331055
5.290822744369507
5.507019281387329
5.258793115615845
5.458975315093994
5.350876331329346
5.4910032749176025
5.438957214355469
5.39091420173645
5.493006706237793
5.201741933822632
5.321850538253784
5.3899102210998535
5.255789279937744
5.335862398147583
5.425945997238159
5.452970504760742
5.434952974319458
5.396920204162598
5.3909125328063965
5.381904602050781
5.38690972328186
5.408929109573364
5.398918390274048
5.39091420173645
5.508019685745239
5.322850942611694
5.438955783843994
5.450968027114868
5.395918130874634
5.4819958209991455
5.402924299240112
5.343871116638184
5.3558807373046875
5.35888409614563
5.351876974105835
5.456973314285278
5.469985723495483
5.233771085739136
5.39691686630249
5.516027450561523
5.400921821594238
5.495007514953613
5.389911890029907
5.341869354248047
5.420938730239868
5.494006872177124
5.29582667350769
5.246782064437866
5.3598856925964355
5.366891384124756
5.3979198932647705
5.458975315093994
5.3728954792022705
5.342870235443115
5.427947044372559
5.4679834842681885
5.457974910736084
5.289821624755859
5.384908199310303
5.416935682296753
5.471986770629883
5.4469640254974365
5.477993011474609
5.334861993789673
5.410930871963501
5.4289491176605225
5.385908126831055
5.443962574005127
5.427947282791138
5.422942638397217
5.461976528167725
5.466981887817383
5.4449615478515625
5.385908603668213
5.285817861557007
5.35487961769104
5.377901315689087
5.4169371128082275
5.414935111999512
5.397918701171875
5.298830032348633
5.453970193862915
5.360884666442871
5.411932468414307
5.3418684005737305
5.355881452560425
5.391913652420044
5.490004301071167
5.4139320850372314
5.36689019203186
5.536046743392944
5.421941518783569
5.292823553085327
5.196735620498657
5.434952974319458
5.515026092529297
5.306837797164917
5.333861589431763
5.309839248657227
5.5430521965026855
5.296826362609863
5.288820505142212
5.372896194458008
5.450967788696289
5.382905960083008
5.533043146133423
5.637137174606323
5.467982769012451
5.340867042541504
5.41593599319458
5.414935350418091
5.394917726516724
5.482997179031372
5.449966192245483
5.5510571002960205
5.480995178222656
5.302836179733276
5.409930467605591
5.3548808097839355
5.3058366775512695
5.395917654037476
5.388910531997681
5.406928539276123
5.396918535232544
5.388911485671997
5.299831390380859
5.421940326690674
5.400922060012817
5.478992700576782
5.289820671081543
5.446965456008911
5.471987009048462
5.414936065673828
5.393915891647339
5.451969623565674
5.516027212142944
5.402924299240112
5.399922609329224
5.286818265914917
5.329857349395752
5.438956022262573
5.492006301879883
5.297829627990723
5.355881452560425
5.416936159133911
5.316846132278442
5.414935350418091
5.407927751541138
5.4249427318573
5.377901315689087
5.493006706237793
5.348874807357788
5.295825004577637
5.433951377868652
5.443961143493652
5.348874092102051
5.473988771438599
5.423943281173706
5.514024972915649
5.377901077270508
5.371896505355835
5.273806095123291
5.449966669082642
5.4389564990997314
5.3568809032440186
5.49300479888916
5.49400782585144
5.46698260307312
5.360886096954346
5.3148438930511475
5.498010873794556
5.649148464202881
5.426945686340332
5.391913652420044
5.374898910522461
5.450967073440552
5.375899791717529
5.407928466796875
5.395918130874634
5.47899317741394
5.328855991363525
5.372897148132324
5.373898029327393
5.451967716217041
5.507019281387329
5.416937589645386
5.458975076675415
5.522032022476196
5.4789934158325195
5.323851108551025
5.399920701980591
5.539048433303833
5.444963216781616
5.41093111038208
5.599103927612305
5.409526109695435
