Timing log for each step:
0.013012170791625977
5.074626445770264
5.0956456661224365
5.203744173049927
5.062615871429443
4.980540752410889
5.34487247467041
5.229767799377441
5.203744173049927
5.145691633224487
5.227766990661621
5.207749128341675
5.17872166633606
5.203744888305664
5.377902507781982
5.215754985809326
5.204746246337891
5.202743768692017
5.138685941696167
5.13768458366394
5.133681535720825
5.18272590637207
5.081635475158691
5.289823055267334
5.38290810585022
5.187730073928833
5.875356912612915
5.29182505607605
5.320851802825928
5.252788543701172
5.241780519485474
5.3008341789245605
5.241780042648315
5.335865259170532
5.1957385540008545
5.145692348480225
5.222761154174805
5.263800144195557
5.730224370956421
5.213753938674927
5.183725595474243
5.136682033538818
5.227765083312988
5.266802072525024
5.647149324417114
5.232770919799805
5.521043300628662
5.291824817657471
5.269805431365967
5.293826103210449
5.589094638824463
5.288822412490845
5.318849563598633
5.343871593475342
5.616119623184204
5.326856851577759
5.383908271789551
5.30984091758728
5.360887765884399
5.344873905181885
5.3979198932647705
5.318849802017212
5.3188488483428955
5.202744007110596
5.3919150829315186
5.323854684829712
5.338867664337158
5.368894577026367
5.4910056591033936
5.227766036987305
5.283817291259766
5.337867259979248
5.274810552597046
5.24177885055542
5.266801357269287
5.34787654876709
5.396920919418335
5.333862781524658
5.282817363739014
5.4069297313690186
5.38891339302063
5.41293478012085
5.271806478500366
5.349877595901489
5.237776517868042
5.294827461242676
5.3879125118255615
5.382909059524536
5.304837465286255
5.347875356674194
5.313845157623291
5.402926445007324
5.3729002475738525
5.353881120681763
5.363890647888184
5.350879669189453
5.336865663528442
5.3528807163238525
5.420942544937134
5.398921728134155
5.3638904094696045
5.465984106063843
5.415937423706055
5.318849325180054
5.356884002685547
5.38991379737854
5.4289491176605225
5.338867425918579
5.36589241027832
5.336866140365601
5.3909149169921875
5.346875429153442
5.386911869049072
5.332862377166748
5.314845323562622
5.393918037414551
5.241779327392578
5.221760272979736
5.293826341629028
5.391916513442993
5.4419615268707275
5.330861330032349
5.396920680999756
5.411933898925781
5.2968292236328125
5.29282546043396
5.324855327606201
5.318848133087158
5.343872308731079
5.301834344863892
5.369896650314331
5.36589241027832
5.3909149169921875
5.314845561981201
5.386911153793335
5.31084132194519
5.3108415603637695
5.278812885284424
5.392916202545166
5.397921562194824
5.412935972213745
5.421943664550781
5.33486533164978
5.360887289047241
5.358885049819946
5.33086085319519
5.330860614776611
5.306838274002075
5.29883074760437
5.359886169433594
5.361889123916626
5.358884811401367
5.455974817276001
5.37289834022522
5.363890171051025
5.436958312988281
5.369895935058594
5.507020711898804
5.2958290576934814
5.423945426940918
5.300832271575928
5.379905939102173
5.335864543914795
5.317847967147827
5.376902341842651
5.285819053649902
5.362890720367432
5.374900817871094
5.26079535484314
5.344872236251831
5.287820339202881
5.2447826862335205
5.375901460647583
5.347876787185669
5.386910915374756
5.336865425109863
5.3458733558654785
5.334863662719727
5.485001087188721
5.335865020751953
5.370897054672241
5.268803834915161
5.545055866241455
5.328859806060791
5.434955596923828
5.377903699874878
5.345874786376953
5.3829076290130615
5.448967933654785
5.419942855834961
5.397918462753296
5.419941425323486
5.249786853790283
5.377903699874878
5.277812957763672
5.485000848770142
5.39491868019104
5.541682720184326
5.594619274139404
5.527871131896973
5.453551530838013
