Timing log for each step:
0.012011528015136719
5.343505859375
5.41695761680603
5.529214859008789
5.601227521896362
5.355775594711304
5.319390773773193
5.36457896232605
5.2848615646362305
5.371309041976929
5.314498424530029
5.378138780593872
5.341002464294434
5.363000154495239
5.417585134506226
5.391073226928711
5.347131013870239
5.386486053466797
5.391934394836426
5.364999294281006
5.373750448226929
5.416484117507935
5.384901285171509
5.457977771759033
5.440057992935181
5.350005149841309
5.444512367248535
5.435678720474243
5.377957344055176
5.423710823059082
5.406673431396484
5.382073640823364
5.460217475891113
5.392946720123291
5.436131000518799
5.4928460121154785
5.4976115226745605
5.484450340270996
5.6564781665802
5.496540069580078
5.439058303833008
5.44879674911499
5.428207159042358
5.430077791213989
5.468193531036377
5.4562623500823975
5.458469390869141
5.415856838226318
5.433018445968628
5.764583587646484
5.765315055847168
5.533214330673218
5.550896167755127
5.598100900650024
5.486092805862427
5.591672658920288
5.656935453414917
5.528030872344971
5.550771951675415
5.7579286098480225
5.472945690155029
5.517486572265625
5.481542110443115
5.50848913192749
5.51302170753479
5.846202373504639
5.471078872680664
5.740303993225098
5.484898567199707
5.572372198104858
5.496679067611694
5.429013013839722
5.480250597000122
5.476668119430542
5.530092716217041
5.474206447601318
5.525923252105713
5.500129461288452
5.455134630203247
5.506476163864136
5.501126766204834
5.46960186958313
5.507179498672485
5.600433588027954
5.391020774841309
5.492940902709961
5.584016561508179
5.5444135665893555
5.642939329147339
5.557410717010498
5.597772121429443
5.51717472076416
5.443787336349487
5.556756973266602
5.575376272201538
5.4746253490448
5.485635995864868
5.544087648391724
5.470623016357422
5.466250419616699
5.684157848358154
5.52304482460022
5.464309215545654
5.476103782653809
5.6019370555877686
5.52705979347229
5.5346174240112305
5.609196424484253
5.666269063949585
5.695791006088257
5.505162239074707
5.643545150756836
5.3967509269714355
5.515938758850098
5.517051935195923
5.410983562469482
5.472261428833008
5.488186359405518
5.450964450836182
5.637657880783081
5.5490031242370605
5.494524717330933
5.524277687072754
5.509772539138794
5.499276876449585
5.501231908798218
5.533162593841553
5.517167568206787
5.520057201385498
5.518968343734741
5.492332935333252
5.520185947418213
5.566791296005249
5.509016752243042
5.4881675243377686
5.477424383163452
5.4601922035217285
5.513705492019653
5.519795894622803
5.470530986785889
5.4915101528167725
5.490229606628418
5.501526594161987
5.501932621002197
5.494879722595215
5.514246940612793
5.665415287017822
5.426689386367798
5.483884334564209
5.586103200912476
5.545901536941528
5.482831001281738
5.689152717590332
5.468654632568359
5.44083309173584
5.474509000778198
5.787943601608276
5.461609840393066
5.460456132888794
5.44820761680603
5.444965124130249
5.514305591583252
5.49727201461792
5.513797760009766
5.510238409042358
5.591453790664673
5.470205068588257
5.824950695037842
5.488386154174805
5.533749103546143
5.574341297149658
5.507300138473511
5.466550827026367
5.450297117233276
5.530176639556885
5.483488082885742
5.52135705947876
5.593783855438232
5.550648927688599
5.508728504180908
5.498187780380249
5.568636894226074
5.485474348068237
5.416463136672974
5.478791952133179
5.486516714096069
5.471561908721924
5.499063968658447
5.496126651763916
5.472788095474243
5.466987133026123
5.478004693984985
5.457804441452026
5.491785764694214
5.546630144119263
5.5483551025390625
5.565998554229736
5.52483057975769
5.481951713562012
5.497316837310791
5.568136930465698
5.547378778457642
5.697198390960693
5.644645929336548
5.477405309677124
5.5264599323272705
5.4760658740997314
5.5516276359558105
5.558765649795532
5.576616525650024
5.542149782180786
5.62758207321167
5.55370569229126
5.564690828323364
5.531316041946411
5.463469505310059
5.568706512451172
5.525449991226196
5.461625814437866
5.457370281219482
5.574726819992065
5.525726795196533
5.44360089302063
5.538761854171753
5.494080066680908
5.528660297393799
5.49471116065979
5.526311635971069
5.424710512161255
5.502902030944824
5.551983118057251
5.429991245269775
5.4773478507995605
5.543828010559082
5.439889669418335
5.42909574508667
5.44567346572876
5.534954309463501
5.541192054748535
5.584626197814941
5.5190749168396
5.5284788608551025
5.505746603012085
5.514358282089233
5.495812892913818
5.486300945281982
5.563932657241821
5.490843772888184
5.476738929748535
5.378924608230591
5.517693758010864
5.547011613845825
5.621486663818359
5.518369913101196
5.5220537185668945
5.4857800006866455
5.5201568603515625
5.489052057266235
5.4918458461761475
5.485225200653076
5.479891061782837
5.4633567333221436
5.467724084854126
5.52160382270813
5.480285167694092
5.429724454879761
5.469892501831055
5.48149561882019
5.503034591674805
5.485048055648804
5.423889398574829
5.409707307815552
5.591404676437378
5.493799924850464
5.5020647048950195
5.431443452835083
5.511407852172852
5.514226913452148
5.5271453857421875
5.443411350250244
5.544032573699951
5.459762811660767
5.401691913604736
5.457595109939575
5.502436399459839
5.584415912628174
5.5575079917907715
5.3801963329315186
5.395922899246216
5.4754884243011475
5.547611713409424
5.511177062988281
5.484614372253418
5.471468448638916
5.515007019042969
5.500629663467407
5.4813196659088135
5.420981407165527
5.460299253463745
5.550050497055054
5.5212016105651855
5.470608949661255
5.532025337219238
5.605066776275635
5.583428382873535
5.538144826889038
5.436608076095581
5.5055625438690186
5.507359027862549
5.544207572937012
5.44831657409668
5.419333457946777
5.4702935218811035
5.508307456970215
5.467041492462158
5.496217727661133
5.502678155899048
5.497999429702759
5.475689649581909
5.50886344909668
5.509047508239746
5.509413480758667
5.452732086181641
5.438098192214966
5.523442506790161
5.485468626022339
5.547045707702637
5.481470584869385
5.522606611251831
5.454125642776489
5.501959800720215
5.448980331420898
5.473342657089233
5.562861919403076
5.424757480621338
5.489153861999512
5.5252180099487305
5.508569955825806
5.455474138259888
5.486480474472046
5.516389608383179
5.544604778289795
5.450815916061401
5.477055072784424
5.55925440788269
5.432337760925293
5.500955820083618
5.464590072631836
5.428253412246704
5.463531017303467
5.471863746643066
5.477687835693359
5.501422643661499
5.424063682556152
5.483591318130493
5.492277145385742
5.476242780685425
5.419863939285278
5.415509223937988
5.474256277084351
5.413200378417969
5.557504415512085
5.487009525299072
