Timing log for each step:
0.010007858276367188
10.461140871047974
10.784645795822144
10.407565355300903
10.088372468948364
11.50886082649231
10.98485255241394
10.56263256072998
10.93733811378479
10.854432582855225
11.002786636352539
10.625046491622925
10.550370693206787
10.350828409194946
11.235078573226929
11.051897525787354
10.615434408187866
10.916812896728516
11.230223655700684
10.910663843154907
10.646193504333496
11.422051668167114
11.615846157073975
11.069928407669067
11.04922366142273
10.97744345664978
11.083731651306152
11.40151596069336
11.207194805145264
11.115362882614136
11.056968927383423
11.537468433380127
11.581813335418701
11.556811809539795
11.211772918701172
11.150560855865479
11.145864009857178
11.047480821609497
11.178009271621704
11.07454514503479
11.12539553642273
11.128998517990112
11.099992275238037
11.053416013717651
11.19222903251648
11.419118165969849
11.09864330291748
11.267632484436035
11.171423196792603
11.178915023803711
11.169636249542236
11.246075868606567
11.170621871948242
11.899380207061768
11.580958366394043
11.87479829788208
11.784740209579468
11.24433422088623
10.841505289077759
11.26524806022644
10.85807180404663
10.763397932052612
10.81783652305603
11.377216339111328
10.864343404769897
10.784489154815674
10.804848432540894
11.037896156311035
10.788113594055176
10.831629514694214
10.855042695999146
10.689498901367188
10.708084344863892
11.029613256454468
11.349104166030884
11.30754804611206
10.750751972198486
11.00346302986145
10.757127046585083
11.142935037612915
11.186259508132935
11.408965110778809
11.061527729034424
11.056188106536865
11.898175954818726
11.501268148422241
11.035233736038208
10.902077913284302
11.977304935455322
11.59964394569397
10.887461423873901
11.01444387435913
10.733189582824707
10.77468729019165
10.603220462799072
11.233538627624512
10.909013271331787
10.488429307937622
11.181442499160767
10.752512216567993
10.663484334945679
10.893033504486084
10.630740642547607
10.691784381866455
10.49299144744873
10.701249599456787
10.818308353424072
10.709306240081787
10.663736581802368
10.755058765411377
10.647420644760132
10.631991147994995
10.682275533676147
10.744352340698242
10.661506414413452
10.694385051727295
10.675660133361816
10.671226263046265
10.549362897872925
10.766803503036499
10.689284324645996
10.757777214050293
10.474660634994507
10.66412901878357
10.845949411392212
11.324397802352905
10.7275869846344
10.721433877944946
10.602519512176514
10.754469156265259
10.425934553146362
10.661224842071533
10.752216339111328
10.748441457748413
10.522477388381958
10.702141761779785
10.617755651473999
10.543428182601929
10.798027992248535
10.612735509872437
10.731197118759155
10.636543273925781
10.958690404891968
11.932873249053955
13.183266162872314
13.186343431472778
13.040677785873413
13.168655157089233
12.921791553497314
13.271785259246826
12.880402565002441
13.378306150436401
13.30753231048584
13.278379440307617
13.134451866149902
12.887863159179688
13.235349655151367
12.936074495315552
13.498064517974854
13.37246060371399
13.060133934020996
11.430989980697632
10.833237648010254
10.755394697189331
10.83148741722107
10.696530818939209
10.631499528884888
10.791862964630127
11.253299951553345
10.652398109436035
10.696413516998291
10.519607067108154
10.648721933364868
10.596664905548096
10.708884716033936
11.622502326965332
12.36372685432434
12.032191753387451
11.602567911148071
11.267857313156128
11.38850450515747
11.376619577407837
11.295267105102539
11.425979137420654
11.281978845596313
11.312939643859863
11.477330207824707
11.876369714736938
11.560544490814209
12.361095428466797
13.738320350646973
13.48475193977356
13.299052953720093
13.447177410125732
13.525260210037231
13.277445554733276
13.580760717391968
13.39910340309143
13.419601440429688
13.14950704574585
13.614657878875732
13.748934984207153
13.768169641494751
13.7004714012146
13.127524137496948
13.5997896194458
12.819298028945923
13.45821475982666
13.037491083145142
12.74418568611145
12.920417785644531
13.325196743011475
13.091799259185791
13.00165581703186
11.461281776428223
11.044766664505005
11.409965753555298
11.276547908782959
11.310568809509277
11.371797561645508
11.193914413452148
11.209060668945312
11.220316886901855
11.293282747268677
11.255420684814453
11.223527908325195
11.217960596084595
11.142595767974854
11.189511060714722
11.18518328666687
11.200703620910645
11.210800170898438
11.193716287612915
11.205331325531006
11.147831439971924
11.30535364151001
11.192375898361206
11.351912498474121
11.136194467544556
11.183290481567383
11.880346536636353
11.24377727508545
11.16572380065918
11.263382911682129
11.366335153579712
11.263164758682251
11.23004698753357
11.159233570098877
11.22167444229126
11.166240215301514
11.189655780792236
11.240238666534424
11.1542329788208
11.126797437667847
11.152249574661255
11.136353731155396
11.634218215942383
11.272069692611694
11.259991645812988
11.3209388256073
11.224281072616577
11.287072658538818
11.16490387916565
11.54563021659851
11.165934085845947
11.10992431640625
11.102667093276978
11.135492086410522
11.15493106842041
11.203269004821777
11.337140560150146
11.16951322555542
11.232022523880005
11.125797986984253
11.191620588302612
11.133639335632324
11.061493873596191
11.161725044250488
11.129050254821777
11.14869499206543
11.094438314437866
11.10784125328064
11.041937351226807
11.043404579162598
11.137390375137329
11.117119312286377
11.193727016448975
11.155664682388306
11.155371189117432
11.186130285263062
11.100852966308594
11.257665395736694
11.122467994689941
11.133275270462036
11.243159770965576
11.396782636642456
11.180728197097778
11.232993125915527
11.13348937034607
11.150960683822632
12.254778623580933
12.843500137329102
11.581671714782715
11.001161813735962
11.308403730392456
11.66537070274353
10.880338668823242
11.390036821365356
11.3214750289917
11.757301330566406
11.187240600585938
11.181227207183838
11.209721803665161
11.285572528839111
11.215542793273926
10.636786937713623
11.87664532661438
11.986449718475342
12.002205610275269
11.950074911117554
12.038548946380615
12.173506259918213
12.243544340133667
12.424566507339478
12.458579778671265
12.363878726959229
12.1587073802948
12.135963201522827
12.191804647445679
12.078036308288574
12.16329836845398
12.476425409317017
12.061384201049805
11.9066002368927
12.323116540908813
12.376827001571655
11.911779880523682
12.161162376403809
12.269426584243774
12.31209945678711
12.420621871948242
12.050046443939209
11.766340732574463
12.311979293823242
12.382310152053833
12.208468914031982
11.728638172149658
11.804818868637085
12.242411136627197
12.39077877998352
12.267078638076782
11.707491397857666
12.224005937576294
11.8763267993927
11.738584756851196
11.87647294998169
12.3753662109375
12.34942078590393
12.339568138122559
12.32478642463684
12.089178323745728
12.034082651138306
12.319846153259277
12.093780517578125
12.33978009223938
12.152985095977783
12.285851240158081
12.312165260314941
12.026726484298706
11.964715957641602
12.11467456817627
12.100378036499023
12.046464443206787
11.662245035171509
11.993402004241943
11.337043523788452
12.224403381347656
12.273632049560547
12.24518871307373
12.316197395324707
12.436928272247314
12.03011178970337
11.65074110031128
11.527960777282715
11.488170862197876
10.638813257217407
10.543616771697998
10.954509019851685
11.26684308052063
11.23682188987732
11.339925765991211
10.988358497619629
11.274688005447388
11.242292165756226
10.912091493606567
11.197826147079468
11.32781171798706
11.308794975280762
10.920726299285889
10.923158884048462
11.30010175704956
11.229933261871338
10.812788486480713
10.688351392745972
11.398579120635986
11.23726773262024
11.332651615142822
11.291097402572632
11.20086932182312
11.304784059524536
11.344401597976685
11.301055908203125
11.253690004348755
11.352362394332886
11.291471719741821
11.235984563827515
11.277054071426392
11.205495119094849
11.310143947601318
11.346009492874146
11.278295755386353
11.1863534450531
11.319226503372192
11.371724367141724
10.730145931243896
11.333616256713867
11.20437240600586
11.337884426116943
11.263767957687378
10.854615449905396
10.688882827758789
11.243040561676025
11.280734062194824
10.939674854278564
11.27941632270813
10.777897596359253
10.727010726928711
10.69478178024292
11.150474071502686
10.525837182998657
9.741524696350098
11.263101816177368
11.170764446258545
11.274232149124146
11.244696140289307
10.71931767463684
10.662964344024658
11.323398351669312
11.30040717124939
10.619137048721313
10.672194719314575
11.149986505508423
11.317894458770752
11.2589111328125
11.262718200683594
11.321743726730347
10.604066610336304
11.259496450424194
11.372499942779541
11.301985740661621
11.249207735061646
11.197819709777832
10.895879983901978
10.697710752487183
11.255687952041626
10.639100551605225
10.762877941131592
11.275266647338867
11.26950716972351
11.056471824645996
11.340738773345947
10.704731702804565
10.72817325592041
10.630378484725952
11.287095069885254
10.596185445785522
10.18702483177185
11.204875946044922
10.698292016983032
11.32465672492981
10.699156761169434
10.642173767089844
11.414143562316895
10.613224267959595
10.665608167648315
10.68234133720398
11.244126558303833
10.714770555496216
10.743683576583862
11.256833553314209
10.743897914886475
10.693852424621582
11.240198135375977
10.598445415496826
10.243293762207031
10.68078351020813
11.289766550064087
11.261167049407959
11.343968629837036
10.77800989151001
10.664699077606201
10.749459266662598
10.681646347045898
10.638984203338623
11.236537218093872
10.77567720413208
10.75721788406372
11.85112977027893
11.315983295440674
11.515191793441772
11.753421306610107
11.194012880325317
11.211807489395142
10.62433671951294
11.884268999099731
11.53239369392395
11.51348066329956
11.555568933486938
11.271161317825317
12.011981725692749
11.269246101379395
11.601963758468628
12.12052869796753
11.217679738998413
11.379338026046753
12.092038869857788
11.562108516693115
11.049034595489502
11.975537776947021
11.173970699310303
10.834219694137573
12.053586721420288
11.862805843353271
11.970419883728027
11.590795278549194
11.691775560379028
11.575420141220093
10.899662494659424
11.049990177154541
11.755601167678833
11.110745668411255
11.339808464050293
11.998674154281616
11.370639085769653
11.422359466552734
11.764711856842041
11.373900890350342
10.696328163146973
11.917827844619751
11.885535717010498
11.315319299697876
11.876001358032227
11.869751453399658
11.806978940963745
11.98786187171936
11.606903791427612
11.638967990875244
11.245579957962036
11.095670461654663
11.278515577316284
11.246164560317993
11.858658075332642
11.241836786270142
11.565102577209473
11.651434659957886
10.82499623298645
10.778918027877808
11.938633441925049
11.459278106689453
11.704826831817627
11.6032075881958
11.436456441879272
12.015613079071045
11.250682353973389
11.389680624008179
12.096652746200562
11.311357498168945
10.961251020431519
11.443743467330933
11.317005157470703
11.474884033203125
11.960080623626709
11.696041107177734
11.658502578735352
12.053452491760254
12.445573329925537
11.839130878448486
10.882404565811157
12.027503728866577
12.079880714416504
12.168796300888062
12.430412292480469
12.255493402481079
11.747368574142456
12.27716851234436
12.241847515106201
12.182747840881348
12.118649005889893
12.258030652999878
11.24166989326477
10.6399085521698
12.094718933105469
11.798083305358887
10.85678505897522
11.792029619216919
10.969604730606079
10.89792537689209
11.518093347549438
10.614579200744629
11.033028841018677
11.422666549682617
11.087279558181763
11.109679222106934
11.569581985473633
11.062544584274292
10.616157054901123
11.811707496643066
11.494612693786621
11.167414426803589
11.823577880859375
11.31777286529541
11.499728679656982
12.011991739273071
11.54777455329895
11.592231750488281
11.340747594833374
12.050474405288696
11.438516855239868
11.571903467178345
11.651002407073975
11.945987224578857
11.105645656585693
11.2903413772583
11.30843472480774
11.422482252120972
10.706417798995972
11.038480758666992
11.826496601104736
11.007303237915039
10.740943908691406
10.684905290603638
10.534995317459106
10.09458041191101
10.519990921020508
10.278245449066162
10.285698413848877
10.555144309997559
9.742069244384766
10.106052875518799
10.861905336380005
11.397468090057373
10.990964651107788
11.292085647583008
11.776692152023315
10.562791347503662
10.995319366455078
12.039602994918823
12.075976371765137
11.637457132339478
11.75480842590332
10.857820272445679
11.569924592971802
11.279517412185669
10.987462997436523
11.315951824188232
11.69714617729187
11.303088426589966
11.033397674560547
11.525663137435913
11.662214040756226
11.541243553161621
11.593120098114014
11.487571239471436
11.903777837753296
11.980579614639282
11.48605990409851
12.016502857208252
11.963565349578857
12.04955244064331
12.005292892456055
12.126709938049316
12.13270092010498
12.113997220993042
11.845983982086182
12.113195180892944
11.902470350265503
11.873132228851318
11.758010387420654
11.662235975265503
11.07469916343689
11.910367488861084
11.974360227584839
11.190868377685547
12.013914346694946
12.214153289794922
11.970857381820679
11.638389348983765
11.647937059402466
10.939824342727661
11.612021446228027
11.342307329177856
11.914186716079712
11.576293706893921
11.601181507110596
11.627264976501465
11.528352499008179
10.727228879928589
10.975313663482666
11.493290424346924
11.941925048828125
10.713996410369873
11.241172075271606
11.215172529220581
11.295278549194336
11.061431407928467
11.18533730506897
11.176192045211792
11.041483640670776
11.872094869613647
11.762325525283813
11.225609302520752
12.056089401245117
10.939206600189209
11.239013195037842
11.007932186126709
11.304728746414185
10.929060697555542
10.958171844482422
11.778881072998047
11.361953020095825
10.475769996643066
10.967320919036865
11.49347472190857
11.181218385696411
10.498593091964722
10.997894525527954
11.760603904724121
11.202596426010132
11.498853206634521
10.800345659255981
11.633476972579956
11.909537076950073
11.545936584472656
11.086993932723999
10.922840595245361
11.287642002105713
11.21424674987793
10.898790121078491
10.8218412399292
10.717446565628052
11.299554824829102
11.29089069366455
10.837110042572021
11.135718584060669
10.965816259384155
11.352875709533691
11.58816385269165
11.223058462142944
11.725066661834717
10.877159118652344
10.821282625198364
11.13060736656189
11.263345956802368
10.895594120025635
11.404301643371582
10.934205770492554
10.908095836639404
11.075011253356934
11.424294233322144
11.1339750289917
11.29962420463562
11.384106874465942
11.149308204650879
11.000140190124512
11.119494676589966
10.838478803634644
10.771263837814331
11.286556005477905
10.932028770446777
10.293668746948242
11.67330002784729
11.469255447387695
10.959712028503418
10.863746166229248
10.970344543457031
11.328299522399902
12.018100023269653
11.291348695755005
11.287238121032715
11.145957946777344
11.16536259651184
10.7274489402771
11.221009731292725
10.669228076934814
11.097652435302734
10.04334807395935
12.1329345703125
11.936887264251709
11.00628399848938
10.119552612304688
10.43927526473999
10.476834774017334
10.871880769729614
10.424077033996582
9.977283239364624
10.002973556518555
10.570455312728882
11.169982671737671
10.40726637840271
9.94219970703125
10.129407405853271
11.230308055877686
11.304099321365356
10.720399618148804
11.041814088821411
11.363216876983643
11.323170900344849
11.188759088516235
11.1127610206604
11.1147620677948
11.177075624465942
11.221639633178711
11.171140432357788
11.183633089065552
11.589320182800293
11.272193193435669
11.283449649810791
11.263360261917114
11.414164781570435
11.27169680595398
11.235529899597168
10.86137318611145
11.124431848526001
11.239927053451538
11.356968402862549
11.208008289337158
11.292587280273438
11.348126649856567
11.355684995651245
11.225030899047852
11.25578236579895
11.26797342300415
11.473735094070435
11.469143152236938
11.746750116348267
12.03472638130188
11.36716103553772
11.08611249923706
11.337411642074585
11.157395124435425
11.076772212982178
11.356813907623291
11.199737787246704
10.94595217704773
11.075114965438843
11.163146257400513
10.952814817428589
11.035095691680908
10.964205741882324
11.010895729064941
10.94849157333374
11.051818370819092
11.061578035354614
10.931188821792603
10.975866794586182
10.936957597732544
11.0179603099823
10.33167552947998
10.833037376403809
10.93855333328247
10.894936323165894
11.061615467071533
11.021771430969238
10.64395785331726
11.207434892654419
11.538263320922852
11.42922067642212
11.361958980560303
10.837855339050293
11.032132625579834
11.02224612236023
10.758779764175415
10.721551895141602
11.181088209152222
10.778791666030884
10.149692058563232
10.101655006408691
10.59572696685791
10.932010173797607
10.996719121932983
10.710208654403687
10.465043067932129
11.21230411529541
10.71076488494873
10.942179203033447
11.154220819473267
10.95137643814087
10.677202939987183
11.700842142105103
10.906607151031494
10.933356761932373
11.176202297210693
10.95778203010559
10.414400577545166
10.558579683303833
10.94901967048645
10.877070188522339
10.978387117385864
10.854142665863037
11.0081946849823
11.415507793426514
10.992369890213013
11.003947496414185
10.97227954864502
10.939407110214233
10.985238075256348
10.844980716705322
10.988993883132935
10.90629529953003
11.266555070877075
