Timing log for each step:
0.014012813568115234
5.197746992111206
5.182217836380005
5.2674171924591064
5.020273923873901
5.074700593948364
4.963928461074829
5.077129364013672
5.096431016921997
5.130946636199951
5.115175247192383
5.066980361938477
4.881060838699341
5.016642332077026
4.977530479431152
5.2122392654418945
5.126504898071289
4.9139509201049805
5.125824451446533
5.02177095413208
5.0180792808532715
5.128072738647461
5.1216795444488525
5.099086284637451
5.118786096572876
5.216413736343384
5.096166610717773
5.1228461265563965
5.24219536781311
5.0694029331207275
5.254178047180176
5.252626657485962
4.991818189620972
5.191224813461304
5.001065731048584
5.036153554916382
5.1115617752075195
5.227663040161133
5.058148622512817
5.197627544403076
5.197736024856567
5.073487281799316
5.244165420532227
5.170649766921997
5.263860464096069
5.295396566390991
5.185150384902954
5.236294507980347
5.273407697677612
5.069180488586426
5.2487711906433105
5.134422063827515
5.189600229263306
5.330873012542725
5.232667446136475
5.315716743469238
5.053259611129761
5.1572558879852295
5.2400877475738525
5.257077693939209
5.2253429889678955
5.332852602005005
5.3993821144104
5.069114923477173
5.158666372299194
5.216014623641968
5.320231914520264
5.242253303527832
5.168582916259766
5.290834426879883
5.25567364692688
5.32837700843811
5.249567031860352
5.172665357589722
5.21880316734314
5.252408742904663
5.288395643234253
5.235432863235474
5.24869966506958
5.272654056549072
5.191758394241333
5.117527961730957
5.275813817977905
5.375332355499268
5.1682140827178955
5.160035610198975
5.286335468292236
5.326927661895752
5.180969715118408
5.4049882888793945
5.309212684631348
5.238754034042358
5.342726230621338
5.3623011112213135
5.269390821456909
5.290325164794922
5.1852216720581055
5.265628099441528
5.1311194896698
5.280801773071289
5.248577833175659
5.118555307388306
5.2701942920684814
5.307801723480225
5.195253849029541
5.20576024055481
5.2512688636779785
5.268351316452026
5.272061824798584
5.1681272983551025
5.361313104629517
5.769608020782471
5.274477005004883
5.508417129516602
5.78954291343689
5.4868385791778564
5.23732590675354
5.235635995864868
5.31534481048584
5.30181884765625
5.22541069984436
5.280320644378662
5.299889802932739
5.398825645446777
5.641263723373413
5.259363412857056
5.196162939071655
5.188724994659424
5.317968130111694
5.205328941345215
5.2344324588775635
5.42155909538269
5.1976189613342285
5.275806427001953
5.403626441955566
5.218309164047241
5.097637414932251
5.40508246421814
5.191365957260132
5.304861068725586
5.35001802444458
5.401207208633423
5.28144645690918
5.383045673370361
5.296303033828735
5.366613864898682
5.439552545547485
5.342496871948242
5.264272689819336
5.355495929718018
5.308722734451294
5.3800177574157715
5.325014591217041
5.2980124950408936
5.328989505767822
5.293578147888184
5.329073667526245
5.327991008758545
5.3928656578063965
5.27524995803833
5.335488319396973
5.402968168258667
5.330868482589722
5.294674396514893
5.369392156600952
5.3695080280303955
5.217872619628906
5.393474817276001
5.304477691650391
5.356626033782959
5.361389398574829
5.344523906707764
5.321164131164551
5.321355581283569
5.175633192062378
5.322438716888428
5.200654745101929
5.284958600997925
5.252835035324097
5.245909214019775
5.4474828243255615
5.355480194091797
5.373568773269653
5.285777807235718
5.261866569519043
5.274935007095337
5.6475372314453125
5.3745715618133545
5.346611261367798
5.324984073638916
5.35489296913147
5.267247915267944
5.252985000610352
5.22955846786499
5.365018129348755
5.2273969650268555
5.382559776306152
5.374726057052612
5.317066431045532
5.310029745101929
5.3505518436431885
5.360836744308472
5.4210028648376465
5.291949510574341
5.330673456192017
5.313316106796265
5.381930112838745
5.300421953201294
5.3853936195373535
5.305371522903442
5.457485914230347
5.351710081100464
5.289520502090454
5.196260929107666
5.405524253845215
5.478327989578247
5.396051406860352
5.254038333892822
5.313609838485718
5.320516586303711
5.372534513473511
5.2843382358551025
5.36801290512085
5.277972221374512
5.398066282272339
5.250300645828247
5.362127065658569
5.181208372116089
5.377429723739624
5.404146909713745
5.397037744522095
5.367959022521973
5.308353900909424
5.40458607673645
5.244775295257568
5.17889404296875
5.255427360534668
5.390180587768555
5.384568929672241
5.259048938751221
5.301386833190918
5.263643980026245
5.378530979156494
5.248973608016968
5.402913331985474
5.3384740352630615
5.413423299789429
5.350536584854126
5.2727789878845215
5.343074798583984
5.25642204284668
5.33536958694458
5.427062034606934
5.407582998275757
5.158535003662109
5.398401260375977
5.506848096847534
5.420398712158203
5.423266410827637
5.266634702682495
5.257810592651367
5.355372905731201
5.444024562835693
5.42957878112793
5.666895627975464
5.361105918884277
5.216781139373779
5.204549074172974
5.286877155303955
5.217779874801636
5.283989906311035
5.305887460708618
5.380614280700684
5.38614559173584
5.290302038192749
5.378519296646118
5.303513526916504
5.356875419616699
5.3435492515563965
5.483973264694214
5.317967891693115
5.475600242614746
5.367537498474121
5.381978750228882
5.378139972686768
5.193499326705933
5.317004203796387
5.342238187789917
5.355170965194702
5.360559701919556
5.307950735092163
5.3340678215026855
5.317522048950195
5.414532423019409
5.293901205062866
5.31444525718689
5.387132167816162
5.309069395065308
5.267390727996826
5.3826470375061035
5.406048059463501
5.238519906997681
5.293912887573242
5.402037858963013
5.371007680892944
5.249190330505371
5.280291795730591
5.418717384338379
5.3565332889556885
5.442270994186401
5.390152215957642
5.363410472869873
5.457690715789795
5.369210720062256
5.377697944641113
5.381460666656494
5.576727867126465
5.280042886734009
5.326752424240112
5.338021516799927
5.462397813796997
5.413634300231934
5.436540126800537
5.675881385803223
5.403273344039917
5.420159339904785
5.357023239135742
5.261582612991333
5.264047861099243
5.27213978767395
5.3348588943481445
5.409150123596191
5.33988881111145
5.4305644035339355
5.411175966262817
5.371207237243652
5.363539218902588
5.410827159881592
5.229356527328491
5.39374566078186
5.388819456100464
5.453857660293579
5.385788917541504
5.376620054244995
5.4746387004852295
5.434292554855347
5.362776756286621
5.4768970012664795
5.379724025726318
5.400758504867554
5.431528329849243
5.27304220199585
5.406444549560547
5.41316032409668
5.143949031829834
5.433712720870972
5.4408369064331055
5.452802658081055
5.312572717666626
5.454140901565552
5.298065662384033
5.430217504501343
5.431564092636108
5.4387242794036865
5.117875337600708
5.26738715171814
5.2959980964660645
5.470175743103027
5.419728994369507
5.370639801025391
5.439111709594727
5.397136211395264
5.4565393924713135
5.460279941558838
5.305590391159058
5.353913307189941
5.360483646392822
5.248980522155762
5.353531122207642
5.254404783248901
5.351607084274292
5.293452024459839
5.423702001571655
5.385474681854248
5.309566497802734
5.404526948928833
5.47161602973938
5.429016351699829
5.484264135360718
5.604220628738403
5.598204612731934
5.619029521942139
5.602814197540283
5.569620370864868
5.579918622970581
5.624799728393555
5.561905384063721
5.518052339553833
5.22533655166626
5.216020107269287
5.423531532287598
5.373824119567871
5.336416721343994
5.391566038131714
5.386622905731201
5.450623273849487
5.416088819503784
5.222871780395508
5.395004034042358
5.280436992645264
5.383985280990601
5.34431266784668
5.3965163230896
5.435676097869873
5.410079479217529
5.43282413482666
5.395559549331665
5.277127981185913
5.303063869476318
5.647979021072388
5.599740266799927
5.32719087600708
5.299610137939453
5.405147075653076
5.4156107902526855
5.4266357421875
5.439179182052612
5.332595586776733
5.390225410461426
5.360116481781006
5.4772889614105225
5.280447483062744
5.3847997188568115
5.362628936767578
5.435161113739014
5.325073719024658
5.3385186195373535
5.408150672912598
5.39415979385376
5.422772407531738
5.313474178314209
5.328573703765869
5.463829040527344
5.3720009326934814
5.345036506652832
5.298867464065552
5.315433979034424
5.418961763381958
5.442746162414551
5.488868236541748
5.3736584186553955
5.328503847122192
5.423091888427734
5.291518211364746
5.373079776763916
5.352096796035767
5.362161874771118
5.437158584594727
5.354767560958862
5.402414321899414
5.177374601364136
5.385124444961548
5.355004072189331
5.409595251083374
5.455693006515503
5.425147771835327
5.266938924789429
5.3486316204071045
5.425436973571777
5.440690279006958
5.514003276824951
5.25608229637146
5.40833306312561
5.323450088500977
5.39766263961792
5.376436710357666
5.338030576705933
5.373866558074951
5.398552417755127
5.447764158248901
5.2550694942474365
5.479157209396362
5.436178207397461
5.494715452194214
5.437618017196655
5.288064241409302
5.2665934562683105
5.416665315628052
5.317158222198486
5.419066429138184
5.375589847564697
5.138499975204468
5.474421501159668
5.237074136734009
5.1965413093566895
5.348647117614746
5.419774532318115
5.468326091766357
5.392582893371582
5.29315447807312
5.413814067840576
5.406120300292969
5.504396677017212
5.401253938674927
5.457162380218506
5.439798831939697
5.4232518672943115
5.389830589294434
5.303144454956055
5.36767053604126
5.412610054016113
5.360190153121948
5.353774785995483
5.265455961227417
5.480823755264282
5.325537919998169
5.337655544281006
5.357189655303955
5.406137704849243
5.3328893184661865
5.376654624938965
5.330829620361328
5.412652969360352
5.4152326583862305
5.401611089706421
5.386593341827393
5.267017841339111
5.438337326049805
5.420785903930664
5.450474739074707
5.397107124328613
5.335653305053711
5.318174600601196
5.3661887645721436
5.488129138946533
5.421763896942139
5.281975030899048
5.332233905792236
5.309488534927368
5.410241365432739
5.412754535675049
5.500670909881592
5.444111347198486
5.344648361206055
5.419620513916016
5.248441934585571
5.45369815826416
5.365214824676514
5.367701530456543
5.305535078048706
5.44227147102356
5.4312663078308105
5.370127201080322
5.397217035293579
5.394015312194824
5.3240556716918945
5.35317587852478
5.236929655075073
5.369561433792114
5.271121025085449
5.407651424407959
5.445295810699463
5.330390453338623
5.214767694473267
5.316143751144409
5.454155921936035
5.490689754486084
5.243577480316162
5.463446140289307
5.401635646820068
5.447325229644775
5.2895073890686035
5.4157326221466064
5.344732284545898
5.400155305862427
5.518328428268433
5.386616468429565
5.422309398651123
5.414516925811768
5.323186159133911
5.4456627368927
5.759361505508423
5.29178524017334
5.155329465866089
5.41666841506958
5.180412530899048
5.309158563613892
5.41851282119751
5.255027770996094
5.351159334182739
5.395529270172119
5.223470687866211
5.415014743804932
5.3910956382751465
5.301137924194336
5.456813812255859
5.482878684997559
5.352173328399658
5.35003924369812
5.2991042137146
5.414102792739868
5.406517267227173
5.472458124160767
5.366159915924072
5.491800308227539
5.491835832595825
5.455909967422485
5.370708227157593
5.3251824378967285
5.503482818603516
5.446302890777588
5.30358362197876
5.270103693008423
5.400100946426392
5.414616346359253
5.406984329223633
5.393622636795044
5.213066816329956
5.337034702301025
5.368565797805786
5.470727205276489
5.355770826339722
5.377588510513306
5.359755754470825
5.558670997619629
5.253498554229736
5.2811119556427
5.397779941558838
5.35066032409668
5.3185083866119385
5.740421772003174
5.350123882293701
5.289592027664185
5.153924465179443
5.341216087341309
5.300623178482056
5.377623081207275
5.494222164154053
5.281765937805176
5.4982686042785645
5.347115516662598
5.469326496124268
5.425039768218994
5.367099285125732
5.474201679229736
5.327230930328369
5.323030948638916
5.4542553424835205
5.408614158630371
5.281120300292969
5.313087463378906
5.5130109786987305
5.478095769882202
5.249426364898682
5.389164209365845
5.420902967453003
5.407767295837402
5.364102125167847
5.336669206619263
5.363219738006592
5.504380226135254
5.482839107513428
5.368525266647339
5.280660152435303
5.347720623016357
5.369739294052124
5.30268120765686
5.3166913986206055
5.309685707092285
5.327701091766357
5.36573600769043
5.288668155670166
5.262646675109863
5.3717429637908936
5.458820104598999
5.5228753089904785
5.117517471313477
5.474833011627197
5.342715501785278
5.423787832260132
5.157553195953369
5.39776349067688
5.379788875579834
5.246631860733032
5.475834608078003
5.209599018096924
5.288668394088745
5.2806596755981445
5.408774375915527
5.200591087341309
5.283663034439087
5.30368185043335
5.23662257194519
5.227614402770996
5.240626811981201
5.47182822227478
5.357728958129883
5.118518829345703
5.267650127410889
5.370740652084351
5.1996543407440186
5.371742010116577
5.336711168289185
5.4257893562316895
5.067472696304321
5.185577392578125
5.47983717918396
5.223610877990723
5.444806337356567
5.112513065338135
5.419777154922485
5.229614973068237
5.353288888931274
5.29166316986084
5.414778709411621
5.403769493103027
5.37674617767334
5.4337968826293945
5.148545265197754
5.406773090362549
5.338711261749268
5.366737604141235
5.3116888999938965
5.373743534088135
5.376745700836182
5.2696521282196045
5.272653818130493
5.2316107749938965
5.294673681259155
5.455816268920898
5.574921607971191
5.308685302734375
5.263646125793457
5.470830917358398
5.2256128787994385
5.374744415283203
5.423784971237183
5.193582534790039
5.469828844070435
5.195586204528809
5.75808310508728
5.273653745651245
5.376746892929077
5.139538288116455
5.298678398132324
5.375738859176636
5.217604875564575
5.299677848815918
5.086488723754883
5.412777900695801
5.379748821258545
5.361732006072998
5.424789190292358
5.502857685089111
5.298677444458008
5.2256083488464355
5.265648126602173
5.3236987590789795
5.320697069168091
5.346719980239868
5.3647356033325195
5.34170937538147
5.216602563858032
5.308686256408691
5.4219067096710205
5.367737293243408
5.076480865478516
5.448811292648315
5.320696592330933
5.392760753631592
5.154550552368164
5.397765874862671
5.365737199783325
5.347721099853516
5.379765510559082
5.307684659957886
5.325700998306274
5.2856645584106445
5.468828439712524
5.395140647888184
5.222609996795654
5.368739128112793
5.46482253074646
5.386755466461182
5.391759634017944
5.506860256195068
5.381751775741577
5.353726148605347
5.209599018096924
5.267649173736572
5.415780067443848
5.338713884353638
5.3877551555633545
5.383753299713135
5.36773943901062
5.4347984790802
5.1945788860321045
5.403770685195923
5.294674396514893
5.257640600204468
5.424789190292358
5.216603517532349
5.218429327011108
5.3257012367248535
5.2926716804504395
5.352726221084595
5.269651412963867
5.467826843261719
5.395762920379639
5.088491439819336
5.1705639362335205
5.398765802383423
5.516868591308594
5.373737096786499
5.339714765548706
5.4768359661102295
5.4027698040008545
5.226613759994507
5.322699069976807
5.2806620597839355
5.179572343826294
5.384753465652466
5.163558006286621
5.438800096511841
5.395252227783203
5.354725122451782
5.332706928253174
5.403769016265869
5.368738174438477
5.415780782699585
5.384752511978149
5.2236106395721436
5.242626905441284
5.384754419326782
5.291665315628052
5.44981050491333
5.368779420852661
5.257680416107178
5.10654616355896
5.18361496925354
5.361774206161499
5.290710687637329
5.4458489418029785
5.247671365737915
5.1545891761779785
5.153588056564331
5.376786470413208
5.353765964508057
5.283702373504639
5.224651098251343
5.198699474334717
5.4118194580078125
5.226653575897217
5.2987165451049805
5.491888761520386
5.24466872215271
5.360771417617798
5.250673532485962
5.326741933822632
5.382791996002197
5.323739767074585
5.409816741943359
5.334748983383179
5.633014440536499
5.43183708190918
5.339752674102783
5.472871780395508
5.483880281448364
5.417823076248169
5.331748008728027
5.235661268234253
5.270691156387329
5.2106382846832275
5.18962025642395
5.697071075439453
5.167600393295288
5.357768774032593
5.354767084121704
5.293712377548218
5.501898765563965
5.352764844894409
5.407812833786011
5.3597681522369385
5.06951117515564
5.38579535484314
5.273695230484009
5.162595987319946
5.280700922012329
5.395801544189453
5.384793519973755
5.3357508182525635
5.294713735580444
5.315733909606934
5.43783974647522
5.290709733963013
5.329745292663574
5.367778778076172
5.199629068374634
5.32173490524292
5.3017191886901855
5.163597345352173
5.333747386932373
5.396805286407471
5.163594722747803
5.134572267532349
5.4358391761779785
5.3667778968811035
5.31473183631897
5.415821552276611
5.418823719024658
5.392799139022827
5.235658645629883
5.373784303665161
5.396805286407471
5.234657526016235
5.365777015686035
5.353766441345215
5.414819240570068
5.285705804824829
5.075518608093262
5.278699636459351
5.270691156387329
5.302719593048096
5.301719903945923
5.176302433013916
5.184858083724976
5.180611610412598
5.206635236740112
5.37878680229187
5.288708209991455
5.438842535018921
5.342757701873779
5.352764368057251
5.483881950378418
5.375785827636719
5.242665767669678
5.3547682762146
5.426831007003784
5.375786066055298
5.411817312240601
5.395803451538086
5.306723356246948
5.27970027923584
5.261683225631714
5.359772682189941
5.248672246932983
5.274694442749023
5.193623304367065
5.151584148406982
5.471872329711914
5.363775253295898
5.210638999938965
5.353765964508057
5.0915305614471436
5.2907092571258545
5.336750268936157
5.328743934631348
5.271692991256714
5.404810905456543
5.298716068267822
5.3377525806427
5.45085334777832
5.2404210567474365
5.223648309707642
5.308726072311401
5.363775730133057
5.218647003173828
5.26168417930603
5.400806427001953
5.258681297302246
5.371781826019287
5.428832769393921
5.322737455368042
5.270691871643066
5.211639881134033
5.431835651397705
5.340754508972168
5.4428465366363525
5.258681535720825
5.263685464859009
5.246670961380005
5.316732883453369
5.18962025642395
5.368777513504028
5.309727191925049
5.449850797653198
5.185616731643677
5.289709568023682
5.229655027389526
5.350764513015747
5.420824766159058
5.230656862258911
5.210638523101807
5.072515487670898
5.297715425491333
5.337752342224121
5.4288330078125
5.2827019691467285
5.446847915649414
5.392801761627197
5.31673264503479
5.359770774841309
5.222648859024048
5.340754985809326
5.281701564788818
5.28970742225647
5.375786066055298
5.377787828445435
5.287707805633545
5.424829006195068
5.346760034561157
5.0274999141693115
5.095563888549805
5.330774784088135
5.35879921913147
5.2006590366363525
5.280728578567505
5.513939380645752
5.586002826690674
5.3117570877075195
5.135599851608276
5.287729501724243
5.4268574714660645
5.195652484893799
5.304750442504883
5.376816272735596
5.275724411010742
5.294741868972778
5.383820056915283
5.15761923789978
5.211667060852051
5.311757326126099
5.292741060256958
5.278727769851685
5.29073691368103
5.31376051902771
5.1335978507995605
5.327770948410034
5.3918304443359375
5.355798244476318
5.275724649429321
5.356797218322754
5.377816200256348
5.432865858078003
5.4388720989227295
5.230682134628296
5.180639982223511
5.414849281311035
5.276726245880127
5.357792139053345
5.462893486022949
5.692098140716553
5.358601093292236
5.3978331089019775
5.2806079387664795
5.366800546646118
5.363803863525391
5.416851282119751
5.261711597442627
5.437870502471924
5.362803220748901
5.442876100540161
5.156991481781006
5.319764614105225
5.3377814292907715
5.467439413070679
5.391828775405884
5.385824203491211
5.350792407989502
5.271880149841309
5.260710954666138
5.559979677200317
5.15061354637146
5.435867547988892
5.409940481185913
5.425858020782471
5.3557963371276855
5.512936592102051
5.384822607040405
5.1576197147369385
5.339781761169434
5.3387815952301025
5.377817630767822
5.371812105178833
5.451882839202881
5.28673529624939
5.266716480255127
5.51193642616272
5.360799789428711
5.295743942260742
5.1275904178619385
5.443873643875122
5.417852163314819
5.38285756111145
5.3467419147491455
5.297744035720825
5.416851282119751
5.227681875228882
5.190647840499878
5.372813701629639
5.36880898475647
5.216671943664551
5.256709098815918
5.429997682571411
5.291740417480469
5.001479148864746
5.4278624057769775
5.473902225494385
5.300745964050293
5.211675643920898
5.5029284954071045
5.1556172370910645
5.395832538604736
5.393831491470337
5.371811628341675
5.380819082260132
5.16062331199646
5.3768150806427
5.267716884613037
5.1966540813446045
5.2306835651397705
5.152616024017334
5.276725769042969
5.296743869781494
5.404840469360352
5.2807297706604
5.294741630554199
5.1836419105529785
5.2136688232421875
5.420855760574341
5.437870264053345
5.400837182998657
5.312757253646851
5.333777189254761
5.357800006866455
5.351793050765991
5.358799695968628
5.2457594871521
5.295742034912109
5.136600494384766
5.410844564437866
5.229684829711914
5.707111358642578
5.25170111656189
5.32677149772644
5.294199466705322
5.210667848587036
5.351431608200073
5.310756683349609
5.3467888832092285
5.137601137161255
5.408844947814941
5.253438949584961
5.243695259094238
5.513951301574707
5.402838468551636
5.419854164123535
5.446879625320435
5.234688758850098
5.347789525985718
5.381819248199463
5.395833492279053
5.0945611000061035
5.514939785003662
5.296744108200073
5.411844968795776
5.399836301803589
5.196654558181763
5.567986249923706
5.376815557479858
5.436861753463745
5.224679470062256
5.280773878097534
5.191650629043579
5.447906732559204
5.428860187530518
5.444876670837402
5.355798006057739
5.3748133182525635
5.326770544052124
5.312756299972534
5.413848638534546
5.332776069641113
5.174635887145996
5.23070502281189
5.444896936416626
5.311776638031006
5.722143173217773
5.357818365097046
5.246719837188721
5.245717287063599
5.262733221054077
5.3798394203186035
5.227703094482422
5.330795526504517
5.4619057178497314
5.388847827911377
5.349813461303711
5.220695972442627
5.421877384185791
5.283751726150513
5.810196161270142
5.234177112579346
5.507953882217407
5.507954835891724
5.4358885288238525
5.26473593711853
5.327792406082153
5.289759635925293
5.448901414871216
5.476927280426025
5.450901508331299
5.525977373123169
5.403860092163086
5.363826036453247
5.475924015045166
5.513959169387817
5.501948118209839
5.1486310958862305
5.241714954376221
5.400856256484985
5.537981986999512
5.552995204925537
5.38884711265564
5.307774066925049
5.3327956199646
5.416872262954712
5.666096925735474
5.399857521057129
5.3798394203186035
5.330794811248779
5.518965482711792
5.466916799545288
5.333796262741089
5.36983060836792
5.434887886047363
5.620055198669434
5.431885004043579
5.335799694061279
5.516962289810181
5.518963098526001
5.348812103271484
5.420876741409302
5.322788238525391
5.393850803375244
5.341803550720215
5.286755800247192
5.612046718597412
5.18866753578186
5.287757635116577
5.456907033920288
5.35982084274292
5.420875072479248
5.158641338348389
5.3718321323394775
5.34680962562561
5.375835657119751
5.334799289703369
5.393851041793823
5.2987658977508545
5.492939710617065
5.211688041687012
5.326791048049927
5.392849922180176
5.418482303619385
5.360822439193726
5.34380578994751
5.347808122634888
5.389847993850708
5.34180474281311
5.306773662567139
5.411865949630737
5.393852949142456
5.675102949142456
5.534978866577148
5.291759014129639
5.238712787628174
5.230705738067627
5.299767971038818
5.293761730194092
5.348810195922852
5.247720718383789
5.290758848190308
5.237711429595947
5.608044147491455
5.610044240951538
5.26973819732666
5.235707998275757
5.302769184112549
5.346805810928345
5.628061056137085
5.475924968719482
5.424880266189575
5.364825487136841
5.5630042552948
5.6190526485443115
5.1576385498046875
5.3518102169036865
5.321786165237427
5.453905820846558
5.466918468475342
5.265736103057861
5.614049911499023
5.302770137786865
5.390848636627197
5.471920967102051
5.895302772521973
5.458908557891846
5.35381555557251
5.3327977657318115
5.380840301513672
5.442896127700806
5.747168302536011
5.71814227104187
5.481929779052734
5.403859615325928
5.174655199050903
5.537980318069458
5.439894676208496
5.371831178665161
5.326792240142822
5.6600916385650635
5.656085729598999
5.448901176452637
5.310777187347412
5.14462685585022
5.2517242431640625
5.5409839153289795
5.601037502288818
5.358820676803589
5.358819484710693
5.533977508544922
5.810225486755371
5.436888217926025
5.493942499160767
5.609046459197998
5.388846397399902
5.528972864151001
5.464914560317993
5.1836628913879395
5.374834299087524
5.498946905136108
5.543987035751343
5.25372576713562
5.426875829696655
5.414872407913208
5.475925922393799
5.329850912094116
5.479928493499756
5.3638246059417725
5.529975414276123
5.386845588684082
5.563003778457642
5.493939638137817
5.388444900512695
5.391409397125244
5.208698749542236
5.55401086807251
5.566022634506226
5.400872468948364
5.39071249961853
5.488950729370117
5.539999485015869
5.302783012390137
5.583036184310913
5.500964879989624
5.458925485610962
5.852280378341675
5.924344539642334
5.378852367401123
5.239726781845093
5.6200690269470215
5.503966808319092
5.620070695877075
5.403875112533569
5.23372220993042
5.291774034500122
5.374873161315918
5.483947515487671
5.656101703643799
5.2387261390686035
5.4338908195495605
5.7471842765808105
5.54700493812561
5.318797826766968
5.37684965133667
5.579033136367798
5.412883043289185
5.454921245574951
5.603055000305176
5.706146955490112
5.353829383850098
5.403875350952148
5.459926128387451
5.738176107406616
5.388861656188965
5.420889616012573
5.377851724624634
5.352829694747925
5.689131498336792
5.793226003646851
5.256742477416992
5.475940465927124
5.447915315628052
5.6190690994262695
5.643091440200806
5.3648388385772705
5.455922842025757
5.461928367614746
5.795229196548462
5.68212628364563
5.3928656578063965
5.451918125152588
5.557011365890503
5.709151029586792
6.123522520065308
6.80213475227356
6.681419134140015
6.036590337753296
5.932240962982178
6.167386293411255
5.821540117263794
5.742709398269653
5.51097297668457
5.720160961151123
5.430898666381836
5.390863418579102
6.620970964431763
5.440906524658203
5.578032493591309
5.651099443435669
5.683128118515015
5.577030658721924
5.495958566665649
5.635085582733154
6.0174291133880615
5.730167388916016
5.675120115280151
6.000413417816162
5.466931343078613
5.989402770996094
6.314695835113525
5.515975713729858
5.56602144241333
5.812244176864624
6.698566675186157
6.689000606536865
5.709254503250122
5.788500547409058
6.111982345581055
6.331677675247192
6.205024719238281
6.021892786026001
5.913527965545654
5.945549488067627
5.969187259674072
5.781103610992432
5.73189902305603
5.880288600921631
5.9658379554748535
5.740594387054443
5.754002809524536
5.819247245788574
5.730027437210083
5.899094820022583
5.869577884674072
5.877608060836792
5.876742839813232
5.910401821136475
5.99428129196167
5.718598365783691
5.799414157867432
5.930325746536255
5.87995982170105
6.004444122314453
5.8692522048950195
5.739560127258301
5.789450168609619
5.762968063354492
5.969895601272583
5.895045042037964
5.855623722076416
5.853299856185913
5.736562252044678
5.945347547531128
5.9433369636535645
5.845529079437256
5.889148950576782
5.961906671524048
5.8984973430633545
5.945927143096924
5.911032438278198
6.130836486816406
7.354430437088013
7.5628252029418945
6.523704767227173
6.7434983253479
5.991405963897705
6.130579471588135
6.038721561431885
5.832536697387695
6.177407503128052
5.972424507141113
5.871486186981201
5.823926210403442
5.9167585372924805
6.014984369277954
5.894802093505859
5.999689817428589
6.098919153213501
6.336980104446411
5.996893882751465
5.849981307983398
5.739288806915283
5.744878530502319
5.981600284576416
5.699504375457764
5.729937314987183
6.063829183578491
5.949062824249268
6.037250995635986
5.991946458816528
6.085614204406738
5.690989971160889
5.670535564422607
6.186771631240845
6.0341362953186035
5.982265472412109
5.8269641399383545
5.710139036178589
6.065628528594971
6.088536739349365
5.97339653968811
5.746997594833374
5.6952619552612305
6.092118263244629
5.950894832611084
6.0904200077056885
5.675694465637207
5.741748571395874
6.1297361850738525
6.319525957107544
5.934194326400757
5.673900365829468
5.671529054641724
6.08537483215332
5.869002103805542
6.1337995529174805
5.633988857269287
5.738429307937622
6.342852354049683
6.024137735366821
5.983725070953369
6.083310127258301
5.948160886764526
6.395541429519653
5.76721453666687
5.581047534942627
5.81926155090332
5.854294061660767
5.795240640640259
5.6401002407073975
5.8853230476379395
5.894328594207764
5.79423975944519
5.813256502151489
5.583048343658447
5.649108409881592
6.5098865032196045
6.957290410995483
6.613980531692505
5.764212608337402
5.9124085903167725
6.40479040145874
6.009433746337891
5.970398902893066
5.711164474487305
5.723174571990967
6.185595512390137
6.260661602020264
6.150561571121216
6.2316343784332275
5.8623011112213135
6.163235187530518
5.8903257846832275
5.830272197723389
5.9073426723480225
6.133544683456421
5.90934419631958
5.952383041381836
5.879319667816162
5.672129154205322
6.141550540924072
5.908341884613037
5.955289363861084
5.699327230453491
6.162572145462036
6.040462493896484
5.949376583099365
6.049470663070679
5.929361820220947
5.646105766296387
5.688143253326416
6.010435342788696
5.913347959518433
5.900075435638428
5.7011542320251465
5.757641553878784
6.072491645812988
6.493178367614746
5.999424934387207
5.954383850097656
5.861300468444824
5.776000738143921
5.658116579055786
5.734185457229614
5.656114816665649
5.633960008621216
5.683144569396973
5.683138847351074
5.5970611572265625
5.625086069107056
6.088423728942871
6.158568859100342
5.668125152587891
5.900499105453491
5.759182691574097
5.7247209548950195
5.76574182510376
5.89132833480835
5.7421934604644775
5.871309518814087
5.9172797203063965
5.727180004119873
6.073128700256348
5.761210680007935
5.705158710479736
5.739048480987549
5.955384731292725
5.9493796825408936
5.964392900466919
6.024447679519653
5.981409311294556
6.380769729614258
5.917351484298706
5.895330429077148
5.710163593292236
5.900335073471069
5.98541259765625
6.004429578781128
5.936368703842163
5.944375038146973
5.830272436141968
6.444827556610107
6.357752561569214
6.075493812561035
6.259659290313721
5.91471266746521
5.7161688804626465
5.798243761062622
5.969398021697998
5.8302717208862305
5.8172607421875
5.94637656211853
6.134507417678833
6.018441200256348
5.705160140991211
6.036458492279053
5.9794065952301025
6.1355462074279785
5.989323139190674
5.910343170166016
5.798242568969727
5.946377277374268
5.534002304077148
5.599061727523804
5.816259145736694
5.843289613723755
5.890334606170654
5.757213354110718
5.5800535678863525
5.525004148483276
6.1385581493377686
6.089341878890991
6.006440162658691
6.001435995101929
5.911351919174194
5.776228189468384
5.777233123779297
5.945384740829468
5.950387001037598
5.910353422164917
6.058487176895142
6.031462907791138
5.797250032424927
5.766222715377808
6.248659610748291
6.256667613983154
5.914356470108032
5.941380262374878
5.895340204238892
5.595067501068115
5.6731390953063965
5.981417894363403
5.905348777770996
5.91635537147522
5.933373689651489
5.876321792602539
5.9063496589660645
5.579052686691284
5.730187654495239
6.043663024902344
5.806248903274536
5.808260679244995
5.693155288696289
5.731190919876099
5.764221429824829
5.54101824760437
5.566040992736816
5.74420166015625
5.829275608062744
5.779954433441162
5.816213607788086
5.756212949752808
5.484967947006226
5.560856342315674
5.4769604206085205
5.847296237945557
5.773229360580444
5.965401887893677
5.711169242858887
5.466951608657837
5.421910047531128
5.7602174282073975
5.801254510879517
5.741199970245361
5.6831464767456055
5.736194372177124
5.504986763000488
5.567042589187622
5.423910856246948
5.471955060958862
5.4899702072143555
5.759215593338013
5.873319864273071
5.86030650138855
5.563037157058716
5.539013385772705
5.880324125289917
5.661127090454102
6.044602870941162
5.899342060089111
5.74120020866394
5.531004190444946
5.839288711547852
5.756211280822754
5.769225835800171
5.761143684387207
5.699161052703857
5.923365116119385
5.523000240325928
5.905347108840942
5.86531138420105
5.701162815093994
5.730189561843872
5.737194776535034
5.736194372177124
5.499980926513672
5.482963800430298
5.433920860290527
5.568043231964111
5.497979402542114
5.705167531967163
5.625094890594482
5.773228406906128
5.810581207275391
5.7181785106658936
5.555030584335327
5.544018983840942
5.466951131820679
5.833282709121704
5.768224477767944
5.756212949752808
5.77122688293457
5.746204376220703
5.8062591552734375
5.45594048500061
5.448935031890869
5.775230407714844
5.820269823074341
5.729189872741699
5.743201494216919
5.832281589508057
5.860308408737183
5.4979798793792725
5.470954895019531
5.901344537734985
5.801255464553833
5.707169771194458
5.753210783004761
5.752498388290405
5.842290878295898
5.434921741485596
5.517996311187744
5.55703330039978
5.557031869888306
6.12254524230957
5.674137592315674
5.744199991226196
5.762218713760376
5.667133092880249
5.990425109863281
5.526002883911133
5.546022653579712
5.701163053512573
5.804256200790405
5.7892420291900635
5.724182367324829
5.662128448486328
5.979415416717529
5.582056045532227
5.456938982009888
5.774838209152222
5.694154977798462
5.704165935516357
6.029460191726685
5.489970922470093
5.524003267288208
6.000434875488281
5.694156169891357
5.683147430419922
5.795247316360474
5.788136959075928
5.50398325920105
5.475958824157715
5.441928863525391
5.5079874992370605
5.730189085006714
5.647114038467407
5.774230241775513
5.8022544384002686
5.737201929092407
5.484971046447754
5.465956211090088
5.692056655883789
5.864321231842041
5.791252136230469
5.721187353134155
5.73520040512085
5.81126856803894
6.073507070541382
5.41991400718689
5.5350182056427
5.772234678268433
5.903353452682495
5.6731438636779785
5.769230127334595
5.723190069198608
5.901349067687988
5.554036855697632
5.422502756118774
5.522006988525391
5.591071128845215
5.776238203048706
5.738203287124634
5.761223554611206
5.91936731338501
5.724189043045044
5.74020528793335
6.020457983016968
5.442935228347778
5.539022207260132
5.976416826248169
5.73119592666626
5.824994802474976
5.730195999145508
5.796456813812256
5.906354904174805
5.510998010635376
5.4449381828308105
5.811268091201782
5.800259828567505
5.787450313568115
5.754216909408569
5.739203453063965
5.825282335281372
5.5250091552734375
5.446937084197998
6.029466867446899
5.844298362731934
5.803262233734131
5.795254945755005
5.812270164489746
5.802260875701904
5.430924654006958
5.4679577350616455
5.549031496047974
5.537018775939941
5.528013229370117
5.775236129760742
5.513999700546265
5.744208812713623
5.7352001667022705
5.509995222091675
5.680149793624878
5.698166608810425
5.668139219284058
5.654126882553101
5.730195760726929
5.458953142166138
5.460951566696167
5.8162736892700195
5.382880687713623
5.72519063949585
5.790250301361084
5.867318868637085
5.828284978866577
5.874325513839722
5.847301006317139
5.427922010421753
5.419915199279785
5.887338399887085
5.795403242111206
5.83328914642334
5.657128810882568
5.782242298126221
5.822279214859009
5.52776026725769
5.469964981079102
5.539778232574463
5.539339303970337
5.606084585189819
5.726190805435181
5.380877256393433
5.689157962799072
5.77423620223999
5.700168132781982
5.989432334899902
5.746209383010864
5.801259756088257
5.858312606811523
5.477966785430908
5.480968952178955
5.693161725997925
5.8623151779174805
5.649123668670654
5.847302675247192
5.916363716125488
5.831287860870361
5.858312368392944
5.455947399139404
5.919367790222168
5.995436191558838
5.780241250991821
5.729194164276123
5.776737213134766
5.440932273864746
5.418914079666138
5.424920082092285
5.464956283569336
5.76422643661499
5.955399036407471
5.877329111099243
5.707174777984619
5.776211261749268
5.815273284912109
5.447939872741699
5.585063934326172
5.781242609024048
5.95339822769165
5.709176063537598
5.705173492431641
5.669140815734863
5.723188877105713
5.781242370605469
5.447143077850342
5.820277214050293
5.868346691131592
5.6421144008636475
5.640113830566406
5.6391119956970215
5.398895740509033
5.992434024810791
5.782243490219116
5.967412233352661
6.064497709274292
5.748213768005371
5.709176301956177
5.801259756088257
5.425920486450195
5.395893096923828
5.501989126205444
5.452944278717041
5.665136814117432
5.735201597213745
6.015103340148926
5.84029483795166
5.715182542800903
5.853307723999023
5.6750335693359375
5.472961187362671
5.793252944946289
5.933414697647095
5.9013512134552
5.686154127120972
5.577061414718628
5.408907890319824
5.9694390296936035
5.961410045623779
5.893348693847656
5.761227369308472
5.715185880661011
5.808270692825317
5.711182355880737
5.401902198791504
6.014458179473877
5.962410926818848
5.757225275039673
5.670144319534302
5.587070465087891
5.450947046279907
5.840299844741821
5.723193168640137
5.811273097991943
5.716186046600342
5.625104188919067
5.388890266418457
5.43693470954895
6.000445604324341
5.926377773284912
5.732202053070068
5.6799962520599365
5.576061010360718
5.839297771453857
5.7421674728393555
5.3648681640625
5.773239850997925
5.880335807800293
5.726196765899658
5.841145753860474
5.817278861999512
5.8392980098724365
5.3708741664886475
5.931382656097412
5.782247066497803
5.8763322830200195
5.800262928009033
5.6571338176727295
5.828288316726685
5.671146392822266
5.470755100250244
5.466960191726685
5.477969408035278
5.5180065631866455
5.514002084732056
5.6241021156311035
5.66814398765564
5.816277980804443
5.78825306892395
5.6731486320495605
5.57606053352356
5.518007278442383
5.530018329620361
5.949398756027222
6.121554136276245
6.009453296661377
5.65212869644165
5.650126934051514
5.615094423294067
5.436933517456055
5.982428550720215
5.985430955886841
5.942393064498901
5.644120693206787
5.607089042663574
5.5920751094818115
5.608088731765747
5.535022497177124
6.0705084800720215
5.900354385375977
5.932384252548218
5.711182117462158
5.627104759216309
5.644122123718262
5.709180593490601
5.4809730052948
5.833294153213501
5.986433029174805
5.733201503753662
5.643120765686035
5.678150653839111
5.426924228668213
5.396898031234741
5.9293811321258545
5.935385704040527
5.686160564422607
5.874331951141357
6.0344765186309814
5.78925347328186
5.374877214431763
5.731201171875
5.746527910232544
5.913593530654907
5.8583149909973145
5.9347052574157715
5.700051307678223
5.597078800201416
5.493549585342407
5.987433195114136
5.871328592300415
5.87833571434021
5.6471240520477295
5.670145273208618
5.594075441360474
5.666141033172607
5.549870491027832
5.478971719741821
5.570052623748779
5.4919843673706055
5.714184522628784
5.4989893436431885
5.659135341644287
5.929379940032959
6.003448009490967
5.83429479598999
5.469963788986206
5.646124362945557
5.701174259185791
5.707178831100464
5.896351337432861
5.825284481048584
5.505996227264404
5.522010326385498
5.935386419296265
5.692164182662964
5.9023566246032715
5.935386419296265
5.8683247566223145
5.551036357879639
5.424923896789551
5.969416379928589
5.708179473876953
5.889344215393066
5.834294557571411
5.837301731109619
5.685314178466797
5.561046123504639
5.43993616104126
5.423922538757324
5.4526588916778564
5.404902935028076
5.79625940322876
5.656132698059082
5.847307205200195
5.926183223724365
6.063953638076782
5.510898113250732
5.4557623863220215
5.944393634796143
5.718189477920532
6.025468587875366
5.87633204460144
5.77724289894104
5.761228799819946
5.497989177703857
5.787252187728882
5.7472145557403564
5.792255878448486
5.90635871887207
5.884342432022095
5.523014068603516
5.6090919971466064
5.461959362030029
5.480976343154907
5.850537538528442
5.997445106506348
5.889346361160278
5.812277317047119
5.61109471321106
5.582069396972656
5.421923875808716
6.007454872131348
5.868328809738159
5.828291177749634
5.916370391845703
5.5440332889556885
5.401904582977295
5.643123388290405
6.035479307174683
5.941888809204102
5.838300943374634
5.828290700912476
5.605088949203491
5.606091499328613
5.948400497436523
5.7352070808410645
5.952403545379639
5.815280199050903
5.7512218952178955
5.593077898025513
5.575061798095703
5.466963529586792
5.45695424079895
5.945398569107056
5.942396402359009
5.860320806503296
5.757227659225464
5.533100843429565
5.532024621963501
5.429929971694946
5.45194935798645
5.749219655990601
5.718191146850586
5.7294347286224365
5.868423938751221
5.8119895458221436
5.695168733596802
5.5270164012908936
5.507001161575317
5.476972579956055
5.816281080245972
5.925379514694214
5.685162544250488
5.617101669311523
5.904360771179199
5.5140063762664795
5.4599573612213135
5.953405857086182
5.93438982963562
5.726199626922607
5.733205556869507
5.955505609512329
5.72119402885437
5.465961933135986
5.502996444702148
5.699174642562866
5.690166473388672
5.916372537612915
5.888346433639526
5.869328498840332
5.639118671417236
5.40811014175415
5.488983869552612
5.78378701210022
5.617327690124512
5.971421718597412
5.977426290512085
5.998445510864258
5.454946517944336
5.474971055984497
5.758228302001953
5.890347480773926
5.919374942779541
5.884343147277832
5.932175636291504
5.712187051773071
5.743157386779785
5.749220609664917
5.724196910858154
5.377883195877075
5.387891530990601
5.933387994766235
5.925379276275635
5.5610504150390625
5.834296226501465
5.674151659011841
5.646054744720459
5.669146776199341
5.492987632751465
5.7081825733184814
5.667145252227783
5.684161424636841
5.680156707763672
5.693167686462402
5.840302228927612
5.439816951751709
5.47096586227417
5.968419551849365
5.888346910476685
5.778245449066162
5.896352767944336
5.84630823135376
5.759228467941284
5.371877431869507
5.460958480834961
5.9023590087890625
5.92538046836853
5.8082733154296875
5.865325450897217
6.013037204742432
5.80627179145813
5.558044672012329
5.402970314025879
5.956407785415649
5.9283833503723145
5.8583197593688965
5.880338668823242
6.010457277297974
5.640118837356567
5.389892816543579
5.519010305404663
5.866326332092285
5.926382541656494
5.772239685058594
5.878337144851685
5.859319448471069
5.678155183792114
5.377755641937256
5.438939332962036
5.923377752304077
5.922377824783325
5.828291177749634
5.867788791656494
5.865325450897217
5.677153825759888
5.4139158725738525
5.46095871925354
5.836299419403076
5.928380727767944
5.859320878982544
5.934388160705566
5.904360771179199
5.765235185623169
5.454953193664551
5.4499475955963135
5.690166473388672
6.00299334526062
5.808274269104004
5.929383277893066
5.867327451705933
5.700175762176514
5.453952789306641
5.330840587615967
5.6110944747924805
5.777248382568359
5.629112243652344
5.756235837936401
5.381887912750244
5.482981443405151
5.901359796524048
5.791260004043579
5.637120723724365
5.686489582061768
5.70017671585083
5.475469350814819
5.377885341644287
5.655137538909912
5.788257360458374
5.591078042984009
5.618104457855225
5.546038866043091
5.3888938426971436
5.4239277839660645
5.6481311321258545
5.736210584640503
5.626110076904297
5.6351189613342285
5.527020454406738
5.319831609725952
5.598084211349487
5.832297086715698
5.659142255783081
5.649131774902344
5.341854095458984
5.374881744384766
5.632116079330444
5.810276985168457
6.191324472427368
5.612097501754761
5.5200135707855225
5.5160088539123535
5.704180955886841
5.778249025344849
5.607093095779419
5.665166616439819
5.439939975738525
5.396902561187744
5.714190721511841
5.725200891494751
5.690164089202881
5.642124652862549
5.407912015914917
5.710186958312988
5.998900413513184
5.904363393783569
6.021470069885254
5.705182790756226
5.919376850128174
5.820285797119141
5.976428270339966
5.857321262359619
5.743217706680298
5.664145469665527
5.54803991317749
5.4599597454071045
5.747220754623413
5.989440202713013
6.239512205123901
6.214297771453857
8.087969064712524
8.44337272644043
6.372060298919678
6.579937696456909
6.4371278285980225
6.470876932144165
6.120558500289917
6.262021780014038
5.9774329662323
6.324785470962524
6.022068738937378
5.936944484710693
5.7435302734375
5.658974885940552
5.928107023239136
6.170722961425781
5.8559489250183105
5.866767406463623
5.775250196456909
5.710818529129028
5.964707136154175
6.097991466522217
6.03921365737915
6.052161931991577
6.035550117492676
5.703275918960571
6.288917779922485
6.026441812515259
5.88558030128479
5.879421234130859
5.626516103744507
5.6689417362213135
5.964505195617676
6.6835503578186035
6.580466985702515
6.928300619125366
5.9844348430633545
5.4429450035095215
7.1384851932525635
6.673417329788208
6.0829384326934814
6.354048728942871
5.822530269622803
5.82412052154541
6.254193305969238
6.241392135620117
6.0555596351623535
6.432945013046265
5.815912485122681
5.746410608291626
6.423239469528198
