Timing log for each step:
0.013013124465942383
5.429466724395752
5.449243068695068
5.466004848480225
5.4423418045043945
5.631730556488037
5.717203617095947
5.55263876914978
5.527976036071777
5.68735671043396
5.501449108123779
5.499111652374268
5.525696754455566
5.509501218795776
5.400789737701416
5.529998540878296
5.412019729614258
5.552366495132446
4.822728872299194
5.55978536605835
5.447233200073242
5.506489992141724
5.489640474319458
5.461009502410889
5.527576923370361
5.538509845733643
5.493808269500732
5.474306583404541
5.537582159042358
5.380488634109497
5.375991582870483
5.568274021148682
5.43198561668396
5.45601749420166
5.395430326461792
5.413715124130249
5.43212628364563
5.486597776412964
5.488949537277222
5.432923316955566
5.397460222244263
5.469376802444458
5.429397106170654
5.466388463973999
5.422093629837036
5.3988142013549805
5.8242762088775635
5.4184486865997314
5.520748615264893
5.4921746253967285
5.408836603164673
5.411565780639648
5.458889007568359
5.440916061401367
5.425069093704224
5.521632194519043
5.438018321990967
5.597729444503784
5.52299427986145
5.54831862449646
5.424191474914551
5.511862277984619
5.44514012336731
5.453919410705566
5.373894929885864
5.519410610198975
5.54828405380249
5.420552730560303
5.481441974639893
5.507349967956543
5.41839075088501
5.534459590911865
5.387735366821289
5.948452472686768
5.648653745651245
5.555558443069458
5.564641714096069
5.497576475143433
5.550277948379517
5.488520383834839
5.571817398071289
5.371175527572632
5.490983724594116
5.4934282302856445
5.44506049156189
5.5022547245025635
5.497936010360718
5.362926483154297
5.511926651000977
5.44520115852356
5.409292697906494
5.38390851020813
5.445632696151733
5.437741756439209
5.503841400146484
5.486461877822876
5.36436915397644
5.4885334968566895
5.547096252441406
5.422523021697998
5.470686435699463
5.395662546157837
5.399914264678955
5.439037561416626
5.6130170822143555
5.412842273712158
5.316065549850464
5.422866106033325
5.486374855041504
5.463682651519775
5.594736099243164
5.380798101425171
5.400192737579346
5.407095909118652
5.438966512680054
5.480906009674072
5.463624000549316
5.351929426193237
5.484339237213135
5.569171190261841
5.418640375137329
5.379277229309082
5.4690001010894775
5.408326864242554
5.3648130893707275
5.406131744384766
5.472380638122559
5.3933656215667725
5.349878311157227
5.38183069229126
5.444389343261719
5.461767673492432
5.417794227600098
5.463319301605225
5.409054517745972
5.435175180435181
5.42370867729187
5.466467380523682
5.409610748291016
5.366864204406738
5.450754165649414
5.333841562271118
5.349297285079956
5.524437189102173
5.361339807510376
5.395652770996094
5.428372144699097
5.481669902801514
5.491253614425659
5.445589303970337
5.485446453094482
5.4595115184783936
5.29668927192688
5.439903259277344
5.586551666259766
5.40561842918396
5.381418466567993
5.312171936035156
5.457808494567871
5.419970989227295
5.399141550064087
5.4713428020477295
5.648356914520264
5.394944429397583
5.489634037017822
5.470361232757568
5.339275598526001
5.400305509567261
5.375216245651245
5.520545721054077
5.4593589305877686
5.4459826946258545
5.430561542510986
5.527594089508057
5.4553985595703125
5.448508262634277
5.345203399658203
5.305613994598389
5.4072980880737305
5.492450714111328
5.407810926437378
5.424314498901367
5.46032452583313
5.483833312988281
5.470535516738892
5.410972833633423
5.480281829833984
5.402055025100708
5.4832398891448975
5.4217658042907715
5.381798982620239
5.4565722942352295
5.630270957946777
5.374299764633179
5.338047742843628
5.430431842803955
5.349209547042847
5.332021951675415
5.518119812011719
5.433375120162964
5.364944696426392
5.375205039978027
5.466193437576294
5.3643693923950195
5.452104330062866
5.371124505996704
5.37898588180542
5.30693793296814
5.452946424484253
5.426064729690552
5.482259511947632
5.425239324569702
5.3805248737335205
5.343844890594482
5.40383505821228
5.3759238719940186
5.426896333694458
5.3134589195251465
5.387099027633667
5.3905861377716064
5.375331163406372
5.537892580032349
5.393395662307739
5.214803218841553
5.35446834564209
5.356097459793091
5.37938117980957
5.492513418197632
5.342904567718506
5.428489685058594
5.391953229904175
5.461714744567871
5.461524486541748
5.4604761600494385
5.410996437072754
5.495424747467041
5.3753979206085205
5.429252862930298
5.423818111419678
5.4772772789001465
5.43541955947876
5.425092697143555
5.470844984054565
5.367949724197388
5.379232406616211
5.47689151763916
5.438407897949219
5.4352381229400635
5.455411195755005
5.427654027938843
5.410508155822754
5.474183082580566
5.482396364212036
5.36655592918396
5.467364072799683
5.407472133636475
5.38739013671875
5.401235818862915
5.450247287750244
5.362090587615967
5.420372009277344
5.392345905303955
5.4334821701049805
5.445950269699097
5.265285968780518
5.448945045471191
5.4328672885894775
5.384826183319092
5.456031322479248
5.435789346694946
5.458588600158691
5.386856555938721
5.437610864639282
5.323713064193726
5.447876214981079
5.464624643325806
5.4157655239105225
5.369258880615234
5.390463829040527
5.317170858383179
5.397132635116577
5.848636150360107
5.444431781768799
5.432201147079468
