Timing log for each step:
0.010008811950683594
1.983109474182129
1.8907215595245361
1.8266627788543701
1.8563368320465088
1.9197471141815186
1.803832769393921
1.9422509670257568
1.851684808731079
1.9405317306518555
1.7916297912597656
1.8907198905944824
1.9079301357269287
1.796635389328003
1.8898952007293701
1.8058521747589111
1.9757969379425049
1.7677257061004639
1.8301875591278076
1.8226571083068848
1.8842973709106445
1.8576903343200684
1.7986299991607666
1.8397176265716553
1.8486814498901367
1.913741111755371
1.9580514430999756
1.883713722229004
1.8402676582336426
1.8617644309997559
1.8586902618408203
1.797762393951416
1.801408290863037
1.8216571807861328
1.8853247165679932
1.8310625553131104
1.7616007328033447
1.8878602981567383
1.8566334247589111
1.8186533451080322
1.847951889038086
1.7879021167755127
1.8256611824035645
1.8420114517211914
1.8402605056762695
1.8626937866210938
1.805131196975708
1.7265713214874268
1.812087059020996
1.9393675327301025
1.8276629447937012
1.7878978252410889
1.8791496753692627
1.8546864986419678
1.8412861824035645
1.8797109127044678
1.8672528266906738
1.8860270977020264
1.7986376285552979
1.9720501899719238
1.8280091285705566
1.867699146270752
1.9314897060394287
1.841888427734375
1.8546855449676514
1.73201322555542
1.9218528270721436
1.9207491874694824
1.866288661956787
1.9650921821594238
2.0338501930236816
1.8506603240966797
1.8717026710510254
1.9513251781463623
1.9701740741729736
1.8907206058502197
1.90824294090271
1.891855239868164
1.8146495819091797
1.8727781772613525
1.859090805053711
1.824662446975708
1.9234657287597656
1.9377620220184326
1.8898394107818604
1.8409440517425537
1.846681833267212
1.833045244216919
1.8542916774749756
1.8446779251098633
1.8348934650421143
1.824155330657959
1.9194996356964111
1.8443644046783447
1.9978160858154297
2.0191521644592285
2.107611894607544
2.1539604663848877
1.8927910327911377
1.967790126800537
1.949775218963623
1.9241316318511963
1.99881911277771
1.9753658771514893
1.9718234539031982
2.1919939517974854
1.887242078781128
1.8876616954803467
2.352140188217163
1.7831261157989502
2.045823574066162
2.1389455795288086
1.8469300270080566
1.935889720916748
1.8376712799072266
1.824819564819336
1.890275239944458
1.8987267017364502
1.7528116703033447
1.8459858894348145
1.8596911430358887
1.9271092414855957
1.8797636032104492
1.91774320602417
2.1045124530792236
1.8267018795013428
2.082895278930664
2.1084182262420654
2.226323366165161
2.047863721847534
2.1719515323638916
2.009638786315918
2.0308477878570557
2.0380632877349854
2.076430082321167
2.0068254470825195
2.1589412689208984
2.1839869022369385
2.151093006134033
2.114032506942749
2.106917381286621
2.1014513969421387
1.9888856410980225
2.1519579887390137
2.086993932723999
2.0137219429016113
2.190993547439575
2.2171318531036377
2.1403472423553467
2.0348517894744873
1.9998669624328613
2.055520534515381
2.108919858932495
2.1264491081237793
2.0643301010131836
2.1799848079681396
2.086418628692627
2.0989506244659424
1.9277746677398682
1.9187448024749756
1.9114692211151123
1.953789472579956
1.922750473022461
1.8468749523162842
1.9307560920715332
2.003822088241577
1.8675155639648438
1.8767073154449463
1.8621833324432373
1.9155497550964355
2.021839141845703
1.8317677974700928
2.0204050540924072
2.0959062576293945
1.8203952312469482
1.8659436702728271
1.8406739234924316
2.0655272006988525
1.9537787437438965
1.9558961391448975
1.8715002536773682
1.8496835231781006
1.9713599681854248
1.75892972946167
1.9777991771697998
1.7909295558929443
2.004089117050171
1.8116462230682373
1.884993076324463
1.951500415802002
1.9137418270111084
1.854980230331421
1.8150465488433838
1.8316655158996582
1.7761096954345703
1.8208720684051514
1.8506824970245361
1.8407635688781738
1.8022089004516602
1.959782600402832
1.7910823822021484
2.041938066482544
1.8787107467651367
1.821789264678955
1.8290257453918457
1.975797176361084
1.9293012619018555
1.8426971435546875
1.9227485656738281
1.927830696105957
1.934678554534912
1.868696689605713
1.9038379192352295
1.8496034145355225
1.9087367057800293
1.861281156539917
1.7244207859039307
1.8907206058502197
1.7791295051574707
1.915457010269165
1.8296637535095215
1.8912858963012695
1.856614112854004
1.849684476852417
1.905336856842041
1.9089360237121582
1.974797010421753
1.7887067794799805
1.915165901184082
1.8867154121398926
1.9202637672424316
1.8896293640136719
1.925750970840454
1.819075584411621
1.883927345275879
1.8436756134033203
1.8880712985992432
1.8601174354553223
1.9057352542877197
1.9939098358154297
1.889878273010254
1.834670066833496
1.869307518005371
1.876983880996704
1.9447686672210693
1.8782482147216797
1.831995964050293
1.8576912879943848
1.8890249729156494
1.8521418571472168
1.8967251777648926
1.778972864151001
1.8507075309753418
1.8346683979034424
1.850076675415039
1.9884154796600342
1.8156516551971436
1.881110429763794
1.9458587169647217
1.791628122329712
1.980457067489624
1.9501545429229736
1.8106489181518555
1.8889565467834473
1.9028372764587402
1.8867156505584717
1.8000478744506836
1.8712794780731201
1.8686981201171875
1.9727983474731445
1.8758676052093506
1.8997275829315186
1.9450621604919434
1.797114372253418
1.832667350769043
1.9232330322265625
1.8335931301116943
1.8426775932312012
1.9221231937408447
1.870194673538208
1.9347596168518066
2.0001883506774902
1.8520417213439941
1.9808003902435303
1.9171690940856934
1.9276397228240967
1.856689453125
1.9438743591308594
1.8473560810089111
1.8426764011383057
1.9150354862213135
1.8899986743927002
1.8086445331573486
1.8260574340820312
1.9656827449798584
1.9347608089447021
1.9741106033325195
1.9476475715637207
1.9938137531280518
1.8037447929382324
1.8676204681396484
1.9657878875732422
1.911895513534546
1.85514235496521
1.9147412776947021
1.8858232498168945
1.8609809875488281
1.8626949787139893
1.9152905941009521
2.0023579597473145
1.9477713108062744
1.8822989463806152
1.842679500579834
1.8727035522460938
1.9349417686462402
1.826655387878418
1.889718770980835
1.9048244953155518
1.8770859241485596
1.7966341972351074
1.7728300094604492
1.8256416320800781
1.9497737884521484
1.9319868087768555
1.8370726108551025
2.002821445465088
1.8161818981170654
1.9325354099273682
1.8526842594146729
1.878816843032837
1.952068567276001
1.9047338962554932
1.7917375564575195
1.8540098667144775
1.876706838607788
1.930521011352539
1.8600373268127441
1.8166542053222656
1.8875470161437988
1.8369832038879395
1.8616933822631836
1.8502848148345947
1.8331501483917236
1.9357612133026123
1.8419575691223145
1.8192064762115479
1.9497730731964111
1.9450764656066895
1.7887091636657715
1.8717007637023926
1.829270601272583
1.8356857299804688
1.893721580505371
1.8151726722717285
1.8614678382873535
1.9027302265167236
1.8835091590881348
2.004805326461792
1.9547786712646484
1.75994873046875
1.9801578521728516
1.833669662475586
1.8868591785430908
1.7481358051300049
1.9127380847930908
1.8570783138275146
1.829636812210083
1.9848051071166992
1.826744794845581
1.89797043800354
1.795633316040039
1.780008316040039
1.9708530902862549
1.9207475185394287
1.9309077262878418
1.9052457809448242
1.849684238433838
1.8131706714630127
1.9777381420135498
1.8819472789764404
1.9017302989959717
1.8738341331481934
1.7939488887786865
1.8767075538635254
1.9341740608215332
1.7866230010986328
1.9062809944152832
1.9533095359802246
1.8827111721038818
1.8827967643737793
1.8536899089813232
1.975797176361084
1.8519964218139648
2.010230779647827
1.8697004318237305
1.852891445159912
1.8070158958435059
1.9147422313690186
1.8442156314849854
1.8142733573913574
1.93776273727417
1.8189666271209717
1.8548872470855713
2.006826877593994
1.8773512840270996
1.9445130825042725
1.854686975479126
1.8351852893829346
1.874040126800537
1.7706103324890137
1.897836685180664
1.8755943775177002
1.8937225341796875
1.9076941013336182
1.8937227725982666
1.9237494468688965
1.8431050777435303
2.006788969039917
1.8546857833862305
1.934196949005127
1.7651548385620117
1.884713888168335
1.8187689781188965
1.8154935836791992
1.8997299671173096
1.821772575378418
1.8736824989318848
1.8626928329467773
1.7487378120422363
1.9032814502716064
1.829662561416626
1.881195306777954
2.0348832607269287
1.7986361980438232
1.9439663887023926
1.8775403499603271
1.7686090469360352
1.840214490890503
1.8577322959899902
1.9327585697174072
1.8572418689727783
1.8297386169433594
1.8867154121398926
1.7661316394805908
1.8785161972045898
1.7956335544586182
1.8501994609832764
1.8875031471252441
1.9407658576965332
1.9402971267700195
1.870954990386963
1.914740800857544
1.94346022605896
1.8518080711364746
1.8646976947784424
1.902942419052124
1.7660915851593018
1.8847146034240723
1.822934865951538
1.938251256942749
1.9287538528442383
1.8502802848815918
1.840017318725586
1.8416759967803955
2.0203449726104736
1.787386417388916
1.8036425113677979
1.94496750831604
1.8057522773742676
1.8406741619110107
1.882819414138794
1.8093392848968506
1.8126482963562012
1.9427664279937744
1.8260669708251953
1.8777098655700684
1.8502285480499268
1.8543741703033447
1.8236584663391113
1.8782517910003662
1.854773759841919
1.9297564029693604
2.019401788711548
1.9286177158355713
1.8977251052856445
1.8492083549499512
1.9025928974151611
2.00882625579834
1.8308918476104736
1.8894281387329102
1.8797087669372559
1.9519357681274414
1.8080129623413086
1.915743112564087
1.8452506065368652
1.8223674297332764
1.9377610683441162
1.9273319244384766
1.867210865020752
1.9457707405090332
1.98732328414917
1.9366199970245361
1.8056423664093018
1.9002318382263184
1.9879159927368164
1.9838042259216309
1.8009569644927979
2.0535881519317627
1.8536856174468994
1.8502204418182373
1.9101142883300781
1.9297544956207275
1.8468225002288818
1.906080961227417
1.917743444442749
1.8448071479797363
1.845106601715088
1.9507744312286377
1.8382022380828857
1.827847957611084
1.8576881885528564
2.0857748985290527
2.0355491638183594
2.076895236968994
1.9562926292419434
