Timing log for each step:
0.014013290405273438
5.272834062576294
5.314035177230835
5.393332242965698
5.236082077026367
5.676555871963501
5.300455331802368
5.282800674438477
4.592196702957153
4.635174751281738
4.778017044067383
5.2317163944244385
5.255786180496216
5.247798204421997
5.176134347915649
5.315241813659668
4.555297613143921
5.2498791217803955
5.320282936096191
5.303048849105835
5.232937812805176
5.227717161178589
5.290343761444092
5.223095893859863
5.291083574295044
5.237969636917114
5.301871061325073
5.306591749191284
5.338357210159302
5.336662292480469
5.307540655136108
5.330128192901611
5.355735778808594
5.338422775268555
5.358335971832275
5.3201775550842285
5.332976579666138
5.35799241065979
5.498143196105957
5.3144683837890625
5.304088592529297
5.289249420166016
5.312615633010864
5.337713241577148
5.376575469970703
5.37395453453064
5.3847496509552
5.352920293807983
5.363747835159302
5.303807258605957
5.372298240661621
5.315278053283691
5.302446126937866
5.509552240371704
5.336106061935425
5.400515794754028
5.3850061893463135
5.454399824142456
5.471514463424683
5.399291276931763
5.417092800140381
5.362307071685791
5.439589500427246
5.394704341888428
5.420985460281372
5.413482189178467
5.343456268310547
5.4181108474731445
5.368690490722656
5.384002923965454
5.4065306186676025
5.373114347457886
5.336561679840088
5.374731063842773
5.382785797119141
5.398729562759399
5.357701063156128
5.4075117111206055
5.290257453918457
5.372625827789307
5.463893413543701
5.37077260017395
5.4001030921936035
5.420187473297119
5.3168792724609375
5.374129772186279
5.3906636238098145
5.407334327697754
5.284741163253784
5.409087896347046
5.380443572998047
5.353705644607544
5.385974168777466
5.385601043701172
5.386531114578247
5.369180202484131
5.357310056686401
5.37285590171814
5.417634725570679
5.354792594909668
5.38092565536499
5.401184558868408
5.340794801712036
5.393107175827026
5.333994150161743
5.383384704589844
5.370020151138306
5.420000076293945
5.304981231689453
5.356076955795288
5.349380731582642
5.296071290969849
5.461643218994141
5.3956921100616455
5.449883460998535
5.312430143356323
5.311176776885986
5.324736595153809
5.326756477355957
5.311044692993164
