Timing log for each step:
0.016015052795410156
5.8130011558532715
5.724503755569458
6.000945329666138
5.9075915813446045
5.86847186088562
5.878928899765015
6.023817777633667
5.844145774841309
5.90603232383728
5.926871299743652
5.866440534591675
5.987228870391846
6.074815273284912
5.970575571060181
6.040529012680054
6.008174180984497
6.104206085205078
6.00406289100647
5.952825307846069
5.788168907165527
5.282662630081177
5.228890657424927
5.356703996658325
5.647804498672485
5.685578346252441
5.93880033493042
5.473161935806274
5.816326141357422
5.414748430252075
5.881381273269653
5.530932188034058
5.610961437225342
6.399143695831299
5.8242058753967285
5.437440633773804
5.276236295700073
5.388820171356201
5.607081413269043
5.334777593612671
5.340853691101074
5.3703343868255615
4.771837949752808
5.360906600952148
4.7041754722595215
4.985400676727295
4.619685649871826
4.7918970584869385
4.603211402893066
4.702652931213379
4.867101669311523
4.674998044967651
4.667254209518433
4.7365734577178955
4.783840894699097
4.901698350906372
4.74829626083374
4.76014518737793
4.6811463832855225
4.645071983337402
4.786494493484497
4.834301710128784
4.682729005813599
4.754173517227173
4.785973310470581
4.800845146179199
4.881738901138306
4.72206711769104
4.739875078201294
5.012078762054443
4.776761770248413
4.709643602371216
4.731382846832275
4.6470396518707275
5.21852445602417
5.238036632537842
4.73264217376709
4.756855010986328
4.904982089996338
4.850519418716431
4.633734941482544
4.67636775970459
4.729407072067261
4.681622743606567
4.665595054626465
4.701981067657471
4.655641794204712
4.64655327796936
4.6499974727630615
4.6395487785339355
4.633579969406128
5.138465404510498
4.565880298614502
4.5848493576049805
4.735487461090088
4.763871431350708
4.626982927322388
4.546446084976196
4.77636981010437
4.605851173400879
4.876241445541382
4.750454902648926
4.673631906509399
4.4704437255859375
4.601522207260132
4.706374406814575
4.893883228302002
4.636505842208862
5.375727653503418
4.825977325439453
4.814777612686157
4.70336127281189
4.68323540687561
4.818260669708252
4.616398096084595
4.783405542373657
