Timing log for each step:
0.017015695571899414
5.6977574825286865
5.4827799797058105
5.520048141479492
5.573323488235474
5.50208044052124
5.496467113494873
5.708468914031982
5.738900423049927
5.752146005630493
5.489332914352417
5.649106740951538
5.787803411483765
5.513243675231934
5.3674774169921875
5.378363132476807
5.364495277404785
5.322362899780273
5.4777138233184814
5.764894723892212
5.40784478187561
5.3734307289123535
5.329100608825684
5.396815299987793
5.428903102874756
5.355405330657959
5.506346940994263
5.3780128955841064
5.450962781906128
5.477389574050903
5.418807029724121
5.429006099700928
5.421045780181885
5.438910245895386
5.398578882217407
5.414718866348267
5.40202522277832
5.446161270141602
5.41580867767334
5.376434564590454
5.404111385345459
5.393129110336304
5.390930652618408
5.367474555969238
5.353675365447998
5.376890659332275
5.427146673202515
5.311553478240967
5.555404901504517
5.36317777633667
5.40415620803833
5.483575105667114
5.405305624008179
5.511983394622803
5.430172443389893
5.467201471328735
5.520038366317749
5.471245050430298
5.441798448562622
5.370351076126099
5.471349239349365
5.460383653640747
5.4654905796051025
5.461572647094727
5.437509775161743
5.428553581237793
5.44839882850647
5.485456943511963
5.453582763671875
5.417740345001221
5.370027542114258
5.3840110301971436
5.433463096618652
5.449599504470825
5.412594795227051
5.454337120056152
5.463037729263306
5.426535367965698
5.464755535125732
5.482659339904785
5.4955220222473145
5.487798452377319
5.404960870742798
5.494146108627319
5.450896501541138
5.551140785217285
5.451202392578125
5.456478595733643
5.469280958175659
5.4912214279174805
5.5234644412994385
5.500690698623657
5.451892137527466
5.444085597991943
5.494444131851196
5.497241735458374
5.446936130523682
5.485738754272461
5.398914337158203
5.433474063873291
5.466109037399292
5.4926581382751465
5.622951984405518
5.495248556137085
5.431524753570557
5.706649541854858
5.563225269317627
5.481435537338257
5.547280788421631
5.489248991012573
5.498982667922974
5.463014364242554
5.886369943618774
5.6407647132873535
5.513153791427612
5.3914618492126465
5.632294178009033
5.492254257202148
5.46816349029541
5.482828617095947
5.474765777587891
5.550710916519165
5.546316862106323
5.54591965675354
5.547557353973389
5.531603574752808
5.460847854614258
5.5346269607543945
5.494600296020508
5.505151033401489
5.442487001419067
5.493893623352051
5.47275972366333
5.530349969863892
5.495651483535767
5.499973297119141
5.443040132522583
5.502210855484009
5.51455020904541
5.481000185012817
5.462701797485352
5.444642066955566
5.4599316120147705
5.457762718200684
5.52462363243103
5.446522235870361
5.532598257064819
5.529254913330078
5.7072789669036865
5.582634210586548
5.595458745956421
5.616482734680176
5.610029458999634
5.609713077545166
5.811464786529541
6.2802207469940186
5.509315013885498
5.691925525665283
5.787466764450073
6.021592140197754
5.587350845336914
5.7186667919158936
5.924823999404907
5.822537899017334
5.609081745147705
5.629503965377808
5.493122100830078
5.523850679397583
5.4886980056762695
5.6506507396698
6.160933256149292
6.416222810745239
6.225579738616943
5.716099262237549
5.5257227420806885
5.812568187713623
5.633894443511963
5.588916778564453
6.110058784484863
5.997606515884399
6.123108863830566
6.069110631942749
5.913996696472168
6.055622100830078
6.008105516433716
6.016551733016968
5.878584146499634
6.276556015014648
6.4572107791900635
6.0645081996917725
5.742922306060791
5.582790374755859
5.755503177642822
6.0248847007751465
6.238232612609863
5.65265965461731
5.6736159324646
5.8508641719818115
5.835850954055786
5.953806400299072
6.170076370239258
6.1032915115356445
5.987278461456299
5.668658018112183
5.632631063461304
5.619502544403076
5.663967847824097
5.8408043384552
6.51847767829895
6.103433132171631
6.050957441329956
5.98614764213562
5.924490928649902
5.613328695297241
5.884140729904175
5.582433700561523
5.560126304626465
5.887739419937134
5.840900897979736
6.32488226890564
5.84954571723938
5.834641695022583
6.154677867889404
6.116226434707642
5.851620674133301
6.168848514556885
6.619967222213745
5.749108791351318
5.581630229949951
6.361842155456543
6.359396457672119
5.8167405128479
5.759397268295288
5.772490501403809
5.70511269569397
6.028977632522583
6.02388858795166
6.0010998249053955
5.99213719367981
5.707608222961426
5.733707427978516
5.872793674468994
5.759105920791626
5.7757344245910645
5.787142992019653
5.7866761684417725
5.813439607620239
5.820225954055786
5.791777849197388
5.729371547698975
5.765661001205444
5.819009304046631
5.739901065826416
5.736634254455566
5.750935077667236
5.775125503540039
5.707207918167114
5.848505735397339
5.762041330337524
5.76236367225647
5.798136472702026
5.767632961273193
5.800786018371582
5.795630216598511
5.80174708366394
6.554028272628784
6.370775938034058
6.0841076374053955
5.915792465209961
5.932795286178589
6.27875018119812
6.365853309631348
6.197981119155884
6.068429470062256
5.695544719696045
5.670316219329834
5.715593338012695
5.834293365478516
5.71887469291687
5.821352481842041
5.663770914077759
5.6928932666778564
5.678588628768921
5.709127902984619
5.885986328125
5.653057813644409
5.655547142028809
5.750287771224976
5.7164154052734375
5.684738874435425
5.695321083068848
5.687947511672974
5.710685729980469
5.695291757583618
5.672597646713257
5.606033086776733
5.705334424972534
5.5463762283325195
5.44631290435791
5.509612083435059
5.521449089050293
5.578239440917969
5.507487058639526
5.603606939315796
5.986287355422974
6.037033319473267
5.722190618515015
5.683842897415161
5.420417308807373
5.453617572784424
5.454123497009277
5.469267845153809
5.474017381668091
5.465669631958008
5.543163537979126
5.64711332321167
5.521654844284058
5.445943355560303
5.508237361907959
5.45338773727417
5.504882335662842
5.475472688674927
5.611593723297119
5.793936729431152
5.522196292877197
5.490400552749634
5.439884901046753
5.487107992172241
5.427395582199097
5.487489223480225
5.494462013244629
5.481353044509888
5.463887929916382
5.435486316680908
5.524532318115234
5.51750636100769
5.560300350189209
5.496381044387817
5.64004921913147
5.7356908321380615
5.667774200439453
5.693933010101318
5.7016441822052
5.6244659423828125
6.145759344100952
5.536431312561035
5.530089378356934
5.394869565963745
