Timing log for each step:
0.010007858276367188
10.545127868652344
10.794654369354248
10.204392194747925
10.319617509841919
11.593931913375854
10.919945001602173
10.486568689346313
10.978392839431763
10.894466161727905
10.964754104614258
10.538973331451416
10.796902894973755
10.484938621520996
11.201051235198975
11.07291579246521
10.681426286697388
10.873776197433472
11.111124277114868
10.886643409729004
10.551111936569214
11.521053314208984
11.620850324630737
11.046908378601074
11.043217420578003
10.995458364486694
11.11976146697998
11.282415390014648
11.249229431152344
11.123372077941895
11.11401653289795
11.582505941390991
11.653874158859253
11.566819429397583
11.224781513214111
11.082502603530884
11.165881633758545
11.036471366882324
11.119959592819214
11.154407024383545
11.12539553642273
11.14501142501831
11.101994514465332
11.091448545455933
11.233264923095703
11.331044673919678
11.146097660064697
11.305671453475952
11.204451084136963
11.168907165527344
11.192655563354492
11.330147743225098
11.187636852264404
12.057516098022461
11.62099313735962
12.003911256790161
11.721741199493408
11.142247200012207
10.874532699584961
11.130131959915161
10.942060947418213
10.810393571853638
10.723754167556763
11.43026065826416
10.811298370361328
10.89749526977539
10.870905637741089
10.926800012588501
10.778103590011597
10.769641399383545
10.919098377227783
10.851639032363892
10.828186750411987
10.94721508026123
11.220990419387817
11.325563907623291
10.848306655883789
10.944412469863892
10.708085298538208
11.038974523544312
11.291348218917847
11.417972803115845
11.079498529434204
11.083211183547974
11.8070969581604
11.56432294845581
11.1129732131958
10.884060382843018
11.943276643753052
11.715742588043213
10.821405172348022
11.023442029953003
10.700196981430054
11.050642013549805
10.724798917770386
11.129890203475952
10.92402696609497
10.785983085632324
11.141367435455322
10.910943508148193
10.756499290466309
10.679053544998169
10.640748977661133
10.72575831413269
10.64011812210083
10.886123180389404
10.70621109008789
10.785307168960571
10.487583875656128
10.682068586349487
10.738398313522339
10.83098030090332
10.772353172302246
10.669288873672485
10.669503927230835
10.659381866455078
10.96864652633667
10.605241775512695
10.797576189041138
10.716760158538818
10.676272869110107
10.63266921043396
10.75390076637268
10.643110513687134
10.726929187774658
11.20943546295166
10.841685056686401
10.694438934326172
10.700540781021118
10.775460004806519
10.656926155090332
10.679221630096436
10.655363321304321
10.323068857192993
10.722651958465576
10.565212488174438
10.856963634490967
10.747399806976318
10.531795024871826
10.809725284576416
10.831182479858398
10.693527221679688
10.786539316177368
11.929869890213013
13.280351638793945
12.991172313690186
13.017656803131104
13.071570634841919
13.074923753738403
13.19071364402771
12.875396013259888
13.343093872070312
13.09034276008606
13.155271530151367
13.07537031173706
13.082966327667236
13.197315692901611
12.91105055809021
13.750284194946289
13.438449621200562
12.998080492019653
11.491042852401733
10.855251550674438
10.903523445129395
10.961600303649902
10.921727895736694
10.895731210708618
10.77985167503357
11.181263446807861
10.862274169921875
10.749457836151123
10.673741579055786
10.833883285522461
10.878910779953003
10.713887691497803
11.588470220565796
12.448801279067993
11.980100393295288
11.570655107498169
11.27586579322815
11.44580340385437
11.368613481521606
11.333300113677979
11.398081302642822
11.279977321624756
11.344003438949585
11.488339900970459
11.86836314201355
11.643028020858765
12.435166597366333
13.819029808044434
13.33704137802124
13.289042711257935
13.382921695709229
13.589739322662354
13.337486028671265
13.885986089706421
13.336032629013062
13.39660358428955
13.10351276397705
13.707467317581177
13.750922203063965
13.888607501983643
13.53657603263855
13.212551355361938
13.610039949417114
13.12838101387024
13.513444423675537
13.069822072982788
12.753538846969604
13.068636417388916
13.368257999420166
13.172770500183105
12.976480484008789
11.48853325843811
11.021772146224976
11.495177984237671
11.206155776977539
11.295571088790894
11.32779598236084
11.228071451187134
11.332139492034912
11.250684261322021
11.284460306167603
11.316702842712402
11.231411218643188
11.255628824234009
11.300607681274414
11.221913576126099
11.215213298797607
11.227108716964722
11.280882596969604
11.151578426361084
11.287299156188965
11.229589462280273
11.283330202102661
11.310531854629517
11.357298135757446
11.191014766693115
11.281514644622803
12.010261297225952
11.247371673583984
11.20089054107666
11.197325944900513
11.41419243812561
11.21767807006836
11.274280309677124
11.230315685272217
11.25306224822998
11.201424360275269
11.182102680206299
11.28729772567749
11.179291725158691
11.13680648803711
11.213326930999756
11.17138934135437
11.695369958877563
11.310132265090942
11.2361319065094
11.334969758987427
11.222278833389282
11.364992618560791
11.147889137268066
11.517459630966187
11.164932489395142
11.170137882232666
11.154962539672852
11.09829831123352
11.256156206130981
11.213785886764526
11.306113243103027
11.226602792739868
11.178268909454346
11.159026384353638
11.20362663269043
11.197744131088257
11.142425537109375
11.222820520401001
11.186139345169067
11.168583154678345
11.191077470779419
11.148703336715698
11.138030767440796
11.156135082244873
11.176615476608276
11.134135007858276
11.15771198272705
11.21849513053894
11.122411966323853
11.185822248458862
11.144281148910522
11.295462846755981
11.213746547698975
11.244019985198975
11.269849300384521
11.41580319404602
11.228712320327759
11.270025253295898
11.07543683052063
11.197234869003296
12.33545970916748
12.883731842041016
11.702778100967407
10.53651475906372
11.347438335418701
11.626324653625488
10.914966344833374
11.47839093208313
11.328480005264282
11.804970264434814
11.249669790267944
11.23608112335205
11.220728874206543
11.27128553390503
10.517273426055908
10.378776550292969
12.267035961151123
12.051741123199463
12.016078233718872
12.103688716888428
12.081464767456055
12.209559440612793
12.29430341720581
12.424566507339478
12.410258293151855
12.345932245254517
12.17771601676941
12.149174451828003
12.17568588256836
12.090046882629395
12.175315141677856
12.449402093887329
12.07641077041626
11.96341061592102
12.400422811508179
12.394272327423096
11.89492154121399
12.21992301940918
12.305775880813599
12.238005876541138
12.496520519256592
11.977076768875122
11.801671981811523
12.314520597457886
12.303560256958008
12.28135347366333
11.750648498535156
11.845305442810059
12.267435312271118
12.378104448318481
12.30611276626587
11.495295286178589
12.32157826423645
11.939010620117188
11.76144003868103
11.887014150619507
12.39392876625061
12.430973291397095
12.302671909332275
12.361618041992188
12.247455596923828
12.172707557678223
12.337929725646973
12.094779968261719
12.330449342727661
12.234524488449097
12.38411259651184
12.344585418701172
12.050455808639526
11.944001197814941
12.076236963272095
12.132730484008789
12.084088563919067
11.692601203918457
11.936553955078125
12.166707992553711
12.309986591339111
12.216193437576294
12.203237533569336
12.254039287567139
12.41190505027771
11.925017595291138
11.516871213912964
11.546977519989014
11.553227663040161
11.24243426322937
11.237237215042114
11.351865291595459
11.266841650009155
11.330906629562378
11.346931457519531
11.333240509033203
11.294706583023071
11.16722559928894
11.251394987106323
11.353965282440186
11.3788583278656
11.326810836791992
11.347107648849487
11.316506147384644
11.287089347839355
11.314007759094238
11.291214227676392
11.321926355361938
11.366552591323853
11.254284143447876
11.354670286178589
11.418210506439209
11.238746166229248
11.279760122299194
11.303362607955933
11.29204797744751
11.366791009902954
11.34435486793518
11.260444164276123
11.316088676452637
11.290066003799438
11.31058931350708
11.275112390518188
11.291959762573242
11.332359313964844
11.30345892906189
11.320225238800049
11.301607131958008
11.248608827590942
11.29057788848877
11.228393077850342
11.229790210723877
11.248753070831299
11.228984117507935
11.246381282806396
11.308099746704102
11.341824769973755
11.252954959869385
11.3374662399292
11.201802253723145
11.340560674667358
11.322343826293945
11.291659832000732
10.78807282447815
11.172806978225708
11.283119678497314
11.321900129318237
11.324278116226196
11.331773042678833
11.276816844940186
11.286523342132568
11.328402280807495
11.308413743972778
11.272721529006958
11.159631252288818
11.196027278900146
11.292873620986938
11.200859785079956
11.226686954498291
11.28270936012268
11.263655185699463
11.302533626556396
11.239379405975342
11.211904048919678
11.337286949157715
11.268883228302002
11.273219585418701
11.257211208343506
11.246679544448853
11.21761965751648
11.29135251045227
11.342253684997559
11.226466417312622
11.243639469146729
11.337735652923584
11.262736320495605
11.284673929214478
11.299978971481323
11.377176284790039
11.359416484832764
11.248978853225708
11.189862489700317
11.259796857833862
11.316650152206421
11.286683559417725
11.353834867477417
11.450174331665039
11.275820255279541
11.26314377784729
11.24622654914856
11.30768871307373
11.24424958229065
11.285171270370483
11.34291124343872
11.306403875350952
11.366456031799316
11.281233310699463
11.214775323867798
11.250198602676392
11.269313335418701
11.32379674911499
11.35128927230835
11.33396053314209
11.353527784347534
11.242217779159546
11.243905067443848
11.283184051513672
11.265548706054688
11.285581827163696
11.272119998931885
11.398795366287231
11.936203002929688
11.901573657989502
12.175316572189331
11.724395036697388
11.41321086883545
11.36994981765747
11.780834913253784
11.367804050445557
11.953773498535156
11.940866708755493
12.118075370788574
11.903963804244995
12.04801607131958
11.870787620544434
12.154887437820435
12.18558931350708
11.764170408248901
12.05894923210144
12.173111915588379
12.125881910324097
11.70662546157837
11.937502384185791
11.811598300933838
11.897717237472534
12.07961106300354
11.883825540542603
12.05850076675415
11.84001874923706
12.052099466323853
11.578423976898193
11.444151639938354
11.761630058288574
11.739595413208008
11.647703409194946
11.936342239379883
12.02871584892273
11.995202779769897
12.024902820587158
11.764711856842041
12.02682614326477
10.585228681564331
11.564536333084106
12.000123500823975
11.831784009933472
11.964081525802612
11.837723016738892
11.773948431015015
11.798690557479858
11.653944969177246
11.733052968978882
11.817093849182129
11.80631136894226
11.772326946258545
11.677942037582397
11.939731359481812
11.79433536529541
12.117599248886108
11.300376653671265
11.979032516479492
12.036051034927368
11.139781951904297
12.187931299209595
11.619750261306763
11.552160263061523
12.08333706855774
11.905514240264893
11.576974153518677
11.943179845809937
12.148701667785645
11.870862007141113
11.56563663482666
10.982327699661255
12.079692125320435
11.983258962631226
12.043155670166016
11.324705600738525
11.233118772506714
12.132466316223145
12.3544921875
11.777075052261353
11.438905239105225
12.00948691368103
12.079880714416504
12.201826810836792
12.519490957260132
12.296531200408936
11.805428981781006
12.345230340957642
12.259862899780273
12.183748483657837
12.141669511795044
12.15193486213684
12.342663049697876
11.71810507774353
11.660234212875366
11.692988395690918
11.932754516601562
12.15735936164856
11.76240873336792
11.551514625549316
11.85539722442627
11.685835361480713
11.560503959655762
11.525759220123291
11.738542795181274
12.154367685317993
12.02699327468872
11.770179986953735
11.119610786437988
11.821714401245117
11.92599892616272
12.081238985061646
11.81957459449768
11.199772119522095
11.294081926345825
12.107078552246094
12.001184463500977
11.986522912979126
11.923837423324585
12.104526042938232
11.92395544052124
11.992283821105957
12.066876888275146
12.060089349746704
11.657140731811523
11.603779554367065
11.977569341659546
11.440497636795044
10.784487009048462
11.305722951889038
11.972628831863403
10.853155374526978
10.597811222076416
10.546780586242676
10.69884967803955
10.668097496032715
10.584049224853516
10.653584957122803
10.4618558883667
10.618201494216919
10.582888126373291
10.66755986213684
11.479931354522705
11.84187126159668
11.819712400436401
11.686339616775513
11.410454511642456
11.583712816238403
11.95718789100647
12.05862021446228
11.19839859008789
12.034815311431885
12.035062551498413
11.761492490768433
11.916237592697144
11.948121786117554
11.838231086730957
11.670271635055542
12.137542486190796
11.957680225372314
11.936455011367798
12.038125038146973
11.653207302093506
11.892560005187988
12.058540344238281
11.502583265304565
11.435354232788086
11.994614362716675
10.359137058258057
11.038255453109741
11.97457504272461
12.035539627075195
12.154313087463379
12.10469102859497
12.185746192932129
12.111996173858643
11.858994722366333
12.088171243667603
11.959521532058716
11.905161142349243
11.798048973083496
12.153680086135864
11.962502717971802
11.305823802947998
10.749293565750122
11.532178163528442
12.003905773162842
12.118066310882568
12.016899108886719
11.82455849647522
11.695780515670776
11.896688222885132
11.951328039169312
11.758684635162354
12.079336166381836
11.954635620117188
11.844400644302368
11.963569641113281
11.585468530654907
11.53223466873169
11.483362913131714
11.804849624633789
12.334123849868774
11.26296854019165
11.228586912155151
10.765442132949829
10.845055341720581
11.05079960823059
11.198352336883545
11.191208600997925
11.006446599960327
11.797194004058838
11.860791444778442
11.744702100753784
12.01890754699707
11.413636684417725
11.59906792640686
11.365249872207642
11.305728197097778
12.042848825454712
11.872690200805664
10.388060092926025
10.89970064163208
11.282118082046509
11.366135358810425
11.909850120544434
11.48649525642395
11.39964771270752
11.398620843887329
11.800644874572754
11.567306518554688
11.731097936630249
11.178083896636963
11.69365644454956
12.337923765182495
11.548938274383545
11.103841304779053
9.649744510650635
11.328372240066528
11.241343021392822
11.062622547149658
11.169713258743286
11.092931032180786
11.31888484954834
11.293399810791016
11.19326376914978
11.472478151321411
11.303629159927368
11.412484884262085
11.505733728408813
11.238075256347656
11.749297142028809
11.058292627334595
11.278969764709473
11.51853322982788
11.621211051940918
11.240546464920044
11.34891963005066
11.222918033599854
11.350979089736938
11.42334246635437
11.447731733322144
11.204497337341309
11.310528039932251
11.35482382774353
11.36037826538086
11.41891884803772
11.554145097732544
11.194857597351074
11.168731212615967
11.330046892166138
11.465210914611816
11.189509868621826
11.697322368621826
11.431220769882202
11.36167311668396
11.313379764556885
11.372875452041626
11.411810159683228
12.06081771850586
11.24425983428955
11.516686201095581
11.353114128112793
11.15078067779541
11.143994569778442
11.206997632980347
11.016387224197388
11.989605188369751
10.918644428253174
12.59012746810913
11.919056177139282
11.656413316726685
11.012484312057495
10.834077835083008
10.925827741622925
10.89395546913147
10.821825742721558
10.743152379989624
10.80810284614563
10.92252492904663
11.09698748588562
10.751867294311523
10.794189214706421
10.960772275924683
11.599781274795532
11.291091680526733
11.28065037727356
11.414239645004272
11.330738306045532
11.234483242034912
11.212766170501709
11.144357919692993
11.086913585662842
11.24306058883667
11.268872022628784
11.2009117603302
11.234186887741089
11.58531904220581
11.276181697845459
11.323547124862671
11.245605707168579
11.411397695541382
11.25256896018982
11.242534637451172
11.251202821731567
11.14444875717163
11.220613479614258
11.299920558929443
11.22502851486206
11.31453561782837
11.316649198532104
11.417147874832153
11.182943344116211
11.292036771774292
11.249720335006714
11.488954782485962
11.432106494903564
11.807770729064941
12.026719570159912
11.362021684646606
11.047008991241455
11.248789548873901
11.100344181060791
11.075769662857056
11.329861402511597
11.154687404632568
10.911868572235107
11.090137004852295
11.170151948928833
10.954816579818726
11.022305011749268
10.854043245315552
11.003854513168335
10.894147872924805
11.025455474853516
11.064183950424194
10.923181533813477
10.891757726669312
10.957919359207153
11.035705804824829
10.956640005111694
10.79439377784729
10.91653037071228
10.90818190574646
11.057610750198364
11.039494276046753
10.993429183959961
11.145558834075928
11.54426884651184
11.74377155303955
11.33393406867981
10.82184100151062
11.034133911132812
10.990217685699463
10.65768837928772
10.278151035308838
11.015085220336914
10.626790523529053
10.872678756713867
10.710206031799316
10.222736597061157
10.713812589645386
10.952667474746704
10.677179098129272
10.96149206161499
11.278364181518555
10.614676713943481
11.0615074634552
11.130206823348999
10.928189039230347
10.788514137268066
11.687829732894897
10.934042692184448
10.99142575263977
11.111016273498535
10.99275016784668
11.011524438858032
10.748660326004028
10.94001317024231
10.910161256790161
10.930276870727539
10.876810073852539
11.02421498298645
11.439297437667847
11.048796892166138
11.023486852645874
10.981274366378784
11.032427549362183
11.009310960769653
10.90199875831604
10.958049535751343
10.94032621383667
11.330225706100464
