Timing log for each step:
0.026023149490356445
5.300828218460083
5.280812501907349
5.327855825424194
5.301831483840942
5.104653358459473
5.377900838851929
5.398920774459839
5.24377965927124
5.163708209991455
5.174715280532837
5.358881711959839
5.278811693191528
5.8193039894104
5.383906841278076
4.705289125442505
4.6802661418914795
5.27380633354187
5.407928705215454
5.366890907287598
5.22876501083374
5.386909484863281
5.215754508972168
5.299829483032227
5.686180353164673
5.322850227355957
5.2477827072143555
5.3158440589904785
5.845337152481079
5.308838367462158
5.326853275299072
5.432952165603638
5.36889386177063
5.26680064201355
5.362887859344482
5.234768390655518
5.540048599243164
5.2567901611328125
5.101649284362793
5.407918930053711
5.3368635177612305
5.16270637512207
5.194734573364258
5.384908437728882
5.343870162963867
5.254788875579834
5.241778135299683
5.28681755065918
5.346872329711914
5.303833484649658
5.332860231399536
5.241776466369629
5.358884572982788
5.350877285003662
5.285817861557007
5.294825792312622
5.427947521209717
5.1837241649627686
5.381904602050781
5.40993070602417
5.4499671459198
5.4449615478515625
5.260793447494507
5.391912937164307
5.230767726898193
5.354880332946777
5.327853679656982
5.392914772033691
5.347874402999878
5.305835247039795
5.41093111038208
5.506018161773682
5.366891384124756
5.492004632949829
5.363887786865234
5.394916772842407
5.362887144088745
5.377902984619141
5.577083110809326
5.33085823059082
5.455971956253052
5.44896674156189
5.441958665847778
5.306836843490601
5.441957235336304
5.397920608520508
5.306836366653442
5.428947448730469
5.310839653015137
5.4359540939331055
5.517027378082275
5.373898267745972
5.297827959060669
5.315844535827637
5.362887382507324
5.376900672912598
5.31784725189209
5.419938802719116
5.34787392616272
5.3718955516815186
5.340868234634399
5.416937351226807
5.34887433052063
5.4379563331604
5.580085515975952
5.382906436920166
5.39892053604126
5.304835081100464
5.425945043563843
5.436954021453857
5.471986293792725
5.384908199310303
5.523033618927002
5.426947116851807
5.5630693435668945
5.397920608520508
5.366891622543335
5.4399566650390625
5.3638880252838135
5.414935350418091
5.38090443611145
5.373898267745972
5.519029378890991
5.401923418045044
5.414934396743774
5.336865425109863
5.412932872772217
5.367892265319824
5.478994131088257
5.364888668060303
5.420941591262817
5.357882022857666
5.459975004196167
5.412933826446533
5.45096755027771
5.296828031539917
5.308839321136475
5.384907245635986
5.3698930740356445
5.420940160751343
5.3819050788879395
5.418939828872681
5.36488938331604
5.422941446304321
5.26880145072937
5.435954570770264
5.42494535446167
5.52503514289856
5.406928539276123
5.472987651824951
5.279811859130859
5.32685399055481
5.437955617904663
5.442960262298584
5.410930871963501
5.373895168304443
5.436954975128174
5.355880975723267
5.548056364059448
5.441957712173462
5.370895624160767
5.424943447113037
5.4769909381866455
5.310839891433716
5.483997821807861
5.332859754562378
5.422940969467163
5.41493558883667
5.439957857131958
5.430949687957764
5.3598856925964355
5.4089295864105225
5.328859567642212
5.468984842300415
5.457974433898926
5.387911081314087
5.462978839874268
5.382906436920166
5.384907245635986
5.385908603668213
5.340868949890137
5.335863351821899
5.351876974105835
5.315845012664795
5.467982769012451
5.478992223739624
5.441960096359253
5.3718955516815186
5.361887693405151
5.4509687423706055
5.333861827850342
5.398921251296997
5.403923749923706
5.363887786865234
5.3879101276397705
5.330857992172241
5.29482626914978
5.198737859725952
5.394917249679565
5.429946660995483
5.356882810592651
5.388911962509155
5.404925346374512
5.518027067184448
5.387909889221191
5.4049248695373535
5.3408684730529785
5.538048267364502
5.488001108169556
5.4449622631073
5.414935350418091
5.290820598602295
5.401923418045044
5.38891077041626
5.409930944442749
5.425943374633789
5.451968431472778
5.374898910522461
5.435954570770264
5.440958023071289
5.4679834842681885
5.435954332351685
5.480995416641235
5.394917726516724
5.298828601837158
5.444963693618774
5.466982126235962
5.42694616317749
5.419939041137695
5.47899317741394
5.462980031967163
5.317846059799194
5.312842607498169
5.364889621734619
5.340867042541504
5.391912937164307
5.337863206863403
5.52703857421875
5.4779932498931885
5.611114025115967
5.453970193862915
5.340867042541504
5.312843084335327
5.361887454986572
5.3869102001190186
5.3859076499938965
5.404925584793091
5.365888357162476
5.317845582962036
5.41593599319458
5.209748268127441
5.296829700469971
5.350876808166504
5.371895790100098
5.332860708236694
5.409931182861328
5.3748979568481445
5.407928705215454
5.4499671459198
5.356881141662598
5.415935754776001
5.303833246231079
5.362887382507324
5.337865352630615
5.415936470031738
5.445964336395264
5.296826601028442
5.39992094039917
5.276810169219971
5.418938636779785
5.3759002685546875
5.505017518997192
5.532042026519775
5.29282283782959
5.21174955368042
5.492004871368408
5.434953451156616
5.351876258850098
5.297828197479248
5.446963310241699
5.312840938568115
5.387909650802612
5.440958023071289
5.335863351821899
5.406927585601807
5.306835174560547
5.397919178009033
5.3718955516815186
5.377901792526245
5.387909889221191
5.378902196884155
5.345872163772583
5.337864637374878
5.377902269363403
5.369893312454224
5.433951377868652
5.498010873794556
5.409928560256958
5.298830032348633
5.417937994003296
5.325854539871216
5.370896339416504
5.386908531188965
5.4239420890808105
5.680175542831421
5.455971717834473
5.332859754562378
5.446962356567383
5.426945209503174
5.459975957870483
5.349876403808594
5.310840606689453
5.286817789077759
5.544051170349121
5.393916130065918
5.410930871963501
5.382906675338745
5.441960334777832
5.464980125427246
5.363888502120972
5.422941446304321
5.452970027923584
5.4389567375183105
5.369894742965698
5.501013517379761
5.531041622161865
5.337865352630615
5.510021924972534
5.549746990203857
