Timing log for each step:
0.012011528015136719
5.328234434127808
5.403944253921509
5.6294169425964355
5.566197395324707
5.324743032455444
5.353951930999756
5.289513349533081
5.321966171264648
5.365314722061157
5.352737903594971
5.432188034057617
5.280947685241699
5.346981525421143
5.402569770812988
5.3291871547698975
5.415201425552368
5.363458871841431
5.433976888656616
5.36600136756897
5.412790060043335
5.433077096939087
5.4256181716918945
5.417934894561768
5.405999660491943
5.478298664093018
5.423487424850464
5.402066469192505
5.464035749435425
5.4227094650268555
5.456250190734863
5.434359073638916
5.440871477127075
5.448554754257202
5.437042951583862
5.40308403968811
5.479589939117432
5.51047945022583
5.6674933433532715
5.433212518692017
5.394967317581177
5.474488973617554
5.442224025726318
5.508155822753906
5.454177141189575
5.386180877685547
5.465475559234619
5.440880060195923
5.438023567199707
5.707656383514404
5.759309530258179
5.586539030075073
5.483994245529175
5.5810980796813965
5.5487141609191895
5.61955451965332
5.6058948040008545
5.468864679336548
5.558779239654541
5.4634575843811035
5.592227220535278
5.489246368408203
5.442996263504028
5.4984800815582275
5.470595121383667
5.5054590702056885
5.55600905418396
5.5012547969818115
5.53898811340332
5.48622727394104
5.716984033584595
5.514894247055054
5.739475250244141
5.531630754470825
5.557117462158203
5.492956876754761
5.559023141860962
5.5401647090911865
5.527524471282959
5.5871477127075195
5.5331854820251465
5.511646032333374
5.726884841918945
5.594428539276123
5.468093633651733
5.4431140422821045
5.6270623207092285
5.5142598152160645
5.630929470062256
5.5808470249176025
5.553113698959351
5.635596036911011
5.50385594367981
5.5587592124938965
5.473890781402588
5.5166449546813965
5.5077574253082275
5.499107599258423
5.4816319942474365
5.506286382675171
5.517492771148682
5.51603889465332
5.407642126083374
5.4353978633880615
5.5438385009765625
5.4489569664001465
5.47557520866394
5.6237640380859375
5.712195634841919
5.698794364929199
5.470129013061523
5.50486946105957
5.54994535446167
5.533956289291382
5.508453845977783
5.503633975982666
5.4542436599731445
5.536085844039917
5.5736565589904785
5.51767110824585
5.502961874008179
5.526618003845215
5.514267206192017
5.589949607849121
5.529327154159546
5.554928541183472
5.4480791091918945
5.763121843338013
5.551281929016113
5.482412815093994
5.5051867961883545
5.551172971725464
5.516200304031372
5.486836194992065
5.477094411849976
5.43884801864624
5.5112855434417725
5.485680341720581
5.506784677505493
5.723778486251831
5.5515687465667725
5.500243663787842
5.460483074188232
5.46089506149292
5.490876913070679
5.545819520950317
5.538264989852905
5.528472900390625
5.369368076324463
5.58910608291626
5.5449018478393555
5.481829881668091
5.519345760345459
5.525538921356201
5.514578580856323
5.506537914276123
5.503955602645874
5.4846274852752686
5.474825143814087
5.57496452331543
5.48407769203186
5.495290994644165
5.527818202972412
5.5288166999816895
5.51024055480957
5.620471239089966
5.510244131088257
5.487798452377319
5.51841402053833
5.47558331489563
5.480807065963745
5.478274345397949
5.537519454956055
5.554303169250488
5.472938537597656
5.53517746925354
5.551987648010254
5.539434432983398
5.497071981430054
5.519732475280762
5.525212287902832
5.522564649581909
5.532514572143555
5.554640531539917
5.513829469680786
5.527956485748291
5.5321502685546875
5.446369171142578
5.532167911529541
5.535167217254639
5.554791688919067
5.521043062210083
5.5702433586120605
5.497342348098755
5.5266125202178955
5.6194353103637695
5.588704586029053
5.534574031829834
5.577611923217773
5.522341012954712
5.473031520843506
5.480032920837402
5.535646915435791
5.518994569778442
5.531454563140869
5.485419988632202
5.537261724472046
5.5196778774261475
5.528275012969971
5.471740484237671
5.53919243812561
5.544497966766357
5.535684823989868
5.537438631057739
5.407060384750366
5.569583177566528
5.559697866439819
5.615916013717651
5.53364109992981
5.603726625442505
5.545686483383179
5.488417625427246
5.393392562866211
5.5297534465789795
5.516099691390991
5.4921088218688965
5.500716686248779
5.56818699836731
5.50717568397522
5.5789783000946045
5.551034450531006
5.52183985710144
5.552995920181274
5.457580804824829
5.528398513793945
5.543590307235718
5.521751165390015
5.497915744781494
5.555207252502441
5.567612409591675
5.530370712280273
5.513457536697388
5.518758058547974
5.554551601409912
5.457775831222534
5.543579578399658
5.616534471511841
5.60993766784668
5.502894878387451
5.518988132476807
5.5607359409332275
5.5802295207977295
5.601467132568359
5.484337091445923
5.549088001251221
5.561925888061523
5.5092761516571045
5.533095359802246
5.52678918838501
5.506249189376831
5.60797643661499
5.494397878646851
5.47472882270813
5.455397367477417
5.479283809661865
5.5069804191589355
5.494915723800659
5.500516891479492
5.516559839248657
5.56218957901001
5.526242017745972
5.566112995147705
5.4441211223602295
5.545851230621338
5.557787895202637
5.483493804931641
5.431300163269043
5.551127672195435
5.494565725326538
5.485671281814575
5.458634614944458
5.5470335483551025
5.460344314575195
5.506632566452026
5.521644353866577
5.574571371078491
5.525338411331177
5.451263666152954
5.494282245635986
5.441370248794556
5.492969274520874
5.504171133041382
5.491620779037476
5.555582523345947
5.557592153549194
5.570107936859131
5.540378093719482
5.512005805969238
5.584736108779907
5.444947957992554
5.529190301895142
5.5259318351745605
5.512176990509033
5.656951904296875
5.579424619674683
5.50910210609436
5.497512102127075
5.47357439994812
5.496304988861084
5.529971122741699
5.5141096115112305
5.5030198097229
5.522578239440918
5.536343574523926
5.5152428150177
5.471189975738525
5.529247045516968
5.518016576766968
5.442659378051758
5.570479154586792
5.536815881729126
5.526429176330566
5.518578767776489
5.5937182903289795
5.502215623855591
5.537603855133057
5.481680631637573
5.488166332244873
5.57866644859314
5.54533314704895
5.541078329086304
5.476461172103882
5.492088794708252
5.524039030075073
5.523827314376831
5.581400156021118
5.495182514190674
5.4905078411102295
5.434451341629028
5.47265100479126
5.461567401885986
5.589190721511841
5.477445602416992
5.494080543518066
5.415242433547974
5.5114240646362305
5.488945007324219
5.528872728347778
5.536351442337036
5.503701686859131
5.491882801055908
5.517141819000244
5.415315389633179
5.498490571975708
5.487595081329346
5.5468528270721436
5.477244138717651
5.531068563461304
5.505418062210083
5.52226710319519
5.5395355224609375
5.597662925720215
5.566836357116699
