Timing log for each step:
0.02602243423461914
8.276803970336914
6.051826000213623
5.802603483200073
6.113738298416138
6.118601083755493
5.969162225723267
5.61612868309021
5.608834505081177
6.288957595825195
5.818906784057617
6.047480583190918
6.338025808334351
6.015038013458252
5.153862237930298
4.990046501159668
4.891735792160034
4.792845010757446
4.869457244873047
4.9018285274505615
4.813939332962036
4.936161041259766
5.092442274093628
5.565774917602539
5.522427320480347
5.529561758041382
5.5541300773620605
5.564787864685059
5.57885217666626
5.68777871131897
5.588797330856323
5.56448769569397
5.587069272994995
5.5207555294036865
5.602980375289917
5.615504264831543
5.565344333648682
5.584090948104858
5.566839694976807
5.630822658538818
5.610689401626587
5.690666437149048
5.655076265335083
5.591341495513916
5.649584770202637
5.6538286209106445
5.610886573791504
5.627876043319702
5.566009998321533
5.668954610824585
5.5737597942352295
5.603952169418335
5.664651155471802
5.709271430969238
5.633496046066284
5.604403734207153
5.600202560424805
5.582247972488403
5.657319784164429
5.586954832077026
5.6045026779174805
5.673954486846924
5.591269254684448
5.6434619426727295
5.6259379386901855
5.664720296859741
5.6367363929748535
5.61470365524292
5.693310499191284
5.639224290847778
5.698457956314087
5.655559062957764
5.632031202316284
5.749627351760864
5.601128578186035
5.671370983123779
5.610139608383179
5.712386608123779
5.620004177093506
5.610682249069214
5.636953115463257
5.6771979331970215
5.705562353134155
5.609480619430542
5.806275129318237
5.686595678329468
5.65459132194519
5.714571952819824
5.627958536148071
5.711800575256348
5.812375783920288
5.821195602416992
5.708691120147705
