Timing log for each step:
0.01601552963256836
5.000982999801636
5.09281587600708
4.962342023849487
4.9773337841033936
5.074642896652222
4.9547247886657715
5.050939083099365
5.138279914855957
5.052157163619995
5.179830312728882
5.076934576034546
5.223731279373169
5.084388256072998
5.050002574920654
5.134077072143555
5.142067909240723
5.144979238510132
5.116867780685425
5.13129448890686
5.116971015930176
5.196505308151245
5.201942682266235
5.742992401123047
5.577873468399048
5.190108776092529
5.114690542221069
5.090771436691284
5.288410902023315
5.152860403060913
5.173147678375244
5.033404588699341
5.083203077316284
5.118028879165649
5.096999883651733
5.168520212173462
5.050771236419678
5.174097776412964
5.10812520980835
5.165436744689941
5.160367727279663
5.226393461227417
5.118666887283325
5.128223657608032
5.065136194229126
5.228947162628174
5.07930588722229
5.181335926055908
5.1249589920043945
5.136349678039551
5.054405689239502
5.127053260803223
5.194782495498657
5.364147663116455
5.21156120300293
5.214215993881226
5.193071126937866
5.131917476654053
5.280242443084717
5.277397632598877
5.063575983047485
5.216453313827515
5.331457614898682
5.036163806915283
5.2476067543029785
5.230308771133423
5.313284873962402
5.312917232513428
5.267006874084473
5.2851645946502686
5.245774269104004
5.251301050186157
5.279083013534546
5.143533706665039
5.196470499038696
5.439221620559692
5.1656835079193115
5.275373220443726
5.221018075942993
5.301384687423706
5.345223426818848
5.143083572387695
5.292360782623291
5.1453330516815186
5.297813653945923
5.189610481262207
5.150957822799683
5.208285570144653
5.150575876235962
5.245783567428589
5.233686208724976
5.236249685287476
5.324366331100464
5.158519983291626
5.2222864627838135
5.209776163101196
5.156189203262329
5.176437139511108
5.108259916305542
5.181265115737915
5.314798355102539
5.292290210723877
5.219282865524292
5.206892251968384
5.235324859619141
5.2862937450408936
5.230819940567017
5.227452993392944
5.188106060028076
5.1917335987091064
5.230530023574829
4.943289518356323
5.227667570114136
5.278663635253906
5.23518443107605
5.266420602798462
5.179203987121582
5.120667934417725
5.2085535526275635
5.405562162399292
5.192131280899048
5.201694488525391
5.220183610916138
5.1931774616241455
5.210273027420044
5.194676160812378
5.267414808273315
5.187647581100464
5.2325098514556885
5.2074267864227295
5.2411744594573975
5.196896314620972
5.085143327713013
5.263115644454956
5.360706329345703
5.4225757122039795
5.216432094573975
5.422532796859741
5.278552532196045
5.354369878768921
5.27932071685791
5.2936742305755615
5.272299289703369
5.26568865776062
5.203998804092407
5.33843469619751
5.210681438446045
5.3685431480407715
5.226578712463379
5.339570999145508
5.315510511398315
5.3043811321258545
5.318358659744263
5.277381420135498
5.317353963851929
5.20541787147522
5.2353856563568115
5.3476173877716064
5.318853139877319
5.2664549350738525
5.3312811851501465
5.142777919769287
5.186607360839844
5.218988656997681
5.321168422698975
5.257833003997803
5.241842031478882
5.341844081878662
5.19560980796814
5.19305944442749
5.318340301513672
5.235381603240967
5.1980204582214355
5.3611321449279785
5.280337572097778
5.328545570373535
5.236623287200928
5.332958698272705
5.31297492980957
5.222433805465698
5.28827428817749
5.3028342723846436
5.202186584472656
5.169623374938965
5.170433044433594
5.301817417144775
5.272262334823608
5.170899152755737
5.350486516952515
5.404492139816284
5.381617784500122
5.253351926803589
5.335649728775024
5.411263942718506
5.376628160476685
5.206615924835205
5.344220161437988
5.334803819656372
5.178099155426025
5.312332630157471
5.346033811569214
5.135281801223755
5.284309387207031
5.291090488433838
5.321929931640625
5.317566156387329
5.250348091125488
5.2952282428741455
5.3094563484191895
5.312904119491577
5.41638708114624
5.3207175731658936
5.2687060832977295
5.166964054107666
5.337283611297607
5.344162940979004
5.177231788635254
5.368292570114136
5.3011064529418945
5.297362327575684
5.194925546646118
5.348876237869263
5.298742055892944
5.249205112457275
5.263444423675537
5.3033387660980225
5.26858377456665
5.345491886138916
5.2634031772613525
5.2619242668151855
5.319731950759888
5.186187505722046
5.3698647022247314
5.286208868026733
5.290708541870117
5.360782623291016
5.302883625030518
5.222191095352173
5.415475130081177
5.272545337677002
5.242079496383667
5.3167736530303955
5.283315420150757
5.204341888427734
5.273241281509399
5.274591445922852
5.305778741836548
5.277205944061279
5.305724859237671
5.296111106872559
5.329318523406982
5.304004430770874
5.333351373672485
5.256879806518555
5.240494966506958
5.374493837356567
5.645917892456055
5.341195344924927
5.393827438354492
5.313326597213745
5.289353370666504
5.2824766635894775
5.27539587020874
5.176045656204224
5.305406093597412
5.25534462928772
5.3743603229522705
5.372576713562012
5.216883182525635
5.193206787109375
5.294274091720581
5.223265647888184
5.292862892150879
5.138189077377319
5.370064735412598
5.244743824005127
5.233929872512817
5.25252103805542
5.301945924758911
5.17342734336853
5.3573949337005615
5.218784809112549
5.224773168563843
5.264288425445557
5.353323698043823
5.2238709926605225
5.25475549697876
5.200430154800415
5.293229579925537
5.3111653327941895
5.346624374389648
5.301349639892578
5.373172044754028
5.140686988830566
5.265252351760864
5.398019790649414
5.238007545471191
5.281124114990234
5.3484251499176025
5.455553293228149
5.305975914001465
5.299352407455444
5.210639238357544
5.324798822402954
5.305609464645386
5.323459148406982
5.388237476348877
5.321487665176392
5.347534894943237
5.377587795257568
5.274310827255249
5.263724088668823
5.189645767211914
5.275030851364136
5.3621134757995605
5.448583364486694
5.217516660690308
5.185283899307251
5.323176860809326
5.291337251663208
5.314118146896362
5.208232879638672
5.269498825073242
5.418466806411743
5.175857782363892
5.222134351730347
5.329693078994751
5.093235969543457
5.290539979934692
5.323987722396851
5.303083658218384
5.243419170379639
5.307358264923096
5.300045967102051
5.353518724441528
5.197721004486084
5.293483018875122
5.207329750061035
5.361294269561768
5.307153224945068
5.331863164901733
5.676417112350464
5.814854621887207
5.219367980957031
5.288114786148071
5.19723916053772
5.2092437744140625
5.203868627548218
5.249441623687744
5.299196004867554
5.335698843002319
5.217996120452881
5.140193462371826
5.372349977493286
5.291459798812866
5.345426082611084
5.301475286483765
5.340005874633789
5.3322038650512695
5.224801301956177
5.207180976867676
5.450196743011475
5.286350250244141
5.246369361877441
5.262557744979858
5.4236674308776855
5.3783509731292725
5.410933971405029
5.271556854248047
5.322956085205078
5.212064981460571
5.150505065917969
5.303824186325073
5.305049896240234
5.2434821128845215
5.227196455001831
5.352090120315552
5.398375988006592
5.243374347686768
5.416271209716797
5.321975469589233
5.257015228271484
5.2793288230896
5.314489126205444
5.3616321086883545
5.322460889816284
5.341855764389038
5.30230712890625
5.298815011978149
5.362218379974365
5.383827209472656
5.3553431034088135
5.392302989959717
5.189170598983765
5.2322163581848145
5.434099435806274
5.240916967391968
5.225813865661621
5.349971055984497
5.241197347640991
5.4192726612091064
5.382544279098511
5.324026823043823
5.351396322250366
5.3204100131988525
5.176029682159424
5.279798269271851
5.30885910987854
5.604530334472656
5.396670341491699
5.2521703243255615
5.1663978099823
5.36340069770813
5.3661675453186035
5.419338941574097
5.167961597442627
5.375657796859741
5.251417636871338
5.412951707839966
5.237141132354736
5.268231153488159
5.29674220085144
5.38538670539856
5.2327721118927
5.3177809715271
5.305696725845337
5.321859836578369
5.191685914993286
5.334299802780151
5.385072231292725
5.232296943664551
5.180070161819458
5.2360382080078125
5.154123544692993
5.308562517166138
5.35387659072876
5.329400300979614
5.214534521102905
5.218407392501831
5.33600640296936
5.390334844589233
5.275263786315918
5.209167242050171
5.309821367263794
5.333390951156616
5.233104228973389
5.337967395782471
5.414381504058838
5.3225884437561035
5.249517440795898
5.274026870727539
5.3584370613098145
5.311851501464844
5.441908597946167
5.360572099685669
5.233280420303345
5.2037353515625
5.26433539390564
5.254120826721191
5.175238132476807
5.283200025558472
5.313124656677246
5.278059959411621
5.329565763473511
5.264362812042236
5.3650360107421875
5.369694471359253
5.232484579086304
5.326421499252319
5.3483803272247314
5.3213958740234375
5.267023086547852
5.366837501525879
5.216444492340088
5.3407301902771
5.246910810470581
5.265613555908203
5.3764050006866455
5.299499273300171
5.274408578872681
5.256299018859863
5.308388710021973
5.324611663818359
5.449171781539917
5.269684791564941
5.383643627166748
5.21235728263855
5.339404821395874
5.322295188903809
5.354979991912842
5.353570938110352
5.288398504257202
5.284371614456177
5.313246726989746
5.354443788528442
5.3589417934417725
5.316242456436157
5.288280010223389
5.339179992675781
5.327100038528442
5.328410863876343
5.320457935333252
5.386658668518066
5.179279088973999
5.223296642303467
5.249135732650757
5.344565153121948
5.299992561340332
5.362558603286743
5.196950435638428
5.327640056610107
5.264843702316284
5.216436147689819
5.356912851333618
5.281139612197876
5.454466104507446
5.254801988601685
5.312935829162598
5.248707294464111
5.3342509269714355
5.252702236175537
5.235903263092041
5.292330265045166
5.256464242935181
5.2940051555633545
5.176482200622559
5.261798620223999
5.292940378189087
5.3170881271362305
5.265732288360596
5.299376487731934
5.178274393081665
5.3340911865234375
5.361908435821533
5.248933792114258
5.149580001831055
5.286327123641968
5.25612211227417
5.2445714473724365
5.300656080245972
5.286695241928101
5.288413047790527
5.236368417739868
5.270939350128174
5.374619245529175
5.21173095703125
5.267301797866821
5.346295356750488
5.2439398765563965
5.380749464035034
5.302027940750122
5.42951226234436
5.3081955909729
5.160536289215088
5.179280042648315
5.3515942096710205
5.327727794647217
5.378669500350952
5.280195713043213
5.384265184402466
5.6045920848846436
5.235545635223389
5.264863014221191
5.324896574020386
5.3282506465911865
5.2794530391693115
5.259953260421753
5.25261664390564
5.242053985595703
5.319469213485718
5.3453662395477295
5.221758127212524
5.308911323547363
5.184842586517334
5.279088258743286
5.260425806045532
5.315373659133911
5.298116207122803
5.14912486076355
5.264538526535034
5.248864650726318
5.271390914916992
5.29864764213562
5.386898040771484
5.305003881454468
5.265375375747681
5.339390277862549
5.373655796051025
5.330793619155884
5.300180435180664
5.424479961395264
5.210882186889648
5.311292409896851
5.269749641418457
5.248588562011719
5.252384424209595
5.258256673812866
5.291541814804077
5.332376718521118
5.281449317932129
5.39145302772522
5.259299278259277
5.230223894119263
5.306367635726929
5.255805492401123
5.284390211105347
5.295703887939453
5.268975019454956
5.338232040405273
5.258004665374756
5.305884599685669
5.177719354629517
5.3930888175964355
5.361209392547607
5.358341455459595
5.274848937988281
5.410116910934448
5.275706052780151
5.396176099777222
5.350576162338257
5.219515085220337
5.348488807678223
5.269393682479858
5.378581523895264
5.307922840118408
5.26522970199585
5.337613344192505
5.362646102905273
5.317697525024414
5.268425703048706
5.191716909408569
5.274223566055298
5.3392298221588135
5.273674249649048
5.309413433074951
5.218642950057983
5.159470558166504
5.352086305618286
5.394528150558472
5.3469672203063965
5.309457063674927
5.405906915664673
5.328354835510254
5.301346302032471
5.3879358768463135
5.244105339050293
5.422053098678589
5.364424705505371
5.298345565795898
5.399924278259277
5.214754819869995
5.308840751647949
5.270804166793823
5.456974506378174
5.250787973403931
5.078629493713379
5.286820650100708
5.232769250869751
5.3348634243011475
5.279813528060913
5.36689305305481
5.014573335647583
5.1136627197265625
5.127675771713257
5.229767799377441
5.4689857959747314
5.354881048202515
5.340178966522217
5.209750413894653
5.083636045455933
5.4369566440582275
5.300832033157349
5.193735361099243
5.281813859939575
5.2387754917144775
5.313843727111816
5.2968292236328125
5.24578332901001
5.317848443984985
5.241780042648315
5.18973183631897
5.351879596710205
5.334864139556885
5.171714544296265
5.492005825042725
5.454971790313721
5.2557923793792725
5.215755462646484
5.25879430770874
5.274808883666992
5.187730312347412
5.419941663742065
5.153700113296509
5.182724952697754
5.2227606773376465
4.972533702850342
5.205746412277222
5.232769727706909
5.251242160797119
5.266801118850708
5.400923013687134
5.294828176498413
5.265801191329956
5.315846681594849
5.375900745391846
5.164926528930664
5.202744483947754
4.999557971954346
5.321852922439575
5.402925729751587
5.111660003662109
5.213751792907715
5.31984806060791
5.213754177093506
5.235774278640747
5.325855493545532
4.966527938842773
5.249786853790283
5.278810739517212
5.134681463241577
5.285818815231323
5.149159908294678
4.986546993255615
5.365890741348267
5.489004135131836
5.4579761028289795
5.255950212478638
5.251788377761841
5.08763861656189
5.340869426727295
5.27781081199646
5.226766347885132
5.059613466262817
5.337866544723511
5.008565902709961
5.057617664337158
5.03359055519104
5.6751837730407715
5.620123863220215
5.374900579452515
5.293826580047607
5.150696277618408
5.4980127811431885
5.379905700683594
5.321851491928101
5.133679628372192
5.230770111083984
5.183725595474243
5.215754985809326
5.169712781906128
5.145692348480225
5.208749055862427
5.23076868057251
5.257794380187988
5.365892171859741
5.426947116851807
5.152696371078491
5.407930374145508
5.100649833679199
5.276810884475708
5.197739124298096
5.308840274810791
5.376902103424072
5.1536993980407715
5.362991094589233
5.246782302856445
5.1827263832092285
5.299831867218018
5.2377753257751465
5.233771800994873
5.162185907363892
5.348876237869263
5.379904747009277
5.323853015899658
5.0866382122039795
5.170713663101196
5.022579193115234
5.358760356903076
5.231770277023315
5.522700071334839
5.398921012878418
5.139685392379761
5.266801834106445
5.02958607673645
5.278810739517212
5.298831462860107
5.126672744750977
5.259795188903809
5.2017412185668945
5.287821292877197
5.13968563079834
5.227402687072754
5.080633163452148
5.314845561981201
5.1316797733306885
5.259794473648071
5.1947362422943115
5.3819074630737305
5.329859495162964
5.236775875091553
5.37189793586731
5.257794380187988
5.29883074760437
5.357885122299194
5.314844608306885
5.27981424331665
5.355882883071899
5.41177225112915
5.318850517272949
5.394918441772461
5.36188817024231
5.3248536586761475
5.045599699020386
5.254789352416992
5.31484580039978
5.37890362739563
5.116665840148926
5.15970253944397
5.334863662719727
5.026582717895508
5.353888273239136
5.210752010345459
5.2087483406066895
5.335864782333374
4.9395036697387695
5.176720380783081
5.245784044265747
5.324855327606201
5.39091420173645
5.292826414108276
5.300831317901611
5.3288586139678955
5.179723262786865
5.291632175445557
5.0483129024505615
5.450969457626343
5.367894649505615
5.272807359695435
5.325854063034058
4.924490928649902
5.1386847496032715
5.083635568618774
5.326855897903442
5.135682106018066
5.2758095264434814
5.134681701660156
5.180722951889038
5.358885765075684
5.266799449920654
5.118666887283325
5.215754270553589
5.283818244934082
5.063616514205933
5.235772371292114
5.24108624458313
5.135681867599487
5.297829627990723
5.339868068695068
5.183725118637085
5.3458733558654785
5.309840440750122
5.286820650100708
5.125672817230225
5.352880954742432
5.29282546043396
5.294827222824097
4.932496786117554
5.26880407333374
5.29382586479187
5.311842441558838
5.185476064682007
5.196738243103027
5.106656551361084
5.3108415603637695
5.069622278213501
5.3058388233184814
5.2017436027526855
5.352880239486694
5.340868234634399
5.2694783210754395
5.41793966293335
5.151690721511841
5.383368492126465
5.01957631111145
5.111661434173584
5.1466920375823975
5.179723501205444
5.285819053649902
5.387912750244141
5.227766275405884
5.251786947250366
5.197738409042358
5.218758583068848
5.243782043457031
5.28481912612915
5.210751295089722
5.258793354034424
5.191734313964844
5.212753534317017
5.232771158218384
5.3308610916137695
5.449967384338379
5.373755693435669
5.331862449645996
5.252789497375488
5.271014213562012
5.092643737792969
5.348876953125
5.206980466842651
5.28782057762146
5.164708852767944
5.241778612136841
5.114662170410156
5.179723262786865
5.157702684402466
5.29783034324646
5.140688180923462
5.259794235229492
5.38590931892395
5.29883074760437
5.342872381210327
5.126674175262451
5.370898246765137
5.214752912521362
5.561070680618286
5.29983115196228
5.357885122299194
5.2477850914001465
5.288823366165161
5.384909391403198
5.182724714279175
5.123670339584351
5.182724237442017
5.2247631549835205
5.254791498184204
5.093644380569458
5.391916036605835
5.1296772956848145
5.21075177192688
5.053607702255249
5.2668023109436035
5.251787900924683
5.423943042755127
5.359883546829224
5.31084132194519
5.172716856002808
5.0335893630981445
5.279813528060913
5.395918846130371
5.147693157196045
5.235774517059326
5.155699014663696
5.196737766265869
5.177720069885254
5.415938377380371
5.256791830062866
5.432953834533691
5.175719499588013
5.341869592666626
5.416937828063965
5.133681058883667
5.32585597038269
4.8554277420043945
5.201742887496948
5.648149490356445
5.1246724128723145
5.423630714416504
5.310842275619507
5.324854850769043
5.183727025985718
5.26079535484314
5.3498780727386475
5.089639902114868
5.134681463241577
5.359887361526489
5.372898578643799
5.04059624671936
5.173837423324585
5.084635257720947
5.012570142745972
5.340869903564453
5.148693323135376
5.312843561172485
5.111660957336426
5.374901533126831
5.304834842681885
5.32585597038269
5.091644525527954
5.226766347885132
5.220760345458984
5.449967861175537
5.07062292098999
5.146692514419556
5.233772277832031
5.212759733200073
5.368895769119263
5.254790782928467
5.203745126724243
5.278812646865845
5.187730550765991
5.269804000854492
5.251786470413208
5.4539735317230225
5.156702756881714
5.031139850616455
5.363890647888184
5.306839227676392
5.231770277023315
5.1466920375823975
5.132760763168335
5.297829866409302
5.1917338371276855
5.436957120895386
5.335864067077637
5.2908244132995605
5.33085823059082
5.173716306686401
5.133681535720825
5.519188642501831
5.39471435546875
5.219758987426758
5.026583671569824
5.116663455963135
5.2307679653167725
5.12464165687561
4.984545469284058
5.178722381591797
5.373899698257446
5.050604343414307
5.331861972808838
5.288820266723633
5.173716068267822
5.2157557010650635
5.265800952911377
5.030586004257202
5.484999179840088
5.107207536697388
4.977537155151367
5.094644784927368
5.200741767883301
5.166709899902344
5.244781494140625
5.141688585281372
5.2237632274627686
5.345873832702637
5.117666721343994
4.923240900039673
5.113662958145142
5.00356125831604
5.441960334777832
5.1160101890563965
5.3078391551971436
5.293828010559082
5.055609464645386
5.385910511016846
5.256793737411499
5.20574688911438
5.270806074142456
5.099649667739868
4.911477565765381
5.167709827423096
5.468984127044678
5.036592483520508
5.182725191116333
5.301833391189575
5.218756914138794
4.886455774307251
5.076627492904663
5.222762584686279
5.111660480499268
5.1006505489349365
5.154700040817261
5.215754747390747
5.221760511398315
5.238776683807373
5.288822650909424
5.040595531463623
5.272807359695435
5.180724620819092
5.270806789398193
5.281816720962524
5.219758987426758
5.219759941101074
5.218759059906006
5.266801595687866
5.3438720703125
5.2307679653167725
5.29082465171814
5.299833059310913
4.778357028961182
5.195736885070801
5.203743934631348
5.273119211196899
5.247783660888672
5.281812906265259
5.14669394493103
5.153699636459351
5.107656955718994
5.220760822296143
5.293825387954712
5.266802787780762
5.388742446899414
5.272807598114014
5.210750579833984
5.46898627281189
5.278812408447266
5.488001823425293
4.966529130935669
5.084636926651001
5.077628135681152
5.172715663909912
5.164708614349365
5.2567925453186035
5.058612585067749
5.214755535125732
5.1136634349823
5.185725927352905
4.9735331535339355
5.45697546005249
5.023580551147461
5.119985818862915
5.048969030380249
5.191734552383423
5.094644784927368
5.242779493331909
5.009566783905029
5.1066577434539795
5.259537220001221
5.063617467880249
5.330858945846558
5.157701015472412
5.239776849746704
5.0766282081604
5.17171573638916
5.23677396774292
5.288822412490845
5.13368034362793
5.279813289642334
5.220761299133301
5.217757225036621
5.25779390335083
5.183725357055664
5.442961931228638
5.235771656036377
5.0816330909729
5.311843395233154
5.209749221801758
5.33686637878418
5.171715974807739
5.274810075759888
5.042597532272339
5.087636947631836
5.24177622795105
5.169713020324707
5.250787019729614
5.185729026794434
5.224764585494995
5.128676414489746
5.177719354629517
4.866436958312988
5.077629566192627
5.174752950668335
5.1667115688323975
5.104653835296631
5.348876714706421
5.386911630630493
5.356882572174072
5.2297682762146
5.1226701736450195
5.292825222015381
5.0478596687316895
5.273808240890503
5.401925802230835
5.144691228866577
5.249073028564453
5.096646785736084
5.360888719558716
5.243780136108398
5.2678022384643555
5.227765321731567
5.357884883880615
5.121667861938477
5.264914274215698
4.946509838104248
5.332960605621338
5.299831867218018
5.165709972381592
5.207747459411621
5.115664005279541
5.115435361862183
5.403926372528076
5.145691394805908
4.957520246505737
5.2137532234191895
5.122670650482178
5.235774040222168
5.311842203140259
5.251789331436157
5.349876642227173
4.939503192901611
5.0936408042907715
5.234773635864258
5.324854850769043
5.4609785079956055
5.179721832275391
5.252789497375488
5.705201864242554
5.297830104827881
5.123671293258667
5.0976479053497314
5.2387778759002686
5.207748651504517
5.1859095096588135
5.227766275405884
5.1957385540008545
5.326857328414917
5.096645832061768
5.305837392807007
5.24678373336792
5.443962574005127
5.216756105422974
5.134680986404419
5.329860687255859
5.317848443984985
5.1907336711883545
5.209749221801758
5.430951356887817
5.113662242889404
5.4649834632873535
5.464497804641724
5.214755296707153
5.010568380355835
5.209749698638916
5.309842109680176
5.17085599899292
5.141687870025635
5.060614347457886
5.34349250793457
5.491005897521973
5.255793571472168
5.458977222442627
5.041598081588745
5.458976984024048
5.284818410873413
5.171715497970581
5.3318610191345215
5.4819982051849365
5.209749460220337
5.3138439655303955
5.30483603477478
5.02157735824585
5.13368034362793
5.184726238250732
5.182724952697754
5.316847085952759
5.761253356933594
5.287821054458618
5.36088752746582
5.136683225631714
5.152696371078491
5.310840606689453
5.1847243309021
5.169713258743286
5.279814004898071
5.355883359909058
5.167710304260254
5.18272590637207
5.031587600708008
5.127676010131836
4.922488451004028
5.023579359054565
5.206690311431885
5.463981628417969
5.289822101593018
5.200741767883301
5.392915964126587
5.2567925453186035
5.38891339302063
5.1546995639801025
5.180723667144775
5.384910821914673
5.4229443073272705
5.208750486373901
5.187729358673096
5.267802476882935
5.3188488483428955
5.280813932418823
5.231770038604736
5.158703088760376
5.176720857620239
5.375900030136108
5.189733028411865
5.436956405639648
5.237775564193726
5.0976481437683105
5.229767560958862
5.236774682998657
5.260797500610352
5.200741529464722
5.422605037689209
5.037593126296997
5.5696635246276855
5.242779731750488
5.143689393997192
5.275810480117798
5.239777088165283
5.182725191116333
5.249786138534546
5.350877285003662
5.315845966339111
5.358886957168579
5.322371006011963
5.133681535720825
5.228767395019531
5.289823055267334
5.174716949462891
5.325851917266846
5.2748095989227295
5.413934946060181
5.216756343841553
5.318589448928833
5.248784780502319
5.277972936630249
5.271807432174683
5.3018341064453125
5.311843395233154
5.374900579452515
5.275810956954956
5.083635091781616
5.191734552383423
5.531042098999023
5.55306339263916
5.265800714492798
5.221760988235474
5.282816410064697
5.456973552703857
5.394917726516724
5.19573712348938
5.1566996574401855
5.132323265075684
5.307839870452881
5.2928245067596436
5.2127525806427
5.2748095989227295
5.265800476074219
5.236773252487183
5.259793758392334
5.130678176879883
5.267802476882935
5.369896173477173
5.106654644012451
5.318847417831421
5.326857089996338
5.190731525421143
5.319886922836304
5.192734241485596
5.314844608306885
5.443964242935181
5.213758707046509
5.200039625167847
5.229766130447388
5.335863828659058
5.270804166793823
5.228766918182373
5.304835796356201
5.439959764480591
5.293827533721924
5.318850517272949
5.215754747390747
5.414936542510986
5.137683868408203
5.318849563598633
5.236774444580078
5.237776041030884
5.336864709854126
5.351880311965942
5.413935422897339
5.406929016113281
5.239777088165283
5.3418707847595215
5.267802715301514
5.152697324752808
5.240777969360352
5.210750341415405
5.2437803745269775
5.4229443073272705
5.207746744155884
5.232771158218384
5.192735195159912
5.201741695404053
5.252788543701172
5.183724641799927
5.341869354248047
5.1346821784973145
5.2127525806427
5.3058366775512695
5.229767560958862
5.322854042053223
5.253789663314819
5.454973936080933
5.199740886688232
5.394918441772461
5.159704208374023
5.405929803848267
5.258793354034424
5.242780447006226
5.28281569480896
5.225764989852905
5.214761734008789
5.213752508163452
5.3368659019470215
5.2918243408203125
5.2437803745269775
5.375334739685059
5.364892244338989
5.255792617797852
5.342871904373169
5.350879430770874
5.3138439655303955
5.243782043457031
5.333862543106079
5.393919229507446
5.123671293258667
5.282816171646118
5.423945903778076
5.351880788803101
5.351880073547363
5.379904747009277
5.323854923248291
5.263798713684082
5.2247633934021
5.242778778076172
5.196737051010132
5.335865259170532
5.1917338371276855
5.247784614562988
5.3829076290130615
5.166710376739502
5.191732883453369
5.345873117446899
5.346875429153442
5.225764036178589
5.289821624755859
5.198740005493164
5.292825698852539
5.214755058288574
5.42894983291626
5.3078389167785645
5.3859100341796875
5.192733287811279
5.4719884395599365
5.306838274002075
5.243780851364136
5.269805192947388
5.204744815826416
5.327858209609985
5.412933349609375
5.275810480117798
5.314846754074097
5.271807909011841
5.303835868835449
5.261798143386841
5.3078389167785645
5.295828104019165
5.215754747390747
5.354882001876831
5.407037973403931
5.200737714767456
5.245781898498535
5.331860065460205
5.232771873474121
5.2918243408203125
5.23076868057251
5.231769561767578
5.349877595901489
5.2808144092559814
5.0936439037323
5.4199419021606445
5.273808479309082
5.317849159240723
5.353880882263184
5.296828985214233
5.281814336776733
5.3428709506988525
5.319366693496704
5.171715021133423
5.157701730728149
5.446967363357544
5.227766513824463
5.25786828994751
5.306838035583496
5.3048365116119385
5.223762512207031
5.287821292877197
5.370897054672241
5.308840990066528
5.286819696426392
5.282815933227539
5.341869831085205
5.458976745605469
5.469986915588379
5.259475231170654
5.29282546043396
5.217756748199463
5.295828580856323
5.324854135513306
5.327858209609985
5.210751056671143
5.317848205566406
5.301834583282471
5.108656167984009
5.279814958572388
5.131141185760498
5.345873594284058
5.224764823913574
5.3668928146362305
5.3108415603637695
5.2778096199035645
5.363889217376709
5.33086085319519
5.368895769119263
5.078630685806274
5.2637999057769775
5.37489914894104
5.37295937538147
5.218764066696167
5.277811765670776
5.399924039840698
5.29182505607605
5.3348634243011475
5.261797189712524
5.174718618392944
5.344874143600464
5.288822174072266
5.310842037200928
5.358885765075684
5.350878477096558
5.237773656845093
5.313844680786133
5.2688047885894775
5.355884075164795
5.467985391616821
5.347876787185669
5.2758095264434814
5.202743291854858
5.378903865814209
5.385910272598267
5.310840606689453
5.24678373336792
5.271806716918945
5.264800071716309
5.412934303283691
5.178721904754639
5.267803192138672
5.4359190464019775
5.333863973617554
5.367893934249878
5.433472394943237
5.312843561172485
5.447966575622559
5.2658021450042725
5.354883432388306
5.321852445602417
5.137682676315308
5.362890720367432
5.148695468902588
5.18172550201416
5.303836107254028
5.468986511230469
5.260797500610352
5.43795919418335
5.2828168869018555
5.292825698852539
5.227766990661621
5.047251224517822
5.296828746795654
5.342871189117432
5.5000152587890625
5.22580361366272
5.021578550338745
5.223762035369873
4.914480924606323
5.071624040603638
4.951088905334473
5.250786781311035
5.44596529006958
5.152698278427124
5.285819053649902
5.43497896194458
5.199740409851074
5.2698047161102295
5.318849802017212
5.438957214355469
5.381907224655151
5.347448348999023
5.267802953720093
5.177721261978149
5.29992151260376
5.2918736934661865
5.248916149139404
5.298964977264404
5.280947923660278
5.3720316886901855
5.3337321281433105
5.423080205917358
5.183856010437012
5.323987245559692
5.37803840637207
5.339001178741455
5.41206955909729
5.191863059997559
5.284951686859131
5.048729419708252
4.991676330566406
5.231899976730347
5.212883234024048
5.272939443588257
4.821516036987305
4.9576451778411865
4.994678497314453
5.297964096069336
5.228898525238037
4.90059232711792
5.285952091217041
5.26493239402771
5.138813734054565
5.272938251495361
5.283950090408325
5.403062105178833
5.220890760421753
5.1678407192230225
5.30396842956543
5.398055553436279
5.415071725845337
5.288954734802246
5.33599853515625
5.297962188720703
5.228898525238037
5.3480095863342285
5.307199954986572
5.277944564819336
5.414071559906006
5.211884260177612
5.4400954246521
5.127804517745972
5.14181661605835
5.257925748825073
5.411068916320801
5.329993486404419
5.309973478317261
5.404062509536743
5.243911504745483
5.147823333740234
5.332995414733887
5.313979387283325
5.233903646469116
5.343003511428833
5.305969953536987
5.341003179550171
5.395053386688232
5.260928153991699
5.2999653816223145
5.406064033508301
5.2208921909332275
5.215887069702148
5.280947685241699
5.314978122711182
5.243912935256958
5.333997488021851
5.257923603057861
5.218888998031616
5.3239874839782715
5.0677478313446045
5.21889066696167
5.334997653961182
5.485138416290283
5.263931035995483
5.269937515258789
5.374034404754639
5.2709386348724365
5.241910934448242
5.4601149559021
5.205878019332886
5.258927345275879
5.229898691177368
5.348009347915649
5.252920627593994
5.398056507110596
5.357016324996948
5.485138654708862
5.394052743911743
5.265933036804199
5.256924867630005
5.224893808364868
5.293958902359009
5.317981719970703
5.211882591247559
5.187859773635864
5.395409822463989
5.30697226524353
5.263935089111328
5.406065464019775
5.116792917251587
5.302967548370361
5.278704881668091
5.376036167144775
5.2979631423950195
5.243913173675537
5.293960094451904
5.14682149887085
5.274940729141235
5.280945539474487
5.318988084793091
5.273939371109009
5.331994295120239
5.357018947601318
5.2068772315979
5.256925106048584
5.3480095863342285
5.185858726501465
5.372032403945923
5.335998058319092
5.235904216766357
5.288954019546509
5.42920994758606
5.435092926025391
5.408066511154175
5.363025665283203
5.351012468338013
5.343005895614624
5.2979631423950195
5.237907409667969
5.198871374130249
5.36402440071106
5.349010944366455
5.440097332000732
5.553202152252197
5.279945611953735
5.412069320678711
5.33599853515625
5.3540167808532715
5.35101318359375
5.401059865951538
5.224895477294922
5.238907098770142
5.190863609313965
5.167841672897339
5.256924390792847
5.239907264709473
5.263931751251221
5.237908363342285
5.265931844711304
5.181854248046875
5.1878626346588135
5.271938800811768
5.197868585586548
5.43208909034729
5.313976764678955
5.508159637451172
5.68732762336731
5.581230163574219
5.301966905593872
5.303969144821167
5.104782342910767
5.362023115158081
5.3930511474609375
5.180854558944702
5.349011421203613
5.262929916381836
5.184856653213501
5.299938440322876
5.16480278968811
5.409030199050903
5.264896869659424
5.371912240982056
5.381003379821777
5.269900798797607
5.2939229011535645
5.204840421676636
5.318897008895874
5.37099552154541
5.231864929199219
5.486103057861328
5.290921688079834
5.191829442977905
5.292922735214233
5.198835134506226
5.223858833312988
5.2318665981292725
5.188825845718384
5.353980302810669
5.464081525802612
5.344969749450684
5.370994806289673
5.259891986846924
5.417037725448608
5.318944454193115
5.402023077011108
5.29892897605896
5.318946361541748
5.284916162490845
5.167806148529053
5.252885341644287
5.183822154998779
5.326954364776611
5.211846590042114
5.148786544799805
5.26289439201355
5.2168519496917725
5.368994235992432
5.296926021575928
5.234868288040161
5.259891986846924
5.239871978759766
5.352965593338013
5.3599853515625
5.195832014083862
5.184820890426636
5.415036201477051
5.408029317855835
5.301929235458374
5.204839706420898
5.293922424316406
5.207843542098999
5.099414348602295
5.301929950714111
5.430049419403076
5.349975347518921
5.238872289657593
5.139038562774658
5.138777017593384
5.2638959884643555
5.314943313598633
5.450068473815918
5.1347739696502686
5.218852996826172
5.2038397789001465
5.25688910484314
5.386008262634277
5.361987113952637
5.342969179153442
5.235869646072388
5.2945027351379395
5.2038397789001465
5.134774923324585
5.258891582489014
5.224858999252319
5.135562419891357
5.176815032958984
5.323951005935669
5.274905443191528
5.109752655029297
5.264896392822266
5.201563596725464
5.279910087585449
5.288918733596802
5.273905038833618
5.270902395248413
5.25888991355896
5.268901586532593
5.239873886108398
5.32895565032959
5.277907848358154
5.191819429397583
5.233868360519409
5.234867811203003
5.183821678161621
5.3229498863220215
5.390011548995972
5.325952768325806
5.274905681610107
5.363987684249878
5.22716498374939
5.2176594734191895
5.199835777282715
5.275906085968018
5.172811031341553
5.297926902770996
5.126768589019775
5.215850353240967
5.145785570144653
5.215850353240967
5.457075119018555
5.305935859680176
5.223859548568726
5.153793096542358
5.273904323577881
5.330957412719727
5.334963083267212
5.138778209686279
5.106748819351196
5.111753940582275
5.396017551422119
5.219854831695557
5.254887104034424
5.249881982803345
5.1297712326049805
5.331958532333374
5.206181049346924
5.25088357925415
5.329957962036133
5.1708080768585205
5.231867074966431
5.262894868850708
5.317945718765259
5.453071594238281
5.268899202346802
5.039686441421509
5.3119566440582275
5.284915208816528
5.269899606704712
5.1698081493377686
5.1658034324646
5.035727500915527
4.776243448257446
5.042689085006714
5.1097517013549805
5.340966701507568
5.099881649017334
5.215851306915283
4.955608606338501
5.120761871337891
5.0887322425842285
5.217849969863892
5.106750726699829
5.216512203216553
4.901557683944702
4.922575950622559
5.1017749309539795
5.0932183265686035
5.100743532180786
5.304302930831909
5.150789976119995
5.200836658477783
5.055701494216919
5.171810150146484
5.119758367538452
5.324950695037842
5.244743585586548
5.200835943222046
5.195832252502441
5.522135257720947
5.143784761428833
5.089253902435303
4.88881778717041
5.251858472824097
5.398993968963623
5.146762132644653
5.069014310836792
5.046975135803223
5.276880979537964
5.031655788421631
5.156770706176758
5.099719524383545
5.228837490081787
5.096848726272583
5.272877216339111
4.981212615966797
4.989616632461548
5.135751247406006
5.353952884674072
5.105724811553955
5.416011095046997
5.199845552444458
5.137248992919922
5.229529619216919
5.152766704559326
5.291896343231201
5.1217591762542725
5.178790807723999
5.309913873672485
5.336938858032227
5.192804336547852
5.11150860786438
5.145761489868164
5.120739221572876
4.974602937698364
5.214824438095093
5.271878004074097
5.116734504699707
5.106725454330444
5.339029312133789
5.3219239711761475
4.976603031158447
5.1277430057525635
5.078698396682739
5.420013189315796
5.298902988433838
5.275283575057983
5.270504713058472
5.242850303649902
5.181793689727783
5.244853258132935
5.056678295135498
5.226835012435913
5.372971057891846
5.321655035018921
5.338937759399414
5.1459996700286865
5.24332857131958
5.192804574966431
5.22683572769165
5.255758047103882
5.323556423187256
5.193068504333496
5.133749485015869
5.3409411907196045
5.032656192779541
5.241849899291992
5.2008116245269775
5.322924852371216
5.1087257862091064
5.2898945808410645
5.258017301559448
5.259354829788208
5.273879289627075
4.9736011028289795
5.211502313613892
5.2378458976745605
4.976605653762817
5.041995286941528
5.004613637924194
5.198809862136841
5.049671649932861
5.242851495742798
5.127744197845459
5.176790475845337
5.191802978515625
5.2438507080078125
5.154768705368042
4.9956231117248535
5.166780471801758
5.318921327590942
4.961590528488159
5.112731218338013
5.104723215103149
5.0606818199157715
5.051301717758179
5.224833726882935
5.296900272369385
5.0256500244140625
4.98661470413208
5.306910037994385
5.3516528606414795
5.184797048568726
5.24285101890564
4.927295684814453
5.136751413345337
5.142757892608643
5.300905466079712
5.30490779876709
5.195805788040161
5.258468866348267
5.131748199462891
5.2008116245269775
5.065687894821167
4.921553611755371
5.041665315628052
5.270586967468262
5.318061113357544
5.167781114578247
4.967596530914307
5.179792642593384
5.44100284576416
5.250858783721924
5.200360059738159
4.97760534286499
5.0246477127075195
5.281887531280518
5.288893938064575
5.233842372894287
5.095712423324585
5.077698230743408
5.129245758056641
5.205815553665161
5.211823225021362
5.169784069061279
5.2328410148620605
5.228837728500366
5.392988681793213
5.173786878585815
5.1697821617126465
5.184797048568726
5.337939739227295
5.29889988899231
5.3989949226379395
5.148763656616211
5.194806098937988
5.334935665130615
5.660237789154053
5.170785188674927
5.244851350784302
5.1727869510650635
5.274879693984985
5.2208287715911865
5.130745887756348
5.233842134475708
5.293898105621338
5.26787257194519
5.236845254898071
5.229837894439697
5.343942880630493
5.230839729309082
5.187800884246826
5.237846374511719
5.229838609695435
5.179792404174805
5.265872240066528
5.3829803466796875
5.191804647445679
5.338939905166626
5.220829963684082
5.336937189102173
5.2218310832977295
5.382980823516846
5.353954076766968
5.257863759994507
5.347944498062134
5.3162007331848145
5.357938051223755
5.225816488265991
5.370948314666748
5.247838258743286
5.178774833679199
5.372953414916992
5.37295126914978
5.224816799163818
5.238827228546143
5.169764041900635
5.261492967605591
5.169765949249268
5.224816799163818
5.11371374130249
5.320904970169067
5.258846044540405
5.220811605453491
5.24083137512207
5.130728244781494
5.095739364624023
5.278865575790405
5.337920427322388
5.1967902183532715
5.312896966934204
5.09069299697876
5.275778532028198
5.144742727279663
5.21981143951416
5.191785573959351
5.201794862747192
5.459030866622925
5.286872625350952
5.194786310195923
5.188782691955566
5.17053484916687
5.360941171646118
5.2808678150177
5.213805437088013
5.263852119445801
5.110710382461548
5.2398295402526855
5.1247241497039795
5.38096022605896
5.262851238250732
5.23082160949707
5.337920188903809
5.33191442489624
