Timing log for each step:
0.025021791458129883
10.266883373260498
10.179385662078857
10.243837356567383
10.28428316116333
10.27596378326416
10.375623226165771
10.657827377319336
10.307766437530518
10.45154070854187
10.363967418670654
10.415083408355713
10.427913665771484
10.284241676330566
10.400096893310547
10.487411737442017
10.503379344940186
10.417948246002197
10.206881523132324
10.467067241668701
10.61410665512085
10.411241292953491
10.434778690338135
10.492481231689453
10.605202198028564
10.396914958953857
10.444004535675049
10.40065622329712
10.553283214569092
10.45486068725586
10.57602596282959
10.558901071548462
10.46787691116333
10.510600566864014
10.61650013923645
10.505513668060303
10.584870100021362
10.585470199584961
10.64867639541626
10.617698669433594
10.55142617225647
10.528236865997314
9.90057921409607
10.597468614578247
10.561664819717407
10.467665910720825
10.489552021026611
10.508723735809326
10.472573041915894
10.626429080963135
10.466862678527832
10.489798069000244
10.43060040473938
10.737656116485596
10.636399984359741
10.505372285842896
10.537099599838257
9.822121143341064
10.414515972137451
10.55269479751587
10.390921115875244
10.438041687011719
10.559866189956665
10.42908000946045
10.608311891555786
10.573357820510864
10.428908348083496
10.295762300491333
10.439781665802002
10.35117769241333
10.711061239242554
10.420850276947021
10.350396871566772
10.455043077468872
10.359678268432617
10.451766967773438
10.445633172988892
10.512025356292725
10.44272756576538
10.370300054550171
10.549135684967041
10.378883600234985
10.29316759109497
10.373876333236694
10.311219215393066
10.367798566818237
10.403643608093262
10.410146236419678
10.394002914428711
10.326626777648926
10.424920320510864
10.354187488555908
10.400099992752075
10.414977788925171
10.289453983306885
10.430732488632202
10.355353355407715
10.43599557876587
10.425779104232788
10.480493307113647
10.641708850860596
10.477846384048462
10.49169397354126
10.457594633102417
10.562363386154175
10.360341310501099
10.548029899597168
10.345234870910645
10.367321491241455
10.512315034866333
10.662138938903809
10.598370790481567
10.465903282165527
10.416396617889404
10.51420521736145
10.356758117675781
10.481358528137207
10.37305998802185
10.386157035827637
10.560503005981445
10.590134143829346
10.511760950088501
10.490647792816162
10.352467060089111
10.461014986038208
10.616109132766724
10.515902280807495
10.522937774658203
10.458871841430664
10.469594478607178
10.618584394454956
10.604140758514404
10.395726203918457
10.449849843978882
10.416552782058716
10.469375133514404
10.596956253051758
10.59563159942627
10.554222345352173
10.963960886001587
11.176249504089355
11.107694625854492
10.714510440826416
10.55511212348938
10.498626470565796
10.589714527130127
10.533782243728638
10.462614297866821
10.537655591964722
10.617042064666748
10.602148294448853
10.862650156021118
10.564852237701416
10.467379093170166
10.437265396118164
10.530625820159912
10.446947574615479
10.392496824264526
10.327626466751099
10.347206830978394
10.672197341918945
10.434818744659424
10.416277885437012
10.519292116165161
10.502885580062866
10.62415337562561
10.682501554489136
10.302295684814453
10.663561582565308
10.54719090461731
10.578326940536499
10.68863296508789
10.555421113967896
10.503235816955566
10.494256734848022
10.373246431350708
10.40904974937439
10.508216619491577
10.471957921981812
10.486181735992432
10.413610696792603
10.459608316421509
10.610032558441162
10.520493745803833
10.59680700302124
10.487498760223389
10.498578310012817
10.639562368392944
10.578432321548462
10.56593108177185
10.589565753936768
10.44939923286438
10.541569471359253
10.521543025970459
10.488295793533325
10.516307353973389
10.515669584274292
10.567074537277222
10.543003797531128
10.657015323638916
10.463136672973633
10.572482347488403
10.641807794570923
10.488938093185425
10.535826683044434
10.596205472946167
10.42827320098877
10.506556510925293
10.565937519073486
10.493807077407837
10.529033184051514
10.419556617736816
10.615944623947144
10.572466135025024
10.464693546295166
10.564135551452637
10.532227516174316
10.931957721710205
10.733033180236816
10.475191831588745
10.570614337921143
10.655072450637817
10.694339275360107
10.502968072891235
10.591919422149658
10.511464357376099
10.696871995925903
10.523261070251465
10.509626150131226
10.527513027191162
10.742576360702515
10.447076797485352
10.564161539077759
10.639601945877075
10.573539018630981
10.530485153198242
10.600317001342773
10.479477167129517
10.385049819946289
10.472595930099487
10.656775951385498
10.521089792251587
10.387144565582275
10.586813926696777
10.489428758621216
10.6702139377594
10.686832666397095
10.693174839019775
10.526419639587402
10.539237022399902
10.606529951095581
10.658129453659058
10.743103265762329
10.637237310409546
10.715733528137207
10.65535044670105
10.681087732315063
10.665330410003662
10.813398599624634
10.733013391494751
10.710146188735962
10.744210243225098
10.768254518508911
10.7942533493042
10.73659610748291
10.786622762680054
10.7600736618042
10.276564836502075
