Timing log for each step:
0.017014265060424805
5.636593580245972
5.592566728591919
5.364961624145508
5.50147271156311
5.433407783508301
5.456881284713745
5.42888069152832
5.509580373764038
5.49438214302063
5.579908609390259
5.416402339935303
5.767230272293091
5.5958898067474365
5.560660362243652
5.4900312423706055
5.537615537643433
5.482337474822998
5.448855638504028
5.500543117523193
5.461153030395508
5.431193590164185
5.512057781219482
5.4517128467559814
5.356220006942749
5.489260911941528
5.424653053283691
5.454391717910767
5.474710941314697
5.51230788230896
5.484115123748779
5.574500799179077
5.400649785995483
5.421734809875488
5.573550462722778
5.468535423278809
5.486444473266602
5.4935126304626465
5.5026021003723145
5.555551767349243
5.340221166610718
5.649660348892212
5.7497758865356445
5.78092360496521
5.4834113121032715
5.4531755447387695
5.45220422744751
5.508428573608398
5.4504265785217285
5.486190557479858
5.459436893463135
5.48100471496582
5.410191297531128
5.64465856552124
5.495941638946533
5.484421730041504
5.565940856933594
5.460912704467773
5.559869289398193
5.53094220161438
5.515557050704956
5.564846515655518
5.566959619522095
5.559063911437988
5.627638339996338
5.470954418182373
5.578091621398926
5.636055946350098
5.547497749328613
5.559072732925415
5.4984517097473145
5.568131923675537
5.671694755554199
5.584900617599487
5.523351430892944
5.646547317504883
5.50841498374939
5.592001676559448
5.561399221420288
5.7167651653289795
5.639779567718506
5.556061267852783
5.550283432006836
5.631943225860596
5.802905321121216
6.170616149902344
6.1101720333099365
6.09027361869812
6.090052604675293
6.033630609512329
5.87999153137207
6.035658597946167
5.985499858856201
6.124458312988281
5.861495494842529
5.652914524078369
5.564080238342285
5.634202718734741
5.71003270149231
5.4893035888671875
5.646821022033691
5.6312010288238525
5.464357137680054
5.655646562576294
5.621825218200684
5.621636152267456
5.641199350357056
5.648791551589966
5.572163820266724
5.622804641723633
5.605276823043823
5.493911981582642
5.556086301803589
5.670325040817261
5.530869722366333
5.589758634567261
5.554980754852295
5.709421873092651
5.577053070068359
5.546573162078857
5.596077919006348
5.541163682937622
5.569187641143799
5.715303421020508
5.563900470733643
5.7000412940979
5.635457277297974
5.58725118637085
5.563878774642944
5.568341493606567
5.586927890777588
5.875868797302246
5.591813564300537
5.538143873214722
5.617583274841309
5.5739076137542725
5.618032693862915
5.663361549377441
5.649280548095703
5.644069671630859
5.538877725601196
5.606006383895874
5.656176328659058
5.575907230377197
5.528090000152588
5.614229202270508
5.657167434692383
5.5630083084106445
5.595367908477783
5.644868850708008
5.641274452209473
5.6382317543029785
5.668006420135498
5.549951076507568
5.520209789276123
5.63452672958374
5.645673036575317
5.597499847412109
5.576786041259766
5.651604175567627
5.65351939201355
5.571414947509766
5.679960250854492
5.546285629272461
5.640987873077393
5.613533973693848
5.600465536117554
5.617440700531006
5.592932224273682
5.600427627563477
5.570880651473999
5.732416391372681
5.62848687171936
5.701731204986572
5.528345584869385
5.673472881317139
5.557248830795288
5.696012496948242
5.5954749584198
5.634958505630493
5.681940078735352
5.587362766265869
5.7210822105407715
5.5402021408081055
5.634013652801514
5.6304707527160645
5.6574671268463135
5.622472524642944
5.610224485397339
5.610336780548096
5.59346866607666
5.649106740951538
5.5248353481292725
5.635402202606201
5.626410245895386
5.549867153167725
5.628611087799072
5.615705728530884
5.601613521575928
5.6259520053863525
5.555849075317383
5.587360620498657
5.680027723312378
5.720913410186768
5.616053104400635
5.627532958984375
5.581919193267822
5.654220342636108
5.6888651847839355
5.6107635498046875
5.595478534698486
5.630412578582764
5.625989675521851
5.67988395690918
5.657323360443115
5.713089942932129
5.67292857170105
5.604538202285767
5.637406587600708
5.637426137924194
5.66723108291626
5.640190839767456
5.5227437019348145
5.661996364593506
5.5971667766571045
5.67351508140564
5.981308221817017
5.8105857372283936
5.618226766586304
5.5909271240234375
5.8516247272491455
5.61463189125061
5.6868510246276855
5.644260406494141
5.596677541732788
5.686934232711792
5.708334445953369
5.634414196014404
5.6772894859313965
5.655226707458496
5.6810266971588135
5.739974737167358
5.758108377456665
5.65958571434021
5.656077861785889
5.584129571914673
5.628851652145386
5.635415315628052
5.632184982299805
5.578365325927734
5.719180345535278
5.736302852630615
5.63418173789978
5.630906820297241
5.691022157669067
5.667134761810303
5.623092174530029
5.638005018234253
5.7042076587677
5.683455944061279
5.599550247192383
5.623339891433716
5.634319067001343
5.733148574829102
5.637409210205078
5.6809399127960205
5.622485399246216
5.60110330581665
5.605356454849243
5.5992350578308105
5.679772615432739
5.588135242462158
5.70868444442749
5.683012962341309
5.69079852104187
5.690537214279175
5.654632568359375
5.680245637893677
5.665160894393921
5.667394161224365
5.710512399673462
5.612374305725098
5.658048152923584
5.677865028381348
5.640405893325806
5.71450138092041
5.741578817367554
5.705265522003174
5.605447053909302
5.577562570571899
5.735845327377319
5.68596625328064
5.681137323379517
5.758042573928833
5.6211559772491455
5.653677225112915
5.706560373306274
5.678281307220459
5.6088786125183105
5.705539703369141
5.630473852157593
5.596104860305786
5.615705728530884
5.629520893096924
5.726451873779297
5.6437342166900635
5.731855869293213
5.606537580490112
5.689787864685059
5.683937072753906
5.690124034881592
5.678462266921997
5.645869016647339
5.684289932250977
5.542033433914185
5.57436990737915
5.614224433898926
5.650534629821777
5.645140886306763
5.659822463989258
5.8028624057769775
5.696805477142334
5.655414819717407
5.606833457946777
5.537013530731201
5.639268636703491
5.683475971221924
5.6912522315979
5.614802360534668
5.6658453941345215
5.64640736579895
5.688732147216797
5.726271390914917
5.61638617515564
5.657123327255249
5.699599504470825
5.6640119552612305
5.682175397872925
5.638992547988892
5.606050729751587
5.785665512084961
5.638492822647095
5.560119867324829
5.71007513999939
5.637726545333862
5.62217116355896
5.705483913421631
5.604950666427612
5.530091285705566
5.605039358139038
5.695685625076294
5.677855968475342
5.8007824420928955
5.586817502975464
5.689057350158691
5.706604719161987
5.620697021484375
5.654216289520264
5.64814567565918
5.6636950969696045
5.644817113876343
5.622271776199341
5.646834373474121
5.624252080917358
5.666764259338379
5.6846604347229
5.621359586715698
5.639057397842407
5.601521253585815
5.705631256103516
5.70292329788208
5.716241359710693
5.782338857650757
5.658647060394287
5.822869300842285
5.888851881027222
5.627771615982056
5.636309385299683
5.638509511947632
5.641267776489258
5.688401222229004
5.6750876903533936
5.65692138671875
5.735194683074951
5.682438850402832
5.659632682800293
5.587189674377441
5.569957733154297
5.629278898239136
5.734342813491821
5.714740991592407
5.704636096954346
5.616424083709717
5.601805686950684
5.664846658706665
5.708935260772705
5.593055486679077
5.700700044631958
5.7066426277160645
5.766894340515137
5.7855260372161865
5.670369386672974
5.640147924423218
5.7186973094940186
5.698383808135986
5.592503070831299
5.609744071960449
5.583268642425537
5.689571857452393
5.6370930671691895
5.751210451126099
5.674781560897827
5.673196077346802
5.677431344985962
5.68286657333374
5.6205456256866455
5.769519805908203
5.614447593688965
5.7161266803741455
5.780733823776245
5.693651914596558
5.649759769439697
5.685466289520264
5.744251012802124
5.731823921203613
5.87995982170105
5.700273275375366
5.63313627243042
5.74970269203186
5.637118339538574
5.663053035736084
5.689044952392578
5.671974420547485
5.631941556930542
5.638607025146484
5.592973709106445
5.668231248855591
5.649201393127441
5.7128565311431885
5.635112285614014
5.604707479476929
5.659047365188599
5.6399147510528564
5.694713354110718
5.597226142883301
5.759429931640625
5.698704719543457
5.707855224609375
5.662094354629517
5.565545320510864
5.576651096343994
5.623331308364868
5.64525294303894
5.704056024551392
5.629244804382324
5.7741851806640625
5.727092981338501
5.78918719291687
5.575949430465698
5.601935148239136
5.694472789764404
5.582684516906738
5.813568353652954
5.714170932769775
5.582394123077393
5.635167360305786
5.653488874435425
5.766321659088135
5.785747289657593
5.528417110443115
5.816075086593628
5.767582654953003
5.713510274887085
5.741544246673584
5.631718635559082
5.70656943321228
5.755297422409058
5.70930027961731
5.686942100524902
5.755472421646118
5.722241640090942
5.597024917602539
5.6178672313690186
5.678938150405884
5.637043476104736
5.713564157485962
5.631494522094727
5.908796787261963
5.730013370513916
5.597157716751099
5.737558364868164
5.7826247215271
5.752009630203247
5.713281631469727
5.700563430786133
5.6278417110443115
5.70481276512146
5.711545467376709
5.751286745071411
5.712559461593628
5.648457765579224
5.6973114013671875
5.727403163909912
5.782636642456055
5.68068265914917
5.722519159317017
5.6405720710754395
5.736217498779297
5.744035959243774
5.761157751083374
5.6971049308776855
5.665991544723511
5.697209119796753
5.693629264831543
5.6607935428619385
5.64400053024292
6.001703977584839
5.8061137199401855
5.911804676055908
5.971251964569092
5.969670057296753
5.95781683921814
5.955087900161743
6.0100977420806885
5.756042242050171
5.790715932846069
5.7228779792785645
5.686489105224609
5.736438512802124
5.653980255126953
5.574253082275391
5.6620965003967285
5.810196161270142
5.6404709815979
5.566667556762695
5.678987741470337
5.655488967895508
5.605035781860352
5.682987213134766
5.603256702423096
5.725082874298096
5.647022485733032
5.685551881790161
5.648484706878662
5.742138624191284
5.659267902374268
5.703089952468872
5.641032934188843
5.74658727645874
6.06201958656311
5.649052858352661
5.738422155380249
5.885833024978638
5.751580476760864
5.684434652328491
5.6378114223480225
5.657014608383179
5.642133474349976
5.650782585144043
5.723165512084961
5.686762571334839
5.85733437538147
5.9337685108184814
5.597796678543091
5.736569881439209
5.8866589069366455
5.958216667175293
5.799207925796509
5.645569086074829
5.619804620742798
5.848833084106445
5.700344562530518
5.6788694858551025
5.895291805267334
5.756014347076416
5.678646087646484
5.715507507324219
5.754033088684082
5.613662481307983
5.69643235206604
5.69919228553772
5.548997640609741
5.6144633293151855
5.735901117324829
5.684652805328369
5.659150838851929
5.6275975704193115
5.858532905578613
5.686612606048584
5.7212231159210205
5.706757068634033
5.717534065246582
5.814544439315796
5.709033727645874
5.599904298782349
5.6118528842926025
5.7001051902771
5.664117336273193
5.712850570678711
5.671198129653931
5.62705659866333
5.614404678344727
5.640518426895142
5.722607374191284
5.9437267780303955
5.84612774848938
5.569892168045044
5.6475725173950195
5.689087152481079
5.621015548706055
5.699034214019775
5.9156718254089355
5.827648162841797
5.698516607284546
5.638986587524414
5.9170167446136475
5.650051593780518
5.70363450050354
5.720185041427612
5.63587498664856
5.670359134674072
5.733122110366821
5.6957151889801025
5.668088436126709
5.624298572540283
5.6482110023498535
5.915152311325073
5.605883598327637
5.609860420227051
5.701876163482666
5.6205363273620605
5.558879375457764
5.742479085922241
5.861863136291504
5.7040770053863525
5.716740369796753
5.6717283725738525
5.68637228012085
5.7412004470825195
5.666241645812988
5.6377482414245605
5.687825441360474
5.627456903457642
5.8493053913116455
5.69970440864563
5.597315549850464
5.7643210887908936
5.663944244384766
5.681689977645874
5.7216997146606445
5.738412141799927
5.753343343734741
5.797822952270508
5.6914026737213135
5.684507369995117
5.675394296646118
5.725970029830933
5.769258499145508
6.024082660675049
5.6625871658325195
5.7339842319488525
5.7255539894104
5.716652154922485
5.683363676071167
5.680753469467163
5.664803743362427
5.687738418579102
5.597461223602295
5.588755369186401
5.601909875869751
5.60644006729126
5.8448264598846436
5.998316049575806
5.67668080329895
5.6594648361206055
5.678945541381836
5.587930202484131
6.252027988433838
5.618323087692261
5.684089660644531
5.731060028076172
5.722973823547363
5.677018642425537
5.865527153015137
5.658973693847656
5.748030424118042
5.709575414657593
5.675488710403442
5.876444339752197
5.736605405807495
5.665056228637695
5.703831434249878
5.759678363800049
5.8977625370025635
5.66343879699707
5.71085000038147
5.657736778259277
5.788387298583984
5.572690725326538
5.6288862228393555
5.715491056442261
5.664505958557129
5.695658922195435
5.602131605148315
5.761860370635986
5.769053936004639
5.833773851394653
5.673056602478027
5.789117813110352
5.657244443893433
5.705006837844849
5.708786249160767
5.569369316101074
5.668381690979004
5.759851455688477
5.6909589767456055
5.5438642501831055
5.588597297668457
5.66314959526062
5.749023199081421
5.6328980922698975
6.034185409545898
5.554902791976929
5.629930257797241
5.674895286560059
5.667480230331421
5.706470251083374
5.645589828491211
5.695990085601807
5.550282716751099
5.6150524616241455
5.7969584465026855
5.706083297729492
5.6855082511901855
5.666979789733887
5.515773296356201
5.6446826457977295
5.6140055656433105
5.60761284828186
5.75213098526001
5.637658596038818
5.679994106292725
5.64501953125
5.62889289855957
5.622696399688721
5.6671836376190186
5.623753070831299
5.655557870864868
5.672951936721802
5.588404655456543
5.679790258407593
5.7134621143341064
5.6018805503845215
5.6789710521698
5.707627534866333
5.610857009887695
5.739938497543335
5.6723716259002686
5.565555095672607
5.689842462539673
5.585269927978516
5.713619232177734
5.633238077163696
5.738195180892944
5.618714809417725
5.704095840454102
5.594820976257324
5.665488243103027
6.093597173690796
5.873302459716797
5.638781547546387
5.630579948425293
5.6548426151275635
5.7123496532440186
5.680925130844116
5.762856721878052
5.657597303390503
5.624863862991333
5.614067077636719
5.571580410003662
5.678921222686768
5.6813483238220215
5.700159072875977
5.73052191734314
5.596245765686035
5.727448463439941
5.715815782546997
5.6713011264801025
5.681451082229614
5.537585973739624
5.618777751922607
5.640403985977173
5.6617653369903564
5.686933994293213
5.558460474014282
5.640347242355347
5.6560516357421875
5.522915363311768
5.5193822383880615
5.934423923492432
5.644930839538574
5.730003118515015
5.867931365966797
5.628120183944702
5.670895099639893
6.062286615371704
5.753212928771973
5.57675576210022
5.567323446273804
5.77055549621582
5.631800889968872
5.608541250228882
5.675661563873291
5.671331167221069
5.6478188037872314
5.709459543228149
5.689984321594238
5.666451692581177
5.664944887161255
5.72483491897583
5.671788692474365
5.565212965011597
5.582125425338745
5.610800266265869
5.609321594238281
5.549530029296875
5.6935813426971436
5.73120641708374
5.607942342758179
5.712592840194702
5.616338491439819
5.571284055709839
5.578192472457886
5.732914447784424
5.565820932388306
5.792896509170532
5.708578586578369
5.583578824996948
5.731066942214966
5.668905735015869
5.691659212112427
5.655101537704468
5.650909662246704
5.579718828201294
5.675036191940308
5.742815971374512
5.618950605392456
5.587812185287476
5.691166400909424
5.630663633346558
5.707554578781128
5.620725393295288
5.671224355697632
5.726621866226196
5.5778045654296875
5.480213642120361
5.6456139087677
5.675921440124512
5.684716463088989
5.72300910949707
5.564816951751709
5.565838813781738
5.656747817993164
5.917180776596069
5.789926767349243
5.672643661499023
5.964070796966553
5.629279613494873
5.6356213092803955
5.601732015609741
5.67487359046936
5.627240180969238
5.661259651184082
5.669377326965332
5.619225740432739
5.719587326049805
5.630727291107178
5.716696262359619
6.078534364700317
5.781654596328735
5.956193447113037
5.62017035484314
5.654966115951538
5.622263193130493
5.671175003051758
5.59700083732605
5.723700523376465
5.691927433013916
5.622422933578491
5.595773696899414
5.64185357093811
5.608285427093506
5.611769437789917
5.6698925495147705
5.625870704650879
5.636266708374023
5.705836534500122
5.656380653381348
5.644344806671143
5.660887956619263
5.655452489852905
5.629816055297852
5.605750560760498
5.552492380142212
5.612154006958008
5.738026857376099
5.606839418411255
5.622494459152222
5.687892436981201
5.612848997116089
5.740372657775879
5.700430870056152
5.6421427726745605
5.640256643295288
5.636190176010132
5.528426885604858
5.681186199188232
5.619335651397705
5.660233497619629
5.618853330612183
5.693939924240112
5.693863868713379
5.687255620956421
5.6673760414123535
5.717799425125122
5.762425184249878
5.636763334274292
5.556032657623291
5.756669282913208
5.716805696487427
5.700322151184082
5.779571771621704
5.678260803222656
5.5924232006073
5.659544944763184
5.748099088668823
5.667865514755249
5.59432578086853
5.605252027511597
5.6427161693573
5.7142322063446045
5.6748206615448
5.70232367515564
5.685153007507324
5.635391712188721
5.7653608322143555
5.6696457862854
5.687485694885254
5.653946876525879
5.707280874252319
5.727423191070557
5.770538568496704
5.644164562225342
5.7338292598724365
5.743385553359985
5.629958629608154
5.832984924316406
5.719363212585449
5.565243482589722
5.675645589828491
5.566730260848999
5.561283826828003
5.660919189453125
5.595562696456909
5.682870149612427
5.637706756591797
5.711458683013916
5.543203115463257
5.655681371688843
5.625364780426025
5.741148948669434
5.658670902252197
5.596837520599365
5.64845871925354
5.559712648391724
5.704216480255127
5.561456680297852
5.584766626358032
5.631692886352539
5.682959318161011
5.627131700515747
5.646475553512573
5.791412115097046
5.625274896621704
5.63173508644104
5.716929912567139
5.666408061981201
5.658547878265381
5.550279140472412
5.607543230056763
5.634816408157349
5.599252700805664
5.697708368301392
5.481018543243408
5.751764535903931
5.739759683609009
5.592159271240234
5.692346572875977
5.681556701660156
5.6869096755981445
5.570235967636108
5.718539476394653
5.779995441436768
5.79865026473999
5.557594060897827
5.5728843212127686
5.736222267150879
5.723378658294678
5.7833287715911865
5.775991201400757
5.670588731765747
5.675148248672485
5.727358102798462
5.611821889877319
5.681824207305908
5.556703567504883
5.5664355754852295
5.6542580127716064
5.883996248245239
5.84287691116333
5.644031286239624
5.64880895614624
5.770052194595337
5.553969144821167
5.540846586227417
5.371919631958008
5.3444061279296875
5.532198190689087
5.4712584018707275
5.395501375198364
5.265514612197876
5.442800521850586
5.432152986526489
5.366336822509766
5.4154064655303955
5.305862188339233
5.509502410888672
5.388444185256958
5.492164611816406
5.446578025817871
5.383047580718994
5.429343938827515
5.494034290313721
5.404486656188965
5.298547029495239
5.373291969299316
5.3630335330963135
5.5120320320129395
5.554414510726929
5.46387791633606
5.54561185836792
5.423964023590088
5.612898826599121
5.51859712600708
5.436075925827026
5.510263681411743
5.483830690383911
5.325551509857178
5.252171277999878
5.306993007659912
5.535471677780151
5.4964516162872314
5.548319578170776
5.391313076019287
5.449620008468628
5.2990851402282715
5.420909404754639
5.3628082275390625
5.398728132247925
5.500790596008301
5.4375
5.475651264190674
5.5215582847595215
5.491217851638794
5.469641208648682
5.5201826095581055
5.356807231903076
5.3856401443481445
5.383845329284668
5.25027871131897
5.506057024002075
5.664380073547363
5.411102771759033
5.359974384307861
5.388913154602051
5.576496839523315
5.498145580291748
5.45467472076416
5.343073129653931
5.441011667251587
5.35595703125
5.6418023109436035
5.487655162811279
5.420963764190674
5.284462928771973
5.477142095565796
5.569133996963501
5.458629131317139
5.529740333557129
5.574807405471802
5.41158127784729
5.51907753944397
5.409947872161865
5.287464141845703
5.528542757034302
5.390634536743164
5.623950481414795
5.608468532562256
5.48172402381897
5.472099542617798
5.375167608261108
5.575443744659424
5.298446178436279
5.451495170593262
5.6428704261779785
5.532534837722778
5.549590349197388
5.662918567657471
5.559529781341553
5.336491584777832
5.311719655990601
5.573632478713989
5.532198429107666
5.689696311950684
5.405938148498535
5.630939483642578
5.363486051559448
5.480404853820801
5.480661153793335
5.445080995559692
5.4910314083099365
5.351495742797852
5.60082483291626
5.438743591308594
5.39762282371521
5.193338394165039
5.462626934051514
5.363216876983643
5.500171661376953
5.5976479053497314
5.529037952423096
5.543258428573608
5.473511219024658
5.544169187545776
5.401531934738159
5.497001647949219
5.547105073928833
5.602137088775635
5.245008230209351
5.4513983726501465
5.496248006820679
5.4803924560546875
5.528153896331787
5.471550941467285
5.382890462875366
5.563385248184204
5.536527872085571
5.567833423614502
5.394010066986084
5.631673812866211
5.349425554275513
5.452082872390747
5.477530002593994
5.3611438274383545
5.473619222640991
5.494178771972656
5.457720994949341
5.414578199386597
5.571427345275879
5.554059267044067
5.428045272827148
5.386388301849365
5.25390887260437
5.514996528625488
5.5495829582214355
5.483544588088989
5.517622709274292
5.570605993270874
5.424861192703247
5.444026708602905
5.39934515953064
5.560386896133423
5.448353052139282
5.568251609802246
5.568776369094849
5.554671049118042
5.491002559661865
5.535670042037964
5.382429599761963
5.438002586364746
5.534286260604858
5.570070028305054
5.603717565536499
5.506030797958374
5.4719624519348145
5.563689708709717
5.543330669403076
5.4539783000946045
5.472604036331177
5.261409759521484
5.4270243644714355
5.53860878944397
5.54952335357666
5.511631965637207
5.581105947494507
5.43556547164917
5.48275351524353
5.4517529010772705
5.401773452758789
5.24189567565918
5.6006224155426025
5.34062385559082
5.341446161270142
5.521798372268677
5.603134870529175
5.6110405921936035
5.501300096511841
5.528576612472534
5.663684606552124
5.544015169143677
5.4753687381744385
5.4727418422698975
5.4953978061676025
5.548325538635254
5.437931537628174
5.484536409378052
5.53908896446228
5.487570285797119
5.484531879425049
5.436089515686035
5.407358407974243
5.44153618812561
5.456087112426758
5.464981317520142
5.602318048477173
5.7028608322143555
5.63090968132019
5.624118328094482
5.544349431991577
5.5138258934021
5.412914276123047
5.533889293670654
5.530441761016846
5.697197198867798
5.390172719955444
5.398916006088257
5.366877794265747
5.450951337814331
5.545929193496704
5.367109060287476
5.428230285644531
5.28091835975647
5.497251272201538
5.6620166301727295
5.528090238571167
5.516085624694824
5.606684446334839
5.545691967010498
5.432389259338379
5.538283109664917
5.582603454589844
5.511026382446289
5.4502623081207275
5.462037801742554
5.344484806060791
5.524837255477905
5.553647041320801
5.493946313858032
5.273001670837402
5.480954647064209
5.54105019569397
5.452584981918335
5.479243993759155
5.420425176620483
5.65872859954834
5.647223234176636
5.5587317943573
5.456567287445068
5.291802883148193
5.479680061340332
5.454551935195923
5.463599681854248
5.48198127746582
5.492588996887207
5.514260530471802
5.403399705886841
5.538733720779419
5.4038918018341064
5.629788398742676
5.567557334899902
5.504056215286255
5.537814617156982
5.514555931091309
5.4659223556518555
5.5461342334747314
5.360509395599365
5.308318138122559
5.385983467102051
5.369884490966797
5.483971357345581
5.51446533203125
5.437986135482788
5.559877872467041
5.3344409465789795
5.4731080532073975
5.550585508346558
5.496952772140503
5.770331144332886
5.6796252727508545
5.918270587921143
5.589170694351196
5.386403560638428
5.399342060089111
5.494681358337402
5.434922933578491
5.532243251800537
5.459122896194458
5.612628936767578
5.593688249588013
5.266780376434326
5.469526767730713
5.356652498245239
5.613781929016113
5.5625998973846436
5.609029769897461
5.652225494384766
5.572293281555176
5.501139163970947
5.506600618362427
5.481917142868042
5.497517108917236
5.5651938915252686
5.443418264389038
5.4825522899627686
5.580024003982544
5.444581031799316
5.518500089645386
5.6081743240356445
5.381487131118774
5.680523872375488
5.557011127471924
5.512169361114502
5.4145119190216064
5.356336355209351
5.302286624908447
5.536695241928101
5.607059478759766
5.554693222045898
5.428380966186523
5.536006927490234
5.30778956413269
5.589918375015259
5.542693376541138
5.399518013000488
5.406204462051392
5.518805265426636
5.461475372314453
5.510241985321045
5.479497671127319
5.500542879104614
5.431811571121216
5.452717304229736
5.579453706741333
5.440034627914429
5.5092933177948
5.505895137786865
5.3622095584869385
5.269376993179321
5.518801927566528
5.511341094970703
5.550772666931152
5.606222629547119
5.441807985305786
5.577747106552124
5.44603705406189
5.496392488479614
5.463932275772095
5.524499416351318
5.582574129104614
5.841778039932251
5.421889543533325
5.434026002883911
5.6211771965026855
5.565226078033447
5.5572004318237305
5.5596911907196045
5.397418737411499
5.547548055648804
5.464361906051636
5.353883504867554
5.396380662918091
5.391017198562622
5.3363165855407715
5.583709239959717
5.412887096405029
5.613576412200928
5.495011329650879
5.698374032974243
5.6935038566589355
5.4548468589782715
5.578619718551636
5.47656774520874
5.476388454437256
5.497539758682251
5.530314207077026
5.567072629928589
5.627202749252319
5.593615770339966
5.408011198043823
5.396458148956299
5.454133749008179
5.602441787719727
5.5370988845825195
5.489906549453735
5.600606203079224
5.457251787185669
5.40359354019165
5.580311298370361
5.5637123584747314
5.476075172424316
5.418719291687012
5.576207399368286
5.563385963439941
5.6303489208221436
5.6456217765808105
5.548037052154541
5.45866322517395
5.501019239425659
5.491817235946655
5.542514085769653
5.461461305618286
5.433135032653809
5.4918928146362305
5.601100921630859
5.605214595794678
5.564635753631592
5.568039655685425
5.575548410415649
5.630449533462524
5.566152811050415
5.335520505905151
5.462358474731445
5.486020565032959
5.43924880027771
5.636286973953247
5.600442409515381
5.407163381576538
5.703775405883789
5.3464601039886475
5.569796085357666
5.5983216762542725
5.485932111740112
5.481051683425903
5.525146245956421
5.3838605880737305
5.525908470153809
5.4535205364227295
5.421898603439331
5.398971796035767
5.936949968338013
5.787147760391235
5.63444447517395
5.464440822601318
5.534332752227783
5.576973915100098
5.514575481414795
5.48146653175354
5.364444732666016
5.529027700424194
5.459399938583374
5.446277856826782
5.546566486358643
5.623702764511108
5.516972303390503
5.5502214431762695
5.512094020843506
5.462917327880859
5.4705445766448975
5.561483144760132
5.439081907272339
5.563261032104492
5.485569000244141
5.595390319824219
5.469990491867065
5.511052131652832
5.420774221420288
5.504626512527466
5.417968273162842
5.528938055038452
5.489457607269287
5.442796945571899
5.726653814315796
5.502640008926392
5.590155839920044
5.505453824996948
5.511528015136719
5.5363523960113525
5.5071187019348145
5.385526657104492
5.474833011627197
5.4503419399261475
5.5547168254852295
5.538597822189331
5.4250054359436035
5.348528623580933
5.695542097091675
5.547618389129639
5.493740797042847
5.347867250442505
5.4719178676605225
5.61314058303833
5.317891359329224
5.696392774581909
5.466541051864624
5.567034482955933
5.357813119888306
5.273359775543213
5.4242002964019775
5.455835580825806
5.471545696258545
5.595394849777222
5.5942957401275635
5.579487323760986
5.545367240905762
5.574608564376831
5.569007158279419
5.484228134155273
5.593081712722778
5.347934246063232
5.700378179550171
5.589217185974121
5.488182544708252
5.591375827789307
5.49124550819397
5.634237289428711
5.414819717407227
5.441521644592285
5.431855916976929
5.497448205947876
5.343793153762817
5.461071968078613
5.543699502944946
5.579712867736816
5.492210626602173
5.316027641296387
5.438325881958008
5.417369604110718
5.534465312957764
5.359564304351807
5.484615325927734
5.51145076751709
5.582189321517944
5.459453821182251
5.500585317611694
5.499931812286377
5.513935089111328
5.55633544921875
5.551119804382324
5.609737157821655
5.580713748931885
5.539108991622925
5.529901504516602
5.474445104598999
5.457751750946045
5.511701822280884
5.544073104858398
5.720097303390503
5.835265159606934
5.578169584274292
5.365336179733276
5.530595064163208
5.555974006652832
5.505692958831787
5.518620252609253
5.441556692123413
5.617769479751587
5.571536302566528
5.645209312438965
5.393073320388794
5.550328969955444
5.540614128112793
5.34393310546875
5.585566759109497
5.406559705734253
5.549302816390991
5.462914943695068
5.556020259857178
5.6714255809783936
5.433865070343018
5.582743167877197
5.375457525253296
5.524087905883789
5.4537575244903564
5.6000378131866455
5.462885618209839
5.4617249965667725
5.633281946182251
5.552303314208984
5.504082918167114
5.562427759170532
5.482213258743286
5.575361728668213
5.327021598815918
5.6185622215271
5.462024927139282
5.461321830749512
5.482287406921387
5.351803541183472
5.541141033172607
5.564177989959717
5.465214252471924
5.432034254074097
5.5846405029296875
5.417007684707642
5.754368305206299
5.594405174255371
5.627668619155884
5.48160457611084
5.630406618118286
5.5811755657196045
5.396629333496094
5.48447585105896
5.38920521736145
5.537013292312622
5.580531597137451
5.4375176429748535
5.555113792419434
5.582014560699463
5.6309239864349365
5.55202054977417
5.478581428527832
5.523236513137817
5.583139896392822
5.465678691864014
5.576683282852173
5.472414016723633
5.42753267288208
5.486038684844971
5.50401496887207
5.650883913040161
5.450573682785034
5.487923860549927
5.414302110671997
5.698429107666016
5.49334192276001
5.506532669067383
5.389899730682373
5.41311502456665
5.433874130249023
5.47754430770874
5.523571729660034
5.477421998977661
5.674016714096069
5.599675893783569
5.5380918979644775
5.572889804840088
5.562997341156006
5.357409954071045
5.41983962059021
5.5290772914886475
5.515628099441528
5.4306135177612305
5.297489881515503
5.471542596817017
5.358743190765381
5.385615110397339
5.535984754562378
5.560845375061035
5.521666049957275
5.41991662979126
5.530982255935669
5.505049467086792
5.5910420417785645
5.65363621711731
5.49206805229187
5.87276291847229
5.569165229797363
5.628407955169678
5.4204347133636475
5.424426078796387
5.47353720664978
5.594940185546875
5.521953344345093
5.460970640182495
5.410957098007202
5.466916799545288
5.451180696487427
5.493098735809326
5.464810848236084
5.263277053833008
5.557119369506836
5.572023868560791
5.496563196182251
5.6537535190582275
5.480476140975952
5.422079563140869
5.508065938949585
5.502398252487183
5.532121658325195
5.440953969955444
5.604689598083496
5.389820575714111
5.557341814041138
5.568960666656494
5.513634204864502
5.364225149154663
5.377174615859985
5.53156590461731
5.490551948547363
5.566667079925537
5.625063896179199
5.488026142120361
5.472425222396851
5.441891670227051
5.482400178909302
5.495748043060303
5.421888113021851
5.428415060043335
5.591958045959473
5.4454123973846436
5.681736946105957
5.557123422622681
5.374695062637329
5.442405462265015
5.461065053939819
5.478874921798706
5.51255989074707
5.394426107406616
5.614397764205933
5.542915344238281
5.420964479446411
5.496407508850098
5.586507081985474
5.534526109695435
5.658066749572754
5.495089292526245
5.283282995223999
5.534566879272461
5.545583009719849
5.656742811203003
5.561573028564453
5.539207458496094
5.42989706993103
5.626103639602661
5.502566337585449
5.333956480026245
5.497908592224121
5.450932741165161
5.444278001785278
5.471116781234741
5.43986964225769
5.480261325836182
5.437633991241455
5.311397552490234
5.704349040985107
5.437556266784668
5.523519992828369
5.423550605773926
5.311985969543457
5.60959792137146
5.540973901748657
5.365275859832764
5.440898418426514
5.398505210876465
5.47791314125061
5.51505184173584
5.501388072967529
5.42307710647583
5.364416122436523
5.440659046173096
5.411154270172119
5.6316657066345215
5.413520097732544
5.4667274951934814
5.478945732116699
5.517086029052734
5.552011489868164
5.444903612136841
5.358411550521851
5.487957000732422
5.506926536560059
5.453784465789795
5.365242004394531
5.411379814147949
5.505040884017944
5.443588972091675
5.603323936462402
5.492891073226929
5.2903618812561035
5.503046274185181
5.356773376464844
5.481157302856445
5.5816168785095215
5.547265529632568
5.516276597976685
5.475229740142822
5.412500619888306
5.508279085159302
5.634499549865723
5.439402341842651
5.462063550949097
5.557519912719727
5.414856433868408
5.345319509506226
5.346083879470825
5.540486812591553
5.412465810775757
5.4710423946380615
5.603550672531128
5.5506017208099365
5.64568305015564
5.580188512802124
5.596011161804199
5.606296062469482
5.536577463150024
5.45538330078125
5.598512887954712
5.507533073425293
5.412351131439209
5.553086519241333
5.520720720291138
5.595022201538086
5.511964797973633
5.4750261306762695
5.492734432220459
5.621598482131958
5.565621852874756
5.607403039932251
5.533403635025024
5.442644357681274
5.43152642250061
5.550749063491821
5.5741353034973145
5.407413482666016
5.4624388217926025
5.455192804336548
5.526620149612427
5.5391411781311035
5.396220922470093
5.388466835021973
5.576615333557129
5.477736473083496
5.4343788623809814
5.634765386581421
5.5894389152526855
5.373636484146118
5.482477426528931
5.43214750289917
5.529445171356201
5.502442121505737
5.460268020629883
5.523068428039551
5.505045413970947
5.466383457183838
5.443311929702759
5.370273590087891
5.321746587753296
5.4188549518585205
5.34188985824585
5.656189203262329
5.483490228652954
5.462979555130005
5.490943431854248
5.50091814994812
5.3892717361450195
5.542629718780518
5.316112279891968
5.399409532546997
5.605175733566284
5.445955753326416
5.746884107589722
5.6410417556762695
5.40479302406311
5.3313562870025635
5.423846006393433
5.279027938842773
5.45510196685791
5.507909774780273
5.567416191101074
5.3843865394592285
5.364497184753418
5.54158353805542
5.340844631195068
5.312871932983398
5.5904316902160645
5.440406322479248
5.505043268203735
5.477293252944946
5.369550704956055
5.469757080078125
5.460006237030029
5.4575066566467285
5.535978317260742
5.4350364208221436
5.5440826416015625
5.649039030075073
5.4799017906188965
5.727771282196045
5.432770490646362
5.545538425445557
5.422471284866333
5.661060571670532
5.3573362827301025
5.446223258972168
5.703223943710327
5.457796096801758
5.468900203704834
5.53018045425415
5.586359024047852
5.530152797698975
5.461432933807373
5.580199241638184
5.401610374450684
5.418933153152466
5.533586025238037
5.668597221374512
5.490313529968262
5.564338684082031
5.512232303619385
5.546889781951904
5.333002328872681
5.518253326416016
5.537139892578125
5.49705958366394
5.4900031089782715
5.814669609069824
5.640925168991089
5.927839279174805
5.581979513168335
5.356314182281494
5.372207403182983
5.452456712722778
5.617835760116577
5.770417928695679
5.5484843254089355
5.599546194076538
5.5754077434539795
5.52893590927124
5.620381116867065
5.602639198303223
5.551071643829346
5.468122959136963
5.513923645019531
5.624271869659424
5.49232292175293
5.539950609207153
5.49330472946167
5.351238965988159
5.436756372451782
5.644212484359741
5.431345701217651
5.8341224193573
5.528947114944458
5.479014158248901
5.396998167037964
5.509413957595825
5.5619659423828125
5.5040953159332275
5.706499338150024
5.469791412353516
5.489644765853882
5.609966993331909
5.398227691650391
5.608183145523071
5.5271406173706055
5.61428165435791
5.689636945724487
5.337399482727051
5.442991733551025
5.555966138839722
5.672078371047974
5.348720550537109
5.612356424331665
5.686624765396118
5.572073936462402
5.659088850021362
5.471799612045288
5.421359539031982
5.614138126373291
5.557220220565796
5.61200213432312
5.7124762535095215
5.430466651916504
5.429895877838135
5.473139047622681
5.463385105133057
5.464966058731079
5.539969444274902
5.4600324630737305
5.602927923202515
5.5784993171691895
5.447895765304565
5.709345817565918
5.608753442764282
5.618140459060669
5.44733190536499
5.604337215423584
5.528884649276733
5.468200445175171
5.421128749847412
5.501658916473389
5.680586576461792
5.544440031051636
5.396804332733154
5.451515197753906
5.5605244636535645
5.436926364898682
5.563992738723755
5.509241104125977
5.414916038513184
5.52550196647644
5.569443225860596
5.499193429946899
5.463434219360352
5.281970739364624
5.4814293384552
5.467137098312378
5.634010553359985
5.768872261047363
5.660992622375488
5.39728569984436
5.4294984340667725
5.556081533432007
5.5683746337890625
5.580687046051025
5.49346923828125
5.408446788787842
5.46625542640686
5.447483777999878
5.5037572383880615
5.541659116744995
5.51092267036438
5.473443508148193
5.515096187591553
5.522569179534912
5.46088171005249
5.548473358154297
5.669877529144287
5.4404075145721436
5.474000692367554
5.4213783740997314
5.5480265617370605
5.595901012420654
5.502794981002808
5.518464088439941
5.404132604598999
5.476017713546753
5.395791530609131
5.460877180099487
5.565467357635498
5.453381061553955
5.9160847663879395
5.811270236968994
5.873193025588989
5.876889228820801
5.618116617202759
5.64730978012085
5.539931058883667
5.441988945007324
5.6330859661102295
5.504918575286865
5.37434983253479
5.624447822570801
5.5087363719940186
5.511847257614136
5.618642807006836
5.424519062042236
5.527001142501831
5.4772443771362305
5.349066495895386
5.322760105133057
5.51295280456543
5.490568161010742
5.6461639404296875
5.454859495162964
5.533856153488159
5.480035305023193
5.782032012939453
5.59795355796814
5.498178005218506
5.700647830963135
5.583110332489014
5.516594648361206
5.659166097640991
5.428788661956787
5.3098931312561035
5.367849826812744
5.445392847061157
5.456916093826294
5.375589370727539
5.489404201507568
5.3674139976501465
5.538363933563232
5.593554496765137
5.559333801269531
5.465005874633789
5.401928424835205
5.641672134399414
5.474005937576294
5.475680112838745
5.477512359619141
5.518598794937134
5.445559740066528
5.424741268157959
5.261807203292847
5.3283843994140625
5.560688018798828
5.527495384216309
5.518385887145996
5.5407702922821045
5.576382398605347
5.513188362121582
5.426112174987793
5.646061420440674
5.5522565841674805
5.42245888710022
5.4064881801605225
5.4678637981414795
5.59568977355957
5.488009452819824
5.560222387313843
5.524575233459473
5.501151084899902
5.533196926116943
5.406619548797607
5.51555871963501
5.459841012954712
5.510488748550415
5.465529203414917
5.64204478263855
5.470519065856934
5.411819219589233
5.574096918106079
5.419559478759766
5.591989278793335
5.406939506530762
5.550080060958862
5.910878896713257
5.557593107223511
5.50846266746521
5.720596790313721
5.525815010070801
5.764487028121948
5.682243347167969
5.589157342910767
5.661217212677002
5.556227445602417
5.521472215652466
5.68307638168335
5.857383728027344
5.61929988861084
5.578003406524658
5.630558729171753
5.4882378578186035
5.475419759750366
5.491349935531616
5.54294753074646
5.539548397064209
5.611951589584351
5.618112564086914
5.525554180145264
5.445367336273193
5.503379821777344
5.565589666366577
5.609250783920288
5.521908521652222
5.583882093429565
5.672808647155762
5.649084091186523
5.450699090957642
5.600080490112305
5.437483310699463
5.590056896209717
5.604660987854004
5.524127721786499
5.549090147018433
5.538414478302002
5.454007625579834
5.604690790176392
5.517943382263184
5.50546669960022
5.601145029067993
5.536047697067261
5.574672222137451
5.428637266159058
5.444486141204834
5.691195487976074
5.7234742641448975
5.758463382720947
5.559592247009277
5.438477993011475
5.553240776062012
5.630025386810303
5.465874433517456
5.517542600631714
5.5114805698394775
5.5850653648376465
5.538125514984131
5.564177989959717
5.5480217933654785
5.517483234405518
5.531238079071045
5.54066801071167
5.540882110595703
5.387431859970093
5.612131118774414
5.553555011749268
5.592461347579956
5.520545721054077
5.5770134925842285
5.57352089881897
5.557522535324097
5.452329874038696
5.432605743408203
5.621334552764893
5.472843647003174
5.646861553192139
5.588988780975342
5.502497434616089
5.537993431091309
5.535511255264282
5.551574230194092
5.568655490875244
5.417505741119385
5.468430757522583
5.577545404434204
5.59262490272522
5.744273900985718
5.41551947593689
5.498051881790161
5.580530166625977
5.508315324783325
5.818421840667725
5.533967733383179
5.380793571472168
5.58961296081543
5.550148963928223
5.684551954269409
5.513628005981445
6.018644332885742
5.818334102630615
5.689407825469971
5.710411787033081
5.5196099281311035
5.528477668762207
5.48252534866333
5.516119480133057
5.632439374923706
5.49144721031189
5.539401531219482
5.539323568344116
5.566123962402344
5.502610683441162
5.4753642082214355
5.396220922470093
5.571116209030151
5.617764472961426
5.452866077423096
5.388024806976318
5.382850885391235
5.622791051864624
5.546714544296265
5.542618989944458
5.678043365478516
5.6840269565582275
5.516521453857422
5.5571112632751465
5.507489204406738
5.468407392501831
5.588162660598755
5.6408467292785645
5.605421304702759
5.534127712249756
5.590620040893555
5.484032869338989
5.617231845855713
5.501448631286621
5.464857578277588
5.489877462387085
5.561224460601807
5.63555383682251
5.6886889934539795
5.58397364616394
5.580097675323486
5.666934490203857
5.42588210105896
5.452810764312744
5.552886247634888
5.559682846069336
5.587772369384766
5.593804836273193
5.5176286697387695
5.4823572635650635
5.593544960021973
5.575967311859131
5.5831146240234375
5.502861022949219
5.543963432312012
5.522561073303223
5.615541934967041
5.639600515365601
5.593510866165161
5.697053909301758
5.514827728271484
5.582009315490723
5.539474248886108
5.41731858253479
5.556030988693237
5.517030477523804
5.462389707565308
5.596509218215942
5.5096423625946045
5.652900218963623
5.600613594055176
5.589414596557617
5.727365255355835
5.509624242782593
5.52712607383728
5.619632005691528
5.66765570640564
5.756561756134033
5.770071029663086
5.614018201828003
5.566601514816284
5.437540292739868
5.493085861206055
5.504491329193115
5.617097854614258
5.4493725299835205
5.617096662521362
5.48572301864624
5.497267007827759
5.545965909957886
5.478752613067627
5.506284236907959
5.342232704162598
5.428408145904541
5.5269410610198975
5.391592502593994
5.568886756896973
5.610182046890259
5.668426752090454
5.487181663513184
5.567389965057373
5.757870674133301
5.533379316329956
5.6323792934417725
5.639042139053345
5.541043043136597
5.519963979721069
5.467504501342773
5.462036609649658
5.49502968788147
5.5058913230896
5.588590383529663
5.583505868911743
5.539440870285034
5.791423797607422
5.518034219741821
5.619637489318848
5.580994129180908
5.634928941726685
5.561633110046387
5.526438236236572
5.52649712562561
5.748331785202026
5.469611406326294
5.493337392807007
5.669702529907227
5.649640798568726
5.466411828994751
5.755980968475342
5.489519357681274
5.552300691604614
5.564516067504883
5.490339756011963
5.469966888427734
5.550506591796875
5.678689479827881
5.456092596054077
5.453688859939575
5.685807704925537
5.402804851531982
5.546634197235107
5.422593355178833
5.544119358062744
5.545847415924072
5.464138984680176
5.560582876205444
5.564605951309204
5.41025710105896
5.330808162689209
5.451494932174683
5.429201126098633
5.607544422149658
5.490888357162476
5.467865228652954
5.53178071975708
5.462568759918213
5.496518850326538
5.41788649559021
5.449509620666504
5.5014488697052
5.482235431671143
5.369804859161377
5.644531488418579
5.63666296005249
5.5090272426605225
5.5084922313690186
5.497451066970825
5.557405710220337
5.5609917640686035
5.613548278808594
5.6115403175354
5.5462071895599365
5.452275514602661
5.455570459365845
5.4740071296691895
5.545522689819336
5.656564235687256
5.565588712692261
5.443597316741943
5.5842156410217285
5.4850687980651855
5.419445753097534
5.556537866592407
5.533299684524536
5.569598913192749
5.508055686950684
5.587854385375977
5.50253963470459
5.445417642593384
5.471909523010254
5.489977598190308
5.5085389614105225
5.502063274383545
5.429369688034058
5.664875268936157
5.551059007644653
5.360896587371826
5.513426780700684
5.432457208633423
5.5246288776397705
5.470563888549805
5.548234701156616
5.5646984577178955
5.652933597564697
5.6144797801971436
5.558610677719116
5.448215007781982
5.5816872119903564
5.642552375793457
5.543061017990112
5.402220249176025
5.543945550918579
5.703633069992065
5.4657142162323
5.5438079833984375
5.561440467834473
5.525363206863403
5.651294469833374
5.529401540756226
5.5645222663879395
5.444043397903442
5.535452127456665
5.493065595626831
5.5147318840026855
5.54227089881897
5.529934406280518
5.553946256637573
5.81011962890625
5.594069957733154
5.373367547988892
5.518554210662842
5.557692527770996
5.4307944774627686
5.5730226039886475
5.5680413246154785
5.6509318351745605
5.530491590499878
5.475501298904419
5.593125581741333
5.3906965255737305
5.574198961257935
5.4131834506988525
5.666185140609741
5.538313150405884
5.575101613998413
5.661943435668945
5.704952001571655
5.620006561279297
5.420388221740723
5.511357307434082
5.495530128479004
5.673178195953369
5.508859157562256
5.6327290534973145
5.653750658035278
5.641887187957764
5.4699387550354
5.679380655288696
5.544182062149048
5.449488162994385
5.5320680141448975
5.548665523529053
5.609048128128052
5.628926992416382
5.6177473068237305
5.5905232429504395
5.565157413482666
5.604886054992676
5.5777764320373535
5.671743631362915
5.69135594367981
5.571316242218018
5.577486515045166
5.587619781494141
5.700230598449707
5.580563545227051
5.882157564163208
5.587404489517212
5.621777296066284
5.417976140975952
5.401981592178345
5.451078414916992
5.426336765289307
5.525454044342041
5.408543348312378
5.523328065872192
5.477942705154419
5.518171548843384
5.597534656524658
5.530030012130737
5.507554531097412
5.437965393066406
5.583739995956421
5.5409605503082275
5.588106155395508
5.649760723114014
5.558554410934448
5.482954502105713
5.658429384231567
5.405356407165527
5.504277467727661
5.543630599975586
5.481168031692505
5.542505979537964
5.597523212432861
5.701818466186523
5.394707679748535
5.489814758300781
5.5871100425720215
5.636676788330078
5.481803894042969
5.574565410614014
5.435144662857056
5.53105616569519
5.511256456375122
5.498532772064209
5.605016708374023
5.50584077835083
5.654003143310547
5.621145248413086
5.465880870819092
5.5646116733551025
5.7352516651153564
5.479337692260742
5.533205509185791
5.507046461105347
5.511634349822998
5.579540014266968
5.535521030426025
5.534228563308716
5.48782205581665
5.4343085289001465
5.549687623977661
5.624136924743652
5.642592191696167
5.520566701889038
5.501012802124023
5.547868251800537
5.652129411697388
5.44942045211792
5.486420392990112
5.630356311798096
5.536479711532593
5.417365312576294
5.603424549102783
5.526625871658325
5.510358810424805
5.622978925704956
5.433118104934692
5.578393936157227
5.379744291305542
5.463914632797241
5.507874965667725
5.479411602020264
5.492267370223999
5.762459993362427
5.6199212074279785
5.612714529037476
5.531907320022583
5.479703664779663
5.454101324081421
5.5669920444488525
5.611125707626343
5.457254409790039
5.609988451004028
5.6640472412109375
5.5725977420806885
5.613542079925537
5.564499855041504
5.572501182556152
5.440765857696533
5.597785472869873
5.505540370941162
5.519298791885376
5.578105449676514
5.53598165512085
5.514371633529663
5.553903579711914
5.671867370605469
5.525939464569092
5.685985088348389
5.430400371551514
5.470463514328003
5.593700647354126
5.547561407089233
5.471523761749268
5.480355978012085
5.370770692825317
5.580179929733276
5.550534009933472
5.613745212554932
5.641209840774536
5.584237813949585
5.752626895904541
5.707195520401001
5.428042650222778
5.56116247177124
5.460995197296143
5.6034417152404785
5.653728246688843
5.612671375274658
5.637157678604126
5.516563653945923
5.35573935508728
5.50651478767395
5.301339626312256
5.592303037643433
5.550718784332275
5.31435227394104
5.467217206954956
5.626249313354492
5.571063280105591
5.513035774230957
5.538656949996948
5.635301351547241
5.455159664154053
5.510574102401733
5.364469051361084
5.695558786392212
5.498918056488037
5.487253665924072
5.637598991394043
5.506540298461914
5.641388654708862
5.531570196151733
5.348307132720947
5.482938528060913
5.480302572250366
5.572993516921997
5.393331527709961
5.491945266723633
5.555624485015869
5.4807212352752686
5.558395624160767
5.566799879074097
5.609990119934082
5.56960654258728
5.644703388214111
5.474651098251343
5.558608770370483
5.557067394256592
5.678359508514404
5.489877700805664
5.52842378616333
5.5175392627716064
5.575014114379883
5.449168682098389
5.6735310554504395
5.483775615692139
5.567949295043945
5.512977838516235
5.499415397644043
5.469104766845703
5.630650520324707
5.635904550552368
5.501776456832886
5.510884523391724
5.56753396987915
5.570367097854614
5.507888317108154
5.503342390060425
5.523297309875488
5.6528661251068115
5.5305540561676025
5.627710342407227
5.561956167221069
5.604228496551514
5.518534183502197
5.569430828094482
5.488577127456665
5.563503742218018
5.552583694458008
5.554363965988159
5.594071626663208
5.416807174682617
5.555346727371216
5.627193450927734
5.83620810508728
5.856750011444092
5.794355392456055
