Timing log for each step:
0.01801586151123047
5.320587873458862
5.839113712310791
6.383275032043457
6.438982725143433
5.863369941711426
5.740638256072998
5.7741124629974365
5.702438831329346
5.8330512046813965
5.670825481414795
5.7795820236206055
5.72605037689209
5.988853931427002
5.998352289199829
5.638895034790039
5.613987684249878
5.588750123977661
5.568666934967041
5.625568389892578
5.7883827686309814
5.680160284042358
5.679654359817505
5.712100505828857
5.58496618270874
5.638931751251221
5.6648054122924805
5.59939169883728
5.6665589809417725
5.593682527542114
5.505272626876831
5.589696884155273
5.553424596786499
5.54680323600769
5.549180030822754
5.598346948623657
5.619739055633545
5.437740325927734
5.387256860733032
5.664652347564697
5.290807723999023
5.266143083572388
5.304357051849365
5.540920734405518
5.360597133636475
5.331466913223267
5.367913484573364
5.336575031280518
5.322292327880859
5.277489900588989
5.617598056793213
5.53693151473999
5.542969226837158
5.701868772506714
5.5644261837005615
5.6374688148498535
5.6245481967926025
5.531040191650391
5.980403423309326
5.688500642776489
5.594536066055298
5.636892318725586
5.629836320877075
5.667805433273315
5.6260316371917725
5.613675355911255
5.613707780838013
5.6328675746917725
5.605384826660156
5.9241273403167725
5.759213447570801
5.725031137466431
5.653177499771118
5.697160720825195
5.677834510803223
5.922277450561523
5.938220739364624
6.108854293823242
6.283035039901733
6.051058292388916
5.726999282836914
5.830600023269653
5.723178386688232
5.771823883056641
5.668557405471802
5.657008647918701
5.70671272277832
5.70656943321228
5.661843299865723
5.694151878356934
5.684298992156982
5.700439691543579
5.714166164398193
5.644150018692017
5.70868444442749
5.743047714233398
5.711630582809448
5.719586372375488
5.718312740325928
5.753252267837524
5.720621824264526
5.732866048812866
5.745877504348755
5.6723620891571045
5.702422618865967
5.732595443725586
5.677373647689819
5.968338966369629
6.229027032852173
5.773440599441528
5.682683229446411
5.940476179122925
5.8462255001068115
5.832947731018066
6.06510591506958
6.4501729011535645
6.075231552124023
6.265642404556274
5.852007865905762
5.934049129486084
6.144666910171509
5.9068543910980225
5.793349027633667
5.8854920864105225
5.922054767608643
6.4637110233306885
5.949939489364624
6.005664348602295
6.1517884731292725
6.623829364776611
6.386229991912842
6.05517840385437
5.802360534667969
5.82660984992981
5.755290269851685
5.731892347335815
5.775543451309204
5.764424085617065
5.71311092376709
5.712074518203735
5.688257217407227
5.678217172622681
5.7218756675720215
6.068840742111206
6.132761001586914
6.148634433746338
5.755438327789307
5.844381809234619
5.610656261444092
5.553024053573608
5.499617099761963
5.564506769180298
5.967237234115601
6.076215982437134
5.764172077178955
5.898803949356079
5.403144836425781
5.734148979187012
6.4277119636535645
5.997038125991821
5.503304719924927
