Timing log for each step:
0.013011455535888672
5.9595842361450195
5.51268744468689
5.460064649581909
5.4635679721832275
5.812240362167358
5.640589475631714
5.5197625160217285
5.527029037475586
5.514582633972168
5.448982238769531
5.559547424316406
5.606321334838867
6.007462501525879
4.705482006072998
4.712118625640869
5.924494743347168
5.6897969245910645
5.481151342391968
4.86137843132019
5.786112546920776
5.398279428482056
5.825014591217041
6.676663398742676
6.4653637409210205
6.608324289321899
6.6418616771698
6.973779201507568
6.365609884262085
5.631346225738525
5.637244939804077
5.9576942920684814
5.688161134719849
6.1383631229400635
6.1081976890563965
6.870590925216675
6.4185950756073
6.424116373062134
6.032594680786133
7.1510584354400635
5.725193023681641
5.6226513385772705
