Timing log for each step:
0.017015457153320312
5.1116602420806885
5.182725429534912
5.159703969955444
5.149694919586182
5.091642379760742
5.041595697402954
5.103653192520142
5.136682748794556
5.1967387199401855
5.01457142829895
5.16671085357666
5.20074200630188
5.144691705703735
5.032588720321655
5.1597044467926025
5.1627068519592285
5.152697563171387
5.23577356338501
5.116664886474609
5.271806716918945
5.386911153793335
5.122670412063599
5.299832344055176
5.953437805175781
5.349877595901489
5.287821531295776
5.3228538036346436
5.13368034362793
5.240778684616089
5.204745292663574
5.227766752243042
5.5210347175598145
5.266801595687866
5.052606821060181
5.316847801208496
5.111660003662109
5.305838584899902
5.194736003875732
5.238776922225952
5.1296772956848145
5.232770919799805
5.298830032348633
5.009568214416504
5.264800548553467
5.219758749008179
5.197738409042358
5.360887289047241
5.198740482330322
5.3698954582214355
5.189731597900391
5.255791187286377
5.279813766479492
5.443963289260864
5.24377965927124
5.272806167602539
5.288822650909424
5.34487247467041
5.180722713470459
5.383909702301025
5.345873594284058
5.258795976638794
5.2708046436309814
5.359886646270752
5.405928373336792
5.3278584480285645
5.325855255126953
5.393917560577393
5.303834915161133
5.403926372528076
5.353882551193237
5.383909463882446
5.348875999450684
5.317848205566406
5.367894649505615
5.17071533203125
5.3749003410339355
5.357884407043457
5.259796380996704
5.4069297313690186
5.364890813827515
5.450969696044922
5.328858852386475
5.368896007537842
5.359886407852173
5.363890647888184
5.356885194778442
5.327857255935669
5.296830415725708
5.36689305305481
5.3238537311553955
5.402926445007324
5.417940139770508
5.372898578643799
5.386910915374756
5.469987392425537
5.417940139770508
5.4169394969940186
5.312843084335327
5.400924444198608
5.299832105636597
5.437958002090454
5.361889123916626
5.360888957977295
5.352880477905273
5.426948308944702
5.317848443984985
5.348877906799316
5.287821054458618
5.340868711471558
5.273808002471924
5.358885765075684
5.340869665145874
5.36188817024231
5.352880001068115
5.332862615585327
5.351878643035889
5.429950475692749
5.410933256149292
5.347875595092773
5.31484580039978
5.4439637660980225
5.524036169052124
5.3288586139678955
5.421943426132202
5.376903295516968
5.437956809997559
5.412934303283691
5.407930135726929
5.343872547149658
5.391915559768677
5.42394495010376
5.388913869857788
5.456975698471069
5.384908437728882
5.432953357696533
5.246784448623657
5.401925086975098
5.386910915374756
5.353882312774658
5.322853326797485
5.357884407043457
5.396920680999756
5.34186863899231
5.3779027462005615
5.449967861175537
5.323853492736816
5.35988712310791
5.440960168838501
5.459977865219116
5.357884645462036
5.388913154602051
5.376902341842651
5.483999967575073
5.332862138748169
5.3288586139678955
5.357884407043457
5.301833391189575
5.343872785568237
5.355881929397583
5.376901388168335
5.38490891456604
5.329859018325806
5.305838584899902
5.376902341842651
5.450969934463501
5.402926206588745
5.403927326202393
5.2557923793792725
5.384910345077515
5.461978912353516
5.3548829555511475
5.479995965957642
5.400924205780029
5.353881359100342
5.452971458435059
5.416937351226807
5.337865591049194
5.397921085357666
5.479996919631958
5.448966979980469
5.4729905128479
5.580087661743164
5.420942068099976
5.325856685638428
5.362889766693115
5.356884717941284
5.282816410064697
5.344872951507568
5.403928279876709
5.476990699768066
5.396920680999756
5.3728978633880615
5.37189793586731
5.234773874282837
5.456976413726807
5.438959121704102
5.520663738250732
5.623646020889282
5.490837097167969
5.52862024307251
