Timing log for each step:
0.013011932373046875
5.788456439971924
5.733511209487915
5.977652311325073
5.911594390869141
5.864468336105347
5.879929065704346
6.002798318862915
5.882181406021118
5.903028726577759
5.945888519287109
5.854432106018066
6.002242565155029
6.052795171737671
5.960565805435181
6.011152744293213
6.008174180984497
6.105208396911621
5.967142581939697
5.947821378707886
5.755138635635376
5.31469202041626
5.402068853378296
5.305656433105469
5.460774898529053
5.6926047801971436
5.969826698303223
5.589976072311401
5.744248390197754
5.454785108566284
5.90740442276001
5.395282745361328
5.696186065673828
6.225960969924927
5.838224172592163
5.539533376693726
5.299317836761475
5.284725189208984
5.499985933303833
5.372812747955322
5.213737726211548
5.311280727386475
5.252807855606079
5.345892429351807
5.320031404495239
5.51289439201355
5.25631308555603
5.193857669830322
5.30964732170105
5.439334869384766
5.427611827850342
5.375633239746094
5.268799543380737
5.385720491409302
5.3279290199279785
5.456992864608765
5.3642003536224365
5.330654144287109
5.246925354003906
5.334915637969971
5.37791633605957
5.387311697006226
5.341686487197876
5.327221393585205
5.2914440631866455
5.415421724319458
5.451325416564941
5.367103099822998
5.2710771560668945
5.612287759780884
5.321333408355713
5.293189764022827
5.284493446350098
5.314944267272949
5.860724925994873
5.897027015686035
5.4468090534210205
5.262598752975464
5.468743324279785
5.516168832778931
5.3940269947052
5.277441024780273
5.394235610961914
5.425862789154053
5.238634347915649
5.3659327030181885
5.343961477279663
5.31373929977417
5.238572359085083
5.235336065292358
5.238363981246948
5.563502311706543
5.318106174468994
5.046092748641968
5.299029111862183
5.2633373737335205
5.42159628868103
5.244282245635986
5.264819383621216
5.2990500926971436
5.2655415534973145
5.3230791091918945
5.206724166870117
5.403936386108398
5.121115684509277
5.29225754737854
5.31817889213562
5.307029724121094
5.955675840377808
5.433535814285278
5.384564399719238
5.203894138336182
5.1321187019348145
5.165239334106445
5.267345666885376
5.162283420562744
