Timing log for each step:
0.01601433753967285
5.578185319900513
5.55716609954834
5.597203493118286
5.741336345672607
5.795387268066406
5.903488636016846
5.93451714515686
5.7133119106292725
5.652254104614258
5.622225761413574
5.879466772079468
5.634237766265869
5.6822826862335205
5.634238004684448
5.64424729347229
5.605211019515991
5.627230167388916
5.510122299194336
5.694291591644287
5.685286045074463
5.648251056671143
5.542151927947998
5.649251937866211
5.6612632274627686
5.626230955123901
5.668268442153931
5.597203016281128
5.538149118423462
5.751346111297607
5.6212263107299805
5.695294618606567
5.634237766265869
5.571178436279297
5.567174434661865
5.594200611114502
5.645247459411621
5.575182676315308
5.713310718536377
5.7253217697143555
5.563172101974487
5.697295904159546
5.509121656417847
5.8244147300720215
5.547156095504761
5.565173149108887
5.520132064819336
5.552161693572998
5.662264347076416
5.584190607070923
5.532143831253052
5.571178436279297
5.537148952484131
5.626230955123901
5.6812803745269775
5.597203493118286
5.553162336349487
5.603209972381592
5.672271728515625
5.525136709213257
5.5861921310424805
5.600205898284912
5.711308717727661
5.550159215927124
5.664265394210815
5.6902899742126465
5.499112129211426
5.577184677124023
5.718317270278931
5.601199626922607
5.687257528305054
5.678249835968018
5.585163354873657
5.616191148757935
5.494079113006592
5.529109954833984
5.598174095153809
5.645216464996338
5.56714653968811
5.5301125049591064
5.612188339233398
5.631205320358276
5.71728515625
5.672242879867554
5.64021372795105
5.59817361831665
5.635209321975708
5.620193243026733
5.607182741165161
5.634206533432007
5.509091854095459
5.577154874801636
5.56914758682251
5.653223991394043
5.638211727142334
5.5561363697052
5.630205154418945
5.71828556060791
5.597175359725952
5.521104097366333
5.631207466125488
5.514097213745117
5.662234544754028
5.558138132095337
5.7393035888671875
5.739305734634399
5.565143585205078
5.735301494598389
5.677248477935791
5.526108503341675
5.571150541305542
5.5731518268585205
6.0926313400268555
5.63320779800415
5.5251078605651855
5.616191387176514
5.671240329742432
5.952503204345703
5.619193077087402
5.632206678390503
5.595172166824341
5.657229661941528
5.461048126220703
5.631206512451172
5.679250478744507
5.517100811004639
5.652225971221924
5.601179122924805
5.663235902786255
5.5891664028167725
5.6392130851745605
5.6352105140686035
5.652224779129028
5.585163831710815
5.544125556945801
5.626201152801514
5.599175930023193
5.436026096343994
5.548129558563232
5.549129962921143
5.613189220428467
5.628202438354492
5.598175287246704
5.519102573394775
5.6552276611328125
5.569149732589722
5.6021788120269775
5.638211488723755
5.620196580886841
5.641214609146118
5.63721227645874
5.615190744400024
5.553133487701416
5.574152946472168
5.653226375579834
5.610186576843262
5.553133249282837
5.6011786460876465
5.632206916809082
5.6522252559661865
5.562142610549927
5.554134845733643
5.403995752334595
5.5211052894592285
5.576154470443726
5.556136846542358
5.641216039657593
5.5511314868927
5.554135799407959
5.654226541519165
5.618193864822388
5.593171119689941
5.565144300460815
5.696266174316406
5.402995586395264
5.643217086791992
5.6362104415893555
5.601178407669067
5.619194507598877
5.580157279968262
5.573153495788574
5.51609992980957
5.50008487701416
5.5931715965271
5.557137727737427
5.714283466339111
5.562140941619873
5.55313515663147
5.569148540496826
5.654226541519165
5.5361175537109375
5.540121555328369
5.622196912765503
5.5891664028167725
5.567145109176636
5.505089044570923
5.468054533004761
5.559139728546143
5.659230470657349
5.51209568977356
5.625201225280762
5.5601396560668945
5.566146612167358
5.586165189743042
5.604181289672852
5.512094497680664
5.622197151184082
5.596173048019409
5.461048603057861
5.57214879989624
5.61519193649292
5.549131155014038
5.692262411117554
5.528111219406128
5.542123317718506
5.604180097579956
5.522104263305664
5.633207559585571
5.590168476104736
5.502086162567139
5.577156066894531
5.572150945663452
5.624199151992798
5.612188100814819
5.603180646896362
5.626198768615723
5.605180740356445
5.673244476318359
5.548129081726074
5.578157901763916
5.554134368896484
5.6432037353515625
5.563120603561401
5.613167762756348
5.403976202011108
5.602158308029175
5.694242715835571
5.521083116531372
5.480044841766357
5.613168716430664
5.592148065567017
5.550110101699829
5.6481993198394775
5.630182504653931
5.646198749542236
5.664214134216309
6.002522945404053
5.710256576538086
5.584140777587891
5.52508807182312
5.526088237762451
5.5971527099609375
5.579137086868286
5.711258172988892
5.635187864303589
5.561119794845581
5.631184339523315
5.4710373878479
5.537098407745361
5.539099931716919
5.5190815925598145
5.587142705917358
5.6271796226501465
5.5751330852508545
5.531093597412109
5.6371893882751465
5.516078233718872
5.570127725601196
5.5971519947052
5.535095930099487
5.571130037307739
5.623177766799927
5.536097288131714
5.545104742050171
5.604159832000732
5.614168167114258
5.511073589324951
5.544103622436523
5.595151901245117
5.579136371612549
5.622175931930542
5.541101694107056
5.565123558044434
5.802342414855957
5.6011576652526855
5.4770424365997314
5.605160236358643
5.562121391296387
5.507070302963257
5.6542065143585205
5.519081354141235
5.6191725730896
5.555116176605225
5.524085283279419
5.5651233196258545
5.5020647048950195
5.636188268661499
5.587144374847412
5.457023859024048
5.6091649532318115
5.516078233718872
5.5080718994140625
5.478043794631958
5.554114103317261
5.8313679695129395
5.566123962402344
5.538099050521851
5.576133728027344
5.543104887008667
5.615170001983643
5.562120676040649
5.463031053543091
5.599154233932495
5.61517071723938
5.4790449142456055
5.45001745223999
5.608164310455322
5.520081996917725
5.589146614074707
5.420992136001587
5.547106742858887
5.496060371398926
5.571128606796265
5.5120744705200195
5.49205756187439
5.624178171157837
5.49505877494812
5.543101072311401
5.703250885009766
5.571128845214844
5.5761332511901855
5.6712212562561035
5.557115793228149
5.5260889530181885
5.640192747116089
5.569127798080444
5.619173049926758
5.598154067993164
5.576132774353027
5.581138372421265
5.557116508483887
5.6622138023376465
5.665215730667114
5.616170644760132
5.683233261108398
5.373948574066162
5.320899724960327
5.549108266830444
5.480045318603516
5.472038984298706
5.425995826721191
5.492056846618652
5.369944095611572
5.479044198989868
5.551111936569214
5.370945692062378
5.38095498085022
5.451018571853638
5.431000471115112
5.505068063735962
5.488053321838379
5.411983251571655
5.578135013580322
5.584140777587891
5.536096811294556
5.460026979446411
5.473038196563721
5.569126844406128
5.705252408981323
5.6682188510894775
5.484049558639526
5.522083520889282
5.409982204437256
5.334913015365601
5.454022407531738
5.389963388442993
5.562121152877808
5.4990622997283936
5.512074947357178
5.3879618644714355
5.444012641906738
5.3629372119903564
5.348924398422241
5.422993898391724
5.4029741287231445
5.421992063522339
5.343919515609741
5.390963077545166
5.394968509674072
5.34291934967041
5.437005519866943
5.504067420959473
5.279862403869629
5.347923040390015
5.451007843017578
5.43799090385437
5.34190559387207
5.3098742961883545
5.34991192817688
5.260831117630005
5.3268914222717285
5.368928670883179
5.2588279247283936
5.370931625366211
5.354916095733643
5.435991287231445
5.260830879211426
5.483033180236816
5.185760498046875
5.416973352432251
5.4159722328186035
5.37193489074707
5.2368080615997314
5.293859004974365
5.274843215942383
5.323888540267944
5.405963182449341
5.313878536224365
5.2588279247283936
5.398956775665283
5.31287693977356
5.342905282974243
5.214785814285278
5.416972875595093
5.275843620300293
5.409966707229614
5.401960134506226
5.301868200302124
5.488037347793579
5.313877582550049
5.283850908279419
5.378938436508179
5.302868604660034
5.302869558334351
5.4279844760894775
5.426982164382935
5.442996501922607
5.400958061218262
5.2518227100372314
5.365927219390869
5.249820947647095
5.233805418014526
5.338900804519653
5.374935150146484
5.173749685287476
5.316881895065308
5.180755376815796
5.371931314468384
5.496045351028442
5.427699565887451
5.374934911727905
5.260829448699951
5.3268914222717285
5.134713888168335
5.279847621917725
5.302868604660034
5.405956029891968
5.4710235595703125
5.3038694858551025
5.275843620300293
5.341904640197754
5.352913856506348
5.304870128631592
5.311874866485596
5.482032299041748
5.461014032363892
5.262831687927246
5.367925643920898
5.365927219390869
5.283850908279419
5.377937316894531
5.317882061004639
5.450002908706665
5.372934103012085
5.273843050003052
5.464016675949097
5.192767143249512
5.3228864669799805
5.21879243850708
5.369930267333984
5.44700026512146
5.414971113204956
5.405962705612183
5.385946035385132
5.250821352005005
5.450003385543823
5.285853147506714
5.474024295806885
5.277845621109009
5.314878940582275
5.366926670074463
5.285853862762451
5.277845859527588
5.319883584976196
5.256825685501099
5.265834808349609
5.329893112182617
5.3308939933776855
5.187763214111328
5.301868438720703
5.295862674713135
5.217790365219116
5.344908237457275
5.3469085693359375
5.3439061641693115
5.390950441360474
5.267836570739746
5.260829925537109
5.332895040512085
5.289855241775513
5.482034206390381
5.281847953796387
5.201775789260864
5.451003074645996
5.394952297210693
5.269838094711304
5.27684211730957
5.29185938835144
5.2618324756622314
5.385946750640869
5.33690071105957
5.380939722061157
5.322887182235718
5.248819589614868
5.360922574996948
5.257827043533325
5.376935958862305
5.561105728149414
5.305871248245239
5.517064332962036
5.302868366241455
5.274842262268066
5.265833377838135
5.360922574996948
5.4099671840667725
5.307873010635376
5.3338963985443115
5.368929147720337
5.219792604446411
5.34891152381897
5.1957690715789795
5.380939483642578
5.740269899368286
5.396955251693726
5.388947010040283
5.3649256229400635
5.344906568527222
5.315880060195923
5.271660089492798
5.376936197280884
5.304869174957275
5.234805583953857
5.304869890213013
5.364924907684326
5.443996906280518
5.411969900131226
5.445999622344971
5.266834497451782
5.350912570953369
5.459012746810913
5.314871788024902
5.231793642044067
5.28584098815918
5.299854516983032
5.406952857971191
5.326879501342773
5.423968315124512
5.278837203979492
5.248809099197388
5.368917942047119
5.212775468826294
5.372922420501709
5.439982652664185
5.237798690795898
5.327880144119263
5.222784042358398
5.331883430480957
5.336888551712036
5.32888126373291
5.57610821723938
5.616144180297852
5.306861400604248
5.394943475723267
5.3939409255981445
5.302857875823975
5.228790998458862
5.406952857971191
5.3739235401153564
5.273830413818359
5.362913131713867
5.445988893508911
5.369919538497925
5.447990655899048
5.268825531005859
5.387936115264893
5.2748332023620605
5.3428943157196045
5.4950337409973145
5.303858518600464
5.268826723098755
5.218780517578125
5.317872524261475
5.3589091300964355
5.353904724121094
5.4930315017700195
5.272830486297607
5.429974555969238
5.35690712928772
5.439983606338501
5.222785711288452
5.151719331741333
5.282838821411133
5.3589091300964355
5.356906175613403
5.200765371322632
5.28283953666687
5.326878309249878
5.364915370941162
5.180744886398315
5.358908653259277
5.290848016738892
5.2778356075286865
5.253812551498413
5.454997301101685
5.428972959518433
5.399946689605713
5.306862831115723
5.3609113693237305
5.265823841094971
5.347898244857788
5.411958456039429
5.369919061660767
5.392939805984497
5.348900079727173
5.2658233642578125
5.343896389007568
5.374924659729004
5.343894958496094
5.374923467636108
5.261821508407593
5.447991847991943
5.2958526611328125
5.304860591888428
5.443986892700195
5.3218748569488525
5.252812385559082
5.403950929641724
5.3408918380737305
5.664190053939819
5.277835845947266
5.386935710906982
5.26081919670105
5.3519017696380615
5.3811633586883545
5.379928350448608
5.420966625213623
5.412958145141602
5.334888219833374
5.295852899551392
5.398946523666382
5.409956216812134
5.298855543136597
5.3398919105529785
5.3839333057403564
5.297853231430054
5.37092137336731
5.37792706489563
5.2778356075286865
5.276834011077881
5.492031097412109
5.310865640640259
5.407954931259155
5.4970362186431885
5.297854423522949
5.41696310043335
5.323876619338989
5.604134798049927
6.008505344390869
5.848016262054443
5.794388771057129
5.469009637832642
5.4579994678497314
5.412959337234497
5.429973125457764
5.340892553329468
5.416962146759033
5.5410754680633545
5.3959434032440186
5.487026929855347
5.41896390914917
5.433977842330933
5.4539971351623535
5.462003707885742
5.415959596633911
5.322876453399658
5.399947643280029
5.392941236495972
5.4670090675354
5.414961099624634
5.321875333786011
5.305859565734863
5.495035171508789
5.399946689605713
5.381930828094482
5.404952526092529
5.353905916213989
5.222783803939819
5.417962312698364
5.398946523666382
5.45799994468689
5.199763774871826
5.42096734046936
5.542077541351318
5.306862115859985
5.351902008056641
5.275833368301392
5.412957668304443
5.381930351257324
5.401947259902954
5.313868284225464
5.36391282081604
5.2428038120269775
5.465007543563843
5.313864469528198
5.448984146118164
5.300848722457886
5.3448896408081055
5.36590838432312
5.374916076660156
5.368912220001221
5.393935203552246
5.332878828048706
5.349895477294922
5.183741092681885
5.454991102218628
5.209764242172241
5.44498085975647
5.486018896102905
5.350894927978516
5.454990386962891
5.334880352020264
5.381922960281372
5.528057098388672
5.425962686538696
5.383926630020142
5.313860177993774
5.427965402603149
5.346890926361084
5.411952257156372
5.428967714309692
5.2548065185546875
5.413952350616455
5.360901832580566
5.438975811004639
5.31486177444458
5.35289740562439
5.420958757400513
5.2508039474487305
5.568093299865723
5.3268749713897705
5.5250537395477295
5.411950588226318
5.277828216552734
5.354897737503052
5.426966667175293
5.31386137008667
5.393934488296509
5.352895736694336
5.358901023864746
5.296845436096191
5.366909503936768
5.42296028137207
5.2528064250946045
5.477010726928711
5.40093994140625
5.378920555114746
5.400940418243408
5.41495418548584
5.507038116455078
5.365909814834595
5.420958518981934
5.423960447311401
5.321869611740112
5.441978454589844
5.411951541900635
5.37992262840271
5.265817880630493
5.407947063446045
5.43196964263916
5.462998628616333
5.4730064868927
5.423961877822876
5.475009202957153
5.462998151779175
5.3899314403533936
5.359904050827026
5.514045238494873
5.477010726928711
5.479011058807373
5.281831741333008
5.43797492980957
5.4189581871032715
5.1867451667785645
5.360904693603516
5.358902215957642
5.44598126411438
5.341885805130005
5.400940179824829
5.460995435714722
5.487018346786499
5.419957876205444
5.2878382205963135
5.30885648727417
5.361906290054321
5.420958042144775
5.364908695220947
5.307856321334839
5.206763744354248
5.33588171005249
5.292842149734497
5.368911027908325
5.278829574584961
5.589113473892212
5.582106828689575
5.348894119262695
5.369913578033447
5.4049437046051025
5.2538063526153564
5.433971166610718
5.569094181060791
5.306854486465454
5.349894046783447
5.3749165534973145
5.488019943237305
5.3939337730407715
5.351895570755005
5.37891960144043
5.413952589035034
5.496027708053589
5.368912220001221
5.872371673583984
5.629479646682739
5.690000057220459
5.75907039642334
5.947918653488159
5.720951318740845
5.868369817733765
