Timing log for each step:
0.01501321792602539
10.215523958206177
10.211868286132812
10.337380409240723
10.199069738388062
10.328340768814087
10.2501380443573
9.802225112915039
10.14986801147461
10.364773511886597
10.374734163284302
10.308455467224121
10.061979055404663
10.434134244918823
10.345170021057129
10.326766967773438
9.825775146484375
9.830289602279663
10.408592462539673
10.34043574333191
9.832839727401733
10.349761009216309
10.250807046890259
10.285465717315674
10.12420392036438
10.217650413513184
10.219537734985352
10.287214040756226
10.22032904624939
10.359761476516724
10.377841472625732
10.32489013671875
10.318323135375977
10.43205213546753
10.335909128189087
10.346965551376343
10.256620645523071
10.207601547241211
10.370583295822144
10.168901681900024
10.381856441497803
10.186269521713257
10.297391653060913
10.320154190063477
10.218071222305298
10.443369150161743
10.440566062927246
10.334106922149658
10.351682424545288
10.388146162033081
10.41760540008545
10.366445302963257
10.465298652648926
10.560887813568115
10.413309335708618
10.332894086837769
10.466875553131104
10.492156982421875
10.458752155303955
10.32089614868164
10.546104431152344
10.500180721282959
10.450457572937012
10.44864273071289
10.33379316329956
10.495828628540039
10.523015022277832
10.537061929702759
10.400899648666382
10.530169010162354
10.417365550994873
10.577901840209961
10.640727281570435
10.640283346176147
10.585407733917236
10.559353828430176
10.695209741592407
10.67216944694519
10.690958261489868
10.556959629058838
10.529858112335205
10.416842937469482
10.440813779830933
10.689849138259888
10.41463828086853
10.610438823699951
10.676848888397217
10.678478956222534
10.692675113677979
10.548432350158691
10.578319549560547
10.622950315475464
10.390171766281128
10.648598909378052
10.550322771072388
10.677445888519287
10.57914686203003
10.556952714920044
10.5886070728302
10.550791263580322
10.635758638381958
10.564795017242432
10.636085987091064
10.579587936401367
11.989145994186401
