Timing log for each step:
0.012011289596557617
10.798214435577393
10.415804147720337
10.106624603271484
9.968420267105103
10.08241891860962
10.263434410095215
10.31955599784851
10.267192602157593
9.993764400482178
10.097859382629395
10.232543706893921
10.356403589248657
10.187987804412842
10.208741664886475
10.301190614700317
10.30560564994812
10.156735181808472
10.29744815826416
10.387526035308838
9.961615800857544
10.24653673171997
10.396841764450073
10.31878924369812
10.2191002368927
10.244773149490356
10.411742925643921
10.574951648712158
10.250768423080444
10.296556949615479
10.272895574569702
10.332508563995361
10.31062650680542
10.178210973739624
10.308961868286133
10.264971017837524
10.27347469329834
10.198648452758789
10.228687763214111
10.176922798156738
10.39564323425293
10.428113222122192
10.410536050796509
10.356062412261963
10.358035564422607
10.500197649002075
10.486389636993408
10.492979049682617
10.231282711029053
10.403367042541504
10.253910064697266
10.391295909881592
10.419767618179321
10.489886999130249
10.454336881637573
10.526411533355713
10.372349262237549
10.52689242362976
10.454811334609985
10.487083435058594
10.361485719680786
10.344149589538574
10.562003374099731
10.181482315063477
10.490646362304688
10.490452527999878
10.468538045883179
10.542606115341187
10.435594081878662
10.497550249099731
10.400737762451172
10.47748351097107
10.455874681472778
10.48636794090271
10.62289571762085
10.328226089477539
10.525861740112305
10.548741340637207
10.320890188217163
10.469417572021484
10.389855146408081
10.451785326004028
10.564462184906006
10.593664646148682
10.450108289718628
10.572133541107178
10.592488050460815
10.431715488433838
10.407175302505493
10.414684534072876
10.373619318008423
10.51292371749878
10.550761222839355
10.640536546707153
10.277288913726807
10.457959651947021
10.403260707855225
10.455595016479492
10.706273555755615
10.459913969039917
10.464407444000244
10.340920686721802
10.393642663955688
10.317768335342407
10.610514163970947
10.304392576217651
10.71977972984314
10.343758583068848
10.329298734664917
10.320693731307983
10.451654195785522
10.371691942214966
10.584609985351562
10.701778888702393
10.53072738647461
10.639560222625732
10.58299207687378
10.556659460067749
10.523720979690552
10.378793001174927
10.368834733963013
10.192189931869507
10.615478754043579
10.396762609481812
10.416853666305542
10.320730447769165
10.429714441299438
10.479908466339111
10.460691452026367
10.749884843826294
10.545127868652344
10.361957550048828
10.260350227355957
10.375307083129883
10.525495529174805
10.434098720550537
10.537546157836914
10.524299144744873
10.30711817741394
10.477543115615845
10.57039189338684
10.50349497795105
10.4500892162323
10.452462434768677
10.41287112236023
10.638012409210205
10.40163803100586
10.540413618087769
10.63680648803711
10.404636144638062
10.371705770492554
10.542593717575073
10.351012229919434
10.386041402816772
10.607635259628296
10.488494157791138
10.31173324584961
10.36373233795166
10.388564348220825
10.410269737243652
10.396862745285034
10.596210241317749
10.41642689704895
10.29865288734436
10.378735065460205
10.539615631103516
10.540905714035034
10.581067085266113
10.293282747268677
10.437057495117188
10.480813980102539
10.5684814453125
10.647908449172974
10.42889404296875
10.258079528808594
10.410848379135132
10.484469175338745
10.590311050415039
10.58916687965393
10.608825922012329
10.465588092803955
10.435651302337646
10.602131843566895
10.52260971069336
10.420694351196289
10.578770160675049
10.52729082107544
10.549386262893677
10.51693320274353
10.600870847702026
10.52713418006897
10.641662359237671
10.509456634521484
10.636960983276367
10.577168464660645
10.356456279754639
10.449346780776978
10.574243545532227
10.426755666732788
10.512832403182983
10.67553186416626
10.678384780883789
10.698577404022217
10.39987826347351
10.378421545028687
10.55915880203247
10.424511194229126
10.552895784378052
10.418537616729736
10.490041971206665
10.596792221069336
10.422842741012573
11.145305871963501
10.394665956497192
10.488911628723145
10.400681734085083
10.26720142364502
10.470715284347534
10.50142216682434
10.49582552909851
10.446927309036255
10.469017028808594
10.535630941390991
10.424147129058838
10.529637813568115
10.497884511947632
10.41370701789856
10.606404066085815
10.525155782699585
10.582034587860107
10.310456037521362
10.349015235900879
10.525123834609985
10.313825130462646
10.762138605117798
10.494898080825806
10.379275798797607
10.357619047164917
10.68152117729187
10.243057489395142
10.696741580963135
10.524057149887085
10.264221906661987
10.20574688911438
10.560838460922241
10.473288774490356
10.376956701278687
10.472615480422974
10.530405282974243
10.546976089477539
10.306398868560791
10.511676549911499
10.62083125114441
10.603392839431763
10.290659189224243
10.594605922698975
10.62484622001648
10.362899780273438
10.498729467391968
10.300086259841919
10.39096188545227
10.444220781326294
10.46681261062622
10.613532781600952
10.394744634628296
10.32897686958313
10.681796073913574
10.35390043258667
10.398730993270874
10.536134958267212
10.553816795349121
10.326354265213013
10.4061279296875
10.703528881072998
10.452363729476929
10.469223737716675
10.28000020980835
10.532437324523926
10.436960697174072
10.375875473022461
10.799471855163574
10.478271961212158
10.026477813720703
10.516791105270386
10.721775770187378
10.247527599334717
10.529656648635864
10.460806846618652
10.27631664276123
10.336001873016357
10.584600687026978
10.423715353012085
10.3397798538208
10.328128576278687
10.455090284347534
10.389682292938232
10.393861293792725
10.33380389213562
10.478183507919312
10.482940435409546
10.735634088516235
10.343825340270996
10.43488073348999
10.482913732528687
10.538910150527954
10.402768611907959
10.644271612167358
10.530909061431885
10.411505460739136
10.530930280685425
10.520753622055054
10.598326683044434
10.41221809387207
10.437681913375854
10.409724712371826
10.502880811691284
10.311480283737183
10.67281699180603
10.331888675689697
10.528672933578491
10.398279190063477
10.359931230545044
10.583215475082397
10.483518362045288
10.21427297592163
10.086155652999878
10.145211696624756
10.241297960281372
9.881971836090088
10.035110473632812
10.240297317504883
10.15722131729126
10.303354501724243
10.261316299438477
9.965047836303711
10.076149940490723
9.522644996643066
9.826920747756958
9.43956971168518
10.15021562576294
10.178240776062012
10.109179019927979
10.116184711456299
10.605628490447998
10.202262878417969
10.306356191635132
10.520551204681396
9.995073795318604
10.104174137115479
10.407449007034302
9.681790113449097
9.186340808868408
10.308358907699585
10.31236219406128
10.24730396270752
10.43047022819519
10.342389106750488
10.162225723266602
10.28633975982666
10.343390941619873
9.849943161010742
10.227285146713257
10.319367170333862
10.362407684326172
10.289341926574707
10.075144529342651
10.396438360214233
10.267321586608887
10.297347784042358
10.052126169204712
10.166229248046875
10.15121579170227
10.265319347381592
9.814911842346191
10.136203050613403
10.261315107345581
9.39853286743164
10.193254232406616
10.172235250473022
10.262317657470703
10.451488733291626
10.297348737716675
10.092162370681763
10.44948697090149
10.119188070297241
10.324373245239258
9.795893430709839
10.260316133499146
10.333381414413452
10.242297172546387
10.226285219192505
10.088159561157227
10.138204097747803
10.295347690582275
10.136201858520508
10.215274095535278
10.234291791915894
10.215274333953857
10.39543890953064
10.14120626449585
10.275327444076538
9.975056171417236
10.049123287200928
10.150215148925781
10.268320798873901
10.197258234024048
10.058130979537964
10.258314371109009
10.360405445098877
10.270325422286987
10.286337852478027
10.159223079681396
10.190251588821411
10.297348499298096
10.115184307098389
10.54056978225708
10.21727705001831
9.8349289894104
10.499531984329224
10.046120882034302
10.08815884590149
10.094165086746216
10.246302843093872
10.115183353424072
10.274328708648682
9.847941637039185
10.208267450332642
9.998076915740967
9.703809976577759
9.93702244758606
10.218275785446167
10.446484088897705
10.111180067062378
10.19825792312622
10.071143627166748
10.108177661895752
9.767869472503662
9.926011800765991
10.16322660446167
10.189250707626343
9.980058908462524
10.20726728439331
10.034110307693481
10.01909589767456
10.095165491104126
10.236293315887451
9.849942922592163
9.967047452926636
9.920007228851318
10.193253755569458
10.033108949661255
10.051125526428223
10.058131217956543
10.313363075256348
10.128195524215698
10.089159965515137
9.9610435962677
10.194255113601685
10.140206098556519
10.155220031738281
10.158222675323486
9.918004512786865
9.8789701461792
9.99006986618042
10.23829436302185
10.065139055252075
10.059133291244507
10.098167657852173
10.132198333740234
10.16322660446167
10.057131290435791
10.085155487060547
9.970051288604736
10.162226438522339
9.891981601715088
10.33037781715393
10.251306772232056
9.823918581008911
10.302353620529175
9.848941564559937
9.735839605331421
10.335383176803589
10.331379175186157
9.94402813911438
10.063133955001831
9.922006368637085
9.98906946182251
9.887975454330444
10.126193523406982
9.975057363510132
10.162225723266602
9.939024686813354
10.032107830047607
10.091161012649536
10.152216911315918
10.15221643447876
10.10517430305481
10.059131860733032
10.251304864883423
9.952034950256348
10.165708065032959
9.975707769393921
10.0127432346344
10.164891958236694
9.944676637649536
10.094821453094482
9.97270393371582
10.032763242721558
10.060790538787842
10.159886121749878
10.197924613952637
10.020751476287842
10.284006595611572
10.1829092502594
10.264990329742432
9.95468807220459
10.046776056289673
10.073804140090942
10.143871307373047
10.022753238677979
10.14186954498291
10.085814714431763
9.994726181030273
10.194920778274536
10.177903890609741
10.203930139541626
9.946678400039673
10.22194766998291
10.231956481933594
10.007740020751953
10.069798946380615
10.243968725204468
9.886620283126831
10.12885570526123
10.003734111785889
10.110838651657104
9.99672818183899
10.17089581489563
10.145871877670288
9.994725465774536
10.059790134429932
10.188914060592651
10.19592022895813
10.12885570526123
10.249974489212036
9.991723537445068
10.033764839172363
9.903635740280151
10.130858659744263
9.964696645736694
9.992724180221558
9.964695930480957
10.067795515060425
10.382102966308594
10.0577871799469
10.085815191268921
10.082811117172241
10.226952075958252
10.235959768295288
10.31103253364563
10.15688443183899
9.620362520217896
9.920654535293579
10.017747402191162
9.7655029296875
9.599339962005615
10.217943906784058
9.8255615234375
9.989720582962036
10.19491982460022
10.061790466308594
9.91164517402649
10.341063499450684
9.985717058181763
9.89663052558899
10.13185977935791
10.351071834564209
10.250975131988525
10.071800708770752
10.191918849945068
9.882616996765137
10.3030264377594
10.389110326766968
9.99172329902649
10.168895483016968
10.168895483016968
10.22294807434082
10.304027080535889
10.016746997833252
10.18791389465332
10.206932306289673
10.023753881454468
10.17790412902832
9.865601062774658
9.286013126373291
9.660231113433838
9.544121026992798
9.438018083572388
8.921524286270142
9.666237831115723
9.124720335006714
8.71833086013794
9.003602504730225
8.851457595825195
8.8914954662323
10.328869581222534
10.168716192245483
10.33687686920166
10.136685609817505
10.220766305923462
10.02758264541626
10.126676559448242
10.05560851097107
10.060613632202148
10.318858623504639
10.141689777374268
10.105653762817383
10.013567209243774
9.537113904953003
9.89145016670227
10.089641332626343
10.261804342269897
9.91247296333313
9.926485061645508
10.022577047348022
9.908468961715698
9.864425897598267
10.15670371055603
9.947503328323364
9.893453121185303
10.027581930160522
9.944503545761108
9.858421087265015
10.270814180374146
10.126675844192505
9.63821005821228
9.501078367233276
10.099650859832764
10.025578022003174
10.00656270980835
10.003557205200195
10.200745820999146
10.118669986724854
10.224768877029419
10.25279712677002
10.163710832595825
10.138689517974854
10.400940179824829
10.206751108169556
9.922480583190918
10.113663911819458
9.916475296020508
10.11766791343689
9.699268579483032
9.47204875946045
9.526102066040039
9.99154543876648
9.618188858032227
10.062615394592285
10.032586097717285
10.116667032241821
10.064614534378052
10.069622039794922
10.222768545150757
10.094645500183105
9.78334665298462
10.156704187393188
10.052604675292969
10.289832353591919
9.98353910446167
10.19574236869812
10.011565923690796
9.481058597564697
10.025579452514648
9.761325597763062
10.177724361419678
10.02758240699768
10.00055480003357
10.286828756332397
10.226771593093872
10.00856351852417
10.255799770355225
10.332874059677124
10.296839714050293
10.360899448394775
10.400937557220459
10.1116623878479
10.180726051330566
10.006555795669556
10.095541954040527
10.099523544311523
10.163582801818848
9.853292465209961
10.104527950286865
10.16458511352539
10.018447637557983
10.096518993377686
10.088510990142822
10.056482315063477
10.189609050750732
10.11954116821289
10.155575275421143
10.156577110290527
10.145568609237671
10.210628747940063
10.036464929580688
10.06449031829834
10.183600425720215
10.09852123260498
10.083508253097534
10.066491603851318
10.062488317489624
10.235651969909668
10.079504489898682
10.081505060195923
9.880317687988281
10.044469594955444
10.277691125869751
10.05948519706726
10.00643515586853
9.961393356323242
10.030458211898804
10.058484554290771
9.923356533050537
10.120543718338013
10.37077808380127
9.732177495956421
10.177596092224121
10.180599212646484
10.109533071517944
10.080503940582275
9.958390712738037
10.265681266784668
10.079503536224365
10.08851146697998
9.643092393875122
10.037463426589966
10.11253547668457
10.130553722381592
10.080506563186646
9.93336820602417
10.027454376220703
10.101524829864502
10.12755012512207
10.139561653137207
10.265679359436035
9.952383279800415
10.050476551055908
10.07950472831726
9.985415697097778
10.083507776260376
10.117540121078491
10.098523378372192
10.125548601150513
10.188606977462769
10.097522020339966
10.24065613746643
10.276689529418945
10.1826012134552
10.259674072265625
10.058483839035034
9.94737982749939
9.902336597442627
10.23264765739441
10.007436037063599
9.922355890274048
10.1055269241333
10.296709537506104
10.320732116699219
10.093517065048218
10.073498964309692
9.928361892700195
10.291704893112183
10.120543003082275
9.988418340682983
9.979409456253052
10.253669023513794
10.103527069091797
10.153574466705322
10.075500011444092
9.891327619552612
9.954386234283447
10.308722257614136
10.268669605255127
10.49480128288269
10.00033712387085
9.967307806015015
10.242565155029297
10.010348081588745
10.139467716217041
10.117448091506958
10.040375709533691
10.16849660873413
9.86921763420105
10.01735544204712
9.87221884727478
9.48986268043518
10.037374019622803
9.840189456939697
9.922264814376831
9.892237424850464
9.982321739196777
10.248569965362549
10.15348196029663
10.122452735900879
9.930273532867432
9.958298683166504
10.25557804107666
9.916260480880737
9.925268173217773
10.053388357162476
9.943286895751953
10.049384832382202
10.359674215316772
9.90324854850769
9.785137414932251
10.086419820785522
10.07340669631958
10.301620244979858
10.063406467437744
10.019355297088623
9.929272890090942
10.160489320755005
9.840189695358276
10.057392358779907
9.785137414932251
9.633996963500977
9.84119200706482
10.02236032485962
9.942284345626831
9.959300756454468
9.735090732574463
9.813165664672852
9.945287704467773
9.884230136871338
9.800153017044067
9.868214845657349
9.981321811676025
9.855203866958618
10.070404052734375
9.726083993911743
9.995333671569824
9.272658348083496
9.86020827293396
9.796144247055054
10.174501180648804
9.77312684059143
9.958298444747925
9.814165592193604
9.860208511352539
9.977317333221436
9.224615097045898
9.826176643371582
9.733089208602905
9.784135818481445
10.03737211227417
9.768121242523193
9.657017946243286
10.14147138595581
9.829178094863892
9.69205093383789
9.95329475402832
10.140470266342163
10.042377471923828
9.972313165664673
9.880226612091064
9.89323902130127
9.8892343044281
9.913267374038696
9.860207319259644
9.990329504013062
9.79414439201355
10.125465154647827
9.89323902130127
10.058393716812134
10.007345914840698
9.911254644393921
9.728084325790405
9.948290586471558
10.006332159042358
9.736029148101807
9.828114986419678
9.916197061538696
9.984259366989136
10.090367794036865
9.941218852996826
9.93521523475647
9.967244625091553
9.951229333877563
10.063333511352539
10.098365783691406
9.838124990463257
9.85313868522644
9.99126672744751
9.816104888916016
9.916195154190063
9.793081998825073
10.035307884216309
10.042314052581787
9.922202348709106
9.799088716506958
9.965242385864258
10.055335760116577
9.945224285125732
10.011294603347778
9.656956911087036
9.785074949264526
10.002277135848999
9.883164644241333
9.956234216690063
9.789080381393433
9.880163431167603
10.07634449005127
9.904186487197876
10.084352731704712
11.142334699630737
10.499736785888672
9.930209875106812
10.336585998535156
10.015289306640625
9.852135181427002
9.853138208389282
10.038310527801514
9.840125560760498
9.91919994354248
9.80309271812439
9.74804162979126
9.563870906829834
9.816104650497437
9.767059087753296
10.05332326889038
9.624927759170532
9.725019931793213
9.818106889724731
9.765056610107422
9.85113787651062
9.845130681991577
9.834120988845825
9.770060777664185
9.830116748809814
9.854139566421509
9.891173839569092
9.778069019317627
10.167430639266968
9.632934093475342
10.033304929733276
9.662962436676025
9.745038270950317
9.62692928314209
9.91020131111145
9.804093837738037
9.519828796386719
10.008281707763672
9.953230619430542
9.708003759384155
9.670969486236572
9.67897629737854
9.704999923706055
9.582887887954712
9.661961555480957
9.682980298995972
9.883166551589966
9.416734218597412
9.6349356174469
9.660960674285889
9.672971725463867
9.888180494308472
9.614917755126953
9.631933212280273
9.701998233795166
9.952230453491211
9.731024265289307
9.798086643218994
9.74904203414917
9.530839920043945
9.604908466339111
9.627929925918579
9.795044898986816
9.577839136123657
9.712963342666626
9.435707092285156
9.581841707229614
10.014240503311157
9.68794059753418
10.074297189712524
9.658912658691406
9.668922424316406
9.67292594909668
9.755001783370972
9.794036149978638
9.64590072631836
9.610869884490967
9.555817365646362
9.528793096542358
9.679932594299316
9.725975275039673
9.765010356903076
9.609868049621582
9.802045345306396
9.518784046173096
9.669922351837158
9.805047988891602
9.518784046173096
9.6949462890625
9.685938358306885
9.76100778579712
9.70896863937378
9.66391658782959
9.951183319091797
9.930163860321045
9.86911678314209
9.503768920898438
10.005232572555542
9.891127347946167
10.03425908088684
9.559822082519531
9.814056158065796
9.631887674331665
9.812054872512817
9.669923543930054
10.247455835342407
9.734982252120972
9.613871097564697
9.638894081115723
9.610868692398071
9.694945812225342
9.737985372543335
9.832072973251343
9.693945407867432
9.723973035812378
9.608866930007935
9.702953577041626
9.888124942779541
9.55081295967102
9.60786485671997
9.501768827438354
9.702953815460205
9.715965747833252
9.885119676589966
9.762007713317871
9.702954053878784
9.641897678375244
9.442713022232056
9.617874145507812
9.642897367477417
9.777021884918213
9.551814794540405
9.681932926177979
9.684938192367554
9.787030458450317
9.744991779327393
9.76401138305664
9.684937238693237
9.520784854888916
9.713963985443115
9.420692920684814
9.66792106628418
9.699951410293579
9.909153461456299
9.458728790283203
9.897133350372314
9.501768827438354
9.799041748046875
9.798041343688965
9.957188606262207
9.745993375778198
9.65090537071228
9.658913135528564
9.54781174659729
10.049272775650024
9.773018836975098
9.814056158065796
9.85509467124939
9.773017883300781
9.554818153381348
9.936145782470703
9.657880067825317
9.631855249404907
9.76498007774353
9.722940444946289
9.773986577987671
9.763977766036987
9.469707250595093
9.828037023544312
9.887090682983398
9.926127195358276
10.00820255279541
9.89710021018982
9.80901837348938
9.890093803405762
9.936136245727539
9.71793532371521
9.777990818023682
9.708928108215332
9.743959426879883
9.685906648635864
9.893096208572388
9.968165636062622
9.656879425048828
9.838046073913574
9.851057529449463
9.615843534469604
9.810020923614502
9.751966953277588
9.553784608840942
9.83003854751587
9.90210485458374
9.796006679534912
9.748964071273804
9.750965356826782
9.923124313354492
9.824033260345459
10.031224012374878
9.703922510147095
9.801011800765991
10.034225702285767
9.987182855606079
9.636861801147461
9.712931394577026
9.933132886886597
9.69591474533081
9.806015491485596
9.855061769485474
9.844051122665405
9.71693468093872
9.794005870819092
9.980185270309448
9.923123836517334
9.867072343826294
9.678898572921753
9.713931322097778
9.881085395812988
9.945144414901733
9.801011323928833
10.038229942321777
9.79600715637207
9.91912031173706
9.560790777206421
9.837044715881348
9.554785013198853
9.780993461608887
9.681901454925537
10.001195907592773
9.62384819984436
9.952150583267212
9.56679630279541
9.6899094581604
9.773987054824829
9.683902025222778
9.907109022140503
9.76598048210144
9.829037427902222
9.744960069656372
9.819028615951538
9.741957426071167
9.574803590774536
9.633858919143677
9.826035022735596
9.809019327163696
9.767981767654419
9.696916341781616
9.821030378341675
10.335503339767456
10.146327495574951
9.904106855392456
9.840048789978027
10.096283435821533
9.934134483337402
9.839046239852905
9.818028926849365
9.758971929550171
9.979175567626953
10.017200708389282
10.170327186584473
10.001172304153442
9.80799388885498
10.053221225738525
10.083248376846313
9.898078441619873
10.07624077796936
10.00517725944519
10.128289222717285
9.93411135673523
9.829015016555786
9.79398226737976
9.824009895324707
9.869049549102783
9.918097019195557
9.824011325836182
9.85904312133789
10.00717806816101
9.887068033218384
10.27342176437378
9.903082370758057
9.845031023025513
9.970144510269165
10.005176782608032
9.964139461517334
10.0081787109375
9.67987847328186
10.224377632141113
9.799987554550171
9.969143390655518
9.809996843338013
9.897078275680542
9.838021039962769
9.804992198944092
9.885063409805298
9.988160848617554
9.713909149169922
10.078243732452393
9.973146677017212
10.048216581344604
9.948124170303345
9.991164207458496
9.637839317321777
10.001172304153442
9.846030473709106
10.024194240570068
9.896076917648315
9.82601261138916
10.037205696105957
9.756948947906494
10.091254711151123
10.138298988342285
9.985159397125244
9.758950471878052
10.126286745071411
9.840024709701538
9.859042882919312
9.829014778137207
9.736930131912231
9.751943588256836
9.91109037399292
9.696895122528076
9.863046407699585
9.667866468429565
10.09926176071167
10.100263118743896
9.985157251358032
10.043211221694946
10.037205219268799
9.902081489562988
10.088253021240234
9.871053218841553
9.786977291107178
9.918097019195557
9.901081562042236
9.937113523483276
9.733927488327026
10.08625078201294
9.833017587661743
9.850034475326538
9.957132577896118
9.964138984680176
9.90208125114441
9.853037357330322
9.953129529953003
9.663864612579346
10.012183427810669
9.926104068756104
9.879061698913574
10.037205457687378
10.122283697128296
10.072237730026245
9.909088850021362
9.982156038284302
9.94912600517273
9.981150150299072
10.053203582763672
9.721899271011353
9.87704348564148
10.032184362411499
9.929090023040771
9.94210171699524
9.994148254394531
9.866032123565674
10.012164831161499
9.957115411758423
10.164305210113525
10.182588815689087
10.779868841171265
