Timing log for each step:
0.01301264762878418
10.27536129951477
10.20888066291809
10.174920558929443
10.02955937385559
10.17335557937622
10.26690411567688
10.166782140731812
10.279224157333374
10.38395071029663
10.293237209320068
10.11829423904419
10.232558965682983
10.234959602355957
10.408397912979126
10.36954140663147
10.31320858001709
9.887580394744873
9.91255521774292
8.963411092758179
10.139865398406982
10.280835390090942
10.706350326538086
10.05570125579834
10.134625434875488
9.760794878005981
10.428373336791992
10.19176959991455
10.321051120758057
10.170135736465454
10.044691324234009
10.2841637134552
9.785829067230225
9.9277982711792
9.47613525390625
9.454237222671509
8.850895881652832
9.015032052993774
9.106286525726318
8.994604110717773
9.04715347290039
9.068348169326782
9.141861200332642
9.197267293930054
9.152655363082886
9.129170894622803
9.384921550750732
9.283810377120972
9.451820850372314
9.40809178352356
9.529076337814331
9.436936855316162
9.309300422668457
9.52416729927063
9.517381429672241
9.366471290588379
9.508286714553833
9.467114448547363
9.337193012237549
9.456739664077759
9.572312116622925
9.302273035049438
9.310074090957642
9.26875638961792
9.642384052276611
9.443779706954956
9.487577438354492
9.55620002746582
9.430899143218994
9.467231035232544
9.553956031799316
9.508070945739746
9.486584901809692
9.488831520080566
9.493366718292236
9.488016605377197
9.528229236602783
9.469638586044312
9.34977102279663
9.459718942642212
9.340887546539307
9.477842330932617
9.588988780975342
9.417279481887817
9.35880732536316
9.383077621459961
9.320600509643555
9.278006553649902
9.413707494735718
9.426740884780884
9.424767971038818
9.58443570137024
9.459076881408691
9.490208387374878
9.635850667953491
9.444637537002563
9.46465253829956
9.518355131149292
9.431973934173584
9.526217222213745
9.30157470703125
9.560729026794434
9.347730875015259
9.51738452911377
9.594189643859863
9.404969930648804
9.432862997055054
9.348725318908691
9.486247301101685
9.498827457427979
9.648119688034058
9.482680797576904
9.477211952209473
9.35372257232666
9.54146146774292
9.721667528152466
9.442882776260376
9.43290376663208
9.473200798034668
9.399208307266235
9.62634563446045
9.608105897903442
9.373243570327759
9.570873260498047
9.58191990852356
9.572728633880615
9.465442657470703
9.507439851760864
9.508784532546997
9.443741083145142
9.578392267227173
9.51957106590271
9.381920576095581
9.533900499343872
9.397987604141235
9.537131786346436
9.446065187454224
9.434264898300171
9.372674942016602
9.464730501174927
9.54539704322815
9.228779792785645
9.320810317993164
9.416051626205444
9.529968976974487
9.225656270980835
9.269722700119019
9.320783138275146
9.391878604888916
9.438942432403564
9.033376932144165
9.229116439819336
9.27718210220337
9.409160614013672
9.278892755508423
9.3796968460083
9.320864915847778
9.252824544906616
9.234612941741943
9.337262392044067
9.328877687454224
9.185367822647095
9.037812232971191
9.2461998462677
9.384108304977417
9.327576875686646
9.325420379638672
9.279116153717041
9.360607624053955
9.194840669631958
9.377870321273804
9.40494441986084
9.223796367645264
9.221665620803833
9.416849136352539
9.259883403778076
9.246073007583618
9.444848537445068
9.27778434753418
9.214878559112549
9.177055835723877
9.205298900604248
9.357532501220703
9.213153839111328
9.204500913619995
9.215299367904663
9.26708436012268
9.279951810836792
9.145942211151123
9.185269355773926
9.495365381240845
9.042906522750854
9.34560227394104
9.175904750823975
9.307186841964722
9.271036624908447
9.396368503570557
9.353139877319336
9.408633708953857
9.37171483039856
9.264108180999756
9.280747413635254
9.411263227462769
9.253297090530396
9.398603916168213
9.203872442245483
9.305652141571045
9.352725505828857
9.407850503921509
9.374258756637573
9.220267057418823
9.252038478851318
9.288355350494385
9.35043454170227
9.259035348892212
9.188575267791748
9.15159559249878
9.247904777526855
9.181191682815552
9.276478290557861
9.19489312171936
9.212708711624146
9.234175682067871
9.405815124511719
9.16677474975586
9.183537244796753
9.289473533630371
9.366679668426514
9.302560806274414
9.474297761917114
9.144315004348755
9.401172399520874
9.407174825668335
9.41715145111084
9.535388708114624
9.264768600463867
9.385494709014893
9.359678745269775
9.264334917068481
9.54770803451538
9.114457845687866
9.580821514129639
9.367139101028442
9.313671350479126
9.378696918487549
9.424974918365479
9.336112022399902
9.345824003219604
9.423776388168335
9.25822138786316
9.455654621124268
9.43568205833435
9.545228481292725
9.198446273803711
9.304115772247314
9.559593677520752
9.310970783233643
9.392786502838135
9.560678243637085
9.390846967697144
9.321736812591553
9.275267839431763
9.433389902114868
9.053763628005981
9.416122913360596
9.487555027008057
9.433658838272095
9.267849206924438
9.421990394592285
9.410101652145386
9.209475040435791
9.482854127883911
9.407961130142212
9.447151184082031
9.303721189498901
9.417167901992798
9.495607614517212
9.246245384216309
9.220101594924927
9.761979103088379
9.631763696670532
9.645296812057495
9.623307466506958
9.824786186218262
9.575784683227539
9.853622674942017
9.759361743927002
9.74771237373352
9.68609356880188
9.777778148651123
10.823806047439575
10.919193267822266
10.834007978439331
10.791256427764893
10.862842321395874
10.80955719947815
10.715232133865356
10.609646797180176
10.753700017929077
10.61653995513916
10.786774158477783
10.854214429855347
10.888756036758423
10.94593858718872
10.547579050064087
10.532566547393799
10.581609725952148
10.48151969909668
10.6296546459198
11.073055505752563
10.625648975372314
10.202264070510864
10.459498167037964
10.718733549118042
10.666686296463013
10.614639043807983
10.603628635406494
10.233293294906616
10.854856967926025
10.43847918510437
10.604630708694458
10.60763144493103
10.548579931259155
10.514547348022461
10.640662431716919
10.884884595870972
10.601627588272095
10.674693584442139
10.50454044342041
10.506541728973389
10.54057240486145
10.555585622787476
10.565593957901001
10.575602531433105
10.57560133934021
10.458496570587158
10.667686939239502
10.665685176849365
10.486522197723389
10.556586503982544
10.547577857971191
10.548579454421997
10.345393657684326
10.486523151397705
10.608633756637573
10.557587146759033
10.532562971115112
10.696714401245117
10.553583860397339
10.510545253753662
10.302356481552124
10.80180811882019
10.525558948516846
10.376424551010132
10.653674125671387
10.44548511505127
10.424466371536255
10.393438816070557
10.695712566375732
10.653674602508545
10.693711042404175
10.592618465423584
10.531562566757202
10.384429693222046
10.57760500907898
10.440480709075928
10.6046302318573
10.6016263961792
10.601626873016357
10.699716329574585
10.473510265350342
10.418460607528687
10.16723084449768
10.791799783706665
10.377422094345093
10.517549991607666
10.713728904724121
10.608632564544678
10.653674125671387
10.63365626335144
10.658680438995361
10.691709995269775
10.626648664474487
10.665685653686523
10.579606771469116
10.813817739486694
10.637660026550293
10.555585861206055
10.4955313205719
10.568595170974731
10.365413904190063
10.41545820236206
10.624648094177246
10.605629682540894
10.617640733718872
10.707722663879395
10.708724737167358
10.588613510131836
10.544572830200195
10.69971489906311
10.724737882614136
10.661680459976196
10.366411924362183
10.612636089324951
10.52454924583435
10.588615417480469
10.393436908721924
10.518551111221313
10.32837724685669
10.673689842224121
10.36240839958191
10.516550064086914
10.598623275756836
10.578604459762573
10.352399349212646
10.638660430908203
10.416458129882812
10.660679578781128
10.661680459976196
10.571595668792725
10.56359076499939
10.6816987991333
10.532562494277954
10.395438194274902
10.7037193775177
10.587611675262451
10.523555040359497
10.70672059059143
10.678696393966675
10.474510669708252
10.470507383346558
10.728740930557251
10.500534057617188
10.408451318740845
10.605628728866577
10.549579381942749
10.413452386856079
10.465502262115479
10.555583477020264
10.679697751998901
10.571598291397095
10.76777720451355
10.49853253364563
10.465501308441162
10.519551038742065
10.36741328239441
10.501535177230835
10.542571783065796
10.593619108200073
10.494527816772461
10.644663572311401
10.512543439865112
10.673691034317017
10.736748218536377
10.74475622177124
10.867867708206177
10.612635850906372
10.724735975265503
10.578604698181152
10.68570065498352
10.652671813964844
10.655675411224365
10.573598861694336
10.72173523902893
10.440480709075928
10.63966155052185
10.558586835861206
10.616639137268066
10.67769479751587
10.778787612915039
10.581607818603516
10.720732688903809
10.499533653259277
10.635656833648682
10.274328231811523
10.516548871994019
10.846849918365479
10.742752313613892
10.37641954421997
10.473510265350342
10.595619678497314
10.676693439483643
10.472508430480957
10.40444803237915
10.172235250473022
10.420461177825928
10.557585954666138
10.781789064407349
10.573600769042969
10.555583238601685
10.668686151504517
10.647667407989502
10.738749742507935
10.641661882400513
10.41445541381836
10.538568496704102
10.396440267562866
10.652672529220581
10.676693677902222
10.652672052383423
10.55958890914917
10.55057954788208
10.538568496704102
10.553580284118652
10.699715614318848
10.622644901275635
10.585611820220947
10.56759524345398
10.361408948898315
10.43247103691101
10.487522602081299
10.590616464614868
10.489524364471436
10.548577547073364
10.537567138671875
10.54757833480835
10.555583953857422
10.611634254455566
10.814819574356079
10.575600385665894
10.422462224960327
10.382428169250488
10.54957890510559
10.663682222366333
10.779786109924316
10.72473692893982
10.55858588218689
10.553581714630127
10.753763914108276
10.501534223556519
10.643664121627808
10.42046046257019
10.488523006439209
10.702717542648315
10.235294580459595
10.706721544265747
10.545575380325317
10.564591646194458
10.565592050552368
10.65967869758606
10.40244436264038
10.778786659240723
10.432471752166748
10.46049952507019
10.426467657089233
10.85986042022705
10.466503620147705
10.471508026123047
10.418458461761475
10.590614557266235
10.548577547073364
10.5916166305542
10.36941647529602
10.4534912109375
10.526554822921753
10.714728593826294
10.592617988586426
10.663681983947754
10.57459831237793
10.580606698989868
10.569597959518433
10.644665718078613
10.642663717269897
10.488521337509155
10.388431072235107
10.652672052383423
10.392437219619751
10.49953317642212
10.55558443069458
10.603627681732178
10.53856897354126
10.322372436523438
10.499533891677856
10.610634326934814
10.45749545097351
10.611634969711304
10.346394538879395
10.366412162780762
10.557585000991821
10.630650997161865
10.77978777885437
10.550577402114868
10.541572570800781
10.567596197128296
10.589614629745483
10.603623628616333
10.53256368637085
10.369415044784546
10.437477588653564
10.54157042503357
10.363410472869873
10.414457321166992
10.268323421478271
10.448485612869263
10.371416091918945
10.618642091751099
10.56259036064148
10.593618869781494
10.531561851501465
10.713727951049805
10.38742995262146
10.488523244857788
10.858861207962036
10.899652481079102
10.679118871688843
