Timing log for each step:
0.01701498031616211
5.553053140640259
5.651142597198486
5.49399733543396
5.5110156536102295
5.3909056186676025
5.57707405090332
5.63212513923645
5.801279306411743
5.573071002960205
5.737220764160156
5.591087579727173
5.589086294174194
5.559058427810669
5.756237745285034
5.472980260848999
5.591087579727173
5.523024559020996
5.624118328094482
5.665155410766602
5.604099750518799
5.633124828338623
5.5630621910095215
5.607102155685425
5.5350377559661865
5.497002601623535
5.720205068588257
5.622114896774292
5.763244152069092
5.475983619689941
5.460968971252441
5.598094701766968
5.520016431808472
5.577075242996216
5.524026870727539
5.370887994766235
5.893362998962402
5.44695782661438
5.488993883132935
5.54804801940918
5.6841723918914795
5.549048900604248
5.456965208053589
5.441951751708984
5.3708882331848145
5.406919717788696
5.482989072799683
5.521023988723755
5.577075242996216
5.679167985916138
5.611106634140015
5.763245105743408
5.527028799057007
5.602097749710083
5.649140357971191
5.693181037902832
5.616110801696777
5.534037113189697
5.592089414596558
5.5860841274261475
5.593090057373047
5.710196495056152
5.415929079055786
5.634126663208008
5.645136833190918
5.971433639526367
5.624117851257324
5.565065145492554
5.607101678848267
5.786266326904297
5.576073884963989
5.603100061416626
5.638131141662598
5.613106966018677
5.442952871322632
5.58708381652832
5.770250558853149
5.72320818901062
5.7021894454956055
5.60610294342041
5.613108158111572
5.983444452285767
5.601096153259277
5.726210355758667
5.89035964012146
5.533034324645996
5.490996837615967
5.539041996002197
5.682170867919922
5.737220525741577
5.663152694702148
5.566065311431885
5.714199781417847
5.539041519165039
5.622116804122925
4.829395532608032
5.5740721225738525
5.710196256637573
5.096638441085815
5.006556749343872
5.12266206741333
5.21474552154541
5.218749761581421
5.107647180557251
5.362880706787109
5.238767147064209
4.969520568847656
5.126666307449341
5.044591665267944
5.139677047729492
4.866428852081299
5.112652778625488
5.001551866531372
4.940496444702148
4.998549699783325
5.111650466918945
5.037583589553833
5.205737829208374
5.241769790649414
5.212744235992432
5.192725419998169
5.117656707763672
5.089632511138916
5.178712368011475
5.133671283721924
5.134673118591309
5.064610004425049
5.193727016448975
5.207738637924194
5.2227513790130615
5.015563726425171
5.149685621261597
5.003551959991455
5.172706365585327
5.067611217498779
5.115655899047852
5.029576778411865
5.471978664398193
5.118657827377319
5.050596237182617
5.110650062561035
5.1406776905059814
5.173707485198975
5.290813446044922
4.993544101715088
5.155691385269165
5.1486852169036865
5.210741996765137
5.129667520523071
5.233762502670288
5.161696910858154
5.197729587554932
5.119659185409546
5.125663995742798
5.0325798988342285
5.077620267868042
5.139676570892334
5.100639343261719
5.127665042877197
5.059603691101074
5.044580698013306
5.176710367202759
5.224754810333252
5.122661828994751
5.284809112548828
5.09163236618042
5.192725419998169
5.202734708786011
5.088621139526367
5.125665187835693
5.179713010787964
5.064609527587891
5.056601047515869
5.241769790649414
5.14267897605896
5.15669322013855
5.323844909667969
5.253781080245972
4.978529453277588
5.127665758132935
5.214744806289673
5.133670806884766
5.186720848083496
5.27179741859436
5.181715965270996
5.310832500457764
5.126665115356445
5.075618505477905
5.138675212860107
5.156692266464233
5.22775673866272
5.254781246185303
5.052595615386963
5.195727586746216
4.940496206283569
5.111651420593262
5.048593759536743
5.15068507194519
5.153690338134766
5.086628198623657
4.961149454116821
4.968520164489746
5.065608263015747
5.03758430480957
5.245774030685425
5.229759216308594
5.169703722000122
5.015564203262329
5.100640296936035
5.150686740875244
5.240768671035767
5.1356730461120605
5.113653182983398
5.035582542419434
5.031578779220581
5.046592473983765
5.117657661437988
4.989539384841919
5.116655111312866
5.16870379447937
5.773253440856934
5.08562707901001
5.045591115951538
5.384899616241455
4.977529048919678
5.087629318237305
5.056601047515869
5.193725824356079
5.198730707168579
5.121660470962524
5.237766265869141
5.243772029876709
5.200732231140137
5.058602333068848
5.276801347732544
5.049594163894653
5.275800943374634
5.232759714126587
5.190723180770874
5.337857246398926
5.15869402885437
5.122661352157593
5.105645418167114
5.202735424041748
5.039586305618286
4.998547315597534
5.109649658203125
5.325846910476685
5.060605049133301
5.166701555252075
5.463971376419067
5.154690742492676
5.279803991317749
5.270796060562134
5.1356728076934814
5.315837383270264
5.178712606430054
5.138675689697266
5.251779079437256
5.163698673248291
5.075618505477905
5.182716369628906
5.28681206703186
5.012562036514282
5.081625461578369
5.202733516693115
5.13367223739624
5.202733755111694
4.988539218902588
5.1887218952178955
5.042588710784912
4.314926624298096
5.330850839614868
5.138673782348633
5.27880334854126
4.999549388885498
4.882442951202393
4.810376167297363
4.842405557632446
4.921478509902954
5.090631008148193
4.516108751296997
4.153778553009033
4.280895471572876
4.269885540008545
4.200822353363037
4.2218406200408936
4.301914691925049
4.234853506088257
3.9866280555725098
4.184808015823364
4.18681001663208
4.1177473068237305
4.198821067810059
4.32893967628479
4.246864318847656
4.294908761978149
4.153778314590454
4.419021368026733
4.543134689331055
4.127756357192993
4.104734420776367
4.309921503067017
4.117746829986572
4.184808254241943
4.224843978881836
4.105736017227173
4.272888660430908
4.090721845626831
4.242861270904541
4.174798488616943
4.223843812942505
4.317929029464722
4.309922218322754
4.242861032485962
4.190813302993774
4.283898115158081
4.290904521942139
4.207825660705566
4.1998209953308105
4.36997652053833
4.286900758743286
4.213834047317505
4.105736017227173
4.284899711608887
4.130758762359619
3.986628532409668
4.371975898742676
4.222842454910278
4.2018232345581055
4.197820425033569
4.1417694091796875
4.033670663833618
4.197819471359253
4.205827951431274
4.19281530380249
4.231850862503052
4.167791843414307
4.106736421585083
4.17579984664917
4.186809778213501
4.183807849884033
4.263880014419556
4.187810659408569
4.414017677307129
4.047683238983154
4.119749069213867
4.155781030654907
4.121750593185425
4.107738971710205
4.19081449508667
4.14777398109436
4.222842693328857
4.207828521728516
4.203824520111084
4.424025058746338
4.165790557861328
4.259875774383545
4.276891708374023
4.204827547073364
4.149776220321655
4.268884181976318
4.16478967666626
4.1407670974731445
4.206828594207764
4.22184157371521
4.233851909637451
4.07270622253418
4.30791974067688
4.106736183166504
4.351959943771362
4.119748115539551
4.114744186401367
4.265882968902588
4.169795513153076
4.20983099937439
4.273889541625977
4.291906833648682
4.184807777404785
4.183808326721191
4.372978925704956
4.380986928939819
4.197819709777832
4.171796083450317
4.223843574523926
4.1097400188446045
4.288902282714844
4.0917229652404785
4.197820425033569
4.205827236175537
4.0917229652404785
4.213834047317505
4.173798084259033
4.109739780426025
4.177802324295044
4.337947368621826
4.355964183807373
4.11374306678772
4.1527793407440186
4.087720155715942
4.243861436843872
4.177801132202148
4.203825950622559
4.143771409988403
4.212834596633911
4.236855506896973
4.2418599128723145
4.252869606018066
4.183806896209717
4.1287572383880615
4.254871368408203
4.269882917404175
4.177801609039307
4.15878438949585
4.155782699584961
4.057692050933838
4.119750261306763
4.309921503067017
4.418020248413086
4.175801038742065
4.233853101730347
4.188811540603638
4.0997302532196045
4.116745233535767
4.331941604614258
4.246864318847656
4.112742185592651
4.222842693328857
4.331941604614258
4.212833642959595
4.188812017440796
4.504098176956177
4.213833808898926
4.172797203063965
4.182806730270386
4.258875608444214
4.237856388092041
4.193816184997559
4.368975877761841
4.304917812347412
4.334944248199463
4.362878799438477
4.165873765945435
