Timing log for each step:
0.01901841163635254
10.43894100189209
11.204101324081421
10.648974180221558
10.347262859344482
10.362198829650879
10.351058006286621
10.483138084411621
10.501498460769653
10.56466293334961
10.520627498626709
10.702425241470337
10.504755735397339
10.833500862121582
11.378295183181763
10.646755933761597
10.727527141571045
10.49296760559082
10.545121192932129
10.564901113510132
10.68095088005066
11.022765874862671
10.570855855941772
11.110735654830933
11.073060274124146
11.577675580978394
12.292088985443115
12.01890254020691
11.51421332359314
11.259458303451538
11.369474649429321
11.26532793045044
11.3813157081604
10.572561264038086
10.616477251052856
11.256814241409302
10.5098876953125
11.305853843688965
11.40535283088684
11.27514934539795
11.417858362197876
11.344836235046387
11.348401308059692
11.339476346969604
10.652641296386719
11.393723487854004
11.368479013442993
11.497012376785278
11.413326025009155
11.33542513847351
10.609549522399902
11.0442476272583
11.271629095077515
11.474225997924805
11.394283771514893
10.801189184188843
11.383139848709106
11.398416519165039
11.365027666091919
11.432711124420166
11.354552745819092
10.749092102050781
11.463700294494629
11.335131406784058
11.31639313697815
11.363171815872192
11.347167491912842
11.461620330810547
11.305917263031006
11.356350660324097
11.328921794891357
11.426474571228027
11.22498607635498
11.408055305480957
11.335650444030762
11.398409366607666
11.357805252075195
11.40316390991211
11.405468463897705
11.319961786270142
11.39624571800232
11.351968765258789
11.34501314163208
11.413519620895386
11.457887887954712
11.444666147232056
11.451562643051147
11.469337940216064
11.348601341247559
9.970804452896118
11.421915292739868
11.359996318817139
11.271087408065796
11.336856842041016
11.525297164916992
10.893491506576538
11.364027976989746
11.292232275009155
11.403478622436523
11.32619857788086
11.322667837142944
11.30800485610962
11.318572282791138
11.287311315536499
11.446630716323853
11.211085319519043
11.2193284034729
11.173852682113647
11.339402914047241
11.167615413665771
11.497570991516113
11.19304084777832
11.217735052108765
11.207875490188599
11.081018924713135
11.180062770843506
11.223710775375366
11.253107786178589
11.167473793029785
11.268600702285767
11.39995789527893
11.266558408737183
11.184598207473755
10.579052925109863
10.682129383087158
10.566890478134155
10.631219863891602
10.760422945022583
10.785423755645752
10.672800302505493
10.71602177619934
10.604493856430054
10.628276824951172
10.669790029525757
10.637752532958984
10.55929684638977
10.64002513885498
10.755910158157349
11.062564134597778
11.109321117401123
10.658576965332031
10.58060622215271
10.62173342704773
10.797523975372314
10.941272735595703
11.300087690353394
11.285369157791138
11.26654052734375
11.269077062606812
11.264222383499146
11.324696063995361
11.297343969345093
11.350410223007202
11.213587760925293
11.345406293869019
11.282543897628784
11.358539581298828
11.366868257522583
11.37399673461914
11.210217952728271
11.381938695907593
11.172643899917603
11.18798828125
11.160921812057495
11.545121669769287
11.201422452926636
11.241475343704224
11.24459719657898
11.244510650634766
11.293202877044678
11.263278722763062
11.242616415023804
11.291749715805054
11.240614652633667
11.200751543045044
11.320294618606567
11.275174856185913
11.31294059753418
11.256357431411743
11.305285215377808
11.263437032699585
11.314290761947632
11.279503583908081
11.248372793197632
11.386714458465576
11.247603416442871
11.24553108215332
11.185961961746216
11.435160398483276
11.203837394714355
11.828748226165771
11.988898992538452
11.279773473739624
10.839020013809204
11.110575437545776
11.273238182067871
11.364811420440674
11.260673522949219
11.36105465888977
11.289703845977783
11.47045350074768
11.797013759613037
11.452858924865723
11.491539478302002
11.429568529129028
11.459515810012817
11.533531904220581
11.40423035621643
11.357451677322388
11.314043760299683
11.343699932098389
11.300763368606567
11.380805253982544
11.484983921051025
11.453615188598633
11.370906114578247
11.361507415771484
11.311433553695679
11.407105684280396
11.31827688217163
11.348589420318604
11.353790044784546
11.370282649993896
11.378434896469116
11.41916799545288
11.472387790679932
11.442986965179443
11.729646682739258
11.364282369613647
11.450248718261719
11.500988245010376
11.474992036819458
11.796810150146484
11.579174518585205
11.427335262298584
11.407317161560059
11.519840717315674
11.45618724822998
11.742361068725586
11.617788791656494
11.548043727874756
11.215559244155884
10.704273700714111
10.959064483642578
11.704602003097534
11.528043031692505
11.084768295288086
11.18051028251648
10.806196928024292
11.303082704544067
10.979210615158081
12.266234397888184
11.112262487411499
11.181534051895142
10.89640736579895
11.127801656723022
11.381476402282715
11.349139213562012
11.217682600021362
10.766858577728271
11.790831327438354
11.702942371368408
11.345832586288452
11.102621078491211
11.095168828964233
11.320332288742065
11.614724397659302
11.808097839355469
12.162484407424927
11.727888107299805
11.686131715774536
11.481647968292236
11.696972608566284
11.497207403182983
11.498188972473145
11.67356562614441
11.246907711029053
11.355621814727783
11.088204145431519
10.740771770477295
10.830097436904907
