Timing log for each step:
0.01701664924621582
5.685763359069824
5.7141478061676025
5.65622878074646
5.628369331359863
5.767625570297241
5.792160272598267
5.667245388031006
5.682328939437866
5.701704263687134
5.758507966995239
5.692195892333984
5.726093769073486
5.733047246932983
5.74727725982666
5.641693830490112
5.762891054153442
5.655149698257446
5.703755855560303
5.726384162902832
5.686709403991699
5.734729290008545
5.733693361282349
5.794714450836182
5.725258827209473
5.748296737670898
5.67734169960022
5.658113956451416
5.743407726287842
5.7588653564453125
5.734305143356323
5.691753387451172
5.730222702026367
5.727770090103149
5.719628572463989
5.679728269577026
5.669813394546509
5.740481376647949
5.657915353775024
5.683212041854858
5.6864094734191895
5.75259804725647
5.735151290893555
5.680036783218384
5.680248022079468
5.731190204620361
5.609615087509155
5.649307727813721
5.695972204208374
5.62778902053833
5.635209321975708
5.705200433731079
5.687211036682129
5.84827446937561
5.7100605964660645
5.747818946838379
5.741144895553589
5.743234872817993
5.734019756317139
5.8178489208221436
5.739788293838501
5.7945191860198975
5.784662246704102
5.766685724258423
5.757783651351929
5.906310319900513
5.800908803939819
5.756659030914307
5.710737228393555
5.784008502960205
5.769760370254517
5.853788614273071
5.805652618408203
5.810774087905884
5.792158126831055
5.808575630187988
5.763427257537842
5.7894768714904785
5.752113342285156
5.833592414855957
5.737914562225342
5.796735763549805
5.788861274719238
5.796633005142212
5.73309326171875
5.76637864112854
5.779202222824097
5.754150152206421
5.7561194896698
5.78812050819397
5.910590887069702
6.251752614974976
5.92728328704834
5.794217824935913
5.7980263233184814
5.695660352706909
5.767411470413208
5.78983473777771
5.774505853652954
5.770626783370972
5.819790601730347
5.807499408721924
5.949423313140869
5.887521743774414
5.926229000091553
5.820560932159424
5.984934091567993
5.7213335037231445
5.767355442047119
5.7764410972595215
5.804113864898682
5.816787958145142
5.759690523147583
5.773321628570557
5.759289503097534
5.8334431648254395
5.784282207489014
5.808012008666992
5.860893726348877
5.779871225357056
5.695230960845947
5.784332275390625
5.749216556549072
5.772252559661865
5.758994102478027
5.813319444656372
5.7712554931640625
5.836597919464111
5.774191617965698
5.867206811904907
5.855777025222778
5.792138338088989
5.849332571029663
5.79089093208313
5.782145738601685
5.786270380020142
5.744181156158447
5.766073226928711
5.807168483734131
5.808295011520386
5.84526801109314
5.918994903564453
5.7176125049591064
5.770745038986206
5.744283437728882
5.825822114944458
5.938081741333008
5.958778142929077
5.752838373184204
5.754047632217407
5.786503791809082
5.841528415679932
5.795692682266235
5.8698108196258545
5.864922523498535
5.895984888076782
5.861819505691528
5.763209342956543
5.761278867721558
5.753687620162964
5.764734983444214
5.857950925827026
5.790872097015381
5.827872037887573
5.817404747009277
5.797665357589722
5.854007959365845
5.82630467414856
5.805921792984009
5.810206413269043
5.826303958892822
5.7820351123809814
5.690618991851807
5.82060694694519
5.791651248931885
5.836317777633667
5.812361717224121
5.732672691345215
5.776803970336914
5.762683153152466
6.020983695983887
5.725982904434204
5.723645210266113
5.762619495391846
5.86796236038208
5.7781407833099365
5.728733062744141
5.760672569274902
5.743953466415405
5.795815467834473
5.811999082565308
5.757110834121704
5.807093620300293
5.8023154735565186
5.897996425628662
5.788692235946655
5.757121562957764
5.784497022628784
5.723102807998657
5.772171258926392
5.785165071487427
5.975342035293579
5.838566303253174
5.727261543273926
5.804124116897583
5.882440567016602
5.8038482666015625
5.769448757171631
5.862907409667969
5.78328013420105
5.862775564193726
5.758182764053345
5.729695081710815
5.806811809539795
5.741228342056274
5.775734901428223
5.7942118644714355
5.778295516967773
5.78888726234436
5.7118377685546875
5.753795862197876
5.780355215072632
5.763095140457153
5.77221417427063
5.7696545124053955
6.048570871353149
6.102132797241211
5.7669079303741455
5.786929368972778
5.728639364242554
5.809718370437622
5.724552154541016
5.783991575241089
5.781774520874023
5.761817216873169
5.730222225189209
5.841218709945679
5.799570560455322
5.800457954406738
5.749248266220093
5.756820440292358
5.7011823654174805
5.796891689300537
5.988954782485962
5.753572225570679
5.751693248748779
5.756075859069824
5.771301984786987
5.802087783813477
5.8228232860565186
5.723209857940674
5.771395921707153
5.7337751388549805
5.819293260574341
5.847097873687744
5.7146477699279785
5.877367258071899
5.859368562698364
5.7192223072052
5.7991087436676025
5.988462448120117
5.997395277023315
5.860103130340576
5.787804365158081
5.759359359741211
5.764552116394043
5.8416993618011475
5.814929723739624
5.858914613723755
5.7462379932403564
5.786256313323975
5.776801586151123
5.789165019989014
5.7585084438323975
5.823446750640869
5.789989709854126
5.745981216430664
5.749452829360962
5.8188958168029785
6.071884870529175
5.750788927078247
5.8318798542022705
5.811827898025513
5.822755336761475
5.755541801452637
5.800112724304199
5.748350620269775
5.84537410736084
6.208517551422119
5.754950761795044
5.724212408065796
5.864878177642822
5.7877037525177
5.778782844543457
5.8053202629089355
5.761905908584595
5.856289625167847
5.809883117675781
5.830811977386475
5.798940181732178
5.843740463256836
5.8513264656066895
5.739160776138306
5.770233154296875
5.823914527893066
5.633480072021484
5.7414186000823975
5.813847541809082
5.819082021713257
5.7902350425720215
5.8328697681427
5.807550430297852
5.79063081741333
5.803771018981934
5.780906915664673
5.9894819259643555
5.919191598892212
5.79228138923645
5.777878522872925
5.830667972564697
5.8302342891693115
5.807496547698975
5.730027198791504
5.786134481430054
5.74985671043396
5.6943042278289795
5.804348945617676
5.767146587371826
5.747743606567383
5.8185601234436035
5.772216558456421
5.728108167648315
5.752744436264038
6.222535610198975
5.816727161407471
5.76119327545166
5.814065456390381
5.748386859893799
5.754770040512085
5.824743986129761
5.810824632644653
5.80258584022522
5.7446653842926025
5.741635084152222
5.906243085861206
5.8328025341033936
6.0538294315338135
5.815757989883423
5.734408140182495
5.9033448696136475
6.080573797225952
6.01085901260376
5.6338043212890625
5.750617980957031
5.8453850746154785
5.848175048828125
5.862194061279297
5.742116212844849
5.788846015930176
5.77122950553894
5.711809158325195
5.7311108112335205
5.787496089935303
5.829889535903931
5.742666244506836
5.792295932769775
5.751076936721802
5.733112096786499
6.046643018722534
5.89641809463501
5.8341898918151855
5.799208402633667
5.7054736614227295
5.770986080169678
5.8087544441223145
5.894964933395386
5.765434265136719
5.7371437549591064
5.7310333251953125
5.828396320343018
5.7408459186553955
5.852782487869263
5.775732517242432
5.790827751159668
5.828467130661011
5.744163274765015
5.988885879516602
5.867509365081787
5.80815577507019
5.695104598999023
5.715709924697876
5.793802261352539
5.768304347991943
5.787713527679443
5.847892761230469
5.776162624359131
5.742669105529785
5.844852924346924
5.773592472076416
5.786670446395874
5.876178503036499
5.807441473007202
5.810716867446899
5.771254062652588
5.844147205352783
5.842188358306885
5.8198158740997314
5.642370700836182
5.683359861373901
5.906275510787964
5.776623725891113
5.765600919723511
5.909930229187012
5.743807315826416
5.813743591308594
5.621454238891602
5.70064115524292
5.803282976150513
5.79715633392334
5.824300289154053
5.807432174682617
5.755084037780762
5.847880601882935
5.872182130813599
5.775405645370483
5.8963704109191895
5.761481761932373
5.750504016876221
5.786835670471191
5.766270399093628
5.7790207862854
5.805715084075928
5.8213653564453125
5.812776327133179
5.805401086807251
5.726989269256592
5.772618293762207
5.722956418991089
5.815820693969727
5.8030970096588135
5.793061017990112
5.802133560180664
5.87016749382019
5.719934463500977
5.732219219207764
5.791949033737183
5.898735284805298
5.746004581451416
5.751232147216797
5.835318326950073
5.750138759613037
5.823903799057007
5.785394906997681
5.769257545471191
5.78231406211853
5.762909889221191
5.8154401779174805
5.860335350036621
5.914163112640381
5.82356595993042
5.849481821060181
5.7946107387542725
5.812599420547485
5.707899808883667
5.783782005310059
5.837093114852905
5.826732635498047
5.748669147491455
5.791226625442505
5.7312023639678955
5.820523738861084
5.739981412887573
5.857308864593506
5.780320882797241
5.803489923477173
5.951937675476074
5.919288873672485
5.791873455047607
5.8228535652160645
5.84023118019104
5.806281089782715
5.7760326862335205
5.9675133228302
5.738152980804443
5.794528007507324
5.761967658996582
5.8544182777404785
5.782842636108398
5.742442607879639
5.780657768249512
5.749374866485596
5.776774168014526
5.732017278671265
5.847787618637085
5.806502819061279
5.873255491256714
5.754769563674927
5.814547061920166
5.763712644577026
5.837282419204712
5.814431428909302
5.837056398391724
5.897167444229126
5.763753414154053
5.952041387557983
5.7503275871276855
5.785703182220459
5.775477170944214
5.875612020492554
5.851947069168091
5.888573884963989
5.907703161239624
5.775562047958374
5.75947380065918
5.787567377090454
5.792271614074707
5.8637847900390625
5.8967249393463135
5.7574622631073
5.733360290527344
5.785407066345215
5.736528396606445
5.78668999671936
5.760241985321045
5.760226488113403
5.7440996170043945
5.794584035873413
5.813652992248535
5.841276407241821
5.824899911880493
5.793798446655273
5.863561630249023
5.772265434265137
5.7901880741119385
5.87691330909729
5.738681793212891
5.919220685958862
5.837182998657227
5.795274257659912
5.828308582305908
5.829438924789429
5.806720495223999
5.794675588607788
5.7024407386779785
5.8742146492004395
5.911769390106201
5.8251049518585205
5.812230825424194
5.829144477844238
5.866140127182007
5.848356008529663
5.729101657867432
5.788558721542358
5.850118637084961
5.83537745475769
5.804827451705933
5.803300142288208
5.692036151885986
5.8122239112854
5.797945737838745
5.795584678649902
5.760094165802002
5.751936674118042
5.817702293395996
5.844373464584351
5.790493011474609
5.717365980148315
5.862205505371094
5.69423770904541
5.751611948013306
5.761561393737793
5.820369482040405
5.862914800643921
5.76628565788269
5.885221481323242
5.867033243179321
5.880497694015503
5.743418216705322
5.846848249435425
5.772881031036377
5.81047797203064
5.802589654922485
5.758207559585571
5.78307318687439
5.8904197216033936
5.7531678676605225
5.711078405380249
5.78831934928894
5.844812870025635
5.791226148605347
5.868296146392822
5.7357847690582275
5.926605701446533
5.7622270584106445
5.714264631271362
5.868276357650757
5.7910521030426025
5.720109462738037
5.753299713134766
5.804679870605469
6.065977334976196
5.834607839584351
5.800775527954102
5.902837753295898
5.819881916046143
5.796827077865601
5.8423171043396
5.814831733703613
5.8622825145721436
5.869588136672974
5.744110822677612
5.768828868865967
5.720157146453857
5.8598926067352295
5.889262914657593
5.7010767459869385
5.737123489379883
5.806664705276489
5.774156808853149
5.735975980758667
5.844894170761108
5.828192949295044
5.886209011077881
5.793671369552612
5.7647881507873535
5.794834852218628
5.808462858200073
5.795393705368042
5.8453147411346436
5.81929612159729
5.9186530113220215
5.895774841308594
5.7582502365112305
5.8731772899627686
5.996350288391113
5.823813199996948
5.876243829727173
5.758005857467651
5.825445890426636
5.840206623077393
5.701659679412842
5.870987176895142
5.732813358306885
5.747307777404785
5.907099723815918
5.806650876998901
5.872195482254028
5.741640329360962
5.772320508956909
5.837941884994507
5.762969970703125
5.700090169906616
5.817928075790405
5.822036027908325
5.821143865585327
5.830030679702759
5.766078948974609
5.7955639362335205
5.80626654624939
5.873219013214111
5.811866521835327
5.873350143432617
5.854330062866211
5.781056642532349
5.782332181930542
5.749545335769653
5.80620002746582
5.806705474853516
5.802362680435181
5.7994232177734375
5.804780006408691
5.797147274017334
5.688268184661865
5.886327266693115
5.7023234367370605
5.856426954269409
5.768858432769775
5.780139207839966
5.853670358657837
5.808295965194702
5.737086534500122
5.8191986083984375
5.833725929260254
6.157040357589722
6.183004140853882
6.118013858795166
6.2605509757995605
6.301634788513184
5.855613708496094
5.799094200134277
5.861739158630371
5.950851678848267
6.170014142990112
6.101087808609009
6.058337926864624
6.016356945037842
6.038392543792725
6.03649377822876
5.952296257019043
6.011363744735718
5.9981465339660645
6.069525480270386
6.0198588371276855
5.965908050537109
6.015017032623291
6.048505067825317
6.02888298034668
6.079955339431763
5.9915289878845215
5.80059289932251
5.853200435638428
5.8278656005859375
6.026155710220337
5.779247045516968
5.8342125415802
5.8673036098480225
5.792878150939941
5.860735177993774
5.811297655105591
5.78617525100708
5.874060869216919
5.802158355712891
5.820942163467407
5.742748260498047
5.8686487674713135
5.836673259735107
5.814733982086182
5.983959197998047
5.887404441833496
5.817498683929443
5.832830190658569
5.770947694778442
5.875972270965576
5.873255729675293
5.836113691329956
5.835193634033203
5.843743801116943
5.850370407104492
5.72831654548645
5.874406814575195
5.813571453094482
5.712701082229614
5.842318773269653
5.832901477813721
5.783701658248901
5.7838122844696045
5.815094232559204
5.821924686431885
5.807071924209595
5.686688423156738
5.6972126960754395
5.826278448104858
5.889446020126343
5.7602972984313965
5.8892529010772705
5.831142425537109
5.904254913330078
5.996402263641357
5.862210035324097
5.9109718799591064
6.007841348648071
5.8964784145355225
5.815547704696655
5.975637912750244
5.745835781097412
5.875375509262085
5.761626243591309
5.8739306926727295
5.770788192749023
5.87441349029541
5.781048536300659
5.840174436569214
5.804290294647217
5.735905885696411
5.776858329772949
5.8661439418792725
5.818296432495117
5.766538858413696
5.729651212692261
5.850271463394165
5.759296894073486
5.665865659713745
5.7337353229522705
5.802500247955322
5.7576422691345215
5.782249689102173
5.759542465209961
5.71662974357605
5.8214333057403564
5.830609560012817
5.726649761199951
5.708068609237671
5.7991721630096436
5.810007810592651
5.871906042098999
5.782534599304199
5.7316741943359375
5.78117299079895
5.819762229919434
5.802688837051392
5.814543724060059
5.804281949996948
5.788216829299927
5.881264686584473
5.696269273757935
5.766760587692261
5.76210880279541
5.800822734832764
5.831605911254883
5.703567028045654
5.804257869720459
5.778632879257202
5.744792699813843
5.794386148452759
5.783600091934204
5.728708028793335
5.859933376312256
5.771088600158691
5.765597820281982
5.835441589355469
5.85656213760376
5.77485203742981
5.733628511428833
5.828304052352905
5.83598780632019
5.758667469024658
5.769304990768433
5.86834192276001
5.842854022979736
5.7273335456848145
5.783801555633545
5.718721389770508
5.699767351150513
5.806162595748901
5.755647897720337
5.788863658905029
5.75946569442749
5.7815001010894775
5.843733310699463
5.7665674686431885
5.880537986755371
5.9173853397369385
5.668157577514648
5.71720290184021
5.807285308837891
5.6841721534729
5.677166700363159
5.797276258468628
5.682170867919922
5.883354425430298
5.734217166900635
5.770251035690308
5.652143239974976
5.748230934143066
5.767248153686523
5.66215181350708
5.75623893737793
5.536038637161255
5.814289093017578
5.998459339141846
5.778259754180908
5.558058261871338
5.628122329711914
5.5550549030303955
5.765245676040649
5.377894163131714
5.614110469818115
5.681169748306274
5.624118804931641
5.622115850448608
5.919386625289917
5.88735818862915
5.634127616882324
5.900368928909302
5.8333070278167725
5.780260324478149
5.759241104125977
5.734218597412109
5.854328393936157
5.834309339523315
5.740223169326782
5.652140855789185
5.86033296585083
5.726210832595825
5.880351305007935
5.646138429641724
5.608103513717651
5.8693413734436035
5.62511944770813
5.716201066970825
5.616109848022461
5.700187683105469
5.720207452774048
5.580077171325684
5.691179037094116
5.752235412597656
5.680168628692627
5.639132261276245
5.590087413787842
5.828303337097168
5.800278425216675
5.745229244232178
5.730214357376099
5.625118732452393
5.800278663635254
5.69518256187439
5.656146049499512
5.6531453132629395
5.7242090702056885
5.539039611816406
5.7051920890808105
5.6801698207855225
5.642134666442871
5.604100465774536
5.886357307434082
5.690176486968994
5.864336967468262
5.665154695510864
5.671159267425537
5.754236459732056
5.644135475158691
5.803280591964722
5.627122163772583
5.631124019622803
5.60910439491272
5.545045852661133
5.5380401611328125
5.54004168510437
5.519021987915039
5.703190088272095
5.614107847213745
5.636129140853882
5.654144048690796
5.650141000747681
5.708193778991699
5.742225646972656
5.583080530166626
5.731214284896851
5.72220778465271
5.713199138641357
5.794273614883423
5.750231504440308
5.582081079483032
5.7041916847229
5.7642457485198975
5.629122257232666
5.596093654632568
5.733217239379883
5.728211402893066
5.7011871337890625
5.825301647186279
5.6501429080963135
5.72220778465271
5.9534173011779785
5.728212594985962
5.702188491821289
5.6391332149505615
5.779259920120239
5.639132022857666
5.766256809234619
5.779259920120239
5.8132898807525635
5.7572386264801025
5.798275947570801
5.588085412979126
5.722207546234131
5.615110158920288
5.646137714385986
5.848321199417114
5.7952728271484375
5.786265850067139
5.690178632736206
5.740224123001099
5.799277305603027
5.59308934211731
5.622117519378662
5.62511944770813
5.750232696533203
5.666155099868774
5.663153886795044
5.637130498886108
5.890360116958618
5.686174631118774
5.702188730239868
5.561061143875122
5.593089818954468
5.733217000961304
5.651142835617065
5.727212429046631
5.739222288131714
5.5410425662994385
5.691178321838379
5.554055452346802
5.766247510910034
5.777256011962891
5.718204021453857
5.647137403488159
5.83130669593811
5.703190088272095
5.813291549682617
5.861334323883057
5.6321258544921875
5.796273946762085
5.7982776165008545
5.888357400894165
5.766247749328613
5.6181113719940186
5.607102632522583
5.699184417724609
5.6491405963897705
5.832305192947388
5.653144598007202
5.766247272491455
5.547046899795532
5.626120090484619
5.584081172943115
5.808285474777222
5.728212118148804
5.516020059585571
5.696183919906616
5.714199781417847
5.6781675815582275
5.685173749923706
5.4829888343811035
5.353873252868652
5.400914669036865
5.5130181312561035
5.589086055755615
5.655145883560181
5.4469568729400635
5.4309422969818115
5.480988025665283
5.528031349182129
5.407921075820923
5.474982261657715
5.480987787246704
5.572069883346558
5.6191136837005615
5.51501727104187
5.54304313659668
5.484990119934082
5.397913217544556
5.47498345375061
5.4609694480896
5.273799180984497
5.340860605239868
5.417929649353027
5.526028871536255
5.355875253677368
5.684172868728638
5.3859007358551025
5.430942535400391
5.230760812759399
5.581080436706543
5.678165674209595
5.548047780990601
5.577074766159058
5.475982904434204
5.331852912902832
5.499003887176514
5.365882635116577
5.431943416595459
5.469978094100952
5.4549641609191895
5.648139953613281
5.3188395500183105
5.57907772064209
5.307829856872559
5.403916597366333
5.697185516357422
5.32384467124939
5.417930364608765
5.649140119552612
5.5590598583221436
5.298822402954102
5.392908096313477
5.535037517547607
5.558058023452759
5.321844577789307
5.480987071990967
5.551050424575806
5.4769837856292725
5.509012937545776
5.462972164154053
5.522024631500244
5.467976331710815
5.405919790267944
5.400914430618286
5.400918245315552
5.403918743133545
5.614109039306641
5.361879348754883
5.599095344543457
5.433944940567017
5.51602029800415
5.462973356246948
5.311833620071411
5.475982189178467
5.513017416000366
5.413926601409912
5.479986906051636
5.502006769180298
5.639131784439087
5.460968971252441
5.342862129211426
5.534036159515381
5.508012533187866
5.389906167984009
5.450960397720337
5.571069240570068
5.491998195648193
5.412925481796265
5.3949103355407715
5.459967851638794
5.6381306648254395
5.486993789672852
5.302826642990112
5.550051212310791
5.592089414596558
5.586082696914673
5.360878944396973
5.547048807144165
5.422934532165527
5.611105918884277
5.508011817932129
5.354872941970825
5.506010293960571
5.667157173156738
5.569068431854248
5.513016939163208
5.538039445877075
5.519023895263672
5.362881422042847
5.734217166900635
5.480987787246704
5.406922101974487
5.382897853851318
5.519022703170776
5.304828405380249
5.391907691955566
5.5550537109375
5.387902736663818
5.397914409637451
5.3128345012664795
5.448958396911621
5.615110874176025
5.4439544677734375
5.588085651397705
5.5860841274261475
5.356874465942383
5.463972806930542
5.516019582748413
5.322843313217163
5.550050497055054
5.2868101596832275
5.479988098144531
5.5040013790130615
5.4699788093566895
5.518019199371338
5.518022298812866
5.240771532058716
5.4739813804626465
5.462972164154053
5.426939964294434
5.535036563873291
5.582079887390137
5.49500036239624
5.561060190200806
5.974087953567505
5.843050479888916
5.726211071014404
5.471980094909668
5.550559043884277
