Timing log for each step:
0.015013694763183594
5.219783067703247
5.282006025314331
5.35329532623291
5.232078552246094
5.657538414001465
5.2714293003082275
5.2617809772491455
5.097658634185791
5.230715990066528
5.085296869277954
5.261744260787964
5.208744764328003
5.23078179359436
5.203158378601074
5.368289470672607
5.234917879104614
5.3890063762664795
5.203175783157349
5.2750256061553955
5.3920817375183105
5.195688009262085
5.300353288650513
5.330193042755127
5.277069568634033
5.324046850204468
5.380943298339844
5.324608325958252
5.3473663330078125
5.3546788692474365
5.35158109664917
5.323121786117554
5.385763645172119
5.335420370101929
5.294278621673584
5.2961554527282715
5.31596040725708
5.323958873748779
5.5371787548065186
5.324478387832642
5.333113431930542
5.296254634857178
5.314616680145264
5.321698427200317
5.296502351760864
5.299886465072632
5.3337037563323975
5.328896760940552
5.340726375579834
5.353851795196533
5.248183965682983
5.3272864818573
5.3064494132995605
5.596631765365601
5.409185171127319
5.321442127227783
5.382004022598267
5.380331516265869
5.543578863143921
5.463402271270752
5.421096563339233
5.33227801322937
5.325485706329346
5.373685598373413
5.350921869277954
5.373446226119995
5.382491827011108
5.327027082443237
5.37669825553894
5.367987155914307
5.342406749725342
5.3861260414123535
5.4145331382751465
5.382739543914795
5.376779794692993
5.375706195831299
5.345690011978149
5.351460695266724
5.347309112548828
5.3776304721832275
5.389347791671753
5.3997979164123535
5.353060245513916
5.350123167037964
5.39294958114624
5.393145561218262
5.385659456253052
5.422347545623779
5.378305673599243
5.325010776519775
5.313382148742676
5.388737916946411
5.412038087844849
5.348567724227905
5.3745200634002686
5.4342381954193115
5.406354188919067
5.390870571136475
5.355746269226074
5.403836727142334
5.280833721160889
5.33012056350708
5.39584493637085
5.394108295440674
5.362022161483765
5.392392635345459
5.334985733032227
5.362948179244995
5.360031843185425
5.368085861206055
5.44746994972229
5.40917444229126
5.374022006988525
5.434810400009155
5.35479474067688
5.372553586959839
5.345207452774048
5.375783205032349
5.36184549331665
5.3440186977386475
