Timing log for each step:
0.021019697189331055
5.394994497299194
5.274516582489014
5.301109313964844
5.2753002643585205
5.339426755905151
5.2862725257873535
5.34099817276001
5.479708194732666
5.383767127990723
5.376019239425659
5.404862642288208
5.303777694702148
5.39111590385437
5.3596460819244385
5.359469890594482
4.738489389419556
5.313885450363159
5.738533020019531
5.420039653778076
5.405304670333862
5.471578598022461
5.521780252456665
5.44934344291687
5.399404764175415
5.47294282913208
5.44183349609375
5.579627752304077
5.5729053020477295
5.533606052398682
5.565392255783081
5.5472025871276855
4.838886976242065
4.849959850311279
4.931623697280884
5.020230531692505
5.451816558837891
5.302031993865967
5.539910554885864
5.375517845153809
5.39710259437561
5.365322589874268
5.3708720207214355
5.490776538848877
5.351690292358398
5.343780279159546
5.333197832107544
5.3677215576171875
5.362015962600708
5.449732780456543
5.426415681838989
5.36693549156189
5.366624593734741
5.503410577774048
5.50923752784729
5.434879541397095
5.414839267730713
5.365115404129028
5.427012205123901
5.405636548995972
5.290334224700928
5.51041316986084
5.4764955043792725
5.284730434417725
5.362720012664795
5.5044190883636475
5.430168151855469
5.3256611824035645
5.453895807266235
5.434049844741821
5.359638690948486
5.451951265335083
5.43929123878479
5.647754907608032
5.398483753204346
5.482486009597778
5.430331230163574
5.420932769775391
5.602061748504639
5.388601303100586
5.469588756561279
5.421269416809082
5.451026678085327
5.490535259246826
5.423606872558594
5.461964130401611
5.414264440536499
5.425367593765259
5.418977737426758
5.477096080780029
5.440824508666992
5.43815541267395
5.438765525817871
5.389452934265137
5.437782049179077
5.386425256729126
5.463105916976929
5.459371566772461
5.41898250579834
5.422135829925537
5.429407119750977
5.4485955238342285
5.5464301109313965
5.4692909717559814
5.513561248779297
5.441100835800171
5.450181722640991
5.52383279800415
5.44542121887207
5.431775331497192
5.430325031280518
5.478845596313477
5.461662769317627
5.514668703079224
5.400510549545288
5.461510181427002
5.528010845184326
5.537869691848755
5.434589862823486
5.391676187515259
5.470468044281006
5.4032206535339355
5.487641334533691
5.451261758804321
5.463217735290527
5.454967498779297
5.526348352432251
5.592377662658691
5.593885183334351
5.524423122406006
5.306715965270996
5.512654542922974
5.4982359409332275
5.920205593109131
5.656034708023071
5.482002258300781
5.454158067703247
5.433789968490601
5.510030031204224
5.424338340759277
5.45081901550293
5.400588274002075
5.3774824142456055
5.509729862213135
5.500398397445679
5.475293159484863
5.478026390075684
5.533753156661987
5.454050540924072
5.518566131591797
5.627159595489502
5.517393112182617
5.512024641036987
5.441023588180542
5.4079909324646
5.510226726531982
5.4320292472839355
5.501772165298462
5.556368112564087
5.511790752410889
5.51155424118042
5.595057249069214
5.468658924102783
5.474076509475708
5.452792644500732
5.5289626121521
5.483428478240967
5.5080788135528564
5.481322765350342
5.505719900131226
5.52085280418396
5.4849913120269775
5.486943483352661
5.52910304069519
5.529776573181152
5.627736330032349
5.476610898971558
5.702096462249756
5.476306438446045
5.464284181594849
5.460988521575928
5.452448129653931
5.471567869186401
5.47099232673645
5.385961532592773
5.473096609115601
5.405423641204834
5.5182764530181885
5.436340093612671
5.43444561958313
5.506239175796509
5.480261564254761
5.460897445678711
5.556794166564941
5.497895956039429
5.448781251907349
5.48087477684021
5.43939733505249
5.3855814933776855
5.398205518722534
5.48385763168335
5.353731155395508
5.462129831314087
5.488945484161377
5.448834180831909
5.4517199993133545
5.519690752029419
5.436926603317261
5.436440706253052
5.483750581741333
5.4789252281188965
5.458703517913818
5.642277717590332
5.517605543136597
5.488988161087036
5.495228290557861
5.451086044311523
5.497335910797119
5.456323146820068
5.500377893447876
5.561598539352417
5.434537410736084
5.460993051528931
5.447450399398804
5.435107707977295
5.453876733779907
5.476415157318115
5.439350605010986
5.435513019561768
5.481745958328247
5.438222885131836
5.518744707107544
5.536255836486816
5.510576486587524
5.398912191390991
5.44660758972168
5.430469989776611
5.486528635025024
5.3997650146484375
5.47671365737915
5.42402982711792
5.4166176319122314
5.4300525188446045
5.443609714508057
5.494166135787964
5.380638599395752
5.387222051620483
5.436688423156738
5.5557701587677
5.686119318008423
5.486668586730957
5.502784729003906
5.408817768096924
5.484755754470825
5.496829509735107
5.455461025238037
5.451793909072876
5.492915153503418
5.510976314544678
5.519643783569336
5.4455883502960205
