Timing log for each step:
0.020018339157104492
6.2165398597717285
6.155732154846191
5.777066230773926
5.739781618118286
5.737151384353638
5.750604152679443
5.771927118301392
5.754489421844482
5.762185096740723
5.787662744522095
5.791253328323364
5.767750024795532
5.692395448684692
5.786076068878174
5.769931077957153
5.77241849899292
5.783895254135132
5.68078351020813
5.756927967071533
5.736855745315552
5.772655963897705
5.808461427688599
5.746659278869629
5.816777467727661
5.810140609741211
5.7814178466796875
5.725861072540283
5.760941743850708
5.739428997039795
5.728092193603516
5.767495393753052
5.781852722167969
5.682891368865967
5.704961776733398
5.681087493896484
5.743414640426636
5.715491533279419
5.7171807289123535
5.718303442001343
5.766951084136963
5.705567359924316
5.819094896316528
5.730614423751831
5.731128454208374
5.6524341106414795
5.70124626159668
5.661133766174316
5.65084171295166
5.68401026725769
5.7730114459991455
5.716676235198975
5.73165225982666
5.82474422454834
5.771178483963013
5.772263765335083
5.793832302093506
5.780297040939331
5.786580324172974
5.819091320037842
5.809747695922852
5.85516619682312
5.801156044006348
5.793564796447754
5.839974641799927
5.888565301895142
5.7181737422943115
5.717130899429321
5.721989631652832
5.785655736923218
5.85843825340271
5.76866602897644
5.75846004486084
5.815137624740601
5.858004570007324
5.762376308441162
5.816772222518921
5.843852758407593
5.7999043464660645
5.847414255142212
5.81231427192688
5.906819820404053
5.84619140625
5.716984033584595
5.830050468444824
5.831526517868042
5.810343503952026
5.816713809967041
5.822025775909424
5.807732105255127
5.761883020401001
5.789477825164795
5.845048427581787
5.774952173233032
5.76171875
5.94431471824646
5.780991077423096
5.817151069641113
5.8650429248809814
5.80955171585083
5.808744192123413
5.805984973907471
5.774909496307373
5.950111389160156
5.730884552001953
5.758338212966919
5.732966661453247
5.768768072128296
5.797468662261963
5.786081075668335
5.788541316986084
5.746842622756958
5.775647163391113
5.859187126159668
5.821556806564331
5.8196470737457275
5.841691493988037
5.74334716796875
5.780821800231934
5.77475380897522
5.727328538894653
5.765468120574951
5.747491836547852
5.760816812515259
5.768322229385376
5.762808561325073
5.662173509597778
5.736809015274048
5.69473934173584
5.737310409545898
5.753420114517212
5.766496658325195
5.710911750793457
5.712720632553101
5.7527241706848145
5.627492189407349
5.769756317138672
5.738481044769287
5.744181871414185
5.7729575634002686
5.75107741355896
5.7337236404418945
5.717534780502319
5.7527525424957275
5.77888560295105
5.725417852401733
5.767342567443848
5.716375827789307
5.806083679199219
5.736879348754883
5.7518956661224365
5.7430291175842285
5.780762434005737
5.768269300460815
5.75500226020813
5.799856901168823
5.83503270149231
5.854839324951172
5.849142074584961
5.792828798294067
5.757688760757446
5.839996337890625
5.7777628898620605
5.7968151569366455
5.766147613525391
5.886552572250366
5.77026891708374
5.7932820320129395
5.787173271179199
5.811993837356567
5.763011693954468
5.825723171234131
5.777961015701294
5.774869680404663
5.7585129737854
5.79421067237854
5.826663017272949
5.798698663711548
5.840879440307617
5.814452409744263
5.836532115936279
5.828902959823608
5.839725971221924
5.786691188812256
5.779292583465576
5.831937551498413
5.783668518066406
5.751893520355225
5.806747674942017
5.835756778717041
5.756661653518677
5.8337507247924805
5.750982999801636
5.846091985702515
5.859658241271973
5.806302070617676
5.854271173477173
5.859750986099243
5.811885833740234
5.80262303352356
5.828487873077393
5.779111862182617
5.84534215927124
5.808942556381226
5.758394718170166
5.799586296081543
5.802933216094971
5.787203550338745
5.771106719970703
5.833966493606567
5.812389373779297
5.888330936431885
5.807152271270752
5.85373067855835
5.864973068237305
5.83627986907959
5.8264710903167725
5.856605291366577
5.890856742858887
5.84198522567749
5.887689590454102
5.865618944168091
5.795814275741577
5.90090274810791
5.7770915031433105
5.792327880859375
5.814363479614258
5.794105291366577
5.862737655639648
5.8431620597839355
5.816742420196533
5.858384132385254
5.795889377593994
5.775737285614014
5.73805570602417
5.835904121398926
5.771692752838135
5.800592660903931
5.752534627914429
5.866925954818726
5.828068017959595
5.799422264099121
5.837838411331177
5.82914400100708
5.822615385055542
5.8262810707092285
5.8277976512908936
5.825037479400635
5.726279973983765
5.815401554107666
5.848572731018066
5.867907524108887
5.809828519821167
5.850019454956055
5.853759050369263
5.823135137557983
5.848373174667358
5.8021252155303955
5.767808675765991
5.834801912307739
5.8208489418029785
5.78280782699585
5.816696643829346
5.759809970855713
5.841320753097534
5.793438911437988
5.739506006240845
5.782838344573975
5.825021028518677
5.814939975738525
5.771410226821899
5.821907997131348
5.821568250656128
6.289391756057739
5.864447593688965
5.8185319900512695
5.81011962890625
5.780866861343384
5.851090431213379
5.814983129501343
5.792607307434082
5.802191972732544
5.7604146003723145
5.8099095821380615
5.791692495346069
5.717809677124023
5.769638776779175
5.7629945278167725
5.814696311950684
5.822706699371338
5.752811670303345
5.865973234176636
5.824936151504517
5.836761236190796
5.822963237762451
5.867861747741699
6.10764479637146
5.911358833312988
5.6811745166778564
5.635125637054443
5.61465859413147
5.633626222610474
5.646795988082886
5.606198787689209
5.562679767608643
5.642961025238037
5.553549766540527
5.660007476806641
5.576217889785767
5.684075355529785
5.615515947341919
5.595614671707153
5.568580389022827
5.592225551605225
5.632502794265747
5.664371967315674
5.490366220474243
5.705929756164551
5.580359935760498
5.661431550979614
5.634527683258057
5.677860498428345
5.623243093490601
5.609817981719971
5.581685781478882
5.636003255844116
5.614136457443237
5.619417667388916
5.636419773101807
5.476760625839233
5.542712688446045
5.611536502838135
5.559670448303223
5.6288909912109375
5.592430114746094
5.658693313598633
5.574420213699341
5.575994968414307
5.551332712173462
5.543793201446533
5.480273485183716
5.525731325149536
5.5456037521362305
5.555587530136108
5.549014329910278
5.689755916595459
5.581083297729492
5.690675973892212
5.593851327896118
5.616596698760986
5.604994058609009
5.5433759689331055
5.636796712875366
5.618855953216553
5.644320964813232
5.41552209854126
5.590026140213013
5.622707366943359
5.640390396118164
5.60276198387146
5.585631847381592
5.546064853668213
5.6012654304504395
5.634394884109497
5.638118267059326
5.537166118621826
5.632805347442627
5.4974365234375
5.4855735301971436
5.582977533340454
5.572296619415283
5.614065408706665
5.526519060134888
5.5643579959869385
5.606063604354858
5.577292203903198
5.602542161941528
5.594701766967773
5.6230127811431885
5.500631809234619
5.542723655700684
5.587851524353027
5.55537486076355
5.631743431091309
5.451404809951782
5.620905876159668
5.563703775405884
5.480975389480591
5.547518730163574
5.583232641220093
5.462403774261475
5.552613735198975
5.551354646682739
5.517031669616699
5.587156534194946
5.590233325958252
5.606442213058472
5.5870561599731445
5.5578835010528564
5.548683404922485
5.507580757141113
5.490257024765015
5.5862390995025635
5.63723087310791
5.432782411575317
5.633657932281494
5.534178972244263
5.626386880874634
5.5926690101623535
5.585568904876709
5.671396970748901
5.620956182479858
5.68546462059021
5.944678544998169
5.613490104675293
5.634741306304932
5.664199590682983
5.601878881454468
5.615697383880615
5.548211336135864
5.618271827697754
5.6180713176727295
5.5695271492004395
5.594168186187744
5.584433555603027
5.566902160644531
5.541329622268677
5.562452077865601
5.553525924682617
5.540229082107544
5.576103687286377
5.4926064014434814
5.453550338745117
5.595104455947876
5.660981178283691
5.540628671646118
5.505143404006958
5.656209945678711
5.574584007263184
5.628781795501709
5.575070858001709
5.490576505661011
5.584855794906616
5.6364076137542725
5.5035295486450195
5.638716459274292
5.617912292480469
5.612248420715332
5.492705583572388
5.590703725814819
5.53029990196228
5.566462516784668
5.556670427322388
5.634891033172607
5.606112003326416
5.573932886123657
5.433503150939941
5.574233293533325
5.599454879760742
5.612228631973267
5.5191404819488525
5.494147062301636
5.6310200691223145
5.649661064147949
5.630305528640747
5.531191110610962
5.609795331954956
5.55446982383728
5.618387937545776
5.6103105545043945
5.6016411781311035
5.565204858779907
5.435633420944214
5.660595178604126
5.540175199508667
5.739072322845459
5.616098642349243
5.673491954803467
5.606317043304443
5.489325523376465
5.627238512039185
5.631342649459839
5.578459739685059
5.603783130645752
5.578783988952637
5.644691705703735
5.656323671340942
5.6120030879974365
5.62776780128479
5.626648426055908
5.6194047927856445
5.589971542358398
5.578742265701294
5.580536365509033
5.68362021446228
5.692601680755615
5.57456374168396
5.542207479476929
5.618752479553223
5.6537089347839355
5.55052375793457
5.549214601516724
5.614481210708618
5.552509307861328
5.601668834686279
5.624939918518066
5.6453001499176025
5.598063945770264
5.646186590194702
5.610368251800537
5.538153648376465
5.558374881744385
5.590718030929565
5.61821174621582
5.593795299530029
5.575659990310669
5.567230939865112
5.581944227218628
5.525602579116821
5.5735766887664795
5.538204669952393
5.633733510971069
5.568372964859009
5.551183223724365
5.586575269699097
5.565771102905273
5.590576887130737
5.639394283294678
5.519455432891846
5.61666202545166
5.481579780578613
5.4154133796691895
5.461401700973511
5.531018257141113
5.503650903701782
5.61928915977478
5.534949779510498
5.6176488399505615
5.439704895019531
5.579636096954346
5.5618016719818115
5.62010383605957
5.667276859283447
5.593452453613281
5.687364101409912
5.543467283248901
5.5566864013671875
5.580214977264404
5.569756031036377
5.668008089065552
5.651537179946899
5.416384935379028
5.5612473487854
5.518190145492554
5.580226182937622
5.626686096191406
5.670451879501343
5.580557823181152
5.542836666107178
5.490278482437134
5.535628318786621
5.537343263626099
5.644368410110474
5.577150821685791
5.600219249725342
5.6284873485565186
5.552288770675659
5.590630531311035
5.657823085784912
5.581963539123535
5.5561583042144775
5.720527410507202
5.592018365859985
5.611764669418335
5.638432502746582
5.549977540969849
5.511539459228516
5.624530076980591
5.610805034637451
5.534013271331787
5.61093807220459
5.613584995269775
5.562321901321411
5.617262840270996
5.6187779903411865
5.546725749969482
5.57420015335083
5.62647557258606
5.519502878189087
5.531201124191284
5.627783536911011
5.575448513031006
5.6567769050598145
5.522148132324219
5.5776379108428955
5.604219436645508
5.4872119426727295
5.602322816848755
5.6365790367126465
5.583028078079224
5.530269622802734
5.6995110511779785
5.61946702003479
5.652276515960693
5.605261325836182
5.721001148223877
5.563740968704224
5.549489974975586
5.5466272830963135
5.617844581604004
5.517603874206543
5.56816291809082
5.51884388923645
5.626021146774292
5.677433252334595
5.541589736938477
5.5603978633880615
5.51676869392395
5.532633543014526
5.609026908874512
5.630285024642944
5.61253023147583
5.630240201950073
5.6908180713653564
5.5522637367248535
5.611517906188965
5.541222810745239
5.543492555618286
5.602654695510864
5.497997999191284
5.616587400436401
5.58423924446106
5.5224432945251465
5.587224245071411
5.5945985317230225
5.52336859703064
5.616276979446411
5.656123876571655
5.579447507858276
5.555138826370239
5.531604051589966
5.565835952758789
5.5704991817474365
5.570722341537476
5.670292615890503
5.5617077350616455
5.558785676956177
5.5714476108551025
5.59035062789917
5.6531195640563965
5.5701353549957275
5.5982630252838135
5.6397175788879395
5.635833263397217
5.5369226932525635
5.607041835784912
5.479132652282715
5.590989589691162
5.632833957672119
5.5201592445373535
5.459272384643555
5.58710241317749
5.60341739654541
5.523026466369629
5.625604867935181
5.561016321182251
5.659412622451782
5.564132928848267
5.5585901737213135
5.635255813598633
5.530999660491943
5.565060377120972
5.460303544998169
5.562703609466553
5.608397483825684
5.545966386795044
5.64092493057251
5.630610227584839
5.552650213241577
5.521643161773682
5.577922344207764
5.5844011306762695
5.5766167640686035
5.587836742401123
5.617316722869873
5.609825849533081
5.523606061935425
5.508006811141968
5.583739280700684
5.63607931137085
5.641848087310791
5.614233732223511
5.630161762237549
5.615191459655762
5.599796533584595
5.5545337200164795
5.559831380844116
5.571209907531738
5.458559036254883
5.591623544692993
5.656619071960449
5.58774471282959
5.632096529006958
5.625002384185791
5.525602340698242
5.600947856903076
5.605318784713745
5.398486852645874
5.618067502975464
5.630069017410278
5.643874168395996
5.661322355270386
5.660804748535156
5.610597372055054
5.571556568145752
5.607234477996826
5.562849283218384
5.5882158279418945
5.563316106796265
5.597771167755127
5.590050458908081
5.613928556442261
5.5489349365234375
5.5196802616119385
5.594250917434692
5.612620830535889
5.536171197891235
5.49682354927063
5.610732316970825
5.594070196151733
5.597708702087402
5.474478721618652
5.615370988845825
5.473012447357178
5.639027833938599
5.7886223793029785
5.574087858200073
5.676564931869507
5.628015041351318
5.537663459777832
5.5065717697143555
5.604275465011597
5.627490758895874
5.591278076171875
5.571176767349243
5.493722438812256
5.579835414886475
5.531449317932129
5.586092233657837
5.634721279144287
5.549164772033691
5.551870822906494
5.496333599090576
5.589282035827637
5.587207317352295
5.627937078475952
5.571717977523804
5.610818147659302
5.53996729850769
5.640730619430542
5.576550483703613
5.5984046459198
5.611515760421753
5.587006330490112
5.550419569015503
5.513129711151123
5.496152639389038
5.515483379364014
5.664491653442383
5.570739269256592
5.668546676635742
5.483172416687012
5.580474615097046
5.635461807250977
5.590656280517578
5.57523250579834
5.502823829650879
5.547982692718506
5.622462749481201
5.462141275405884
5.557861328125
5.566739797592163
5.533451557159424
5.537643671035767
5.510497808456421
5.562739610671997
5.5872108936309814
5.491582632064819
5.567357540130615
5.56222128868103
5.999314069747925
5.43763542175293
5.436620712280273
5.435207366943359
5.583741188049316
5.555954694747925
5.636039733886719
5.4435529708862305
5.558534145355225
5.465509414672852
5.589213848114014
5.868265867233276
5.635076522827148
5.568693399429321
5.503801107406616
5.6203672885894775
5.507974147796631
5.546246528625488
5.4713029861450195
5.378438472747803
5.578125953674316
5.639668941497803
5.562663793563843
5.541408061981201
5.453372001647949
5.655134439468384
5.72222113609314
5.47599720954895
5.475996494293213
5.430956125259399
5.548063039779663
5.5060248374938965
5.531048536300659
5.647151231765747
5.761256694793701
5.485004663467407
5.602112054824829
5.563075065612793
5.5230395793914795
5.6191277503967285
5.588099956512451
5.579090595245361
5.462985992431641
5.608118057250977
5.581093072891235
5.476996898651123
5.487006902694702
5.677181005477905
5.642146587371826
5.496016025543213
5.467989206314087
5.5610740184783936
5.461983680725098
5.382911682128906
5.402928590774536
5.34087347984314
5.457981586456299
5.482003211975098
5.453975200653076
5.52504301071167
5.575086832046509
5.633140563964844
5.527043342590332
5.47399377822876
5.436962604522705
5.574085474014282
5.350883483886719
5.689192295074463
5.529045820236206
5.556070566177368
5.533048629760742
5.442966938018799
5.608117580413818
5.457979917526245
5.474994897842407
5.581093072891235
5.530045509338379
5.665170192718506
5.535050392150879
5.456979274749756
5.347879648208618
5.353885173797607
5.538053274154663
5.563076019287109
5.390920877456665
5.382912635803223
5.549063682556152
5.634140968322754
5.3528852462768555
5.468991041183472
5.576087951660156
5.526042699813843
5.484005689620972
5.456980228424072
5.613122463226318
5.557070732116699
5.483002662658691
5.5780909061431885
5.58409571647644
5.578089714050293
5.485005617141724
5.457980394363403
5.375904321670532
5.523039817810059
5.539056062698364
5.560074090957642
5.472995758056641
5.524041652679443
5.504022836685181
5.496015787124634
5.465988397598267
5.371901750564575
5.512030363082886
5.676179885864258
5.56207537651062
5.5540688037872314
5.556069850921631
5.5040223598480225
5.504023790359497
5.574086666107178
5.260800838470459
5.223767518997192
5.344877481460571
5.3268609046936035
5.294831275939941
5.456977128982544
5.6051154136657715
5.577088832855225
5.365896940231323
5.55106520652771
5.34788179397583
5.566077947616577
5.532049655914307
5.466989040374756
5.495014667510986
5.589100122451782
5.312849044799805
5.497016429901123
5.337870836257935
5.6421496868133545
5.529045343399048
5.580092191696167
5.350882053375244
5.577089309692383
5.519036054611206
5.337873458862305
6.424863338470459
