Timing log for each step:
0.02001953125
5.740222930908203
5.832628011703491
5.960870742797852
5.645562171936035
5.650802850723267
5.7461066246032715
5.82145357131958
5.956581354141235
6.283888578414917
5.90352988243103
6.0136353969573975
5.84047269821167
5.840471982955933
5.944568872451782
5.8935227394104
5.770407676696777
5.8134472370147705
5.834465742111206
5.855486631393433
5.808441877365112
5.879507541656494
5.919545650482178
6.071688890457153
6.010635852813721
6.085702657699585
6.023643970489502
5.871500492095947
5.823456525802612
5.890520811080933
5.832500696182251
5.810443639755249
5.952576398849487
5.8424742221832275
5.993616342544556
5.9765989780426025
5.825458526611328
5.891519069671631
5.891520261764526
5.93956446647644
6.006626844406128
6.092708349227905
5.994617700576782
5.877506732940674
5.98560905456543
5.941567420959473
6.031651258468628
5.870500087738037
6.031652212142944
5.96558952331543
5.943569183349609
5.982604503631592
5.872502326965332
6.105720520019531
6.020641326904297
6.131744861602783
5.903531074523926
5.940563678741455
6.004626274108887
5.976599931716919
6.027647972106934
6.012633323669434
5.920547246932983
5.937563419342041
6.043663024902344
6.026646137237549
5.936561822891235
6.179790258407593
6.176785707473755
6.389987468719482
6.293896436691284
6.334935426712036
5.959583520889282
6.065683126449585
5.9365620613098145
6.007627964019775
6.03665566444397
6.1047203540802
6.2428505420684814
6.079696416854858
6.024643182754517
6.023643732070923
6.067684888839722
6.087704420089722
6.127740859985352
6.0326526165008545
6.084701299667358
6.05267071723938
6.0706868171691895
6.252859830856323
6.056674957275391
6.011632680892944
6.133747339248657
5.958582639694214
6.268873691558838
6.093709945678711
5.983606576919556
6.019639492034912
6.093709468841553
6.1978068351745605
6.097712755203247
6.218827247619629
6.079696178436279
6.216824293136597
6.108724355697632
6.126739978790283
6.552139759063721
6.456050395965576
6.364964246749878
6.157768726348877
6.018638849258423
5.948573589324951
6.014635324478149
6.010632276535034
5.982606649398804
5.911538362503052
5.9735963344573975
6.184759140014648
6.1487157344818115
6.101672649383545
6.213777542114258
6.151718854904175
6.051624536514282
5.9345176219940186
5.954535484313965
5.931514024734497
6.0476226806640625
6.061635494232178
6.125692129135132
6.188753604888916
5.954535245895386
6.230790853500366
6.072645902633667
6.079652547836304
6.165731906890869
6.1317009925842285
6.1537206172943115
6.086659669876099
6.203768014907837
5.995575666427612
6.073646783828735
6.056629657745361
6.016592741012573
6.16573166847229
6.0005784034729
6.08966064453125
6.072645425796509
5.974555492401123
6.136705160140991
6.0165934562683105
6.076649904251099
6.150720119476318
6.009586334228516
6.148715019226074
6.119690418243408
6.110682249069214
6.17073655128479
6.33689022064209
6.12169075012207
6.140708684921265
6.390941143035889
6.20476770401001
6.143712043762207
6.147715330123901
6.122691631317139
6.211775302886963
6.0105884075164795
5.980560302734375
6.1166863441467285
6.094666242599487
6.0256006717681885
6.1066765785217285
6.057631254196167
6.115685224533081
6.080653667449951
6.14371132850647
6.081650733947754
6.189753532409668
6.02359938621521
5.970551013946533
5.922506093978882
6.107677698135376
5.961542844772339
5.9815592765808105
6.032608270645142
6.064637184143066
5.96354341506958
6.0215981006622314
6.092663049697876
6.578114986419678
6.227789640426636
6.278837442398071
6.332887172698975
8.267685651779175
6.732643365859985
7.828279733657837
5.949529647827148
5.865651369094849
6.363916635513306
5.786003112792969
