Timing log for each step:
0.021019458770751953
5.22876763343811
5.338866710662842
5.447967290878296
5.530040740966797
5.343872308731079
5.375901699066162
5.298828840255737
5.375900030136108
5.2507874965667725
5.260795831680298
5.3308587074279785
5.478994131088257
5.224763870239258
5.444964170455933
5.385909795761108
5.272807359695435
5.425947666168213
5.354881763458252
5.552062034606934
5.291823863983154
5.403925180435181
5.344872951507568
5.431951522827148
5.407930374145508
5.4789955615997314
5.366893291473389
5.433953762054443
5.465983152389526
5.42694878578186
5.307837247848511
5.377903461456299
5.446965932846069
5.460977792739868
5.421941757202148
5.476994037628174
5.4779953956604
5.484999895095825
5.449967622756958
5.497011184692383
5.547057390213013
5.429951429367065
5.424946069717407
5.445965528488159
5.428949594497681
5.313844203948975
5.392915487289429
5.344871997833252
5.394917726516724
5.465984106063843
5.3989198207855225
5.468984603881836
5.422943592071533
5.516028881072998
5.530043125152588
5.43195104598999
5.400922775268555
5.389913558959961
5.371896743774414
5.39992356300354
5.3618879318237305
5.4099321365356445
5.344872236251831
5.486001253128052
5.450968027114868
5.475992918014526
5.434954643249512
5.489004135131836
5.43895959854126
5.435956239700317
5.442960262298584
5.432952880859375
5.424945831298828
5.470986604690552
5.4689857959747314
5.393916606903076
5.468986511230469
5.373898983001709
5.524033784866333
5.423944473266602
5.5410521030426025
5.470988035202026
5.38891339302063
5.377902030944824
5.529042482376099
5.4970128536224365
5.458975553512573
5.514027118682861
5.494008779525757
5.438959360122681
5.568075895309448
5.573080539703369
5.555063486099243
5.584088325500488
5.601105690002441
5.534045219421387
5.65215277671814
5.846328973770142
5.640141248703003
5.563072204589844
5.6171205043792725
5.544053792953491
5.566072940826416
5.555065155029297
5.586093425750732
5.630132436752319
5.4960103034973145
5.543052911758423
5.606110334396362
5.617121458053589
5.6451475620269775
5.56507134437561
5.472990989685059
5.716211318969727
5.5961010456085205
5.587093830108643
5.584091663360596
5.607112407684326
5.688187122344971
5.45897650718689
5.635138988494873
5.704200267791748
5.675174236297607
5.522034168243408
5.581088304519653
5.641141176223755
5.561071157455444
5.554064035415649
5.6001060009002686
5.562069892883301
5.5010154247283936
5.617121458053589
5.564071178436279
5.547057151794434
5.516028881072998
5.503015041351318
5.578085422515869
5.335864543914795
5.446966886520386
5.450968980789185
5.596101999282837
5.523035526275635
5.585090398788452
5.594099760055542
5.5580668449401855
5.56006932258606
5.621125221252441
5.516029357910156
5.464982032775879
5.564072847366333
5.630133867263794
5.60310959815979
5.673173189163208
5.4829981327056885
5.641143560409546
5.562071084976196
5.6441450119018555
5.5630717277526855
5.557066202163696
5.609113693237305
5.48700213432312
5.491006374359131
5.55306339263916
5.650152206420898
5.548058032989502
5.684181451797485
5.536046743392944
5.4890053272247314
5.445965051651001
5.391916513442993
5.631134271621704
5.5770838260650635
5.48700213432312
5.522035121917725
5.603109359741211
5.55105996131897
5.586091756820679
5.4799957275390625
5.491006374359131
5.541052341461182
5.536046743392944
5.652153968811035
5.563071966171265
5.618122577667236
5.584090948104858
5.523035526275635
5.4579761028289795
5.499014377593994
5.548057794570923
5.368894815444946
5.5630717277526855
5.622123956680298
5.534044981002808
5.585092782974243
5.573080539703369
5.6171205043792725
5.619121789932251
5.629131078720093
5.62913179397583
5.664165019989014
5.586093187332153
5.578086614608765
5.5961010456085205
5.785274505615234
5.7212159633636475
5.638140439987183
5.695193529129028
5.712207555770874
5.741234540939331
5.777266263961792
5.666167259216309
5.670169830322266
5.684183120727539
5.755247592926025
5.729223012924194
5.75724983215332
5.767258167266846
5.916393280029297
5.798285961151123
5.789278268814087
5.723217964172363
5.655155897140503
5.722216844558716
5.720215082168579
5.650151491165161
5.741234302520752
5.8873677253723145
5.683181524276733
5.791279315948486
5.6521525382995605
5.754246234893799
5.777266979217529
5.706202268600464
5.692189693450928
5.746239185333252
5.744237184524536
5.735228776931763
5.802290201187134
5.706202745437622
5.703201055526733
5.695192813873291
5.794282674789429
5.671170234680176
5.67217230796814
5.733226776123047
5.68317985534668
5.7292234897613525
5.715210437774658
5.81329870223999
5.722216844558716
5.682180643081665
5.808295488357544
5.6871843338012695
5.696192502975464
5.75825047492981
5.599104881286621
5.696193218231201
5.392916679382324
5.598103046417236
5.549059152603149
5.54205322265625
5.529041051864624
5.608112573623657
5.595102071762085
5.5160300731658936
5.502017259597778
5.456974506378174
5.469987630844116
5.486002445220947
5.514026641845703
5.430951356887817
5.530041694641113
5.550060033798218
5.5800862312316895
5.4799964427948
5.554064989089966
5.478995323181152
5.541051626205444
5.46097993850708
5.5680763721466064
5.526037216186523
5.522033929824829
5.496011257171631
5.521032810211182
5.510021686553955
5.469987630844116
5.577084302902222
5.500012397766113
5.536048412322998
5.370896339416504
5.53804874420166
5.427947521209717
5.57107949256897
5.418941974639893
5.4749915599823
5.554062843322754
5.588093042373657
5.611116647720337
5.4689857959747314
5.454973220825195
5.344871997833252
5.451971054077148
5.387911796569824
5.40292501449585
5.447965621948242
5.486001491546631
5.437957763671875
5.308841228485107
5.545056104660034
5.382907152175903
5.423945426940918
5.416938543319702
5.427948236465454
5.405928373336792
5.426947593688965
5.320850133895874
5.47599196434021
5.366892099380493
5.341869831085205
5.431951522827148
5.396920919418335
5.375901460647583
5.43895697593689
5.252788543701172
5.387912273406982
5.380904674530029
5.369894504547119
5.38090443611145
5.367894411087036
5.400922775268555
5.4499688148498535
5.334863662719727
5.434955596923828
5.426947355270386
5.286819696426392
5.488003969192505
5.338866472244263
5.441962003707886
5.1927337646484375
5.431953191757202
5.498011827468872
5.3919150829315186
5.3969199657440186
5.330859422683716
5.413935422897339
5.445963621139526
5.453971862792969
5.3628880977630615
5.3749003410339355
5.396920919418335
5.467984676361084
5.448966979980469
5.422944068908691
5.421942234039307
5.417939901351929
5.456975221633911
5.379904508590698
5.4960105419158936
5.400923728942871
5.452971458435059
5.381905794143677
5.508021831512451
5.492007493972778
5.308839797973633
5.3508782386779785
5.383908987045288
5.4059295654296875
5.471988677978516
5.472989797592163
5.410932302474976
5.445965766906738
5.423944711685181
5.469986915588379
5.507021427154541
5.345873594284058
5.528039932250977
5.436958074569702
5.42694616317749
5.294827461242676
5.498012542724609
5.36489200592041
5.4069297313690186
5.478995323181152
5.3909149169921875
5.465983629226685
5.486001968383789
5.477994680404663
5.314846754074097
5.429949760437012
5.32485556602478
5.480999231338501
5.459977626800537
5.518030881881714
5.467986106872559
5.399923086166382
5.33186149597168
5.31884765625
5.472989559173584
5.4629807472229
5.391915321350098
5.4159369468688965
5.44596529006958
5.295828342437744
5.313844919204712
5.378904819488525
5.345873832702637
5.456974983215332
5.416938781738281
5.384908676147461
5.545056104660034
5.407930374145508
5.440960645675659
5.453972816467285
5.4769933223724365
5.399924039840698
5.331861257553101
5.3899147510528564
5.324854612350464
5.496011018753052
5.352880001068115
5.431952238082886
5.4279491901397705
5.407930612564087
5.313844919204712
5.527038812637329
5.310842514038086
5.469986438751221
5.299832105636597
5.4799957275390625
5.446965932846069
5.456976413726807
5.4009246826171875
5.349877834320068
5.459978103637695
5.481996059417725
5.394918441772461
5.422943592071533
5.3819050788879395
5.524036169052124
5.445965051651001
5.460978031158447
5.4769933223724365
5.368894577026367
5.403926849365234
5.390915632247925
5.405928611755371
5.265800714492798
5.339868068695068
5.432952642440796
5.523036003112793
5.376901626586914
5.424946546554565
5.267804145812988
5.455974340438843
5.339868545532227
5.390914678573608
5.448967218399048
5.383908033370972
5.347874164581299
5.386911153793335
5.319850206375122
5.353880882263184
5.448967218399048
5.367893695831299
5.125673055648804
5.46097993850708
5.4259467124938965
5.472989082336426
5.540050268173218
5.367893934249878
5.473989725112915
5.373898983001709
5.327858209609985
5.333863019943237
5.394919157028198
5.434956073760986
5.3718976974487305
5.3959197998046875
5.424945831298828
5.472988605499268
5.26479959487915
5.476993083953857
5.49100661277771
5.703197956085205
5.418940544128418
5.429950714111328
5.668166637420654
5.423943996429443
5.434954881668091
5.546055793762207
5.482999324798584
5.454972982406616
5.312843561172485
5.448968887329102
5.4940080642700195
5.451971530914307
5.506020784378052
5.464982271194458
5.518030405044556
5.4309515953063965
5.2808144092559814
5.411933898925781
5.390914440155029
5.484999895095825
5.40592885017395
5.469986915588379
5.397921085357666
5.329860687255859
5.420943021774292
5.41693902015686
5.425948143005371
5.42794942855835
5.417941331863403
5.412935018539429
5.391915798187256
5.403927326202393
5.458976984024048
5.4719884395599365
5.38390851020813
5.268803596496582
5.432953596115112
5.509023427963257
5.416938543319702
5.373900413513184
5.551060914993286
5.455971717834473
5.540050745010376
5.376901865005493
5.41293478012085
5.455974340438843
5.397921085357666
5.398921251296997
5.395919561386108
5.4249467849731445
5.366895914077759
5.38791298866272
5.475992441177368
5.465984106063843
5.391915798187256
5.520033121109009
5.424944639205933
5.325855493545532
5.471989154815674
5.444965124130249
5.445964813232422
5.362887382507324
5.839828729629517
5.557065486907959
5.458977937698364
5.507018804550171
5.502017021179199
5.474988222122192
5.689186096191406
5.678176164627075
5.527038335800171
5.519031524658203
5.454972505569458
5.509021759033203
5.5580668449401855
5.4379565715789795
5.546056032180786
5.550061225891113
5.548058032989502
5.558067083358765
5.571118116378784
