Timing log for each step:
0.01701521873474121
10.365821123123169
10.382396936416626
10.447645902633667
10.423454999923706
10.453701257705688
10.425562143325806
10.389414548873901
10.416379690170288
10.508828163146973
10.521872758865356
10.465720176696777
10.508233308792114
10.625047206878662
10.57792067527771
10.623873710632324
10.54983901977539
10.598806142807007
10.6185462474823
10.624341249465942
10.795428991317749
10.555950164794922
10.583389043807983
10.631470441818237
10.62679123878479
10.629089117050171
10.72005844116211
10.713125228881836
10.706640005111694
10.683388710021973
10.649288415908813
10.694587707519531
10.645337343215942
10.691044092178345
10.723243713378906
10.690681457519531
10.44044041633606
10.64356803894043
10.404787063598633
10.537338495254517
10.428693532943726
10.720659732818604
10.54317593574524
10.700788021087646
10.625361680984497
10.543920278549194
10.729858160018921
10.651248931884766
10.663421154022217
10.731173515319824
10.66381311416626
10.569992542266846
10.694944143295288
10.811155796051025
10.74049973487854
10.80157208442688
10.672663450241089
10.731254577636719
10.708965539932251
10.674019813537598
10.690584659576416
10.722223997116089
10.686814785003662
10.710773944854736
10.77766466140747
10.630967855453491
10.686806678771973
10.681932210922241
10.70066499710083
10.67499566078186
10.664670467376709
10.649111986160278
10.627314329147339
10.774036884307861
10.726114273071289
10.733643770217896
10.506964206695557
10.622204065322876
10.644380569458008
10.6727774143219
10.577172756195068
10.717050552368164
10.689027309417725
10.6299409866333
10.561758279800415
10.649882793426514
10.528934717178345
10.508188247680664
10.53850269317627
10.53784728050232
10.011420011520386
10.52364206314087
10.653757095336914
10.734174251556396
10.495454549789429
10.534279584884644
10.567387104034424
10.593591213226318
10.523412942886353
10.557360410690308
10.605052947998047
10.666414976119995
10.585735082626343
10.547313928604126
10.593758583068848
10.56021761894226
10.570710897445679
10.669018983840942
10.481711864471436
10.64600133895874
10.589375972747803
10.54944109916687
10.575250625610352
10.58623743057251
10.595034122467041
10.597640752792358
10.672757625579834
10.497899770736694
10.577182292938232
10.571852684020996
10.687193632125854
10.564709186553955
10.63920521736145
10.618851900100708
10.620566844940186
10.73206877708435
10.551125764846802
10.640498876571655
10.588272094726562
10.518254518508911
10.540424585342407
10.6196870803833
10.63133955001831
10.553590297698975
10.52657175064087
10.563570499420166
10.565097570419312
10.640213251113892
10.583573818206787
10.605183601379395
10.608935594558716
10.632362127304077
10.214371919631958
10.145434141159058
10.457842111587524
10.645888328552246
10.619324684143066
10.64974331855774
10.714492797851562
10.657725095748901
10.653233051300049
10.634633541107178
10.160269260406494
10.656898498535156
10.630035400390625
10.645680904388428
10.631062507629395
10.636322259902954
10.642400026321411
10.561401128768921
10.590407848358154
10.583245754241943
10.581735849380493
10.638851404190063
10.529056072235107
10.618242740631104
10.653313159942627
10.630916833877563
10.754845142364502
10.610645771026611
10.724847793579102
10.653528451919556
10.65259337425232
10.626522064208984
10.70930290222168
10.79588770866394
10.701080799102783
10.683454751968384
10.77292537689209
10.742875814437866
10.614296674728394
10.759559154510498
10.603477716445923
10.5948166847229
10.65925908088684
10.496722221374512
10.59826135635376
10.540694952011108
10.643553495407104
10.517150402069092
10.578284978866577
10.599921226501465
10.507067441940308
10.581065893173218
10.634681701660156
10.58435320854187
10.647966623306274
10.674315929412842
10.547160148620605
10.587987422943115
10.578843832015991
10.549044609069824
10.658532619476318
10.555837154388428
10.614343881607056
10.528417825698853
10.563841104507446
10.653773069381714
10.541869163513184
10.621020793914795
10.56710410118103
10.656539916992188
10.593986988067627
10.632179737091064
10.650466203689575
10.607691764831543
10.543354034423828
10.580060243606567
10.639534711837769
10.557125568389893
10.580845832824707
10.679620265960693
10.589094400405884
10.621277093887329
10.6305410861969
10.58841323852539
10.706125736236572
10.739822387695312
10.782084465026855
10.795332431793213
10.581286430358887
10.739580392837524
10.67229413986206
10.639202356338501
10.707088470458984
10.756945133209229
10.714880228042603
10.640071630477905
10.659299612045288
10.699554443359375
10.726267576217651
10.549840927124023
10.657620429992676
10.70001745223999
10.698368310928345
10.726158857345581
10.628917455673218
10.654448509216309
10.670986413955688
10.836357831954956
10.738373279571533
10.799968004226685
10.820744037628174
10.855945825576782
10.829002857208252
10.809094429016113
10.71899676322937
10.852191686630249
10.717218399047852
10.695261478424072
10.725374221801758
10.525854110717773
10.68156909942627
10.798086404800415
10.70732855796814
10.841229438781738
10.707900285720825
10.686367750167847
10.788478136062622
10.762369394302368
10.648476600646973
10.66168999671936
10.788785934448242
10.757726430892944
