Timing log for each step:
0.023020267486572266
5.609100580215454
5.546044111251831
5.563056945800781
5.571065187454224
5.604095458984375
5.558053731918335
5.625117778778076
5.567062616348267
5.520017623901367
5.561053276062012
5.5680625438690186
5.631120681762695
5.570065498352051
5.628133058547974
5.611102104187012
5.650137424468994
5.622111797332764
5.573065996170044
5.6191089153289795
5.599090099334717
5.609099626541138
5.631119728088379
5.569064140319824
5.512011289596558
5.610100507736206
5.72320294380188
5.688172101974487
5.639126539230347
5.60809850692749
5.6511390209198
5.67616081237793
5.6491358280181885
5.627117156982422
5.651138067245483
5.693175792694092
5.632121562957764
5.691174745559692
5.676161766052246
5.656141757965088
5.626116037368774
5.554049253463745
5.598089694976807
5.662147521972656
5.68516993522644
5.616106748580933
5.539036750793457
5.533030033111572
5.621110677719116
5.550046920776367
5.566060543060303
5.887353420257568
5.673158168792725
5.703185558319092
5.613103628158569
5.582075595855713
5.597087860107422
5.608098745346069
5.580071687698364
5.682166814804077
5.679163932800293
5.728208780288696
5.61310338973999
5.553048849105835
5.604096174240112
5.690174102783203
5.64713454246521
5.639129161834717
5.687170028686523
5.691175699234009
5.630120038986206
5.605095148086548
5.7552330493927
5.684167146682739
5.668155193328857
5.649136304855347
5.721202611923218
5.644131183624268
5.637136936187744
5.870337724685669
5.6611480712890625
5.727207660675049
5.626115798950195
5.669154644012451
5.556051731109619
5.607098340988159
5.6141037940979
5.589081048965454
5.709190845489502
5.645132303237915
5.637125492095947
5.658145189285278
5.5740673542022705
5.615105152130127
5.685169696807861
5.653139591217041
5.584078073501587
5.639126777648926
5.6921751499176025
5.605096817016602
5.662147045135498
5.692175626754761
5.925388336181641
5.664149522781372
5.642129898071289
5.62511420249939
5.648135423660278
5.668154954910278
5.663148641586304
5.6531407833099365
5.558053731918335
5.606096982955933
5.6030943393707275
5.600092887878418
5.638126611709595
5.666147232055664
5.625114440917969
5.654141664505005
5.749226808547974
5.677161693572998
5.6311194896698
5.638125896453857
5.641128778457642
5.62010931968689
5.5760698318481445
5.771246910095215
5.65814471244812
5.697179794311523
5.700182676315308
5.685169219970703
5.574068069458008
5.622111797332764
5.5760698318481445
5.616107225418091
5.685169696807861
5.553049087524414
5.589080810546875
5.6501359939575195
5.63211989402771
5.714195251464844
5.693176031112671
5.58908224105835
5.6241135597229
5.6161065101623535
5.657143592834473
5.684168577194214
5.674159526824951
5.680164575576782
5.715197324752808
5.638125419616699
5.6541407108306885
5.653139114379883
5.612103223800659
5.670156240463257
5.649136304855347
5.694177627563477
5.5630574226379395
5.668153285980225
5.682166576385498
5.558053255081177
5.645132541656494
5.615105152130127
5.601092576980591
5.620109796524048
5.665151357650757
5.688171625137329
5.698180675506592
5.654141426086426
5.605095624923706
5.659144163131714
5.650136709213257
5.603095531463623
5.611100435256958
5.669154405593872
5.6861701011657715
5.615105390548706
5.680164337158203
5.616107702255249
5.696179628372192
5.690173387527466
5.652138710021973
5.7161970138549805
5.558053731918335
5.6481359004974365
5.7372167110443115
5.669154644012451
5.651138544082642
5.698180913925171
5.668153762817383
5.562057256698608
5.620110273361206
5.648135662078857
5.639126300811768
5.618109703063965
5.656142950057983
5.680164575576782
5.706188917160034
5.634122371673584
5.67415976524353
5.6341235637664795
5.808280944824219
5.618107795715332
5.582074880599976
5.606097936630249
5.631119728088379
5.702184677124023
5.6491358280181885
5.681166172027588
5.704185962677002
5.662148714065552
5.700182914733887
5.649136543273926
5.660146474838257
5.674159288406372
5.7692461013793945
5.727207183837891
5.555050373077393
5.6541407108306885
5.6531407833099365
5.602093458175659
5.7482264041900635
5.674159288406372
5.652139186859131
5.663149356842041
5.604095935821533
5.624113082885742
5.613103866577148
5.639127016067505
5.687170505523682
5.722203016281128
5.657144069671631
5.611108064651489
5.6781628131866455
5.716198205947876
5.589081764221191
5.657143831253052
5.70719051361084
5.670156955718994
5.6431310176849365
5.706188678741455
5.597089052200317
5.67616081237793
5.638126373291016
5.698181629180908
5.6131041049957275
5.70018196105957
5.604096174240112
5.582076549530029
5.613103866577148
5.631119728088379
5.70618748664856
5.719200611114502
5.637125253677368
5.731211185455322
5.67415976524353
5.613102912902832
5.7292091846466064
5.627115964889526
5.6751604080200195
6.03048300743103
5.645133018493652
5.639127492904663
5.609100341796875
5.779254198074341
5.650137424468994
5.667152166366577
5.662148952484131
5.72120213508606
5.713195562362671
5.71119236946106
5.665151119232178
5.637125730514526
5.703184127807617
5.763240337371826
5.649136304855347
5.644131660461426
5.674160003662109
5.70518684387207
5.6541407108306885
5.504004240036011
5.661147594451904
5.625115871429443
5.610100746154785
5.637125492095947
5.656142711639404
5.549046516418457
5.663149118423462
5.751229524612427
5.598089694976807
5.679164409637451
5.631120204925537
5.714196681976318
5.646133661270142
5.689172983169556
5.669153928756714
5.700183391571045
5.579072713851929
5.688171863555908
5.663149356842041
5.707188606262207
5.614104509353638
5.663149118423462
5.5750696659088135
5.665151119232178
5.576070785522461
5.656141757965088
5.7191996574401855
5.601092576980591
5.639126777648926
5.676161050796509
5.633121728897095
5.696179628372192
5.553049087524414
5.602092981338501
5.6141037940979
5.6121015548706055
5.6241114139556885
5.596086263656616
5.640129089355469
5.613103866577148
5.70318603515625
5.728208780288696
5.670155763626099
5.6751604080200195
5.6651506423950195
5.639127254486084
5.665152072906494
5.650137901306152
5.64713454246521
5.592084646224976
5.609101057052612
5.655141353607178
5.755232810974121
5.700182676315308
5.651139497756958
5.7502288818359375
5.667152404785156
5.710192441940308
5.654141426086426
5.633122682571411
5.667152166366577
5.655141353607178
5.622111797332764
5.66815447807312
5.7292094230651855
5.690174579620361
5.70618748664856
5.623112678527832
5.906369924545288
5.633121967315674
5.644132137298584
5.5760698318481445
5.541038751602173
5.639127492904663
5.660146474838257
5.65313982963562
5.657144546508789
5.634120464324951
5.621110677719116
5.583076000213623
5.663148880004883
5.7292094230651855
5.681165456771851
5.688171625137329
5.670156240463257
5.616106986999512
5.607104778289795
6.196634769439697
5.8743414878845215
5.857325077056885
5.7672438621521
5.695177793502808
5.6831676959991455
5.640127658843994
5.644131183624268
5.68216609954834
5.644132137298584
5.643130779266357
5.645132780075073
5.591084241867065
5.656142473220825
5.645132064819336
5.745223760604858
5.635124921798706
5.647134780883789
5.638126373291016
6.210646867752075
5.8663330078125
5.644131898880005
5.704185485839844
5.676161050796509
5.6781628131866455
5.6090989112854
5.623112916946411
5.632120847702026
5.683167457580566
5.7101922035217285
5.654141187667847
5.700180292129517
5.651139736175537
5.669155120849609
5.621110439300537
5.6831676959991455
5.662148714065552
5.605096340179443
5.637125492095947
5.650137662887573
5.634125232696533
5.617106914520264
5.649136066436768
5.639127969741821
5.62311315536499
5.6311194896698
5.68116569519043
5.644131660461426
5.632121801376343
5.6621479988098145
5.6751604080200195
5.620109558105469
5.656142711639404
5.623112440109253
5.664149522781372
5.652138948440552
5.674159526824951
5.66515040397644
5.647135019302368
5.6781628131866455
5.645133972167969
5.697180509567261
5.638126850128174
5.627115964889526
5.580073833465576
5.60008978843689
5.611102104187012
5.688171863555908
5.679164409637451
5.634122848510742
5.663148880004883
5.6621482372283936
5.632120370864868
5.85432243347168
5.67115592956543
5.753231048583984
7.291629791259766
5.6991822719573975
5.589081764221191
5.698180675506592
5.6030943393707275
5.664149761199951
5.599091529846191
5.5750696659088135
5.676161766052246
5.588080644607544
5.605097532272339
5.652139186859131
5.575069904327393
5.643129825592041
5.567061424255371
5.528026819229126
5.643131971359253
5.616106271743774
5.6211113929748535
5.61310338973999
5.666152238845825
5.548044681549072
5.54904580116272
5.63312292098999
5.639127731323242
5.586077451705933
5.611102104187012
5.561056852340698
5.5550501346588135
5.622111558914185
5.512011528015137
5.638126850128174
5.611102104187012
5.533030986785889
5.836307525634766
5.621111154556274
5.709190607070923
5.547043561935425
5.576069593429565
5.624113082885742
5.542037725448608
5.532029390335083
5.551048755645752
5.564059734344482
5.617107152938843
5.571065902709961
5.525023698806763
5.5680623054504395
5.581074237823486
5.622111797332764
5.543040752410889
5.579073190689087
5.747226715087891
5.8122851848602295
5.627116918563843
5.678163766860962
5.545042276382446
5.744222640991211
5.856324911117554
5.567061185836792
5.639127731323242
5.7081897258758545
5.6941773891448975
5.673158645629883
5.581074476242065
5.73221230506897
5.733211994171143
5.586080312728882
5.626115798950195
5.62511420249939
5.609100103378296
5.614108562469482
5.567062616348267
5.553048610687256
5.667151689529419
5.534031629562378
5.577071189880371
5.632122039794922
5.610100984573364
5.532029867172241
5.59608793258667
5.679163455963135
5.57106614112854
5.587079763412476
5.60709810256958
5.51801872253418
5.652140140533447
5.716198205947876
5.71219539642334
5.676161289215088
5.601093053817749
5.623111963272095
5.5910820960998535
5.575068473815918
5.498999357223511
5.6461334228515625
5.593085765838623
5.65213942527771
5.763240098953247
5.742220640182495
5.641129016876221
5.565059423446655
5.644131660461426
5.700183153152466
5.6191089153289795
5.6351237297058105
5.508008241653442
5.613104581832886
5.702183485031128
5.627117156982422
5.555050611495972
5.6621479988098145
5.63512396812439
5.609099864959717
5.559054374694824
5.661147356033325
5.618108034133911
5.542038202285767
5.575069904327393
5.619109392166138
5.568063735961914
5.635124444961548
5.616105556488037
5.589081764221191
5.6121039390563965
5.588081121444702
5.563058853149414
5.6281187534332275
5.533031940460205
5.5670599937438965
5.529026746749878
5.679164886474609
5.577070713043213
5.61810827255249
5.611103296279907
5.635124444961548
5.511010646820068
5.620109796524048
5.635127544403076
5.603095054626465
5.5620574951171875
5.616106271743774
5.577070713043213
5.607233762741089
5.571362257003784
5.598089218139648
5.624113082885742
5.660146951675415
5.535032749176025
5.533032178878784
5.604095458984375
5.597089767456055
5.663150310516357
5.787261486053467
5.547042608261108
5.576070070266724
5.5630574226379395
5.747225999832153
5.7802557945251465
5.726206064224243
5.41792631149292
5.569065570831299
5.933395862579346
5.58407735824585
5.761239051818848
5.5460426807403564
5.615105867385864
5.641129016876221
5.525024175643921
5.569679021835327
5.533030986785889
5.636125087738037
5.509009122848511
5.445952415466309
5.577071905136108
5.61510443687439
5.557052850723267
5.422919511795044
5.495997428894043
5.5700647830963135
5.5200183391571045
5.499000310897827
5.5870795249938965
5.52402138710022
5.557053089141846
5.486988544464111
5.565061569213867
5.523021459579468
5.390901803970337
5.5280256271362305
5.490992546081543
5.696178913116455
5.561056613922119
5.455960988998413
5.696178436279297
5.694177627563477
5.77324914932251
5.451958656311035
5.5490453243255615
5.499000549316406
5.66515040397644
5.69818115234375
5.531028509140015
5.560055732727051
5.539036989212036
5.543039798736572
5.484987258911133
5.59608793258667
5.53102970123291
5.335851192474365
5.5350329875946045
5.448954820632935
5.5760698318481445
5.533031463623047
5.47197699546814
5.492994546890259
5.530026435852051
5.596089124679565
5.5260255336761475
5.54504132270813
5.6261162757873535
5.531028747558594
5.467972040176392
5.509008884429932
5.490992307662964
5.8913562297821045
5.845314979553223
5.807281017303467
5.637125730514526
5.6385657787323
5.648135662078857
5.731210947036743
5.628117322921753
5.704186677932739
5.626115798950195
5.677161693572998
5.691175222396851
5.519018888473511
5.789264440536499
5.656056880950928
5.703186273574829
5.700183391571045
5.6521384716033936
5.536032676696777
5.697034120559692
5.650137424468994
5.607099771499634
5.557053327560425
5.689395427703857
5.607098340988159
5.60609769821167
5.6341233253479
5.597089052200317
5.6731579303741455
5.744223117828369
5.867333650588989
5.846315383911133
6.058507919311523
6.29272198677063
5.987442970275879
6.071520805358887
5.854323387145996
5.633122205734253
5.607098817825317
5.689173460006714
5.683391571044922
5.652139186859131
5.664150238037109
5.656142950057983
5.733212947845459
5.576069593429565
5.674159526824951
5.705188274383545
5.682166576385498
5.554051637649536
5.700183629989624
5.609100341796875
5.683166265487671
5.7121946811676025
5.718198299407959
5.736215591430664
5.656142950057983
5.574588298797607
5.732211112976074
5.78425931930542
5.673158407211304
5.730210781097412
5.690174341201782
5.656142234802246
5.737216234207153
5.728208303451538
5.6701555252075195
5.71619725227356
5.587080001831055
5.612104654312134
5.741220474243164
5.706188440322876
5.6911749839782715
5.667153358459473
5.666152000427246
5.626116037368774
5.6531407833099365
5.764241456985474
5.735254287719727
5.666152000427246
5.7362165451049805
5.512011528015137
6.044495582580566
5.795269966125488
5.760237693786621
5.722203016281128
5.667152643203735
5.679164886474609
5.713194847106934
5.8613293170928955
5.828300714492798
5.8643317222595215
5.811283588409424
5.7852606773376465
5.687171936035156
5.926389217376709
5.867334365844727
5.797270774841309
5.833304166793823
5.707188367843628
5.749227523803711
5.763140439987183
5.900365114212036
5.855323076248169
5.810283422470093
5.79126501083374
5.8232951164245605
5.746225118637085
5.740220069885254
5.727207660675049
5.83530592918396
5.8633317947387695
5.7992730140686035
5.8333046436309814
5.8012754917144775
5.710192441940308
5.706188201904297
5.900364875793457
5.720201730728149
5.965424537658691
5.712193965911865
5.765676259994507
5.793267011642456
6.201639175415039
5.839309215545654
5.801275014877319
5.833303689956665
5.755232810974121
5.770246744155884
5.683804273605347
5.719200372695923
5.815288066864014
5.697619199752808
5.774249792098999
5.723203659057617
5.795270204544067
5.764240980148315
5.86440372467041
5.796270132064819
5.727207660675049
5.852751731872559
5.7722485065460205
5.7364373207092285
5.747225761413574
5.767244815826416
5.751230478286743
5.837308168411255
5.8272998332977295
5.770246982574463
5.814666032791138
5.780053615570068
5.71619725227356
5.850319862365723
5.749227523803711
5.695178747177124
5.743222236633301
5.831301689147949
5.69217586517334
5.806280612945557
5.756242513656616
5.815287828445435
5.7932679653167725
5.746225595474243
5.6691553592681885
5.743222713470459
5.810283422470093
5.719200849533081
5.656141757965088
5.758235454559326
5.669155120849609
5.912376642227173
5.803277254104614
5.782258987426758
5.737217664718628
5.818290710449219
5.795269250869751
5.820291996002197
5.808282136917114
5.7582361698150635
5.761775493621826
5.772248029708862
5.783258438110352
5.829300403594971
5.813286304473877
5.780255079269409
5.758235931396484
5.784260272979736
5.848692893981934
5.817289590835571
5.7572362422943115
5.80828070640564
5.745224475860596
5.825296640396118
5.739217758178711
5.770247220993042
5.668349742889404
5.7652435302734375
5.720279932022095
5.731210708618164
5.7292091846466064
5.702184677124023
6.111557245254517
5.995001554489136
6.12741494178772
6.034486770629883
6.015469074249268
6.120566129684448
6.4428582191467285
6.41883659362793
6.348771333694458
5.867334604263306
5.807280540466309
5.790264844894409
5.84031081199646
5.85732626914978
5.80828070640564
5.83430552482605
5.770246744155884
5.951411485671997
5.870337724685669
5.84131121635437
5.832303047180176
5.819290399551392
5.845315217971802
5.805278539657593
5.828300714492798
5.842310905456543
5.81228494644165
5.876343727111816
5.832303047180176
5.750228643417358
5.794268846511841
5.888354063034058
5.847316741943359
5.807279109954834
5.800274848937988
5.822294235229492
5.827298402786255
5.785260915756226
5.840310573577881
5.7882630825042725
5.786260604858398
5.849318742752075
5.758235931396484
5.808281183242798
5.811284303665161
5.661147832870483
5.948408365249634
5.800273418426514
5.806280136108398
5.530027389526367
5.803276777267456
5.849318027496338
5.798272609710693
5.833303213119507
5.797270774841309
5.57707142829895
5.5110108852386475
5.59608793258667
5.6070990562438965
5.832299470901489
5.566060543060303
5.610100269317627
5.977434873580933
5.756234169006348
5.572066783905029
5.663149356842041
5.52802586555481
5.611101865768433
5.598090648651123
5.527026414871216
5.6111016273498535
5.569064378738403
5.564059495925903
5.545040607452393
5.5880818367004395
5.610101222991943
5.579072713851929
5.594085693359375
5.56105637550354
5.584076404571533
5.570064306259155
5.581074953079224
5.638126611709595
5.6111061573028564
5.503004550933838
5.548044681549072
5.678162336349487
5.567061185836792
5.518017768859863
5.549044370651245
5.580073356628418
5.5680625438690186
5.530027866363525
5.600092172622681
5.556051254272461
5.519017457962036
5.495996713638306
5.558053731918335
5.641129970550537
5.567062139511108
5.528025150299072
5.591083765029907
5.567062616348267
5.559054374694824
5.503003358840942
5.576069116592407
5.549045085906982
5.5780723094940186
5.57907247543335
5.605096101760864
5.597089052200317
5.553049087524414
5.547043561935425
5.619109153747559
5.477980375289917
5.543039560317993
5.566062688827515
5.624114036560059
5.603094816207886
5.614103078842163
5.567060947418213
5.5850770473480225
5.5780720710754395
5.45696234703064
5.473977088928223
5.523022890090942
5.633122682571411
5.558053970336914
5.6321210861206055
5.5690624713897705
5.602093935012817
5.59308648109436
5.611102342605591
5.570064306259155
5.553048849105835
5.575070142745972
5.614103555679321
5.582075595855713
5.594086408615112
5.551047325134277
5.575069904327393
5.521019697189331
5.551046848297119
5.453958988189697
5.541038274765015
5.489992141723633
5.510008811950684
5.631120204925537
5.582075119018555
5.813285827636719
5.79526948928833
5.580073595046997
5.55505108833313
5.579073429107666
5.564071893692017
5.486988306045532
5.526025056838989
5.5360331535339355
5.471974849700928
5.577071189880371
5.712193965911865
5.922383546829224
5.7158777713775635
5.5780723094940186
5.492994546890259
5.480982780456543
5.478981256484985
5.572066307067871
5.612102508544922
5.463968276977539
5.593085050582886
5.487989902496338
5.529026508331299
5.617108106613159
5.560055732727051
5.511010646820068
5.545042276382446
5.612102031707764
5.612102746963501
5.568063497543335
5.479982376098633
5.554049730300903
5.503004789352417
5.493995189666748
5.533031940460205
5.561055421829224
5.56906533241272
5.590082406997681
5.53403115272522
5.5460426807403564
5.494997024536133
5.565059661865234
5.525023460388184
5.527024507522583
5.556051254272461
5.616106033325195
5.545041561126709
5.48598837852478
5.581073999404907
5.548044443130493
5.5110108852386475
5.521019697189331
6.490901470184326
5.764240026473999
6.346426010131836
