Timing log for each step:
0.014014005661010742
10.40170669555664
10.309967756271362
10.271899938583374
10.170487880706787
10.124490737915039
10.414555788040161
10.234706163406372
10.175137042999268
10.437415361404419
10.520178079605103
10.18449330329895
10.35050654411316
10.374284267425537
10.139683246612549
10.241883993148804
10.601627826690674
10.494654417037964
10.293525695800781
10.350010633468628
10.336211442947388
10.350136280059814
10.639389991760254
10.290868282318115
10.50670075416565
10.396534442901611
10.47402548789978
10.511230707168579
10.304695844650269
10.459544658660889
10.59057331085205
10.315441370010376
10.420648336410522
10.35070538520813
10.384358167648315
10.500002384185791
10.274362564086914
10.385719537734985
10.509852886199951
10.495325088500977
10.520020723342896
10.436087131500244
10.56841230392456
10.469019412994385
10.490508317947388
10.289681196212769
10.424734830856323
10.22699499130249
10.423625469207764
10.477164030075073
10.360098361968994
10.445110559463501
10.254340648651123
10.64156699180603
10.618004322052002
10.483047485351562
10.50387191772461
10.68229365348816
10.569357872009277
10.402045011520386
10.579578876495361
10.534960985183716
10.710969924926758
10.506659746170044
10.390949487686157
10.61746597290039
10.48450756072998
10.276486873626709
10.414058923721313
10.44257664680481
10.369931936264038
10.468421697616577
10.397771835327148
10.582132339477539
10.515918254852295
10.283447980880737
10.40436315536499
10.429535627365112
10.357834815979004
10.348740816116333
10.494441270828247
10.45206093788147
10.50435757637024
10.70524263381958
10.387331247329712
10.387934923171997
10.651211738586426
10.552132606506348
10.265429496765137
10.471666097640991
10.504858493804932
10.414310693740845
10.427853345870972
10.575087070465088
10.07103943824768
10.457571744918823
10.40735650062561
10.384716033935547
10.495838165283203
10.400867938995361
10.479401588439941
10.398927211761475
10.47902798652649
10.35679841041565
10.359946489334106
10.378365755081177
10.389846324920654
10.32777190208435
10.355936050415039
10.232763767242432
10.133800268173218
10.453816175460815
10.205257892608643
10.311404466629028
10.536647081375122
10.253840208053589
10.230973958969116
10.405007600784302
10.42990756034851
10.452115297317505
10.468000888824463
10.416064262390137
10.2949960231781
10.445516347885132
10.310982465744019
10.385695457458496
10.279250144958496
10.373146057128906
10.371401309967041
10.259810447692871
10.331388711929321
10.37866497039795
10.385973453521729
10.511647939682007
10.484256505966187
10.342379808425903
10.57290506362915
10.611021041870117
10.303701400756836
10.37712812423706
10.499046087265015
10.253970861434937
10.247889518737793
10.490963459014893
10.349748849868774
10.544140577316284
10.383892297744751
10.401406049728394
10.24673843383789
10.416101694107056
10.366185665130615
10.474119424819946
10.633992910385132
10.289936780929565
10.429952621459961
10.679742097854614
10.33827805519104
10.361738681793213
10.572970151901245
10.483271598815918
10.450799942016602
10.379945278167725
10.129714488983154
10.363810062408447
10.282005071640015
10.568193197250366
10.29679012298584
10.336618661880493
10.492674589157104
10.376168251037598
10.361754179000854
10.600944995880127
10.405980825424194
10.531757116317749
10.402093648910522
10.40381407737732
10.51973557472229
10.597791910171509
10.267935991287231
10.362784147262573
10.513395309448242
10.484434604644775
10.343911170959473
10.416975498199463
10.392796277999878
10.331891059875488
10.465912342071533
10.203049898147583
10.47560739517212
10.275126934051514
10.345205307006836
10.420814037322998
10.413722038269043
10.248236656188965
10.17240858078003
10.256521463394165
10.44457745552063
10.363061666488647
10.41933298110962
10.270800590515137
10.457998275756836
10.282022714614868
10.425014734268188
10.693073272705078
10.414374113082886
10.548888206481934
10.410032987594604
10.293883800506592
10.387584924697876
10.24813961982727
10.36126160621643
10.44686484336853
10.438243627548218
10.39375114440918
10.324742555618286
10.345887184143066
10.496869087219238
10.526878595352173
10.548762559890747
10.147154808044434
10.461596250534058
10.441731452941895
10.440554141998291
10.592417478561401
10.388863801956177
10.439276456832886
10.25670075416565
10.444953203201294
10.39290714263916
10.289228916168213
10.19933032989502
10.24568772315979
10.319710493087769
10.416342973709106
10.235530614852905
10.482600688934326
10.305027723312378
10.421950101852417
10.343915939331055
10.35312533378601
10.49970269203186
10.315306425094604
10.050997495651245
10.237973928451538
10.46319317817688
10.12040090560913
10.17292308807373
10.362780809402466
10.601914644241333
10.369595289230347
10.37366509437561
10.284457445144653
10.489274978637695
10.454950094223022
10.330169916152954
10.332125425338745
10.584926128387451
10.532601833343506
10.302959203720093
10.54097318649292
10.274932146072388
10.48650860786438
10.494208574295044
10.4189772605896
10.221688508987427
10.447826623916626
10.291758298873901
10.507709741592407
10.284226655960083
10.310234069824219
10.330739974975586
10.446131467819214
10.344844818115234
10.449259996414185
10.20873212814331
10.177503824234009
10.322906494140625
10.386881828308105
10.414715051651001
10.439995765686035
10.448803186416626
10.234519958496094
10.31916332244873
10.284677982330322
10.344880104064941
10.193979740142822
10.167173862457275
10.334819078445435
9.826376914978027
9.75198769569397
10.332338809967041
10.302832126617432
10.357818841934204
10.221750736236572
10.274930715560913
10.264430046081543
10.198971509933472
9.809643983840942
9.673556089401245
10.27976655960083
10.084774255752563
10.14445948600769
10.16200876235962
10.158332824707031
10.230925559997559
10.223752737045288
10.087366342544556
10.279894828796387
10.181707382202148
10.446224212646484
10.22466230392456
10.466274976730347
10.44364070892334
10.262780904769897
9.706080913543701
10.295178651809692
10.45635724067688
10.239520072937012
10.278006076812744
10.544437646865845
10.60190224647522
10.380956888198853
10.40308928489685
10.39045000076294
10.269684314727783
10.355053186416626
10.285943984985352
10.536038398742676
10.439125537872314
10.680251598358154
10.457282781600952
10.53915524482727
10.532249450683594
10.566892623901367
10.488110065460205
10.574690580368042
10.440143346786499
10.365792274475098
10.524120569229126
10.452197313308716
10.363957405090332
10.57003378868103
10.310414552688599
10.322872400283813
10.566498041152954
10.517498016357422
10.19290566444397
10.400401592254639
10.45465898513794
10.482171773910522
10.69070291519165
10.455814599990845
10.259505987167358
10.493624687194824
10.474068641662598
10.557740211486816
10.490099668502808
10.298153638839722
10.544579029083252
10.401615858078003
10.381420135498047
10.590508937835693
10.51012372970581
10.408806085586548
10.566401958465576
10.617819547653198
10.553577423095703
10.397586822509766
10.426807165145874
10.307021617889404
10.335410833358765
10.485667705535889
10.489552974700928
10.441429615020752
10.482782125473022
10.216446876525879
10.330917358398438
10.414042234420776
10.577779054641724
10.541772603988647
10.586620092391968
9.636302947998047
10.476888418197632
10.435391426086426
10.24764347076416
10.572144746780396
10.374057054519653
10.337923526763916
10.460908889770508
10.498822689056396
10.350809574127197
10.578463792800903
10.5241219997406
10.327906847000122
10.461754560470581
10.529989242553711
10.318563461303711
9.822854995727539
10.00847315788269
10.56244969367981
10.403180837631226
10.580108880996704
10.468173503875732
9.992241382598877
9.995774030685425
10.00435733795166
10.325003385543823
10.515855073928833
10.34574818611145
9.888428449630737
10.246438264846802
10.3545081615448
10.36477780342102
10.61928391456604
10.255847454071045
10.492130279541016
10.391946077346802
10.272939443588257
10.52579140663147
10.491941452026367
10.510496854782104
10.528258562088013
10.359769344329834
10.390069961547852
10.603994607925415
10.438513278961182
10.458945274353027
10.475608348846436
10.858540534973145
10.575690269470215
10.513680219650269
10.566076278686523
10.49275016784668
10.613887071609497
10.502739191055298
10.257430791854858
10.482245922088623
10.420068740844727
10.427468538284302
10.230352401733398
10.491173028945923
10.469289302825928
10.27637004852295
10.405407190322876
10.432832479476929
10.523897409439087
10.536929845809937
10.455049991607666
10.553872346878052
10.351984739303589
10.463745355606079
10.447205305099487
10.336561441421509
10.596528053283691
10.402122259140015
10.390772104263306
10.257083892822266
10.511890411376953
10.142061233520508
10.461599588394165
10.514815330505371
10.458745956420898
10.586625099182129
10.346876382827759
10.553679466247559
10.490986585617065
10.656167984008789
10.594920635223389
10.685698509216309
10.578382015228271
10.725463628768921
10.292001485824585
10.48907470703125
10.628234148025513
10.541436910629272
10.333404779434204
10.526312589645386
10.596782445907593
10.490033388137817
10.456916332244873
10.578079462051392
10.282125234603882
10.431901454925537
10.58459186553955
10.529153823852539
10.498183250427246
10.43520736694336
10.559059619903564
10.34300684928894
10.406144857406616
10.354977130889893
10.542784929275513
10.514470338821411
10.355814456939697
10.430986881256104
10.528282403945923
10.540319681167603
10.50470232963562
10.387378454208374
10.486406564712524
10.41751766204834
10.323724031448364
10.306824922561646
10.459997653961182
10.39719271659851
10.400201320648193
10.303866147994995
10.351829290390015
10.273855209350586
10.416553735733032
10.281471967697144
10.451006412506104
10.254608392715454
10.373397588729858
10.217270851135254
10.322839736938477
10.146345615386963
10.152385950088501
10.483623504638672
10.357437372207642
10.286273956298828
10.176797151565552
10.283175706863403
10.56581974029541
10.390238523483276
10.210795402526855
10.330341815948486
10.385949611663818
10.218992710113525
10.328681468963623
10.189023494720459
10.593237400054932
10.379111528396606
10.413101434707642
10.256946325302124
10.306004762649536
10.218767642974854
10.337042570114136
10.3440260887146
10.189891576766968
10.517905235290527
10.173393249511719
10.294512033462524
10.47048830986023
12.362595796585083
11.466042280197144
11.405278444290161
11.320148944854736
11.260134935379028
11.436267852783203
11.5326566696167
11.265666246414185
11.23530626296997
11.506385087966919
11.545324087142944
11.539386749267578
11.525249004364014
11.534415245056152
11.589751243591309
11.36348581314087
11.414294242858887
11.482779026031494
11.28931713104248
11.411284923553467
11.261775016784668
11.187180519104004
10.95738410949707
10.569687843322754
10.395684480667114
11.554116249084473
10.530004024505615
10.521948099136353
10.439942836761475
10.574013471603394
11.562792539596558
10.432865858078003
10.387919425964355
10.366074085235596
10.71042776107788
10.43926191329956
9.912397146224976
10.547112703323364
10.53347396850586
10.438374996185303
10.2658212184906
10.40869951248169
11.062533855438232
11.087147951126099
11.739367723464966
11.465495109558105
11.111326456069946
11.151036500930786
11.101860761642456
10.93775987625122
10.937187671661377
10.843409061431885
11.033220052719116
11.250266790390015
10.996814489364624
10.971955060958862
11.023452997207642
10.886935234069824
11.046131610870361
10.980695962905884
10.916985511779785
10.910696029663086
11.034088850021362
10.970858097076416
10.799813985824585
10.907146215438843
10.920970439910889
10.920290231704712
11.069597244262695
10.910919666290283
10.948671102523804
10.95862102508545
11.027141809463501
10.996653079986572
10.800330400466919
10.943126678466797
10.924960851669312
10.866325616836548
10.911697626113892
10.976580381393433
10.90507984161377
10.920353412628174
10.974227905273438
10.841163396835327
10.992316484451294
10.970128774642944
10.891998052597046
10.926251411437988
10.893978118896484
10.997547388076782
11.19819188117981
11.46721339225769
10.874027252197266
10.983002662658691
11.023664474487305
10.314842462539673
10.32347846031189
10.103516817092896
10.121649265289307
10.198163747787476
10.124419689178467
10.166033744812012
10.176336765289307
10.267402172088623
10.205033302307129
10.246203422546387
10.157182216644287
10.148742914199829
10.181694984436035
10.232005596160889
9.64507007598877
10.236366987228394
10.243381261825562
10.150205612182617
10.168174028396606
10.10616421699524
10.122279644012451
10.278671741485596
10.520874738693237
10.140512466430664
10.131064414978027
10.10670518875122
10.093690872192383
10.15806794166565
10.128204822540283
10.216447830200195
10.171290159225464
10.09725546836853
10.249212741851807
10.255502700805664
10.19921350479126
10.13737940788269
10.29287838935852
10.187766551971436
10.120468378067017
10.173933744430542
10.246168851852417
10.267019987106323
10.152178764343262
10.392540454864502
10.3855299949646
10.325321912765503
10.269582748413086
10.227696418762207
10.17992901802063
10.279815912246704
10.294612884521484
10.283950567245483
9.98357629776001
10.061851978302002
10.284175634384155
10.288525104522705
10.280885219573975
10.232835054397583
10.304037809371948
10.249498844146729
10.261154890060425
10.34863543510437
10.272846460342407
10.19389009475708
10.326419591903687
10.299695014953613
10.380853652954102
10.372195482254028
10.213513851165771
10.35423731803894
10.296961069107056
10.339015245437622
10.268922567367554
10.275352239608765
10.249175786972046
10.311974048614502
10.329098224639893
10.303934574127197
10.310034036636353
10.345051527023315
10.259324312210083
10.488136053085327
10.292905330657959
10.295878171920776
10.403456211090088
10.294299125671387
10.168653964996338
9.962123155593872
10.269140005111694
10.295615673065186
10.35395073890686
10.250580787658691
10.289276123046875
10.286837816238403
10.197070837020874
10.309832572937012
10.550994157791138
10.347338676452637
10.33345651626587
10.33498477935791
10.243177652359009
10.368631601333618
10.319499492645264
10.329739570617676
10.348682641983032
10.3046395778656
10.368596315383911
10.124449491500854
10.212729692459106
10.218199014663696
10.26296615600586
10.36857533454895
10.30655813217163
10.246685981750488
10.211464881896973
10.405822038650513
10.303473711013794
10.328319549560547
10.323452711105347
10.29484224319458
10.361828565597534
10.38167929649353
10.341686010360718
10.26264476776123
10.279492139816284
10.278943300247192
10.202993392944336
10.307859659194946
10.353330373764038
10.2874755859375
10.400870084762573
10.18287181854248
10.377306699752808
10.32229495048523
10.361646175384521
10.233633995056152
10.247668743133545
10.173731565475464
10.225158214569092
10.382825136184692
10.268534183502197
10.394936561584473
10.404724359512329
10.306801319122314
10.350290775299072
10.327261447906494
10.295031547546387
10.207115650177002
10.340954303741455
10.325408458709717
10.347386598587036
10.295722484588623
10.271642208099365
10.452839851379395
10.477344512939453
10.36482048034668
10.205496788024902
10.471184730529785
10.38252305984497
10.262158155441284
10.27085018157959
10.196199655532837
10.223673582077026
10.292651414871216
10.326296329498291
10.289707899093628
10.323471546173096
10.248159408569336
10.430800676345825
10.247595071792603
10.315935134887695
10.22375202178955
10.44231390953064
10.413830995559692
10.236093044281006
10.212268114089966
10.309376001358032
10.326404809951782
10.400900840759277
10.248860359191895
10.298006772994995
10.226179361343384
10.400431871414185
10.332673072814941
10.308229684829712
10.284039974212646
10.336602210998535
10.5373375415802
10.331257820129395
10.280478715896606
10.360515117645264
10.350538969039917
10.319612979888916
10.558018207550049
10.455061435699463
10.244261026382446
10.285134315490723
10.484145164489746
10.478296518325806
10.34955358505249
10.246703624725342
10.296652555465698
10.50946855545044
10.31971263885498
10.384907245635986
10.359741449356079
10.247276544570923
10.549743413925171
10.511679410934448
10.31518006324768
10.242685079574585
10.262909650802612
10.286376237869263
10.392041683197021
10.563579082489014
10.336531639099121
10.149757623672485
10.25524377822876
10.204019784927368
10.401453971862793
10.354711294174194
10.298014163970947
10.169147729873657
10.385420799255371
10.383937120437622
10.297406435012817
10.422086477279663
10.374783277511597
10.225106000900269
10.391445636749268
10.287510633468628
10.574108839035034
10.369187116622925
10.29712700843811
10.223196506500244
10.287543296813965
10.436270713806152
10.565774202346802
10.300748348236084
10.212520599365234
10.259439945220947
10.756382465362549
10.264314413070679
10.391416788101196
10.338563442230225
10.181190967559814
10.90972900390625
11.499775886535645
11.19956350326538
11.174145936965942
11.090619325637817
11.675808191299438
11.68177056312561
11.259640455245972
11.366135358810425
11.141738891601562
11.800078630447388
11.65647578239441
11.318621397018433
11.522032499313354
11.067283868789673
11.710097312927246
11.974041938781738
11.16533613204956
11.410579919815063
12.028040409088135
12.562276124954224
12.123591899871826
12.447994709014893
10.63495659828186
10.532949686050415
10.490694046020508
10.401005268096924
11.099923372268677
10.699577331542969
10.810508251190186
10.518290996551514
10.903695344924927
10.59061574935913
11.03257942199707
10.435980796813965
10.652747869491577
11.359722137451172
10.60222864151001
10.461405277252197
10.685250997543335
10.294928550720215
10.348380088806152
10.500425100326538
10.52338457107544
10.373570442199707
10.890883922576904
11.819989919662476
11.325946807861328
11.047255992889404
11.174110174179077
11.959626913070679
11.288865327835083
11.181762218475342
11.002309560775757
10.999779462814331
11.026427507400513
11.038098096847534
11.022507429122925
11.054944038391113
11.202129602432251
11.011485576629639
11.005706787109375
11.010592460632324
11.103155374526978
11.046955108642578
11.014772415161133
10.996721744537354
10.985631942749023
11.038844347000122
11.010182619094849
10.977790594100952
11.266924619674683
11.052157163619995
11.066809892654419
10.988034725189209
10.948755741119385
10.948231220245361
11.016454219818115
11.002694368362427
11.053502082824707
11.383722305297852
11.195047616958618
11.035889863967896
10.994525671005249
11.039382696151733
11.060790061950684
11.009176015853882
11.438836812973022
11.086678981781006
11.905481576919556
11.786662817001343
11.006359338760376
10.922330856323242
10.907855987548828
10.886664867401123
10.934300899505615
11.025400161743164
10.990986824035645
11.016603946685791
10.977843999862671
11.029677391052246
10.930638551712036
11.015300989151001
10.992125511169434
10.971831798553467
11.014713764190674
10.974820137023926
10.941593170166016
11.029384851455688
11.584233283996582
11.951979875564575
11.742457151412964
12.30952763557434
11.244123458862305
11.201608419418335
11.32626748085022
11.067003965377808
11.127471446990967
11.434827327728271
11.12422227859497
11.132296562194824
11.115020036697388
11.056907892227173
11.033615589141846
11.11447787284851
10.995071172714233
10.939024209976196
11.018266201019287
10.977741003036499
10.974180936813354
11.06515383720398
11.031773567199707
11.043986797332764
11.093140840530396
10.97335410118103
10.949527263641357
10.964852571487427
10.848169326782227
10.81367564201355
10.882655620574951
10.98356556892395
11.089483976364136
10.818370342254639
11.002673387527466
10.906630039215088
10.925260543823242
10.994843482971191
11.482774496078491
11.173299074172974
10.817396402359009
10.89070749282837
10.580894708633423
10.41700005531311
10.624709606170654
11.784744262695312
10.987444162368774
11.017407655715942
11.081336259841919
11.314478397369385
10.838817358016968
11.556514024734497
11.26205563545227
10.96950912475586
10.974880695343018
10.950249195098877
10.935391187667847
11.104187726974487
11.359272718429565
11.0176842212677
11.022164344787598
11.118971824645996
10.99883222579956
11.019393682479858
11.21811819076538
10.880329608917236
10.886357545852661
10.88411545753479
10.83545708656311
10.755074977874756
10.825948476791382
10.822131872177124
10.911463737487793
10.869132280349731
11.063270807266235
10.934077739715576
10.771888494491577
11.375189065933228
11.172417640686035
11.069523572921753
10.98078966140747
10.930853366851807
10.861427783966064
10.900055170059204
10.806467771530151
10.810000658035278
10.844594955444336
10.890133380889893
10.844595193862915
10.923028230667114
11.029929637908936
10.93422532081604
10.93617296218872
11.010451078414917
11.486188411712646
11.096766948699951
10.942338466644287
10.915275812149048
10.892964839935303
10.905752658843994
10.903217792510986
11.0215322971344
11.276136636734009
10.917160034179688
10.88787293434143
10.869216442108154
10.909317016601562
10.902651071548462
10.87682294845581
10.826717853546143
10.868180751800537
10.883782386779785
10.845418453216553
10.793548345565796
10.861347198486328
10.804595947265625
11.238356113433838
11.147906064987183
10.833484649658203
11.047033071517944
11.113365173339844
11.114375829696655
10.864177703857422
11.05221962928772
11.024155616760254
10.97108006477356
11.276953220367432
11.039204120635986
10.840691804885864
10.846002578735352
10.76342225074768
10.782755136489868
10.862506866455078
10.816263198852539
11.094046592712402
11.032258987426758
10.997788429260254
11.176178932189941
11.630754947662354
11.542499542236328
11.07505488395691
11.220566034317017
10.82403564453125
10.773787260055542
10.882788181304932
10.819071054458618
10.830585479736328
10.803230047225952
10.76665997505188
10.944531679153442
10.854638576507568
11.071523904800415
10.998008251190186
10.948837280273438
11.30950665473938
10.989222526550293
11.00747036933899
11.431705474853516
10.878193616867065
11.38591980934143
11.402416706085205
11.103397130966187
10.952071189880371
10.909923315048218
11.07652759552002
11.191478490829468
10.983285427093506
10.95177173614502
10.948346376419067
11.070629119873047
11.30024242401123
11.150756597518921
10.953098058700562
10.969934225082397
11.033122062683105
10.898179054260254
10.962242603302002
11.021391153335571
11.364842414855957
14.128957748413086
12.947020530700684
10.757683515548706
10.493404388427734
10.536096572875977
10.540080308914185
10.429859638214111
10.532820224761963
10.359410047531128
10.587650299072266
11.618852138519287
11.19827389717102
10.930254459381104
10.630234718322754
11.03007459640503
