Timing log for each step:
0.014013290405273438
5.302834749221802
5.329859256744385
5.894373416900635
5.41793966293335
5.753246784210205
5.628131151199341
5.2617974281311035
5.234772682189941
5.408931493759155
5.316846609115601
5.393917083740234
5.644146203994751
5.385909795761108
5.312844276428223
5.178723096847534
5.3538806438446045
5.4689860343933105
5.379904508590698
5.409932613372803
5.178722381591797
5.3158464431762695
5.400924205780029
5.33686637878418
5.442963123321533
5.260796308517456
5.428948402404785
5.307838439941406
5.377902984619141
5.271805286407471
5.326855659484863
5.200741529464722
5.248786449432373
5.2327721118927
5.3849098682403564
5.440960884094238
5.294827699661255
5.373899936676025
5.347876071929932
5.351879119873047
5.387912273406982
5.519031047821045
5.354882717132568
5.191733360290527
5.330859899520874
5.277812242507935
5.405928134918213
5.287821054458618
5.335865020751953
5.387910842895508
5.413935899734497
5.4069294929504395
5.236773490905762
5.404927015304565
5.401925802230835
5.434955358505249
5.542052745819092
5.382907390594482
5.346873760223389
5.391916751861572
5.455973148345947
5.486001491546631
5.565073251724243
5.26880407333374
5.441960573196411
5.4229419231414795
5.444964647293091
5.456974744796753
5.39491868019104
5.445965051651001
5.346872568130493
5.432953119277954
5.331860303878784
5.486001491546631
5.448965549468994
5.378903388977051
5.374900817871094
5.302834749221802
5.549060106277466
5.39691948890686
5.357884883880615
5.396920680999756
5.342869997024536
5.422945499420166
5.377902984619141
5.503015756607056
5.471987724304199
5.374899864196777
5.297828197479248
5.496009826660156
5.767258405685425
5.37289834022522
5.396920919418335
5.399919033050537
5.351877689361572
5.410932540893555
5.28181529045105
5.401925802230835
5.375900506973267
5.351879835128784
5.453972101211548
5.474991798400879
5.427948713302612
5.329858303070068
5.420941114425659
5.527037858963013
5.506019353866577
5.3578832149505615
5.39992356300354
5.451971054077148
5.3428709506988525
5.404927015304565
5.3208513259887695
5.423944473266602
5.341869115829468
5.287821292877197
5.478994369506836
5.418941020965576
5.41193151473999
5.42494535446167
5.352879285812378
5.444962501525879
5.488003730773926
5.423946142196655
5.455975770950317
5.3418707847595215
5.591097593307495
5.467985153198242
5.44596529006958
5.403926849365234
5.404927730560303
5.345875024795532
5.4579737186431885
5.403926372528076
5.3799049854278564
5.40792989730835
5.427947759628296
5.357885360717773
5.459977388381958
5.464982986450195
5.369894742965698
5.424946546554565
5.39491868019104
5.5010130405426025
5.470987558364868
5.340868711471558
5.494007110595703
5.393918037414551
5.5150275230407715
5.3899149894714355
5.438957452774048
5.306838274002075
5.502015113830566
5.4689857959747314
5.441961050033569
5.4369566440582275
5.372899770736694
5.355882883071899
5.513026714324951
5.364891052246094
5.427947759628296
5.378902435302734
5.437958478927612
5.478994607925415
5.531041383743286
5.499012470245361
5.484000205993652
5.3288586139678955
5.390915870666504
5.439958810806274
5.30884051322937
5.347875595092773
5.358886241912842
5.377902269363403
5.388912916183472
5.435956001281738
5.382907867431641
5.546056032180786
5.4159369468688965
5.438958406448364
5.535046100616455
5.3969197273254395
5.399923801422119
5.329859256744385
5.370896339416504
5.407930374145508
5.4419615268707275
5.4049248695373535
5.328859329223633
5.40692925453186
5.44996976852417
5.4529709815979
5.372897624969482
5.370896816253662
5.43195366859436
5.420942783355713
5.470985651016235
5.458975791931152
5.379905700683594
5.4349541664123535
5.362889289855957
5.36989688873291
5.392916440963745
5.438958644866943
5.343871831893921
5.483999490737915
5.438958644866943
5.422944068908691
5.3668928146362305
5.448968410491943
5.5630714893341064
5.488003492355347
5.436956882476807
5.376901388168335
5.379904270172119
5.500014066696167
5.401924133300781
5.321852207183838
5.437957286834717
5.394918441772461
5.388912916183472
5.343872785568237
5.510022878646851
5.292823791503906
5.415936708450317
5.333863019943237
5.316845893859863
5.376901149749756
5.422942638397217
5.302834749221802
5.431953191757202
5.351877689361572
5.4259467124938965
5.44396185874939
5.444963693618774
5.4429612159729
5.418941020965576
5.439959287643433
5.4329514503479
5.3198463916778564
5.401925802230835
5.492007732391357
5.431952476501465
5.508021354675293
5.42394495010376
5.3688952922821045
5.421943187713623
5.4119343757629395
5.388913154602051
6.114903926849365
5.612927675247192
