Timing log for each step:
0.017015933990478516
5.3351640701293945
5.284866094589233
5.123929023742676
5.334594488143921
5.181417942047119
5.208095550537109
5.193276405334473
5.3555614948272705
5.333433389663696
5.302233695983887
5.359684944152832
5.26559853553772
5.360361814498901
5.172780513763428
5.328522205352783
5.226790428161621
5.3179919719696045
5.321450471878052
5.196335554122925
5.223645448684692
5.286014556884766
5.260354042053223
5.303261041641235
5.285296678543091
5.421877145767212
5.449053049087524
5.34850001335144
5.359786510467529
5.336783170700073
5.4611639976501465
5.423988103866577
5.369927883148193
5.448036193847656
5.320404767990112
5.322020530700684
5.269535064697266
5.315982341766357
5.405063152313232
5.407358169555664
5.354814767837524
5.117154359817505
5.45847487449646
5.460018157958984
5.4032065868377686
5.380900859832764
5.316306829452515
5.2238569259643555
5.343884229660034
5.446199893951416
5.361720085144043
5.397746324539185
5.387259483337402
5.360917568206787
5.37308406829834
5.486292362213135
5.450521469116211
5.446264982223511
5.261947393417358
5.3523759841918945
5.415394306182861
5.3860695362091064
5.529051303863525
5.344127178192139
5.483638525009155
5.4311912059783936
5.417487859725952
5.4498162269592285
5.340237140655518
5.3494110107421875
5.4327147006988525
5.480764389038086
5.423472166061401
5.403263807296753
5.422942638397217
5.461015224456787
5.502110481262207
5.50632381439209
5.447696208953857
5.3684892654418945
5.536073684692383
5.422783136367798
5.445538759231567
5.269114971160889
5.425915956497192
5.40459418296814
5.464886426925659
5.427815675735474
5.359432935714722
5.566110849380493
5.466544151306152
5.420506715774536
5.413994789123535
5.3924641609191895
5.488507986068726
5.398772716522217
5.387153148651123
5.46346378326416
5.428863525390625
5.3752570152282715
5.532477378845215
5.2247889041900635
5.449773073196411
5.2991485595703125
5.416449785232544
5.535145282745361
5.4020020961761475
5.492005825042725
5.483585357666016
5.3759400844573975
5.310908794403076
5.4140050411224365
5.496610164642334
5.568116664886475
5.359961748123169
5.401844501495361
5.382765293121338
5.444892406463623
5.343071460723877
5.431821346282959
5.464904546737671
5.431177377700806
5.493527412414551
5.469247579574585
5.515630006790161
5.537972450256348
5.455757141113281
5.48247504234314
5.391094207763672
5.434276342391968
5.388787746429443
5.506715297698975
5.377368688583374
5.612550497055054
5.476527214050293
5.395395040512085
5.460962772369385
5.525161981582642
5.561190843582153
5.421914339065552
5.562957048416138
5.325391530990601
5.555210113525391
5.603616952896118
5.393417596817017
5.5102880001068115
5.496052503585815
5.510626316070557
5.351433515548706
5.515550136566162
5.527379989624023
5.418168783187866
5.429458141326904
5.495072841644287
5.479186773300171
5.447998523712158
5.4545042514801025
5.522494554519653
5.519618034362793
5.470533847808838
5.394667863845825
5.482316255569458
5.429437160491943
5.457041501998901
5.3253419399261475
5.462023973464966
5.434875011444092
5.378950357437134
5.430807113647461
5.506316900253296
5.47455358505249
5.452543497085571
5.508572101593018
5.508483409881592
5.480048656463623
5.4085471630096436
5.5316002368927
5.401079893112183
5.561498165130615
5.522713661193848
5.521999359130859
5.457211971282959
5.5712974071502686
5.460306167602539
5.483470678329468
5.5013978481292725
5.374820709228516
5.499091625213623
5.470571994781494
5.55371618270874
5.628257513046265
5.425494194030762
5.447680234909058
5.396827459335327
5.523648500442505
5.556102991104126
5.533357620239258
5.4912309646606445
5.4375762939453125
5.459834337234497
5.519670724868774
5.427208662033081
5.418586015701294
5.4121363162994385
5.3878257274627686
5.479489803314209
5.601595163345337
5.371044397354126
5.446900844573975
5.295648097991943
5.459882497787476
5.509772300720215
5.483243703842163
5.456141233444214
5.572453498840332
5.486100912094116
5.496646881103516
5.513996601104736
5.4606239795684814
5.374985933303833
5.465776681900024
5.553431510925293
5.3888397216796875
5.4020936489105225
5.543282985687256
5.387376308441162
5.50089168548584
5.497058153152466
5.41040563583374
5.45442008972168
5.521072149276733
5.490828037261963
5.556039810180664
5.27881932258606
5.513071775436401
5.4023401737213135
5.292186737060547
5.394551515579224
5.4271345138549805
5.444039344787598
5.4168782234191895
5.548063516616821
5.453926086425781
5.525007247924805
5.337107419967651
5.5175392627716064
5.290701389312744
5.598167657852173
5.494964361190796
5.44190239906311
5.302919626235962
5.404590606689453
5.535517454147339
5.394090890884399
5.4362688064575195
5.589543104171753
5.428517580032349
5.396540880203247
5.339470624923706
5.442511558532715
5.462406396865845
5.489574909210205
5.567593574523926
5.522089719772339
5.54249119758606
5.493092775344849
5.482549428939819
5.452942132949829
5.43260645866394
5.511566877365112
5.366175413131714
5.439754486083984
5.451459169387817
5.384173393249512
5.495546579360962
5.48596715927124
5.467173337936401
5.371237754821777
5.511239767074585
5.452543258666992
5.540459394454956
5.448307037353516
5.4703333377838135
5.415194749832153
5.517590045928955
5.464475870132446
5.438338994979858
5.456465005874634
5.394779682159424
5.433424472808838
5.5285727977752686
5.490079402923584
5.445277214050293
5.396215438842773
5.485556364059448
5.34623646736145
5.513964891433716
5.421018600463867
5.450244903564453
5.263317346572876
5.433307647705078
5.480414152145386
5.368314266204834
5.43862247467041
5.385615348815918
5.261668682098389
5.404351472854614
5.3722243309021
5.380676031112671
5.2779364585876465
5.327877759933472
5.347944974899292
5.440873384475708
5.503584623336792
5.431432008743286
5.43811297416687
5.505042791366577
5.3679304122924805
5.384298324584961
5.499474287033081
5.358296632766724
5.276991844177246
5.784772872924805
5.471396207809448
5.438046932220459
5.639399528503418
5.446192264556885
5.35095739364624
5.421966314315796
5.460908651351929
5.351250171661377
5.503157138824463
5.440521478652954
5.48788595199585
5.376108646392822
5.397829532623291
5.62917160987854
5.469489097595215
5.366149663925171
5.433435678482056
5.431842803955078
5.396198987960815
5.53399133682251
5.514110803604126
5.3516364097595215
5.556079387664795
5.440494537353516
5.436664581298828
5.459781169891357
5.6330296993255615
5.674332141876221
5.553610563278198
5.541507720947266
5.560148239135742
5.555816173553467
5.400720834732056
5.4845359325408936
5.378176212310791
5.499058723449707
5.480917692184448
5.488537549972534
5.5091023445129395
5.4017653465271
5.448906898498535
5.674318790435791
5.392359972000122
5.5170814990997314
5.477236270904541
5.66791558265686
5.601200819015503
5.475475788116455
5.408468723297119
5.323197603225708
5.484774112701416
5.340394020080566
5.4343178272247314
5.4785966873168945
5.410472869873047
5.487101793289185
5.473039627075195
5.53131365776062
5.43228554725647
5.474356174468994
5.464365005493164
5.54804801940918
5.45051121711731
5.639358282089233
5.475332021713257
5.6064369678497314
5.437933683395386
5.4187095165252686
5.305768966674805
5.391928434371948
5.513967275619507
5.4568846225738525
5.540258169174194
5.508039712905884
5.369577169418335
5.486024856567383
5.506084680557251
5.575625896453857
5.312323331832886
5.327397108078003
5.45986270904541
5.39519739151001
5.490001916885376
5.356900215148926
5.391155242919922
5.421419382095337
5.580691814422607
5.492038249969482
5.521704435348511
5.502025842666626
5.4335596561431885
5.498113632202148
5.550271034240723
5.451419353485107
5.467278480529785
5.397987127304077
5.5861170291900635
5.521213054656982
5.519695997238159
5.541556358337402
5.392426013946533
5.500539302825928
5.468233823776245
5.437193155288696
5.413973331451416
5.371019601821899
5.4062628746032715
5.391530275344849
5.332385540008545
5.475296497344971
5.478105783462524
5.441157817840576
5.496803045272827
5.52825665473938
5.43017053604126
5.479169130325317
5.53407621383667
5.577359437942505
5.730868101119995
5.470123052597046
5.540738582611084
5.56046199798584
5.871694803237915
5.751569509506226
5.489343643188477
5.563134670257568
5.536391019821167
5.437582731246948
5.410388708114624
5.5491414070129395
5.508310794830322
5.455370664596558
5.439977169036865
5.72627067565918
5.504893064498901
5.560320854187012
5.665403604507446
5.512699365615845
5.409672021865845
5.34050989151001
5.4755659103393555
5.402107000350952
5.408160448074341
5.52298378944397
5.414513826370239
5.576106309890747
5.375898599624634
5.530088901519775
5.452400207519531
5.3920814990997314
5.466743469238281
5.414094924926758
5.600690126419067
5.641321897506714
5.646405220031738
5.335330247879028
5.520484447479248
5.563021183013916
5.6767418384552
5.483891248703003
5.311065196990967
5.491560459136963
5.422943830490112
5.5245020389556885
5.323832035064697
5.4440741539001465
5.526135683059692
5.382376670837402
5.512955188751221
5.703209638595581
5.517601013183594
5.499982833862305
5.463590383529663
5.394241094589233
5.40202522277832
5.491540908813477
5.470542907714844
5.43733024597168
5.486666679382324
5.39859414100647
5.539592266082764
5.476576089859009
5.453444242477417
5.519052743911743
5.438052177429199
5.552227735519409
5.412490129470825
5.5562584400177
5.571605920791626
5.576582193374634
5.487958908081055
5.421346187591553
5.489463806152344
5.443447828292847
5.30384373664856
5.50629734992981
5.489721059799194
5.36578369140625
5.361311674118042
5.525295972824097
5.493297100067139
5.486483097076416
5.515455722808838
5.478808164596558
5.3958518505096436
5.5200417041778564
5.414698839187622
5.631637096405029
5.6951446533203125
5.613590955734253
5.552095890045166
5.477316617965698
5.4039576053619385
5.509285926818848
5.553816795349121
5.549358606338501
5.57042384147644
5.4703145027160645
5.401545524597168
5.584245443344116
5.429934501647949
5.458961486816406
5.558490991592407
5.679068565368652
5.354553461074829
5.454584121704102
5.502532243728638
5.726141691207886
5.354352712631226
5.484091758728027
5.395036458969116
5.472825288772583
5.558518648147583
5.702645540237427
5.469190835952759
5.512044668197632
5.530421257019043
5.600672960281372
5.46582555770874
5.355259418487549
5.6817286014556885
5.5307018756866455
5.7120208740234375
5.769409418106079
5.5603742599487305
5.449700355529785
5.403449296951294
5.419379472732544
5.676206827163696
5.440962314605713
5.427393436431885
5.630088806152344
5.453087091445923
5.485406875610352
5.47992467880249
5.735382795333862
5.632506370544434
5.4154133796691895
5.690197706222534
5.796293258666992
5.519040107727051
5.555073261260986
5.443971633911133
5.5290491580963135
5.51503586769104
5.4049365520477295
5.70020604133606
5.687193393707275
5.433963775634766
5.509031295776367
5.523043394088745
5.673181772232056
5.576091527938843
5.2708141803741455
5.413944721221924
5.57008695602417
5.801297664642334
5.304842948913574
5.343881130218506
5.380913972854614
5.670178174972534
5.741242408752441
5.556074380874634
5.401933908462524
5.373906850814819
5.6741814613342285
5.690196514129639
5.594109296798706
5.4950172901153564
5.431960582733154
5.544063329696655
5.536056041717529
5.177728176116943
5.446974277496338
5.409940242767334
5.7342369556427
5.4159462451934814
5.807303428649902
5.641151428222656
5.461987495422363
5.301841735839844
5.8863749504089355
5.4750001430511475
5.448976039886475
5.851343393325806
5.733224630355835
5.468993663787842
5.505026817321777
5.795292377471924
5.752253532409668
5.720223426818848
5.303843259811401
5.393926382064819
5.7672669887542725
5.669178247451782
5.883372783660889
5.644154071807861
5.515033483505249
5.543063163757324
5.580095529556274
5.6271398067474365
5.573090553283691
5.530049800872803
5.487010717391968
5.706210613250732
5.596111059188843
5.640142202377319
5.42895770072937
5.441970348358154
5.242787599563599
5.280822515487671
5.172724485397339
5.477000951766968
5.500022888183594
5.193742990493774
5.419949054718018
5.253796577453613
5.190740346908569
5.391923666000366
5.260804653167725
6.29675030708313
5.328866004943848
5.362895965576172
5.298837661743164
5.360706329345703
5.273815870285034
5.172081708908081
5.290830850601196
5.199749231338501
5.3709001541137695
5.615123987197876
5.161705493927002
5.3650195598602295
5.279815912246704
5.359888076782227
5.249789237976074
5.24378514289856
5.262804269790649
5.322857141494751
5.201746463775635
5.356888771057129
5.3278608322143555
5.316849708557129
5.291828632354736
5.3278608322143555
5.39091944694519
5.402930736541748
5.3839991092681885
5.377906560897827
5.384915113449097
5.375906705856323
5.387916564941406
5.316851377487183
5.270810842514038
5.318854808807373
5.366898536682129
5.329861879348755
5.439964532852173
5.404932498931885
5.263802766799927
5.257796287536621
5.278125524520874
5.340873956680298
5.1857311725616455
5.169717788696289
5.092646598815918
5.105658531188965
5.242783784866333
5.47299337387085
5.318852663040161
5.27681565284729
5.3879172801971436
5.242785215377808
5.329863786697388
5.328860759735107
5.227771520614624
5.162712097167969
5.319854974746704
5.303839921951294
5.262801170349121
5.2047505378723145
5.221764087677002
5.152701139450073
5.052609920501709
5.337429761886597
5.285457611083984
5.220763921737671
5.13468599319458
5.365896463394165
5.228770971298218
5.147695779800415
5.099652528762817
5.31384801864624
5.156705617904663
5.099653005599976
5.2808167934417725
5.32986307144165
5.135687589645386
5.170717239379883
5.336868762969971
5.315850019454956
5.675179481506348
5.534049034118652
5.361891746520996
5.567080974578857
5.397926092147827
5.462985515594482
5.526043891906738
5.3558876514434814
5.55607008934021
5.591101884841919
5.492011547088623
5.509028434753418
5.39091944694519
5.557072401046753
5.453975439071655
5.439964056015015
5.360892057418823
5.533048391342163
5.535051584243774
5.502020597457886
5.546061992645264
5.473994016647339
5.493013381958008
5.565077781677246
5.691192865371704
5.501019716262817
5.57809042930603
5.4499735832214355
5.473995208740234
5.462986469268799
5.5200371742248535
5.527044057846069
5.411937952041626
5.482001543045044
5.578089237213135
5.398926734924316
5.422948360443115
5.587096452713013
5.481000661849976
5.39192008972168
5.513031482696533
5.562077522277832
5.410937547683716
5.543054580688477
5.545058965682983
5.533048152923584
5.477997541427612
5.4139404296875
5.448971748352051
5.459982395172119
5.561074733734131
5.4840052127838135
5.509024381637573
5.5360517501831055
5.536050796508789
5.620128154754639
5.358890771865845
5.580092191696167
5.48500657081604
5.4029295444488525
5.553067445755005
5.4349586963653564
5.5290446281433105
5.592100620269775
5.50902795791626
5.536052227020264
5.4689905643463135
5.5000200271606445
5.659164667129517
5.432956695556641
5.557070732116699
5.519036531448364
5.560074329376221
5.45397686958313
5.383913278579712
5.498017311096191
5.381912469863892
5.513030529022217
5.439963340759277
5.466988801956177
5.40793514251709
5.407935380935669
5.501019239425659
5.609119653701782
5.405933618545532
5.413939952850342
5.45697808265686
5.429955005645752
5.410937070846558
5.340874195098877
5.353883743286133
5.496013164520264
5.547060251235962
5.512027740478516
6.249701023101807
5.673175096511841
5.516031980514526
5.531042575836182
5.377906560897827
5.5760862827301025
5.438961505889893
5.416942119598389
5.3308634757995605
5.279816389083862
5.4349586963653564
5.501018047332764
5.529045343399048
5.5090250968933105
5.318853139877319
5.606112957000732
5.489007472991943
5.432955980300903
5.489007234573364
5.437961578369141
5.554067134857178
5.40693211555481
5.464985609054565
5.394920825958252
5.422945976257324
5.438961744308472
5.464985370635986
5.45097279548645
5.4239490032196045
5.528043031692505
5.451974391937256
5.4800004959106445
5.494012117385864
5.354885101318359
5.530044078826904
5.499014854431152
5.45397686958313
5.3969221115112305
5.57108211517334
5.528043746948242
5.5510640144348145
5.4980151653289795
5.547060489654541
5.4149391651153564
5.3769049644470215
5.475996017456055
5.47599458694458
5.36189079284668
5.555067777633667
5.5240395069122314
5.4890077114105225
5.391917943954468
5.335867881774902
5.5710835456848145
5.544057130813599
5.5240397453308105
5.545059680938721
5.491012096405029
5.366896152496338
5.4659857749938965
5.386914253234863
5.516032457351685
5.443965673446655
5.59410285949707
5.5590715408325195
5.4920103549957275
5.265803813934326
5.5100257396698
5.453975677490234
5.539053440093994
5.43495774269104
5.4299538135528564
5.538053035736084
5.546058893203735
5.531045913696289
5.49200963973999
5.490008115768433
5.4349586963653564
5.518034219741821
5.454977512359619
5.443966627120972
5.343877077102661
5.374903917312622
5.431955337524414
5.447969436645508
5.57708740234375
5.418942213058472
5.3478779792785645
5.445967197418213
5.4329564571380615
5.487005233764648
5.322856187820435
5.358888387680054
5.4119367599487305
5.51403021812439
5.463984966278076
5.5260398387908936
5.477997541427612
5.568077802658081
5.404930353164673
5.568078279495239
5.473993539810181
5.336868047714233
5.45797872543335
5.4679882526397705
5.397925138473511
5.419945240020752
5.3729023933410645
5.396923780441284
5.437962532043457
5.389917612075806
5.39992618560791
5.385915040969849
5.540053606033325
5.550062417984009
5.487004995346069
5.4789979457855225
5.531047105789185
5.605114936828613
5.432954788208008
5.4329564571380615
5.546059846878052
5.471991539001465
5.501019716262817
5.623130559921265
5.632138013839722
5.547059535980225
5.552066326141357
5.532046556472778
5.503020763397217
5.462982654571533
5.348879337310791
5.434958219528198
5.491008996963501
5.351882457733154
5.497015714645386
5.436959981918335
5.4329564571380615
5.436960220336914
5.507023096084595
5.397922992706299
5.460981845855713
5.555066823959351
5.440964460372925
5.4009270668029785
5.48400354385376
5.436957597732544
5.431955337524414
5.56708025932312
5.480999708175659
5.493010759353638
5.369899034500122
5.4229466915130615
5.432955741882324
5.33786940574646
5.477998495101929
5.496014595031738
5.49100923538208
5.483001232147217
5.403928518295288
5.5360493659973145
5.405930042266846
5.491008043289185
5.3959197998046875
5.508023262023926
5.404930353164673
5.54105281829834
5.478996276855469
5.45197319984436
5.448969125747681
5.527041435241699
5.459980010986328
5.471989870071411
5.447967052459717
5.515030145645142
5.487004041671753
5.477996349334717
5.488003492355347
5.403928279876709
5.511025905609131
5.469988107681274
5.529039621353149
5.427950620651245
5.496012449264526
5.3618903160095215
5.4900078773498535
5.494009971618652
5.442964792251587
5.4519734382629395
5.503019094467163
5.420944929122925
5.406931161880493
5.287822723388672
5.410934925079346
5.4890055656433105
5.528041362762451
5.39191746711731
5.403928279876709
5.4179394245147705
5.507022857666016
5.48900580406189
5.37790584564209
5.519033193588257
5.549060344696045
5.359888315200806
5.425948858261108
5.506021738052368
5.443965196609497
5.487003326416016
5.364891052246094
5.397921562194824
5.506019830703735
5.3859124183654785
5.488003492355347
5.455976486206055
5.47098970413208
5.442963361740112
5.617122411727905
5.335867404937744
5.532044887542725
5.4219443798065186
5.369897127151489
5.35488486289978
5.260798692703247
5.380906105041504
5.475993871688843
5.391917705535889
5.317850112915039
5.406930685043335
5.416939735412598
5.3859124183654785
5.446966648101807
5.351881504058838
5.33586573600769
5.493008852005005
5.417941093444824
5.553065538406372
5.476995468139648
5.518032073974609
5.309842824935913
5.440962314605713
5.429953098297119
5.495011329650879
5.369898557662964
5.543055057525635
5.453974485397339
5.538049221038818
5.4749932289123535
5.454974174499512
5.494009971618652
5.4609785079956055
5.440961122512817
5.46998929977417
5.448968172073364
5.518033266067505
5.521035194396973
5.424946546554565
5.43595814704895
5.442964315414429
5.428951263427734
5.529041290283203
5.388914346694946
5.4649834632873535
5.4719908237457275
5.489006519317627
5.440962076187134
5.333864688873291
5.376903533935547
5.310842752456665
5.4369590282440186
5.360889673233032
6.017488241195679
5.5030198097229
5.603110074996948
5.722219705581665
5.520034074783325
5.456977605819702
5.540053367614746
5.457977294921875
5.492009162902832
5.444966077804565
5.326857805252075
5.39391827583313
5.435957908630371
5.424948215484619
5.489003896713257
5.593101263046265
5.38491153717041
5.37089729309082
5.529042720794678
5.484001874923706
5.437960386276245
5.408933639526367
5.477995157241821
5.41493821144104
5.47499418258667
5.376903057098389
5.466985702514648
5.483999967575073
5.4479687213897705
5.4319539070129395
5.447967767715454
5.442964553833008
5.525038957595825
5.447968482971191
5.47699499130249
5.501018047332764
5.377903461456299
5.5040199756622314
5.433956861495972
5.2958314418792725
5.481999397277832
5.504019021987915
5.4930100440979
5.438961029052734
5.504020690917969
5.48700475692749
5.495010614395142
5.342872381210327
5.454975843429565
5.384912014007568
5.5000159740448
5.3528783321380615
5.395920515060425
5.416939973831177
5.40792989730835
5.380906343460083
5.433954477310181
5.4779956340789795
5.536048173904419
5.467986822128296
5.540051698684692
5.440962076187134
5.383908987045288
5.479997396469116
5.466983795166016
5.539048194885254
5.426950216293335
5.4299516677856445
5.50201678276062
5.481997728347778
5.347876310348511
5.478996276855469
5.5270397663116455
5.384909629821777
5.4729905128479
5.514025926589966
5.3498780727386475
5.499014377593994
5.4269490242004395
5.361889123916626
5.490005731582642
5.321853399276733
5.320852279663086
5.4669859409332275
5.460978269577026
5.391916513442993
5.461981534957886
5.486001253128052
5.455972909927368
5.49300742149353
5.325857162475586
5.5360472202301025
5.437959671020508
5.414937973022461
5.466984272003174
5.4950110912323
5.425945043563843
5.437955856323242
5.431952953338623
5.499014139175415
5.458977460861206
5.376902341842651
5.537049293518066
5.4219443798065186
5.346874713897705
5.361888647079468
5.4850006103515625
5.4599785804748535
5.499014139175415
5.449967622756958
5.490006446838379
5.404927968978882
5.460977792739868
5.42694878578186
5.495010852813721
5.405929803848267
5.500014543533325
5.473991394042969
5.4479687213897705
5.499013423919678
5.415937423706055
5.54705810546875
5.428950309753418
5.5370495319366455
5.460979461669922
5.4039247035980225
5.452972173690796
5.478994846343994
5.492008447647095
5.291825294494629
5.487000465393066
5.430951356887817
5.472990274429321
5.532044410705566
5.545056581497192
5.30183482170105
5.391916751861572
5.464982986450195
5.460979700088501
5.413937568664551
5.410932302474976
5.43895959854126
5.4599785804748535
5.428949594497681
5.424946546554565
5.553063631057739
5.45597505569458
5.450971603393555
5.427950620651245
5.440961837768555
5.395919322967529
5.482998847961426
5.411932945251465
5.394920349121094
5.360888957977295
5.442963361740112
5.441962242126465
5.435956001281738
5.343872308731079
5.451971530914307
5.345873832702637
5.3338634967803955
5.458976745605469
5.470989227294922
5.398921966552734
5.357884168624878
5.50602126121521
5.4239466190338135
5.370897054672241
5.38991379737854
5.510024309158325
5.470987796783447
5.469987630844116
5.457976341247559
5.462981224060059
5.488004446029663
5.379904508590698
5.428950071334839
5.401926279067993
5.392913341522217
5.431952238082886
5.490004301071167
5.369896173477173
5.356884479522705
5.382909297943115
5.49100661277771
5.492008686065674
5.499013662338257
5.412933349609375
5.43395471572876
5.533045053482056
5.513026237487793
5.48800253868103
5.442962884902954
5.3959197998046875
5.408931732177734
5.458977460861206
5.4459638595581055
5.474991321563721
5.370896816253662
5.565073013305664
5.3648927211761475
5.35988712310791
5.460980176925659
5.492007732391357
5.420939683914185
5.329860210418701
5.408932209014893
5.442962408065796
5.28882360458374
5.424948215484619
5.318849802017212
5.483997344970703
5.512026309967041
5.468984127044678
5.471989393234253
5.506021499633789
5.478994369506836
5.406927824020386
5.8753509521484375
5.3738977909088135
5.476993560791016
5.590096712112427
5.4850006103515625
5.504018068313599
5.508020877838135
5.5080201625823975
5.483999013900757
5.487002849578857
5.519031524658203
5.5190324783325195
5.559068918228149
5.529040813446045
5.434953689575195
5.421941518783569
5.3698952198028564
5.481997489929199
5.618120193481445
5.499011754989624
5.442962884902954
5.39792013168335
5.524036169052124
5.291823148727417
5.335864305496216
5.51502799987793
5.540047645568848
5.480996131896973
5.4529709815979
5.509022235870361
5.435954570770264
5.372898817062378
5.400924205780029
5.402924537658691
5.50902247428894
5.444962978363037
5.4069294929504395
5.461978435516357
5.52003288269043
5.40893030166626
5.310841083526611
5.341869115829468
5.471987724304199
5.4469664096832275
5.588093042373657
5.7472381591796875
5.484000205993652
5.398921251296997
5.4289491176605225
5.592097282409668
5.42995023727417
5.4069297313690186
5.441959857940674
5.472988843917847
5.467985153198242
5.478995084762573
5.517029762268066
5.4839982986450195
5.438957691192627
5.511024236679077
5.435953378677368
5.374899625778198
5.482998371124268
5.574081659317017
5.495006561279297
5.58309006690979
5.54705548286438
5.45697546005249
5.415937423706055
5.359886169433594
5.507020711898804
5.5440545082092285
5.414936304092407
5.452971696853638
5.432951927185059
5.382907390594482
5.506018161773682
5.4880030155181885
5.3969197273254395
5.419940710067749
5.486000299453735
5.41693902015686
5.426947593688965
5.572080135345459
5.425947189331055
5.3378660678863525
5.413936376571655
5.495008945465088
5.513025522232056
5.358884811401367
5.410932540893555
5.507020473480225
5.5050177574157715
5.5180299282073975
5.5030176639556885
5.434954404830933
5.528038501739502
5.5320422649383545
5.4779932498931885
5.34386944770813
5.381906032562256
5.361888647079468
5.535043954849243
5.399922132492065
5.461978435516357
5.425946235656738
5.443963050842285
5.561069011688232
5.430948495864868
5.488003253936768
5.475992202758789
5.401923418045044
5.477992296218872
5.486001968383789
5.495008945465088
5.42094087600708
5.41193413734436
5.321851968765259
5.308838844299316
5.372896432876587
5.433953762054443
5.477992534637451
5.440960645675659
5.518030643463135
5.362890243530273
5.477992296218872
5.5200324058532715
5.599102973937988
5.375900745391846
5.495009422302246
5.448968172073364
5.4219419956207275
5.482998847961426
5.454972982406616
5.4069273471832275
5.471989393234253
5.457975625991821
5.3718955516815186
5.57308030128479
5.490005016326904
5.443963050842285
5.389914035797119
5.55005955696106
5.40292501449585
5.369895935058594
5.781269788742065
5.632133722305298
5.568075656890869
5.45397162437439
5.49500846862793
5.502015829086304
5.36789345741272
5.387909889221191
5.4329514503479
5.484999179840088
5.478995323181152
5.330859422683716
5.298827886581421
5.429950714111328
5.437958478927612
5.479994773864746
5.357884645462036
5.3298585414886475
5.4279398918151855
5.5530619621276855
5.539048671722412
5.416938066482544
5.401923179626465
5.381907224655151
5.488001585006714
5.455973386764526
5.448967456817627
5.5070202350616455
5.427947521209717
5.3688929080963135
5.4409565925598145
5.494007587432861
5.5070202350616455
5.343870401382446
5.459976673126221
5.578084230422974
5.384909152984619
5.382906198501587
5.452970504760742
5.454972267150879
5.458975791931152
5.569074630737305
5.509022235870361
5.593096733093262
5.609112739562988
5.407930374145508
5.477993726730347
5.496010780334473
5.443962097167969
5.475991249084473
5.565073490142822
5.473989248275757
5.41994047164917
5.41493558883667
5.337865829467773
5.4519689083099365
5.378904342651367
5.486000299453735
5.446964740753174
5.49300742149353
5.52703857421875
5.536040782928467
5.401921987533569
5.537046194076538
5.526037693023682
5.352877855300903
5.368895530700684
5.524035692214966
5.392915964126587
5.472987651824951
5.44396185874939
5.490004301071167
5.51102352142334
5.43895697593689
5.449968099594116
5.409930944442749
5.454971790313721
5.560067653656006
5.522033214569092
5.5690765380859375
5.451970815658569
5.458976745605469
5.504189968109131
