Timing log for each step:
0.010011911392211914
10.459985494613647
10.184988737106323
10.222039222717285
10.306107759475708
10.288132905960083
10.159821271896362
10.24284029006958
10.202136278152466
10.23979926109314
10.31435227394104
10.339565992355347
10.219234466552734
10.244507551193237
10.454854011535645
10.356735944747925
10.35921859741211
10.22472071647644
10.241685390472412
10.425434827804565
10.30581521987915
10.31135892868042
10.310551643371582
10.36973261833191
10.210358619689941
10.20688533782959
10.218315839767456
10.23840618133545
10.414945125579834
10.315070629119873
10.329205989837646
10.423539400100708
10.296021461486816
10.485219955444336
10.2897207736969
10.252267599105835
10.303264617919922
10.417502164840698
10.333926439285278
10.402945280075073
10.335551261901855
10.351535081863403
9.726990938186646
10.431622743606567
9.58499789237976
10.01416540145874
10.146951913833618
10.038706064224243
10.058459043502808
9.993128538131714
9.964110374450684
10.03984260559082
10.071230173110962
10.220231771469116
10.109797477722168
10.2384033203125
10.323379755020142
10.029005527496338
10.22130799293518
10.286055326461792
10.1554856300354
10.15063762664795
10.17057490348816
10.111172676086426
10.297529935836792
10.1986563205719
10.209529638290405
10.087090969085693
10.234636068344116
10.144553422927856
10.24029541015625
10.038429975509644
10.053379535675049
10.193892478942871
10.243586301803589
10.045038223266602
10.150049924850464
10.145081520080566
10.105199098587036
10.220679998397827
10.183489561080933
10.126868963241577
10.21112322807312
10.216107606887817
10.215437889099121
10.209594964981079
10.19935941696167
10.032586336135864
10.167612791061401
10.17007851600647
10.110717296600342
10.108644723892212
10.041061639785767
10.106534481048584
10.212790489196777
10.047528743743896
10.27851390838623
10.188998460769653
10.291852712631226
10.121384143829346
10.148527383804321
10.3040292263031
9.757944107055664
9.648721933364868
9.81752061843872
9.747242450714111
9.767431020736694
9.696524143218994
9.951999425888062
9.814806699752808
9.880119800567627
9.949177503585815
9.917277812957764
9.768675565719604
9.809883117675781
9.782261610031128
9.914829015731812
10.046614170074463
10.15201735496521
10.302802801132202
10.073822736740112
10.07059621810913
10.156180143356323
10.25303339958191
10.175053834915161
10.211270332336426
10.052872896194458
10.271486282348633
10.212839126586914
10.203746318817139
10.29184603691101
10.178101778030396
10.379117488861084
10.1619553565979
10.212296724319458
10.16883373260498
10.13218641281128
10.259220600128174
10.220640182495117
10.177319526672363
10.124045372009277
10.344992399215698
10.306881189346313
10.139827251434326
10.145299911499023
10.11237359046936
10.262825012207031
10.236669778823853
10.193379878997803
10.319005012512207
10.285412073135376
10.297282218933105
10.276890754699707
10.358223676681519
10.254546403884888
10.246718168258667
10.264989376068115
10.34896731376648
10.314451456069946
10.28192663192749
10.311066627502441
10.320509672164917
10.41850733757019
10.476989030838013
10.26404619216919
10.361120462417603
10.300934314727783
10.369170427322388
10.250820636749268
10.311682224273682
10.29094386100769
10.402674913406372
10.289216995239258
10.38926911354065
10.359773874282837
10.336041688919067
10.444035768508911
10.198160171508789
10.314460515975952
10.449959516525269
10.375083923339844
10.507242679595947
10.445125579833984
10.37074089050293
10.297924280166626
10.52808403968811
10.543754577636719
10.394429445266724
10.250366926193237
10.360711097717285
10.339807748794556
10.495912313461304
10.499350309371948
10.342437505722046
10.51259160041809
10.257910013198853
10.284252882003784
10.467497825622559
10.469784021377563
10.438352823257446
10.327128887176514
10.242027044296265
10.449508905410767
10.380196571350098
10.446194410324097
10.182808876037598
10.414043664932251
10.475098848342896
10.476136207580566
10.319396495819092
10.532793521881104
10.495523691177368
10.400128841400146
10.166954040527344
10.32243299484253
10.472901821136475
10.578387022018433
10.524327278137207
10.442855596542358
10.523593664169312
10.455360174179077
10.314800500869751
10.416136741638184
10.457000494003296
10.486516952514648
10.478420972824097
10.406171560287476
10.523777723312378
10.472332000732422
10.199564456939697
10.267001867294312
10.398697137832642
10.345093250274658
10.271657466888428
10.293949604034424
10.33511471748352
10.365616798400879
10.26952862739563
10.47182297706604
10.748156309127808
10.237822532653809
10.408937692642212
10.482423543930054
10.345362186431885
10.354295253753662
10.30745005607605
10.54042911529541
10.415122747421265
10.415759563446045
10.216389179229736
10.256643772125244
10.219377517700195
10.438954591751099
10.364487886428833
10.361635446548462
10.441730737686157
10.390393018722534
10.482346773147583
10.478401184082031
10.410418510437012
10.308034658432007
10.251731634140015
10.29592251777649
10.502011775970459
10.37143087387085
10.356476545333862
10.496172666549683
10.394848823547363
10.47651195526123
10.396881341934204
9.544170618057251
