Timing log for each step:
0.021018266677856445
5.363004922866821
5.358945846557617
5.223155498504639
5.221873998641968
5.2888898849487305
5.246177673339844
5.265002012252808
5.162311553955078
5.284485578536987
5.188938856124878
5.285338878631592
5.267251253128052
5.380446672439575
5.3261399269104
5.095205545425415
5.214229345321655
5.207396507263184
5.2964160442352295
5.176215410232544
5.172838449478149
5.176609039306641
5.133196115493774
5.263085603713989
5.262720108032227
5.204863786697388
5.171785593032837
5.218900918960571
5.171808481216431
5.286850929260254
5.3000171184539795
5.201342821121216
5.258548259735107
5.275993347167969
5.2800867557525635
5.207253456115723
5.1336143016815186
5.239736795425415
5.2770819664001465
5.134989976882935
5.250042915344238
5.383307218551636
5.19233512878418
5.372166633605957
5.273128032684326
5.012510299682617
5.321592807769775
5.183588266372681
5.2812628746032715
5.196792364120483
5.286462783813477
5.270343780517578
5.277348041534424
5.268418788909912
5.247857570648193
5.32496452331543
5.296466112136841
5.276142120361328
5.230855464935303
5.20966100692749
5.231371641159058
5.255370616912842
5.365069389343262
5.295472621917725
5.1683924198150635
5.319976806640625
5.248320579528809
5.357793092727661
5.178579330444336
5.1661601066589355
5.335215091705322
5.314449310302734
5.33732795715332
5.247822284698486
5.17125391960144
5.254523038864136
5.2961273193359375
5.25978946685791
5.300444602966309
5.331443786621094
5.213569402694702
5.290931940078735
5.26953387260437
5.305041074752808
5.288851261138916
5.250319957733154
5.2797205448150635
5.326409101486206
5.3229265213012695
5.220285415649414
5.343426704406738
5.1847522258758545
5.27031683921814
5.314005136489868
5.315387010574341
5.264310121536255
5.253329038619995
5.234536409378052
5.231426000595093
5.294870376586914
5.304715156555176
5.199237823486328
5.193280220031738
5.216968536376953
5.310787677764893
5.314279794692993
5.301876783370972
5.25030517578125
5.565764665603638
5.553503751754761
5.1758339405059814
5.165828227996826
5.288174867630005
5.27682900428772
5.275947332382202
5.314324140548706
5.276370525360107
5.2072460651397705
5.223320245742798
5.263016223907471
5.278102874755859
5.2428624629974365
5.223849773406982
5.208751678466797
5.300201892852783
5.350550413131714
5.2359395027160645
5.267066955566406
5.293337345123291
5.288160800933838
5.291963815689087
5.211172580718994
5.274833917617798
5.390519618988037
5.3334455490112305
5.369107007980347
5.241983890533447
5.297787666320801
5.24086594581604
5.349979639053345
5.298008918762207
5.164704322814941
5.423189163208008
5.384082794189453
5.271423816680908
5.253239870071411
5.225129842758179
5.2799365520477295
5.360537528991699
5.269117116928101
5.263161897659302
5.320943832397461
5.25396990776062
5.220217943191528
5.3402605056762695
5.303295850753784
5.297893762588501
5.204070329666138
5.26629376411438
5.337947845458984
5.362020015716553
5.248892545700073
5.263387680053711
5.235072612762451
5.279000997543335
5.242044687271118
5.4407572746276855
5.353015899658203
5.328385591506958
5.221961259841919
5.302314043045044
5.223770380020142
5.246968984603882
5.277729034423828
5.193943023681641
5.363214731216431
5.309526681900024
5.257763385772705
5.309605836868286
5.3692216873168945
5.290284633636475
5.2136781215667725
5.526609897613525
5.627503156661987
5.189869403839111
5.697254657745361
5.638267755508423
5.605712175369263
5.606180906295776
5.673643589019775
5.616453409194946
5.583237171173096
5.565673351287842
5.702392101287842
5.2494895458221436
5.260945796966553
5.27411413192749
5.354579210281372
5.2899768352508545
5.267392635345459
5.320155143737793
5.337779521942139
5.296228647232056
5.2452428340911865
5.296142578125
5.363671779632568
5.29676365852356
5.641787767410278
5.389955759048462
5.198575258255005
5.199320554733276
5.234910249710083
5.15831446647644
5.272240400314331
5.192857503890991
5.3134682178497314
5.287374019622803
5.294248342514038
5.304924249649048
5.34954047203064
5.25788140296936
5.3722593784332275
5.170949697494507
5.244203329086304
5.3904430866241455
5.630213499069214
5.592323541641235
5.202065467834473
5.326351642608643
5.317320346832275
5.178079128265381
5.278687000274658
5.268332004547119
5.247171878814697
5.228897333145142
5.224144220352173
5.321925640106201
5.347175359725952
5.255970478057861
5.373951435089111
5.292902231216431
5.264012336730957
5.198866605758667
5.491786956787109
5.500460624694824
5.273731708526611
5.289265155792236
5.2498273849487305
5.270836114883423
5.171722173690796
5.218942403793335
5.251948595046997
5.297215938568115
5.222015142440796
5.241895437240601
5.279236555099487
5.348456144332886
5.323482513427734
5.338919639587402
5.289680242538452
5.208557844161987
5.4981324672698975
5.346422910690308
5.181840658187866
5.2660839557647705
5.194819927215576
5.338517665863037
5.372982025146484
5.293375015258789
5.328954696655273
5.242437839508057
5.245368480682373
5.263352870941162
5.3824615478515625
5.3489885330200195
5.246266603469849
5.314242601394653
5.391042232513428
5.431046009063721
5.220840215682983
5.349583148956299
5.197778940200806
5.224167585372925
5.2991204261779785
5.325979948043823
5.2333152294158936
5.2272844314575195
5.305970668792725
5.272258996963501
5.260525465011597
5.313381910324097
5.218202590942383
5.343423843383789
5.24044942855835
5.308008432388306
5.281038284301758
5.514073371887207
5.534617185592651
5.292351484298706
5.3360981941223145
5.274892568588257
5.369072198867798
5.320168972015381
5.349300146102905
5.288477420806885
5.30116081237793
5.324010848999023
5.311950922012329
5.1882312297821045
5.313225507736206
5.333014488220215
5.26288628578186
5.217321395874023
5.199214696884155
5.561718702316284
5.657056570053101
5.263365745544434
5.314898490905762
5.448080539703369
5.254643678665161
5.332767486572266
5.507389068603516
5.195404052734375
5.305991888046265
5.166758298873901
5.322105884552002
5.26314902305603
5.244019269943237
5.323532342910767
5.247239828109741
5.293962478637695
5.34495735168457
5.281509637832642
5.487090110778809
5.259032249450684
5.240535259246826
5.206299066543579
5.2762792110443115
5.384714841842651
5.33110785484314
5.285898923873901
5.433716535568237
5.334342002868652
5.427193641662598
5.286926507949829
5.317923069000244
5.250399112701416
5.346994638442993
5.283293724060059
5.297785758972168
5.407928466796875
5.440006971359253
5.251294851303101
5.252685785293579
5.304274320602417
5.335930585861206
5.338887691497803
5.215004920959473
5.203300952911377
5.275329351425171
5.31883978843689
5.405073642730713
5.3333563804626465
5.183833122253418
5.338251352310181
5.32488489151001
5.450521230697632
5.395873546600342
5.145742654800415
5.3809592723846436
5.173236846923828
5.288566827774048
5.283957481384277
5.34001350402832
5.36926794052124
5.340712070465088
5.377955675125122
5.2865166664123535
5.198774337768555
5.344977855682373
5.2625086307525635
5.269960165023804
5.273602247238159
5.222393035888672
5.2859787940979
5.515401363372803
5.476154565811157
5.464589357376099
5.310892820358276
5.3064024448394775
5.243744373321533
5.343231439590454
5.248883962631226
5.290913820266724
5.333766222000122
5.284154176712036
5.374083995819092
5.3440210819244385
5.317882776260376
5.3362627029418945
5.240369558334351
5.317001581192017
5.265505075454712
5.698817729949951
5.5566651821136475
5.424104452133179
5.342092990875244
5.3128981590271
5.447150945663452
5.492581605911255
5.29819130897522
5.3233606815338135
5.447062253952026
5.543671131134033
5.182814359664917
5.23825740814209
5.455384254455566
5.422479152679443
5.384878158569336
5.2809107303619385
5.271520376205444
5.399883985519409
5.383040428161621
5.3013012409210205
5.334723711013794
5.525207281112671
5.528270721435547
5.3009912967681885
5.384007930755615
5.377148151397705
5.279054641723633
5.324386358261108
5.561333179473877
5.620269536972046
5.315762996673584
5.454028129577637
5.460439682006836
5.338964462280273
5.550461292266846
5.260847330093384
5.555181264877319
5.409260272979736
5.230578660964966
5.305282115936279
5.48806619644165
5.555180549621582
5.3795154094696045
5.464442014694214
5.759588241577148
5.257878065109253
5.446335792541504
5.4771318435668945
5.283416748046875
5.433021545410156
5.46187424659729
5.483753204345703
5.310250759124756
5.375417232513428
5.6463494300842285
5.4842493534088135
5.459251165390015
5.320978164672852
5.435217618942261
5.540687084197998
5.358384609222412
5.314228296279907
5.368135929107666
5.322555780410767
5.393734693527222
5.450544595718384
5.50989031791687
5.3627965450286865
5.461242914199829
5.465445280075073
5.315413236618042
5.504227161407471
5.656113624572754
5.431060791015625
5.402984857559204
5.380099296569824
5.362092733383179
5.520097017288208
5.453214406967163
5.332867622375488
5.422516107559204
5.60149621963501
5.4322192668914795
5.53843092918396
5.560600280761719
5.354680776596069
5.550313472747803
5.54359769821167
5.387231111526489
5.417345762252808
5.501107215881348
5.349360227584839
5.377525806427002
5.264773845672607
5.294214248657227
5.355982303619385
5.476759672164917
5.344949722290039
5.465464115142822
5.504727125167847
5.249098062515259
5.428022623062134
5.487148761749268
5.29360032081604
5.492069959640503
5.600201606750488
5.295995235443115
5.408257722854614
5.883783340454102
5.431151628494263
5.308368921279907
5.342926502227783
5.457113981246948
5.483104228973389
5.41007137298584
5.490684270858765
5.479446887969971
5.334919214248657
5.46487283706665
5.449149131774902
5.284292459487915
5.473221778869629
5.426305055618286
5.321967124938965
5.753396034240723
5.719757556915283
5.412012100219727
5.622154235839844
5.438141345977783
5.431401014328003
5.414958953857422
5.46179986000061
5.475481271743774
5.34902811050415
5.529159069061279
5.471080541610718
5.403627872467041
5.528208494186401
5.636194705963135
5.316730737686157
5.583227157592773
5.421087741851807
5.411479949951172
5.534441232681274
5.750967979431152
5.505804777145386
5.495759010314941
5.374845027923584
5.243066310882568
5.415779113769531
5.296055555343628
5.493061542510986
5.560586929321289
5.562175273895264
5.225900411605835
5.543235540390015
5.568607568740845
5.363452672958374
5.491236448287964
5.459315776824951
5.360377550125122
5.46518349647522
5.445947885513306
5.358867883682251
5.300912857055664
5.334763050079346
5.277024507522583
5.478800296783447
5.79362154006958
5.528104782104492
5.332216739654541
5.543965101242065
5.431180238723755
5.382540702819824
5.489592790603638
5.524836540222168
5.382301092147827
5.614690780639648
5.548640251159668
5.440004348754883
5.527301788330078
5.446818828582764
5.5585618019104
5.542396306991577
5.326821565628052
5.441368579864502
5.516659498214722
5.393243789672852
5.6296398639678955
5.6321351528167725
5.096648931503296
5.3829076290130615
5.309841156005859
5.147693157196045
5.373899459838867
5.363889932632446
5.16871190071106
5.185728549957275
5.066620588302612
5.3668928146362305
5.397921085357666
5.236773490905762
5.269804954528809
5.441962003707886
5.211751461029053
5.3278586864471436
5.362889051437378
5.348876237869263
5.176720142364502
5.479996681213379
5.550060033798218
5.296828269958496
5.434955358505249
5.098649501800537
5.232770204544067
5.252788782119751
5.180723428726196
5.316847562789917
5.2027428150177
5.129676103591919
5.408931255340576
5.595101594924927
5.239777326583862
5.431951522827148
5.327857255935669
5.203744173049927
5.476994037628174
5.375900983810425
5.071625232696533
5.2107508182525635
5.432953357696533
5.1977386474609375
5.365892648696899
5.28982400894165
5.3348634243011475
5.322854280471802
5.200742244720459
5.351879119873047
5.141687870025635
5.1106603145599365
5.452971458435059
5.157703161239624
5.183725833892822
5.544054985046387
5.398922681808472
5.339869022369385
5.4980127811431885
5.4119346141815186
5.350878953933716
5.561070442199707
5.383907794952393
5.186729907989502
5.383909463882446
5.097647666931152
5.151696681976318
5.481997489929199
5.497012376785278
5.333862066268921
5.169713497161865
5.284819602966309
5.165710926055908
5.226765394210815
5.109659910202026
5.135683298110962
5.278814077377319
5.26580023765564
5.0536088943481445
5.254792213439941
5.16170597076416
5.09564733505249
5.3688952922821045
5.329860210418701
5.549058437347412
5.264799356460571
5.031587600708008
5.256792068481445
5.432952880859375
5.0706236362457275
5.094644069671631
5.428949594497681
5.102653741836548
5.08263373374939
5.597101926803589
5.279815196990967
5.290823936462402
5.243782043457031
4.958521127700806
5.246783494949341
5.281815767288208
5.311842203140259
5.218759059906006
5.2808146476745605
5.132680892944336
5.090641498565674
5.341870307922363
5.44496488571167
5.4329540729522705
5.197739124298096
5.07062292098999
5.3558831214904785
5.114664793014526
4.9875476360321045
5.480997562408447
5.361889123916626
5.235774278640747
5.137685775756836
4.952516317367554
5.0295867919921875
5.640142440795898
5.167712450027466
5.200742959976196
5.259795427322388
4.987548351287842
5.27280855178833
5.095645427703857
5.2137534618377686
4.990549802780151
5.0936455726623535
5.156701564788818
4.956520080566406
5.407931566238403
5.043598651885986
5.230769634246826
5.324855327606201
5.064617395401001
5.2998316287994385
5.183727502822876
4.940504312515259
5.288822174072266
5.169713258743286
5.101651430130005
5.244781732559204
5.043597221374512
5.145691156387329
5.261796474456787
5.081632614135742
4.929494857788086
5.297829627990723
5.30083441734314
5.2267656326293945
5.240778684616089
5.136683702468872
5.6291327476501465
5.140686750411987
5.009566783905029
5.14669132232666
5.294828653335571
5.170715808868408
5.421943426132202
5.41193413734436
4.97953987121582
5.3989222049713135
5.136683940887451
5.270806789398193
5.187730073928833
5.163708925247192
5.453972101211548
5.362890005111694
5.298830986022949
5.5840911865234375
5.6621623039245605
5.709205150604248
5.63013219833374
5.735229253768921
5.821306943893433
5.828313827514648
5.550060510635376
5.624127388000488
5.635137557983398
5.864346027374268
5.603108167648315
5.829314231872559
5.572079420089722
5.905383586883545
5.803291320800781
5.591097354888916
5.266802072525024
5.30984091758728
5.636139392852783
5.892372131347656
6.0515172481536865
5.37389874458313
5.66816782951355
5.835320234298706
5.676175117492676
5.616118669509888
5.149695634841919
5.07062292098999
5.367894172668457
5.326856851577759
5.069622039794922
5.2808146476745605
5.332862138748169
5.533044815063477
5.137684345245361
5.380905866622925
5.544054985046387
5.8633458614349365
5.794292449951172
5.756248235702515
5.703200101852417
5.66316294670105
5.605120658874512
5.64214563369751
5.763254880905151
5.628132104873657
5.617120981216431
5.574081659317017
5.769260406494141
5.406929016113281
5.3478758335113525
5.504015922546387
5.0846357345581055
5.043599367141724
5.27280855178833
5.01757550239563
5.302834987640381
5.2187581062316895
5.123672723770142
5.147693634033203
5.2277655601501465
5.244781970977783
4.98554539680481
5.053606986999512
5.252789735794067
5.2457826137542725
5.296828746795654
5.340869665145874
5.3508782386779785
4.957520008087158
5.176720380783081
5.142689228057861
5.084636926651001
5.152698278427124
5.340869426727295
5.3098413944244385
5.213754892349243
5.183727264404297
5.079631328582764
5.110659837722778
5.160704851150513
5.138685464859009
5.285820007324219
5.1366846561431885
4.955518484115601
5.229769229888916
5.133681535720825
5.25879430770874
5.024580717086792
5.2858192920684814
5.183725833892822
5.08463716506958
4.882452964782715
5.2487852573394775
5.0145721435546875
5.310842514038086
5.1246724128723145
5.226765155792236
5.263800382614136
5.053607702255249
4.7523322105407715
5.240779399871826
5.272806882858276
5.382909297943115
5.384909629821777
5.2067482471466064
5.18472695350647
5.235774278640747
5.27480936050415
5.28181529045105
5.002560377120972
5.197738409042358
5.283818483352661
5.0365917682647705
5.295828819274902
4.946509599685669
5.236774206161499
5.065618515014648
5.118666887283325
5.126675128936768
5.256793260574341
5.353882312774658
5.146692276000977
5.194736003875732
5.0285844802856445
5.124671936035156
5.378904104232788
4.929494380950928
5.381906747817993
5.299832582473755
5.296829700469971
5.350878953933716
5.148694276809692
5.102653741836548
5.205746173858643
5.290823698043823
5.177721738815308
5.096646785736084
5.001560211181641
5.421942234039307
5.49701189994812
5.177720069885254
5.154699802398682
4.947511672973633
5.076629638671875
4.986546516418457
5.090641736984253
5.122670650482178
5.096647500991821
5.20674729347229
5.0165746212005615
5.196737766265869
5.138685464859009
5.271806240081787
4.975536823272705
5.13167929649353
5.197739601135254
5.366893529891968
5.099649429321289
5.173717498779297
5.304835796356201
5.2297682762146
5.014571905136108
5.3588855266571045
5.373900890350342
5.050605773925781
5.267802476882935
5.328857898712158
5.188730478286743
5.276812314987183
5.176719427108765
5.114663362503052
5.259795665740967
5.219760417938232
5.195736885070801
5.314846754074097
5.5430543422698975
5.109659671783447
5.383908271789551
5.242779493331909
5.055608510971069
5.014571905136108
5.298831939697266
5.241778612136841
4.925490617752075
5.27480936050415
5.105654716491699
5.264800071716309
5.2658021450042725
5.06962251663208
5.122670412063599
5.229767799377441
5.158703088760376
5.356884479522705
5.0526063442230225
5.284819602966309
5.6831817626953125
5.0816330909729
5.266802787780762
5.055609464645386
5.003561973571777
5.182724952697754
5.017574787139893
5.311843156814575
5.182726621627808
5.073625087738037
5.125673294067383
4.999558448791504
5.169713735580444
4.9985575675964355
5.248785734176636
5.3749003410339355
5.44096040725708
5.186730146408081
5.068620681762695
5.061614513397217
5.359886884689331
5.217757225036621
5.299832344055176
5.264800548553467
5.148695230484009
5.048603057861328
5.049603462219238
5.289823055267334
5.003561735153198
5.032588243484497
5.2657999992370605
5.349877595901489
5.174718618392944
4.906474590301514
5.141688108444214
5.269805192947388
4.880449295043945
5.126673698425293
5.145691394805908
5.2157557010650635
5.265801191329956
5.054609537124634
5.167711973190308
5.071624994277954
5.145691156387329
5.253789663314819
5.271806001663208
5.132678985595703
5.267801761627197
5.193735599517822
4.9825427532196045
5.161707401275635
5.1597044467926025
5.397921562194824
5.192734479904175
5.142688512802124
5.1026530265808105
5.284818410873413
5.219759464263916
5.149695873260498
5.298831224441528
5.0576112270355225
5.183725833892822
4.986546277999878
5.207749366760254
5.256792783737183
4.865435838699341
4.702287197113037
5.110659599304199
4.938503265380859
5.135684013366699
5.0606138706207275
5.16270637512207
5.068621873855591
4.937502145767212
5.06862211227417
4.935500621795654
5.129676818847656
4.929494380950928
5.2557923793792725
5.083635091781616
5.008567571640015
4.994553565979004
5.05260705947876
5.239778280258179
5.313844919204712
5.031588077545166
4.983544588088989
5.125672817230225
5.185727596282959
5.142688035964966
5.065618276596069
5.17371678352356
5.1867287158966064
5.136683225631714
5.324855089187622
5.323853969573975
5.338867664337158
5.133681774139404
5.213753938674927
5.040595769882202
5.109658479690552
5.311843395233154
5.284818649291992
5.040595769882202
5.079631567001343
5.200742483139038
4.987545490264893
5.212753772735596
5.247784376144409
5.283817768096924
5.252788782119751
4.87644624710083
5.172715902328491
5.1737165451049805
4.950514316558838
4.935501575469971
5.171715974807739
5.112661123275757
5.244781970977783
5.079632520675659
5.193734407424927
5.388912916183472
5.152698278427124
4.909476041793823
5.380905866622925
5.0095672607421875
5.230769157409668
5.01657509803772
5.079631090164185
5.227766513824463
5.07762885093689
5.105655670166016
5.245783090591431
4.966529130935669
5.171715497970581
5.154701232910156
5.200742721557617
5.179722547531128
5.123671293258667
5.17171573638916
5.022579193115234
5.310841798782349
5.029585599899292
5.152697801589966
5.244781732559204
5.093643665313721
5.294827461242676
5.224762678146362
4.9314963817596436
5.159703493118286
5.117666006088257
5.352880477905273
5.130678653717041
5.043598890304565
5.1486945152282715
5.042597770690918
5.156702518463135
4.972533702850342
5.172716379165649
5.2427802085876465
4.980541229248047
5.113662242889404
5.327857255935669
5.217757225036621
5.241779804229736
5.323853969573975
5.238776206970215
5.176720380783081
5.198740482330322
5.196738004684448
5.299832344055176
5.251788139343262
5.041598320007324
5.212752103805542
4.91448187828064
5.062615633010864
5.111660480499268
4.923488616943359
4.672260999679565
5.305837392807007
5.137683868408203
5.047601938247681
5.29282546043396
4.982542991638184
5.3388683795928955
5.092642545700073
5.20874810218811
5.1677117347717285
5.235773086547852
5.208749055862427
5.18572735786438
5.018575429916382
5.2297682762146
5.251789331436157
5.17271614074707
5.168712854385376
5.055609941482544
5.286819934844971
5.146693468093872
4.955518007278442
5.118667125701904
5.284818649291992
5.115663766860962
5.060614109039307
5.2718071937561035
5.093644618988037
5.134680986404419
5.061615943908691
5.117664813995361
5.162708282470703
5.114663600921631
5.189732074737549
5.165709495544434
5.18873143196106
5.049604892730713
5.263798952102661
5.253789901733398
5.129678249359131
5.20975136756897
5.131678581237793
5.055609226226807
4.902474403381348
5.1597044467926025
4.96452522277832
5.035592794418335
5.062614917755127
5.11866569519043
5.2387776374816895
5.148694753646851
5.02858567237854
5.090641498565674
5.237775802612305
5.176719903945923
5.039595365524292
4.929495334625244
5.079632520675659
5.120667934417725
5.241779327392578
5.126674652099609
5.21675705909729
5.128676176071167
5.152697563171387
5.123672008514404
5.277812719345093
5.1817238330841064
5.07562780380249
5.2307679653167725
5.202742338180542
5.054608106613159
5.2027428150177
5.049603462219238
5.242781162261963
5.0736260414123535
5.075628995895386
5.075627326965332
5.022579193115234
5.154698371887207
4.946509838104248
5.123671293258667
5.301833868026733
5.2037436962127686
4.986547470092773
5.102652072906494
5.266802072525024
5.041597127914429
5.134682655334473
4.8994667530059814
5.2808144092559814
5.171715259552002
5.1887311935424805
5.128675699234009
5.012570381164551
5.237775802612305
5.356883525848389
5.122670412063599
5.2297682762146
5.063616991043091
5.2297680377960205
4.959521293640137
5.293826580047607
5.238776683807373
5.346874475479126
5.205747127532959
5.11666464805603
4.774352788925171
5.191734075546265
5.12066912651062
5.065618276596069
5.155700445175171
5.28081488609314
5.316847324371338
5.156702041625977
5.218759298324585
5.028584957122803
5.219758987426758
5.206747770309448
5.043598413467407
5.04660177230835
5.004562616348267
5.119667291641235
5.240778207778931
5.1807239055633545
5.096647262573242
5.045600652694702
5.212753534317017
5.161706209182739
5.2157557010650635
5.136683464050293
5.32185173034668
5.064617872238159
5.291824817657471
5.28782057762146
5.179722785949707
4.825399160385132
5.325854301452637
5.18272590637207
4.999557971954346
5.112661838531494
5.248785734176636
5.080632209777832
5.130678653717041
5.2437803745269775
5.170714378356934
4.993553161621094
5.053608179092407
5.073625564575195
4.887456893920898
5.194736957550049
5.0165746212005615
5.298830986022949
5.121670246124268
5.04760217666626
5.205747365951538
5.054608345031738
5.192734479904175
5.189732313156128
5.084635496139526
4.991551637649536
5.045599937438965
5.008565902709961
5.189731597900391
5.048603534698486
5.106655597686768
5.212752342224121
5.038594007492065
5.204745292663574
5.217756986618042
5.042597770690918
5.087640285491943
5.192735195159912
4.928493499755859
5.171713829040527
5.224764823913574
5.203743934631348
4.961524963378906
5.0696234703063965
5.06862211227417
5.028585910797119
5.2698047161102295
4.84241509437561
5.0235795974731445
5.069623231887817
5.0135722160339355
5.163707733154297
5.009567737579346
4.944508075714111
5.197740077972412
5.132680654525757
4.9905500411987305
5.28481912612915
5.048604726791382
5.152697324752808
5.249787330627441
5.1737165451049805
5.0846357345581055
4.871443033218384
5.204744338989258
5.117667198181152
5.192734003067017
5.218757629394531
5.087639331817627
5.145690679550171
5.239778280258179
5.305837392807007
5.222762823104858
4.929494380950928
5.064617156982422
5.036592245101929
5.1657092571258545
5.152698278427124
5.267802715301514
5.226765394210815
5.224763870239258
5.103653192520142
5.1807239055633545
4.916482925415039
5.3158464431762695
5.151697874069214
5.148694038391113
5.064616918563843
5.168713569641113
5.142687797546387
5.0676188468933105
5.010567903518677
5.085635662078857
5.091641902923584
5.098648548126221
5.14469051361084
5.1356823444366455
5.1717143058776855
5.03659200668335
5.748239755630493
5.122670412063599
5.195736408233643
5.307838201522827
5.084635019302368
5.119667053222656
5.336865663528442
5.248785734176636
5.035592079162598
5.156701564788818
5.167709112167358
5.090641021728516
5.2357728481292725
4.899467945098877
5.004563093185425
5.2037458419799805
5.068621397018433
5.155700445175171
5.035592317581177
5.310842037200928
5.074626207351685
5.149695873260498
5.032588481903076
5.144690752029419
5.067619323730469
5.168714284896851
5.167712688446045
5.03559136390686
5.1346824169158936
5.1977386474609375
5.173717260360718
5.2888219356536865
5.105654954910278
5.270806312561035
4.97353458404541
5.149696588516235
5.128676891326904
4.872442960739136
4.956519842147827
4.8163902759552
5.003560781478882
5.233772039413452
5.229767799377441
5.265801429748535
5.231770277023315
5.176720380783081
4.982543706893921
5.164708375930786
4.979540824890137
5.137684106826782
4.865437269210815
5.291824817657471
5.115663766860962
5.103652477264404
5.148695230484009
5.204745292663574
5.296829700469971
5.082634687423706
5.170713663101196
5.214754343032837
5.0335893630981445
5.32385516166687
5.272808790206909
5.120669603347778
5.081632852554321
5.174719333648682
5.169713497161865
5.351878881454468
5.194737195968628
5.28081488609314
5.188730478286743
5.1386847496032715
5.070622444152832
5.259795427322388
5.0315868854522705
5.074626922607422
5.0205771923065186
5.0536088943481445
5.254789590835571
5.238776206970215
5.193735122680664
5.047603130340576
4.971534729003906
5.243780851364136
5.1767191886901855
5.16871190071106
5.1546995639801025
5.229768991470337
4.932497024536133
5.208749294281006
5.12266993522644
5.124671697616577
5.203743934631348
5.148694276809692
5.108657598495483
5.159704923629761
5.035590648651123
5.12166953086853
5.030587196350098
5.302835941314697
5.098649740219116
5.182725429534912
5.185727596282959
5.194737195968628
5.128676652908325
5.1396870613098145
5.0936439037323
5.054608583450317
5.109659671783447
5.2457826137542725
5.249787092208862
5.120669841766357
5.095645427703857
5.075628042221069
5.091642141342163
4.952515363693237
5.083635330200195
5.1436896324157715
4.9985573291778564
5.025582313537598
5.24077844619751
5.040595293045044
4.987548351287842
5.213753938674927
5.140687465667725
5.105656385421753
5.004562854766846
4.896464824676514
5.123671054840088
5.115664005279541
5.213754177093506
4.923489332199097
5.312844276428223
5.261796951293945
5.257793664932251
4.955518007278442
4.968528985977173
5.065619468688965
4.921487092971802
5.231770038604736
5.144690990447998
5.14469051361084
5.060615301132202
5.119668960571289
5.19373631477356
5.239776849746704
5.108659029006958
5.134681940078735
5.279813528060913
5.130678415298462
5.210751056671143
5.307838439941406
5.294827699661255
5.144691705703735
5.112661361694336
5.341870307922363
5.056609869003296
5.218758583068848
5.05761194229126
5.074626922607422
5.1086578369140625
5.236775636672974
5.239776849746704
5.238776683807373
5.159704208374023
5.100651741027832
5.096647024154663
5.2227606773376465
5.147693157196045
5.0255820751190186
4.885455369949341
5.341870307922363
5.115664482116699
5.150697231292725
4.819394111633301
5.290823698043823
5.104653835296631
4.965528249740601
5.2467851638793945
5.229768753051758
5.091640472412109
5.132679462432861
5.10064959526062
5.255791902542114
5.239777565002441
4.934499025344849
5.131680011749268
5.30683708190918
4.8954644203186035
5.128675699234009
5.188730716705322
5.049604177474976
5.14569091796875
5.178721904754639
5.300831317901611
5.051605701446533
5.0816333293914795
5.2187581062316895
5.086637735366821
5.330860137939453
5.103653907775879
5.346874952316284
5.128675699234009
5.205745458602905
4.893462419509888
4.939504623413086
4.9545183181762695
4.993553876876831
5.179723262786865
5.151697397232056
5.259795427322388
5.045600652694702
5.087638854980469
5.0375940799713135
5.200742959976196
5.228766679763794
5.170715093612671
5.261796474456787
5.249785661697388
4.947511911392212
5.039594411849976
4.857428550720215
4.9214863777160645
5.351880311965942
5.152697801589966
4.9625244140625
4.881449937820435
5.197739124298096
5.03058648109436
5.26980447769165
5.173717498779297
5.234772443771362
5.298831462860107
5.100649833679199
5.249786138534546
5.220760345458984
5.090642213821411
5.079632043838501
5.214754104614258
5.04560112953186
5.257791519165039
5.090641736984253
5.217756986618042
4.9865453243255615
5.2027435302734375
5.152697563171387
5.225764274597168
5.1817240715026855
5.197738170623779
5.182727575302124
5.247784614562988
5.405928611755371
5.007565498352051
5.361887693405151
5.221760988235474
5.250787734985352
4.9565205574035645
5.087637424468994
5.153700113296509
5.055609226226807
5.2027428150177
5.121669054031372
5.186729431152344
4.997556447982788
4.908476114273071
5.049603700637817
4.971533536911011
5.148694276809692
5.199740409851074
5.023581027984619
5.104653835296631
5.156701326370239
5.051604986190796
5.290825366973877
5.024581432342529
5.152698040008545
4.979540586471558
4.8994667530059814
5.10265326499939
5.177719831466675
5.044600486755371
5.290823459625244
4.942507266998291
5.165709495544434
5.183726072311401
5.299832582473755
5.312844514846802
5.0405967235565186
4.860431671142578
5.290823936462402
5.231769561767578
4.9385035037994385
5.272806644439697
4.992552280426025
5.214753866195679
5.129676342010498
5.096646308898926
5.330860137939453
5.2617974281311035
4.87144136428833
5.2988317012786865
5.024580240249634
5.241779804229736
5.119668006896973
5.06862211227417
5.145691394805908
5.009567022323608
5.176720142364502
4.9625256061553955
5.252789258956909
5.074627637863159
5.089641571044922
5.229767799377441
5.254791736602783
5.016575336456299
5.256792783737183
4.850422143936157
4.881450891494751
4.926491737365723
4.9425060749053955
4.996555328369141
5.121669769287109
5.3438720703125
5.033590078353882
5.140687942504883
5.12166953086853
5.250787258148193
5.055610179901123
5.12767481803894
5.182725429534912
5.047603130340576
5.151696681976318
5.164708375930786
5.064617395401001
5.096647262573242
5.090641498565674
5.215754985809326
5.1647093296051025
5.1697142124176025
5.293826103210449
5.26379919052124
5.032589435577393
5.091641426086426
5.069622278213501
5.061614513397217
5.215755224227905
5.201742887496948
5.152696847915649
5.113663911819458
5.167711496353149
5.151696443557739
5.101652145385742
5.049604654312134
5.173716306686401
5.119668006896973
5.036592483520508
4.9885475635528564
5.201742887496948
5.080631971359253
5.160706043243408
5.025582551956177
5.144690036773682
5.093642950057983
5.042597055435181
5.22176194190979
5.299831390380859
5.155699968338013
5.146693229675293
5.059613227844238
5.018576383590698
5.231770992279053
5.188729763031006
5.011568307876587
4.941505670547485
5.061615943908691
5.071624040603638
5.2487852573394775
5.057610988616943
5.063616752624512
5.1526970863342285
5.2507874965667725
5.261796712875366
5.252789258956909
5.168712854385376
5.186729907989502
5.298832416534424
5.164708614349365
5.169713735580444
4.960523843765259
4.92849326133728
5.03559136390686
5.177721261978149
5.203745126724243
5.050605535507202
5.062616586685181
5.154700517654419
5.078628778457642
5.247785806655884
5.1697142124176025
4.973534822463989
5.052606821060181
5.161705493927002
5.105654239654541
5.311844110488892
4.989550590515137
4.900468349456787
5.188731670379639
5.091642618179321
5.088639497756958
5.29282546043396
5.042598247528076
4.965527296066284
5.210750579833984
5.2187583446502686
5.217757940292358
4.864435195922852
5.154699802398682
5.145691633224487
4.921486854553223
5.3178486824035645
5.097647666931152
5.111660003662109
5.337865591049194
5.231770753860474
5.1086585521698
5.147693395614624
5.246784210205078
5.163707971572876
5.311842679977417
5.082635402679443
5.031588077545166
5.196737289428711
4.9615232944488525
5.19974160194397
4.895463466644287
5.055609703063965
4.977538824081421
5.190732717514038
5.222760915756226
5.231770277023315
5.231769800186157
5.224763631820679
5.2377753257751465
5.238776206970215
5.105654001235962
4.970532655715942
5.127676010131836
5.165709972381592
5.356883525848389
5.132680654525757
5.201742887496948
5.184727430343628
5.031587600708008
5.128676176071167
5.17371678352356
4.9495134353637695
4.9495134353637695
4.9104766845703125
5.212754011154175
5.124671697616577
5.099649429321289
5.219759702682495
4.973534822463989
4.998556852340698
4.907474517822266
5.070623159408569
5.350879907608032
5.267802715301514
4.987546682357788
5.082634449005127
4.836410045623779
5.245783090591431
5.074628114700317
5.193735361099243
5.2888219356536865
5.208749294281006
5.186728477478027
5.2297680377960205
5.295827865600586
5.234772682189941
5.181724548339844
5.215755462646484
4.954517841339111
5.244781732559204
5.1406872272491455
5.150695562362671
5.19473671913147
5.0866382122039795
5.258793830871582
5.141687870025635
5.161706447601318
5.226765394210815
5.299832344055176
5.253789901733398
5.219758987426758
5.097648859024048
5.23577356338501
5.159704208374023
5.249786138534546
5.2297682762146
5.220760107040405
5.13868522644043
5.103652715682983
5.112662076950073
4.9154815673828125
5.242780447006226
5.011569261550903
4.925490856170654
5.151697635650635
5.228767156600952
5.062615156173706
5.15169620513916
5.453973054885864
7.081456422805786
6.601019382476807
7.654979705810547
6.666077375411987
8.101386547088623
6.4618775844573975
8.317583560943604
6.108569622039795
6.522947072982788
6.4408721923828125
8.15343451499939
7.697017431259155
6.774176120758057
7.071447372436523
8.150431871414185
7.532867908477783
8.407665729522705
8.274544954299927
6.27572226524353
6.567988634109497
8.113397121429443
7.433777332305908
6.350789308547974
8.128410339355469
8.09237790107727
7.606935739517212
6.205657958984375
8.273543357849121
8.857075691223145
8.067355394363403
7.364714860916138
8.170450448989868
7.881185054779053
7.437780857086182
6.751155614852905
7.9472455978393555
6.143601655960083
8.061349868774414
7.921221733093262
7.416761636734009
8.48974061012268
7.545876741409302
7.5148515701293945
6.622037887573242
7.413758993148804
7.657982110977173
7.412758827209473
6.0725367069244385
8.339603662490845
6.193647146224976
7.15852689743042
6.314757585525513
7.717036485671997
7.358708620071411
7.693013429641724
7.421766757965088
8.19247055053711
7.164532423019409
7.524861097335815
7.4247705936431885
8.456710815429688
8.2685387134552
6.1175782680511475
7.374722003936768
7.6059348583221436
6.387824058532715
7.326673746109009
7.855161428451538
7.145514965057373
6.104565620422363
8.477729082107544
6.203655958175659
6.3948304653167725
8.271541357040405
6.189643383026123
8.746975183486938
6.64605975151062
6.13559365272522
7.398746013641357
6.723129749298096
7.532868385314941
7.451794385910034
8.217493534088135
6.41284704208374
7.066442966461182
6.525949954986572
6.2527008056640625
7.802113056182861
7.020400285720825
6.394830226898193
7.815126180648804
6.228679180145264
6.189642906188965
7.625951766967773
7.325679540634155
6.262710094451904
8.03032112121582
6.2416908740997314
8.213488578796387
6.3567962646484375
6.410845518112183
6.838234901428223
8.119402170181274
6.116576433181763
8.147428035736084
7.590920686721802
7.475816965103149
6.69910740852356
7.789102077484131
7.574906826019287
7.557890892028809
7.2355968952178955
8.265536069869995
7.65998387336731
6.3648035526275635
6.13459324836731
8.16944694519043
6.405840635299683
7.735051870346069
7.901203632354736
6.167623519897461
7.630957841873169
7.892196178436279
7.980276584625244
6.2527015209198
8.13841962814331
6.922311067581177
6.256704568862915
6.323765516281128
8.285553693771362
6.2096617221832275
8.127409934997559
7.671995401382446
7.451793909072876
7.326679706573486
6.743148326873779
8.244515657424927
7.344696283340454
8.332598209381104
7.120493173599243
7.934233903884888
8.51176142692566
8.123406171798706
7.349700450897217
7.335688352584839
8.154433012008667
6.427859783172607
6.21366548538208
6.652064800262451
6.1856396198272705
8.074361324310303
7.784097194671631
8.05734634399414
7.423768997192383
6.26471209526062
6.810209274291992
7.825134754180908
6.989372253417969
6.51093602180481
8.138420581817627
7.478819131851196
6.485913991928101
8.244516611099243
6.384821176528931
7.169536590576172
8.425682067871094
7.069445371627808
6.987370491027832
8.13141393661499
8.294562816619873
7.317671298980713
6.240690231323242
6.189643621444702
7.666989803314209
7.812122344970703
6.4779064655303955
5.173717498779297
5.194737195968628
5.431952714920044
5.203743934631348
5.193735361099243
5.167712450027466
5.010568857192993
5.121670484542847
5.1176652908325195
5.152698040008545
5.2177574634552
5.224763870239258
5.1787214279174805
5.1396872997283936
5.044600486755371
5.122671127319336
4.947510480880737
5.344872951507568
5.259794473648071
5.21875786781311
5.118666410446167
5.177720308303833
5.11666464805603
4.9034717082977295
4.9635255336761475
5.184727907180786
5.118666887283325
5.0015599727630615
5.228767156600952
4.954517841339111
5.0976481437683105
4.9935524463653564
5.439961671829224
5.2007410526275635
5.104655027389526
5.166711807250977
5.249786853790283
5.067619562149048
5.203745365142822
5.203744411468506
5.00756573677063
5.3028340339660645
5.122671365737915
5.163707733154297
5.187730073928833
5.053608655929565
5.193735361099243
5.22376275062561
5.306839227676392
5.316847324371338
5.1647093296051025
5.172715663909912
4.923489809036255
5.097647428512573
5.090641975402832
5.166710376739502
5.035592317581177
5.080631971359253
4.970532178878784
5.277812480926514
5.191733360290527
5.032588243484497
5.254791736602783
5.232769727706909
5.234772443771362
5.26079535484314
5.18072247505188
5.152698040008545
4.991550922393799
5.055609226226807
5.112662315368652
5.198739528656006
5.147691011428833
5.014571666717529
5.323853492736816
5.104653596878052
5.091641664505005
5.055610656738281
5.096647024154663
5.290823936462402
5.254791975021362
5.094644546508789
5.264800786972046
5.293826341629028
5.085637807846069
5.085637807846069
5.173717260360718
5.283817529678345
4.9124791622161865
5.109659671783447
5.260796308517456
5.0656187534332275
5.132680416107178
5.172717571258545
5.160705327987671
5.068621397018433
5.258794546127319
5.2017436027526855
5.200742721557617
5.032589912414551
5.0646185874938965
5.170714855194092
5.2537901401519775
5.117666244506836
5.187729120254517
5.0796308517456055
5.249787092208862
5.2297680377960205
5.192734479904175
4.99055027961731
5.223761081695557
5.054608345031738
5.2077476978302
4.932497262954712
5.251788377761841
5.063617944717407
5.069623231887817
5.288822174072266
5.162706136703491
5.011569023132324
4.7923688888549805
5.080631971359253
5.205746650695801
5.135683536529541
5.1016528606414795
5.395919561386108
5.154700756072998
4.977538108825684
5.108657598495483
5.062615871429443
5.294826984405518
5.257793426513672
5.116666078567505
5.023581504821777
5.392916679382324
5.113662004470825
5.115664720535278
5.260795593261719
5.220759868621826
5.060615062713623
5.267802715301514
5.0736260414123535
5.179723501205444
5.142688512802124
5.234772443771362
5.031588077545166
5.215755462646484
5.0225794315338135
5.232770919799805
5.017574787139893
5.029585599899292
5.006565093994141
5.059613943099976
5.0976479053497314
5.15470027923584
5.322852849960327
5.254790544509888
5.281815052032471
5.266802549362183
5.247784852981567
5.153697967529297
5.029586315155029
4.902470588684082
5.360887050628662
5.033588886260986
5.095646619796753
5.239777326583862
4.979539394378662
5.137683868408203
5.0335893630981445
5.1146628856658936
4.960521936416626
5.232771873474121
5.250786542892456
5.10465407371521
5.082634210586548
5.271806001663208
5.254791498184204
5.237775087356567
5.221761703491211
4.95651912689209
5.166710615158081
5.039595365524292
5.022579193115234
5.166710138320923
5.189732789993286
5.294828653335571
5.27180552482605
5.199740886688232
5.103653192520142
4.8874571323394775
5.199741363525391
4.980541706085205
5.267803907394409
4.9545183181762695
5.004563331604004
5.328858375549316
5.2437825202941895
5.30884051322937
4.946510314941406
5.194736480712891
5.204745054244995
5.1647093296051025
5.209748983383179
5.32085108757019
5.275810241699219
5.26379919052124
5.1947362422943115
5.236774682998657
5.106657028198242
5.030587434768677
5.190733194351196
4.919486045837402
5.168713808059692
5.224763631820679
5.153698682785034
5.154699325561523
5.452971935272217
5.399922847747803
5.20474648475647
5.065300464630127
