Timing log for each step:
0.013013124465942383
5.442478179931641
5.571356534957886
5.522055625915527
5.495390892028809
5.688782691955566
5.735220193862915
5.65373158454895
5.633072853088379
5.624298810958862
5.855775356292725
5.652251958847046
5.86100435256958
5.642623424530029
5.541918516159058
5.576040983200073
5.6092000007629395
5.599409818649292
5.911731958389282
5.495725870132446
5.498279094696045
5.4824676513671875
5.46661901473999
5.388944149017334
5.534583330154419
5.35133695602417
5.482797384262085
5.461293458938599
5.286350250244141
5.406512498855591
5.405019283294678
5.611312389373779
5.6271655559539795
5.422454357147217
5.448479175567627
5.477774620056152
5.262970685958862
5.392510652542114
5.451916217803955
5.308809280395508
5.439499139785767
5.333251476287842
5.413382053375244
5.373303413391113
5.480147838592529
5.348767042160034
5.7802345752716064
5.480506181716919
5.441676378250122
5.372063398361206
5.452876567840576
5.4255781173706055
5.46789813041687
5.511981964111328
5.525161027908325
5.61072039604187
5.503077507019043
5.62575626373291
5.507979869842529
5.478254079818726
5.390160799026489
5.477832078933716
5.452146291732788
5.4379048347473145
5.500010251998901
5.653533220291138
5.499238729476929
5.497623682022095
5.571525573730469
5.5303709506988525
5.498464584350586
5.5895092487335205
5.44779109954834
6.024523496627808
5.602612018585205
5.574577569961548
5.504580020904541
5.568648338317871
5.494491338729858
5.51054048538208
5.4757280349731445
5.397199392318726
5.436934471130371
5.42035984992981
5.357980012893677
5.465220928192139
5.446889162063599
5.452008008956909
5.420841932296753
5.395154714584351
5.375262022018433
5.437958478927612
5.47465968132019
5.354665040969849
5.444786548614502
5.5004754066467285
5.378381967544556
5.4715189933776855
5.411972284317017
5.431531667709351
5.505717992782593
5.440703392028809
5.4339447021484375
5.4580559730529785
5.5009143352508545
5.299738168716431
5.466202735900879
5.366814374923706
5.426320552825928
5.301534175872803
5.4896392822265625
5.341762542724609
5.526309013366699
5.352044343948364
5.409940004348755
5.379812955856323
5.401566982269287
5.400974750518799
5.374237775802612
5.522127866744995
5.504719495773315
5.544429063796997
5.351892471313477
5.400319337844849
5.385832071304321
5.49421238899231
5.4613707065582275
5.468433618545532
5.536048889160156
5.412858724594116
5.344296455383301
5.445752859115601
5.375755786895752
5.406266689300537
5.409054517745972
5.451188087463379
5.347637891769409
5.459460735321045
5.446645021438599
5.446937322616577
5.382691144943237
5.463960647583008
5.460400342941284
5.468386888504028
5.3833606243133545
5.323586702346802
5.2972517013549805
5.323524236679077
5.412179946899414
5.4185638427734375
5.393362760543823
5.45050311088562
5.478855609893799
5.417882919311523
5.570536851882935
5.3936073780059814
5.40043568611145
5.441290378570557
5.381738662719727
5.430981397628784
5.340087413787842
5.321204900741577
5.681386947631836
5.51305365562439
5.464612245559692
5.5134007930755615
5.4473748207092285
5.387293577194214
5.492325305938721
5.4024364948272705
5.41231632232666
5.317863941192627
5.468596458435059
5.305390357971191
5.4043519496917725
5.445505380630493
5.425277471542358
5.408708810806274
5.487372636795044
5.41037654876709
5.34675407409668
5.408299446105957
5.375246524810791
5.352713108062744
5.409480094909668
5.4059672355651855
5.382189989089966
5.375029802322388
5.287060976028442
5.391738176345825
5.33475661277771
5.364488124847412
5.530179262161255
5.392316102981567
5.45015025138855
5.302313804626465
5.468318223953247
5.449129343032837
5.441049098968506
5.370317459106445
5.359940528869629
5.393221139907837
5.469196081161499
5.417418718338013
5.403059482574463
5.339095115661621
5.445046901702881
5.480096340179443
5.3928914070129395
5.353999614715576
5.450232028961182
5.3761937618255615
5.301452398300171
5.304810285568237
5.3748087882995605
5.335886478424072
5.506968975067139
5.360501766204834
5.3830952644348145
5.398593425750732
5.502446889877319
5.406771898269653
5.405406713485718
5.497061729431152
5.484588384628296
5.444177150726318
5.492485761642456
5.508527755737305
5.301866769790649
5.378443717956543
5.4660210609436035
5.448554992675781
5.479547500610352
5.4424591064453125
5.392980337142944
5.439373731613159
5.3323585987091064
5.357187509536743
5.421815872192383
5.409215450286865
5.449432611465454
5.388060092926025
5.39077091217041
5.436013221740723
5.379232406616211
5.457873821258545
5.444416761398315
5.353161811828613
5.44640326499939
5.404632806777954
5.377478361129761
5.388104200363159
5.411330938339233
5.447630882263184
5.279192924499512
5.368436574935913
5.360365390777588
5.498324155807495
5.3041136264801025
5.466187477111816
5.477424144744873
5.437386989593506
5.391443729400635
5.395904064178467
5.2813005447387695
5.466961622238159
5.450883865356445
5.4158549308776855
5.428005695343018
5.428782939910889
5.38652229309082
5.420886993408203
5.48865818977356
5.370756149291992
5.430860280990601
5.454615592956543
5.39074182510376
5.380268812179565
5.427497863769531
5.318171739578247
5.467196702957153
5.8206117153167725
5.484469652175903
5.3781516551971436
