Timing log for each step:
0.009007692337036133
1.92277193069458
2.0143165588378906
2.094891309738159
2.005310535430908
1.926826000213623
1.8746917247772217
1.9807868003845215
1.950566053390503
1.8816981315612793
1.8877038955688477
1.9146552085876465
1.9243354797363281
1.960770845413208
1.767594575881958
1.8230910301208496
1.7779371738433838
1.8606786727905273
1.8696873188018799
1.730071783065796
1.8468756675720215
1.791616678237915
1.8006248474121094
1.8776671886444092
1.8147857189178467
1.7786049842834473
1.835658311843872
1.8072237968444824
1.886704921722412
1.940751552581787
1.9871890544891357
1.8317217826843262
1.745593547821045
1.8426644802093506
1.8047173023223877
1.7888710498809814
1.8416640758514404
1.9527628421783447
1.881340742111206
1.7937829494476318
1.891707420349121
1.8086333274841309
1.7709712982177734
1.8387947082519531
1.7565855979919434
1.7731518745422363
1.7691528797149658
1.736724615097046
1.8506712913513184
1.874290943145752
1.802166223526001
1.774703025817871
1.7786054611206055
1.7420763969421387
1.8921864032745361
1.786802053451538
1.93674898147583
1.7913153171539307
1.7313339710235596
1.7658908367156982
1.7806086540222168
1.865339994430542
1.751643180847168
1.8526716232299805
1.7996244430541992
1.8231704235076904
1.8339600563049316
1.8266487121582031
1.7871413230895996
1.888195514678955
1.7496769428253174
1.8406612873077393
1.763181447982788
1.8058462142944336
1.8186414241790771
1.801192045211792
1.7990951538085938
1.803818941116333
1.8536725044250488
1.843731164932251
1.8357224464416504
1.789649248123169
1.8136413097381592
1.80214262008667
1.8026998043060303
1.7696418762207031
1.7655973434448242
1.8217580318450928
1.8643364906311035
1.814640998840332
1.8536779880523682
1.860804796218872
1.8812670707702637
1.9467613697052002
1.8131237030029297
1.9615223407745361
1.8146612644195557
1.913731575012207
1.85117506980896
1.8190577030181885
1.7776060104370117
1.7655980587005615
1.7749083042144775
1.9345223903656006
1.9918007850646973
1.7385728359222412
1.841230869293213
1.7767457962036133
1.8987176418304443
1.7655971050262451
1.918525218963623
1.893817663192749
1.841665267944336
1.828195333480835
1.8001108169555664
1.8417823314666748
1.8416664600372314
1.7891809940338135
1.8130834102630615
1.8118181228637695
1.8046338558197021
1.7916197776794434
1.8758182525634766
1.8667786121368408
1.837662696838379
1.8415031433105469
1.7667231559753418
1.7766096591949463
1.8861103057861328
1.8104400634765625
1.7866182327270508
1.796626091003418
1.8378574848175049
1.802767276763916
1.835662603378296
1.7836148738861084
1.7651841640472412
1.737865686416626
1.8136394023895264
1.875885009765625
1.8652117252349854
1.9081506729125977
1.8076348304748535
1.7320783138275146
1.8386874198913574
1.9937708377838135
1.9358694553375244
1.8111605644226074
1.805492877960205
1.9549670219421387
1.8256494998931885
1.7532050609588623
1.8053033351898193
1.9597721099853516
1.8526763916015625
1.8434016704559326
1.797499656677246
1.7766077518463135
1.7946248054504395
1.7530903816223145
1.7678780555725098
1.8566792011260986
1.9362633228302002
1.7961561679840088
1.8798539638519287
1.8166429996490479
1.8026299476623535
1.8228039741516113
1.802748680114746
1.8086378574371338
1.8196463584899902
1.8456065654754639
1.8079452514648438
1.812638521194458
1.785614013671875
1.8900470733642578
1.8267927169799805
1.7655951976776123
1.8286540508270264
1.8188591003417969
1.8265721797943115
1.8847050666809082
1.93550443649292
1.860785722732544
1.8306560516357422
1.82716965675354
1.826704978942871
1.8418848514556885
1.9317476749420166
1.7821400165557861
1.8485875129699707
1.8282806873321533
1.8296566009521484
1.8487396240234375
1.8151299953460693
1.862685203552246
1.7696027755737305
1.9312803745269775
1.81976318359375
1.8106369972229004
1.8847060203552246
1.8261196613311768
1.7850356101989746
1.8256516456604004
1.9443378448486328
1.8367066383361816
1.8427162170410156
1.8686890602111816
1.7811927795410156
1.899643898010254
1.849722146987915
1.8426668643951416
1.9393184185028076
1.7404441833496094
1.7455790042877197
1.7645974159240723
1.7871205806732178
1.8528704643249512
1.8266534805297852
1.848672866821289
1.9423787593841553
1.7878684997558594
1.78761887550354
1.80263090133667
2.052428960800171
1.7415761947631836
1.837662696838379
1.8000106811523438
1.8578987121582031
1.8907103538513184
1.9367539882659912
1.7831518650054932
1.7986884117126465
1.8646867275238037
1.888188123703003
1.8994462490081787
1.8366615772247314
1.8266525268554688
1.7717957496643066
1.8878047466278076
1.8666870594024658
1.7832045555114746
1.8346855640411377
1.8037121295928955
1.8076353073120117
1.815765142440796
1.7846994400024414
1.7605924606323242
1.8426673412322998
1.8291239738464355
1.8173413276672363
1.8476710319519043
1.8296558856964111
1.7942664623260498
1.885904312133789
1.7796096801757812
1.7777490615844727
1.8031625747680664
1.8367552757263184
1.8516769409179688
1.784273624420166
1.8306190967559814
1.7970471382141113
1.7605924606323242
1.892719030380249
1.7928247451782227
1.854677677154541
1.7786102294921875
1.8692762851715088
1.783726453781128
1.825653314590454
1.936255931854248
1.7778124809265137
1.8598213195800781
1.8977174758911133
1.793623685836792
1.9263615608215332
1.835693359375
1.923741340637207
1.8633110523223877
1.8257906436920166
1.8677434921264648
1.8226492404937744
1.7851169109344482
1.869825839996338
1.8336589336395264
1.732567310333252
1.8360610008239746
1.803769826889038
1.8516762256622314
1.8616862297058105
1.877211332321167
1.8387374877929688
1.8716943264007568
1.807636022567749
1.8012866973876953
1.829441785812378
1.770601749420166
1.860187292098999
1.7725517749786377
1.836838722229004
1.8026316165924072
1.82224702835083
1.791722297668457
1.8006277084350586
1.822648048400879
1.8792757987976074
1.833129644393921
1.8128821849822998
1.8246495723724365
1.8668067455291748
1.8265464305877686
1.8016302585601807
1.8626842498779297
1.78607177734375
1.8057265281677246
1.822648525238037
1.8376615047454834
1.778609275817871
1.8468482494354248
1.8006279468536377
1.8726937770843506
1.7976164817810059
1.799790382385254
1.8266510963439941
1.82865571975708
1.7071809768676758
1.755206823348999
1.7675995826721191
1.8075652122497559
1.797349214553833
1.7676010131835938
1.8706915378570557
1.7959463596343994
1.8881614208221436
1.8686957359313965
1.9407563209533691
1.8221595287322998
1.8438303470611572
1.7906205654144287
1.7651042938232422
1.7919509410858154
1.7756917476654053
1.8556792736053467
1.8351788520812988
1.74649977684021
1.8507132530212402
1.8406646251678467
1.9162373542785645
1.8708398342132568
1.8376636505126953
1.8476712703704834
1.8204395771026611
1.8417816162109375
1.8256523609161377
1.8211939334869385
1.836775779724121
1.912879467010498
1.789618968963623
1.911367416381836
1.814682960510254
1.8557801246643066
1.7986266613006592
1.7829253673553467
1.824648141860962
1.7876183986663818
1.8937122821807861
1.7811148166656494
1.8420910835266113
1.7405731678009033
1.8156423568725586
1.7506375312805176
1.831859827041626
1.7535860538482666
1.834660291671753
1.8597705364227295
1.8718628883361816
1.7685985565185547
1.8196454048156738
1.8677935600280762
1.817751169204712
1.8046324253082275
1.8266520500183105
1.8554775714874268
1.7838191986083984
1.8576805591583252
1.851675033569336
1.833749532699585
1.8339107036590576
1.8506746292114258
1.8912291526794434
1.8061625957489014
1.7780117988586426
1.7856159210205078
1.9597880840301514
1.799806833267212
1.8046338558197021
1.81864595413208
1.7840969562530518
1.878812551498413
1.9087269306182861
1.8276536464691162
1.8753108978271484
1.817732572555542
1.8536767959594727
1.8256499767303467
1.8922221660614014
1.7787508964538574
1.7846148014068604
1.7831225395202637
1.7975845336914062
1.8267688751220703
1.9107284545898438
1.9072303771972656
1.824652910232544
1.8448154926300049
1.7906193733215332
1.8057637214660645
1.7802565097808838
1.7746639251708984
1.9047229290008545
1.8862693309783936
1.7966957092285156
1.8346607685089111
1.9477629661560059
1.8823292255401611
1.8477568626403809
1.8026304244995117
1.834658145904541
1.9243130683898926
1.7877798080444336
1.7535858154296875
1.8857059478759766
1.865365743637085
1.7767386436462402
1.9097273349761963
1.8141613006591797
1.8227624893188477
1.8148219585418701
1.7736034393310547
1.7691407203674316
1.8952147960662842
1.8279013633728027
1.784613847732544
1.8929028511047363
1.7841784954071045
1.7956256866455078
1.8907091617584229
1.8422024250030518
1.7976915836334229
1.8807010650634766
1.9067254066467285
1.8302488327026367
1.7697117328643799
1.8726952075958252
1.843224048614502
1.855548620223999
1.8021037578582764
1.8066344261169434
1.9370086193084717
1.8437833786010742
1.937753677368164
1.7625937461853027
1.861154317855835
1.8126881122589111
1.8376622200012207
1.8316559791564941
1.9371509552001953
1.9335527420043945
1.8536770343780518
1.799628496170044
1.7500791549682617
1.8649463653564453
1.8536772727966309
1.8156437873840332
1.8088853359222412
1.8658607006072998
1.8306565284729004
1.8516736030578613
1.8192098140716553
1.818593978881836
1.8496735095977783
1.881216287612915
1.882167100906372
1.7926530838012695
1.8346590995788574
1.8909165859222412
1.9248337745666504
1.8146417140960693
1.9007208347320557
1.8842084407806396
1.830756425857544
1.9567713737487793
1.9012444019317627
1.858194351196289
1.8047001361846924
1.9077258110046387
1.8546781539916992
1.7915568351745605
1.8917171955108643
1.825653076171875
1.8526527881622314
1.8683793544769287
1.8316562175750732
1.8396644592285156
1.8720579147338867
1.8447113037109375
1.8536767959594727
1.900719404220581
1.8045597076416016
1.813755989074707
1.8466708660125732
1.8156414031982422
1.8073174953460693
1.8908264636993408
1.7565908432006836
1.9367530345916748
1.9024980068206787
1.7977759838104248
1.9827935695648193
1.7771992683410645
1.9027583599090576
1.8098599910736084
1.7575914859771729
1.970128059387207
1.762683391571045
1.90480375289917
1.8026318550109863
1.8306589126586914
1.8467905521392822
1.828653335571289
1.7470831871032715
1.9125723838806152
1.845754861831665
1.7686002254486084
1.7666521072387695
1.819809913635254
1.81864333152771
1.8746962547302246
1.886556625366211
1.7647855281829834
1.790619134902954
1.8226499557495117
1.8622057437896729
1.773904800415039
1.8206498622894287
1.8624393939971924
1.8233163356781006
1.831700325012207
1.818647861480713
1.871086835861206
1.9284334182739258
1.9857995510101318
1.7916231155395508
1.7561311721801758
1.881913423538208
1.8716957569122314
1.83766508102417
1.8966777324676514
1.7686741352081299
1.7886219024658203
1.7888011932373047
1.7753732204437256
1.8845882415771484
1.8116400241851807
1.913245439529419
1.933506965637207
1.8456711769104004
1.822650671005249
1.8833744525909424
1.8830430507659912
1.808638334274292
1.9082844257354736
1.9276835918426514
1.8837075233459473
1.7816157341003418
1.880126714706421
1.830876350402832
1.856682300567627
1.7986280918121338
1.8860032558441162
1.8425571918487549
1.9787931442260742
1.8456740379333496
1.7602427005767822
1.8408374786376953
1.9667832851409912
1.8583152294158936
1.8967726230621338
1.8807039260864258
1.8716967105865479
1.9442129135131836
1.8668687343597412
1.8546817302703857
1.7776107788085938
1.8809959888458252
1.804814100265503
1.7175562381744385
1.8897120952606201
1.7756431102752686
2.026909112930298
1.7746083736419678
1.7968316078186035
1.7472245693206787
1.974790096282959
1.8226523399353027
1.7996113300323486
1.8838162422180176
1.8686943054199219
1.801630973815918
1.8559322357177734
1.7907156944274902
1.7816147804260254
1.8091485500335693
1.8201696872711182
1.8629167079925537
1.844670295715332
1.8042407035827637
1.8378255367279053
1.8387928009033203
1.8516778945922852
1.8263084888458252
1.828545331954956
1.8807029724121094
1.7535898685455322
1.9003832340240479
1.843872308731079
1.7736070156097412
1.80914306640625
1.8987109661102295
1.9137721061706543
1.866692066192627
1.745544672012329
1.8837158679962158
1.85868239402771
1.8553173542022705
1.7987163066864014
1.7736072540283203
1.8656902313232422
1.8742496967315674
1.8418452739715576
1.8176472187042236
1.7966275215148926
1.8652019500732422
1.77475905418396
1.8466744422912598
1.8642055988311768
1.8298532962799072
1.8746998310089111
1.829657793045044
1.8154282569885254
1.828852891921997
1.8226521015167236
1.8621995449066162
1.871713399887085
1.8484389781951904
1.8576843738555908
1.8501806259155273
1.774367094039917
1.9037249088287354
1.7625970840454102
1.8136646747589111
1.843839168548584
1.8436713218688965
1.8426690101623535
1.8855080604553223
1.780761480331421
1.9217414855957031
1.7355725765228271
1.7822473049163818
1.895787239074707
1.9287471771240234
1.8241338729858398
1.8687808513641357
1.8436713218688965
1.8236515522003174
1.9815311431884766
1.8487730026245117
1.8036324977874756
1.7901489734649658
1.889758586883545
1.8828823566436768
1.855682373046875
1.8908612728118896
1.8008060455322266
1.8226516246795654
1.8396670818328857
1.8375427722930908
1.8048973083496094
1.7726061344146729
1.9177381992340088
1.794330358505249
1.8327791690826416
1.8837075233459473
1.8211898803710938
1.8699162006378174
1.8226516246795654
1.8466734886169434
1.8202431201934814
1.7798006534576416
1.8546793460845947
1.8096392154693604
1.8517372608184814
1.8387486934661865
1.8486747741699219
1.8018040657043457
1.777766466140747
1.8477540016174316
1.8456718921661377
1.8623340129852295
1.879817247390747
1.8510031700134277
1.8236498832702637
1.9114463329315186
1.8152732849121094
1.765599250793457
1.7941443920135498
1.8725485801696777
1.84470534324646
1.8276560306549072
1.8427400588989258
1.79571533203125
1.8797023296356201
1.7896218299865723
1.8238961696624756
1.847879409790039
1.7746076583862305
1.824653148651123
1.9392766952514648
1.8049168586730957
1.980794906616211
1.7941875457763672
1.8542184829711914
1.820826768875122
1.8396673202514648
1.8181626796722412
1.9995086193084717
1.8771190643310547
1.8616857528686523
1.800184965133667
1.830707311630249
1.9097719192504883
1.950768232345581
1.8003334999084473
1.9115478992462158
1.8576831817626953
1.8026340007781982
1.7884023189544678
1.7972185611724854
1.8877105712890625
1.8491806983947754
1.789010763168335
1.8248260021209717
1.862687587738037
1.839228630065918
1.8302855491638184
1.8537254333496094
1.9827966690063477
1.8973510265350342
1.824730396270752
1.8086392879486084
1.9272797107696533
1.8796584606170654
1.8466825485229492
1.7756097316741943
1.961683988571167
1.8808560371398926
1.835663080215454
1.8346624374389648
1.8152642250061035
1.841759443283081
1.8026328086853027
1.8736975193023682
1.8514692783355713
1.831775188446045
1.8096399307250977
1.9083094596862793
1.793010950088501
1.9418675899505615
1.8336622714996338
1.8252525329589844
1.8273441791534424
1.9448130130767822
1.8686916828155518
1.8262848854064941
1.9364383220672607
1.832660436630249
1.8216500282287598
1.8251421451568604
1.9906635284423828
1.8016321659088135
1.8116405010223389
1.9021644592285156
1.8207874298095703
1.8096401691436768
1.8932418823242188
1.8673791885375977
1.7426931858062744
1.7816133499145508
1.7762959003448486
1.783531665802002
1.8047852516174316
1.935753583908081
1.807173728942871
1.8387320041656494
1.843686819076538
1.8907129764556885
1.871666669845581
1.8964436054229736
1.757591962814331
1.7946252822875977
1.7550337314605713
1.8563346862792969
1.7656004428863525
1.7766103744506836
1.8061060905456543
1.8612353801727295
1.850677251815796
1.76011061668396
1.879087209701538
1.788621425628662
1.8742287158966064
1.924274206161499
1.9141440391540527
1.7806143760681152
1.9069674015045166
1.8043899536132812
1.9337544441223145
1.8496758937835693
1.7872264385223389
1.8025150299072266
1.9067270755767822
1.9237432479858398
1.8358924388885498
1.9438385963439941
1.9817960262298584
1.837266206741333
1.9508166313171387
1.7897305488586426
1.838667392730713
1.9302937984466553
1.8066139221191406
1.855670690536499
1.8196487426757812
1.7886204719543457
1.848356008529663
1.835036277770996
1.8076367378234863
1.8041834831237793
1.8181991577148438
1.8046343326568604
1.7826151847839355
1.8505043983459473
1.812772512435913
1.8486762046813965
1.7986295223236084
1.918269157409668
1.7527272701263428
2.0328433513641357
1.8098690509796143
1.853332757949829
1.8396656513214111
1.8006324768066406
1.8430414199829102
1.9834768772125244
1.756591796875
1.7646009922027588
1.767214298248291
1.7998721599578857
1.877701759338379
1.795151948928833
1.824751853942871
1.763596534729004
1.8887102603912354
1.9162867069244385
1.7804548740386963
1.7756094932556152
1.7746078968048096
1.9459068775177002
1.8138937950134277
1.767601728439331
1.849205732345581
1.8447043895721436
1.9307799339294434
1.756591558456421
1.903245210647583
1.8904874324798584
1.8987185955047607
1.9487645626068115
1.8504085540771484
1.9168241024017334
1.823653221130371
1.8487610816955566
1.8873472213745117
1.7896528244018555
1.8276546001434326
1.833841323852539
1.8464915752410889
1.8927233219146729
1.8256537914276123
1.8810935020446777
1.9295744895935059
1.8476738929748535
1.7936253547668457
1.7983729839324951
1.8562660217285156
1.744579553604126
1.8302478790283203
1.820798635482788
1.8666903972625732
1.7095496654510498
1.7929868698120117
1.8298852443695068
1.8286559581756592
1.8176474571228027
1.9164607524871826
1.859858512878418
1.7926249504089355
1.8251664638519287
1.846015214920044
1.841670036315918
1.824652910232544
1.8524432182312012
1.823838472366333
1.778611183166504
1.7706043720245361
1.7901604175567627
1.9869418144226074
1.8506767749786377
1.8336613178253174
1.9232902526855469
1.7657301425933838
1.865689754486084
1.962244987487793
1.7847445011138916
1.8406684398651123
1.8106393814086914
1.8269140720367432
1.7968475818634033
1.837665319442749
1.7991344928741455
1.8552234172821045
1.7797176837921143
1.8276565074920654
1.8012261390686035
1.8673202991485596
1.8086881637573242
1.885709524154663
1.7931528091430664
1.8987646102905273
1.8137412071228027
1.8366644382476807
1.9027228355407715
1.8835761547088623
1.8739013671875
1.8226511478424072
1.871347188949585
2.0659546852111816
2.001814126968384
1.8777027130126953
1.8427212238311768
1.8698210716247559
1.7846167087554932
1.8787012100219727
1.8961517810821533
1.8057715892791748
1.795625925064087
1.824181318283081
1.835693120956421
2.0669662952423096
1.8706960678100586
1.8412518501281738
1.8141717910766602
1.827761173248291
1.780613660812378
1.8752431869506836
1.7548201084136963
1.8426690101623535
1.9167368412017822
1.8885352611541748
1.8407254219055176
1.860687255859375
1.78812575340271
1.8573989868164062
1.8477263450622559
1.793625831604004
1.8833551406860352
1.7598161697387695
1.7585926055908203
1.7635974884033203
1.7994718551635742
1.7877509593963623
1.8066365718841553
1.831751823425293
1.766770839691162
1.824652910232544
1.9467651844024658
1.8557357788085938
1.8057975769042969
1.7966094017028809
1.7701129913330078
1.7798798084259033
1.8567571640014648
1.7505848407745361
1.8377788066864014
1.858898401260376
1.8997232913970947
1.7846193313598633
1.8467161655426025
1.8258671760559082
1.997812032699585
1.8736987113952637
1.8692972660064697
1.86885404586792
1.7656021118164062
1.8562884330749512
1.8765873908996582
1.8867111206054688
1.7575955390930176
1.7872254848480225
1.8627197742462158
1.821653127670288
1.82716703414917
1.744281530380249
1.8536806106567383
1.8716967105865479
1.83333158493042
1.7934961318969727
1.9568922519683838
1.9067296981811523
1.815734624862671
1.8274035453796387
1.7625987529754639
1.8076393604278564
1.8371925354003906
1.8597731590270996
1.8456745147705078
1.8706974983215332
1.8484058380126953
1.7938487529754639
1.9347548484802246
1.7751457691192627
1.8465657234191895
1.910745620727539
1.8526811599731445
1.9183204174041748
1.9038200378417969
1.806638240814209
1.8326621055603027
1.8421821594238281
1.7783122062683105
1.8116443157196045
1.8166470527648926
1.9328210353851318
1.8737671375274658
1.7726075649261475
1.8391821384429932
1.728459358215332
1.9257965087890625
1.7936267852783203
1.794191598892212
1.7912883758544922
1.901977777481079
1.8316609859466553
1.8416094779968262
1.840780258178711
1.7846183776855469
1.7530949115753174
1.831169605255127
1.8307313919067383
1.7746083736419678
1.7846190929412842
1.836677074432373
1.8117585182189941
1.7125515937805176
1.815192461013794
1.875852346420288
1.9458825588226318
1.8016364574432373
1.9132118225097656
1.7898223400115967
1.813645839691162
1.8006322383880615
1.832573413848877
1.7798106670379639
1.847677230834961
1.8122434616088867
1.8206377029418945
1.861767053604126
1.7595951557159424
1.7882435321807861
1.8242130279541016
1.861689567565918
1.9047269821166992
1.8191921710968018
1.8148281574249268
1.8987236022949219
1.7507641315460205
1.7923774719238281
1.832669734954834
1.7355735301971436
1.8458664417266846
1.7833666801452637
1.8857107162475586
1.7395784854888916
1.8362367153167725
1.8943555355072021
1.848907709121704
1.8666942119598389
1.8423645496368408
1.86790132522583
1.8276584148406982
1.8516802787780762
1.7967379093170166
1.8068366050720215
1.8546810150146484
1.78662109375
1.841167688369751
1.8397769927978516
1.8426713943481445
1.7821471691131592
1.8381905555725098
1.846081018447876
1.7686054706573486
1.7891840934753418
1.7316999435424805
1.7865772247314453
1.8186497688293457
1.8681542873382568
1.7853314876556396
1.8306612968444824
1.9207422733306885
1.8206813335418701
1.7777502536773682
1.769603967666626
1.818650484085083
1.8078322410583496
1.8058137893676758
1.8056375980377197
1.8382341861724854
1.8486735820770264
1.8288383483886719
1.8586857318878174
1.8597838878631592
1.77705979347229
1.768704891204834
1.8476758003234863
1.7962696552276611
1.8021013736724854
1.854816198348999
1.7876224517822266
1.6950430870056152
1.7765421867370605
1.786656379699707
1.8676960468292236
1.7968075275421143
1.8601267337799072
1.8987231254577637
1.7656011581420898
1.8278687000274658
1.8817148208618164
1.8206508159637451
1.8947193622589111
1.8292601108551025
1.8929169178009033
1.8596880435943604
1.7821216583251953
1.7615642547607422
1.7967357635498047
1.870697259902954
1.9553487300872803
1.9256808757781982
1.907792329788208
1.790625810623169
1.8932054042816162
1.844926357269287
1.8366656303405762
2.0728793144226074
2.0274815559387207
1.958824634552002
1.9357562065124512
1.866337776184082
1.890760898590088
1.8416714668273926
1.9197406768798828
1.8521265983581543
1.8115196228027344
1.8116438388824463
1.8226547241210938
1.794999122619629
1.751589298248291
1.8726990222930908
1.8241856098175049
1.8432402610778809
1.8026361465454102
1.9128949642181396
1.896763563156128
1.8777832984924316
1.7645995616912842
1.8048996925354004
1.810420274734497
1.9047276973724365
1.9397590160369873
1.8519504070281982
1.9359173774719238
1.8106427192687988
1.8376688957214355
1.8417491912841797
1.9919168949127197
1.7776126861572266
1.8818378448486328
1.8968958854675293
1.807640790939331
1.8256559371948242
1.9293365478515625
1.748741865158081
1.7886223793029785
1.7971339225769043
1.773010492324829
1.8286592960357666
1.8556840419769287
1.8551454544067383
1.924494743347168
1.8356664180755615
1.8676936626434326
1.851163387298584
1.8478217124938965
1.7956275939941406
1.8742079734802246
1.9582011699676514
1.8087918758392334
1.831662893295288
1.8732476234436035
1.8705251216888428
1.8000879287719727
1.8747000694274902
1.7988157272338867
1.8228609561920166
1.8356637954711914
1.8336617946624756
1.8232190608978271
1.8357253074645996
1.7786126136779785
1.8757026195526123
1.8911302089691162
1.8297038078308105
1.8196511268615723
1.9012997150421143
1.7820444107055664
1.8377063274383545
1.920743703842163
1.7998828887939453
1.7867772579193115
1.8546826839447021
1.968787431716919
1.9008824825286865
1.8467633724212646
1.8206517696380615
1.8206517696380615
1.7992770671844482
1.810791015625
1.8136448860168457
1.813777208328247
1.7937591075897217
1.7756099700927734
1.8346645832061768
1.8842506408691406
1.75364089012146
1.821652889251709
1.8326630592346191
1.822291612625122
1.781294584274292
1.8787050247192383
1.8486788272857666
1.9027965068817139
1.8888263702392578
1.9617786407470703
1.8126442432403564
1.822695016860962
1.8566875457763672
1.8476762771606445
1.7786140441894531
1.8390345573425293
1.9117355346679688
1.886711597442627
1.7822976112365723
1.8073842525482178
1.8586852550506592
1.7786130905151367
1.7970590591430664
1.879042148590088
1.804638147354126
1.7666032314300537
1.8292465209960938
1.829761028289795
1.9487690925598145
1.823195219039917
1.8219244480133057
1.8437702655792236
1.905729055404663
1.9883575439453125
1.8708081245422363
1.8576853275299072
1.8066387176513672
1.7905902862548828
1.9299111366271973
1.8436708450317383
1.9607799053192139
1.7567760944366455
1.9128892421722412
1.8166463375091553
1.9152438640594482
1.810595989227295
1.7896723747253418
1.8516802787780762
1.896972417831421
1.810314655303955
1.8737461566925049
1.8556852340698242
1.8484742641448975
1.8618059158325195
1.911733865737915
1.8692357540130615
1.9328100681304932
1.940882921218872
1.850677251815796
1.849341869354248
1.776665449142456
1.8408265113830566
1.983799934387207
1.85318922996521
1.753007173538208
1.8797054290771484
1.8031458854675293
1.8297462463378906
1.884709119796753
1.8466744422912598
1.9152295589447021
1.8178081512451172
1.8927185535430908
1.8256542682647705
1.795309066772461
1.7846193313598633
1.8096415996551514
1.8829891681671143
1.8857598304748535
1.8576850891113281
1.8686954975128174
1.8320636749267578
1.8117625713348389
1.8696973323822021
1.8263030052185059
1.9152143001556396
1.7466788291931152
1.7986316680908203
1.961289405822754
1.903778314590454
1.8260219097137451
1.8366661071777344
1.9062354564666748
1.7515320777893066
1.892838478088379
1.8096413612365723
1.925370693206787
1.9798469543457031
1.7656021118164062
1.926267147064209
1.8098485469818115
1.909787654876709
1.8476762771606445
1.9279351234436035
1.7626445293426514
1.8126444816589355
2.006819725036621
1.8738429546356201
1.8678474426269531
1.8486766815185547
1.8226535320281982
1.7986538410186768
1.8787546157836914
1.7585961818695068
1.8571670055389404
1.8534142971038818
1.949770450592041
1.8586852550506592
1.8664138317108154
1.8839235305786133
1.8026340007781982
1.8516795635223389
1.8702139854431152
1.821692705154419
1.7866199016571045
1.8912429809570312
1.8891589641571045
1.8427488803863525
1.811643362045288
1.8082032203674316
1.8168306350708008
1.8097054958343506
1.814647912979126
1.8320837020874023
1.8558721542358398
1.801633358001709
1.9027254581451416
1.812196969985962
1.8408253192901611
1.7465837001800537
1.8276581764221191
1.795196294784546
1.8117990493774414
1.7896232604980469
1.9197416305541992
1.8151195049285889
1.8838822841644287
1.8536815643310547
1.8196496963500977
1.8434598445892334
1.790576696395874
1.994809865951538
1.908202886581421
1.7332651615142822
1.8706982135772705
1.8596882820129395
1.8837647438049316
1.7887535095214844
1.818650484085083
1.8256566524505615
1.8727750778198242
1.8707964420318604
1.786620855331421
1.9007232189178467
1.8562159538269043
1.8178341388702393
1.9117352962493896
1.8466744422912598
1.8697450160980225
1.903271198272705
1.7495853900909424
1.9052424430847168
1.8661448955535889
1.834902286529541
1.8256571292877197
1.840233564376831
1.9442188739776611
1.8178462982177734
1.9557743072509766
1.7832112312316895
1.8031675815582275
1.8578736782073975
1.8907139301300049
1.8236536979675293
1.8062009811401367
1.839855670928955
1.9938106536865234
1.905729055404663
1.8087708950042725
1.8047385215759277
1.8546817302703857
1.8897144794464111
1.7257544994354248
1.8257756233215332
1.8036367893218994
1.8136475086212158
1.7772493362426758
1.835096836090088
1.899726152420044
1.9519526958465576
1.8477568626403809
1.7946290969848633
1.8817088603973389
1.8102977275848389
1.813776969909668
1.7896246910095215
1.8827083110809326
1.7672209739685059
1.8996033668518066
1.789623498916626
1.966785192489624
1.805178165435791
1.8560514450073242
1.9337553977966309
1.890716314315796
1.808185338973999
1.8577244281768799
1.8867130279541016
1.8802990913391113
1.8507452011108398
2.266057252883911
1.844674825668335
1.8492467403411865
1.846743106842041
1.8266594409942627
1.8282110691070557
1.8415725231170654
1.8136699199676514
1.9347560405731201
1.8832416534423828
2.0045342445373535
1.8486802577972412
1.8276586532592773
1.8112332820892334
1.8067665100097656
1.842672348022461
1.8166513442993164
1.8508124351501465
1.8552215099334717
1.822655200958252
1.8012011051177979
1.7782707214355469
1.8326632976531982
1.7936298847198486
1.8303539752960205
1.88075852394104
1.8817079067230225
1.9067292213439941
1.8162174224853516
1.8697867393493652
1.8636915683746338
1.8476777076721191
1.8827698230743408
1.8427612781524658
1.8446738719940186
1.8222601413726807
1.9434871673583984
1.9207441806793213
1.9287521839141846
1.8586053848266602
1.7994985580444336
1.8026366233825684
1.790625810623169
1.9006829261779785
1.8333537578582764
1.7926287651062012
1.8887145519256592
1.7911064624786377
1.7967875003814697
1.804638385772705
1.8546831607818604
1.7551212310791016
1.9012362957000732
2.3821632862091064
1.8943417072296143
1.8241662979125977
1.8560807704925537
1.8496792316436768
1.7942352294921875
1.9329833984375
1.8246564865112305
1.7535927295684814
1.7762906551361084
2.14607572555542
1.7906262874603271
1.8341803550720215
1.7806785106658936
1.9988138675689697
1.8626906871795654
1.8042418956756592
1.8523144721984863
1.7716131210327148
1.8036375045776367
1.867309808731079
1.8496816158294678
1.859687089920044
1.7866215705871582
1.8441548347473145
1.8187718391418457
1.7806172370910645
2.001817464828491
1.8338024616241455
1.804830551147461
1.787623405456543
1.8296589851379395
1.7757201194763184
1.827071189880371
1.8086414337158203
1.828782320022583
1.943160057067871
1.8236536979675293
1.8336634635925293
1.8274338245391846
1.906890869140625
1.7966296672821045
1.7951524257659912
1.7575197219848633
1.8938090801239014
1.7926287651062012
1.8401737213134766
1.8345787525177002
1.9367592334747314
1.9848027229309082
1.928431510925293
1.8767471313476562
2.2950844764709473
1.898343563079834
1.8728675842285156
1.9457659721374512
1.9092576503753662
1.9055159091949463
1.8206636905670166
1.7455863952636719
1.9231669902801514
2.0160858631134033
1.855684518814087
1.8456754684448242
1.8883860111236572
1.9198887348175049
2.12693190574646
1.8278007507324219
1.8167974948883057
1.9707894325256348
1.8326647281646729
1.9174306392669678
1.8357107639312744
1.8877148628234863
1.830188274383545
1.858748435974121
1.8867619037628174
1.9267487525939941
1.8752973079681396
1.985353708267212
2.1959946155548096
2.0358502864837646
1.9772305488586426
2.009856700897217
2.062873601913452
2.118746042251587
2.184255361557007
2.107504367828369
1.9062612056732178
1.996889591217041
1.9888055324554443
2.0150229930877686
1.900810718536377
2.0128283500671387
1.8346660137176514
1.800124168395996
1.8821780681610107
1.9097342491149902
1.9644057750701904
1.9695892333984375
1.7996346950531006
1.9307520389556885
1.821251630783081
1.8228132724761963
1.9177398681640625
2.126464605331421
1.9464106559753418
1.8196518421173096
1.806640625
1.956671953201294
1.8658850193023682
1.8416719436645508
1.8957195281982422
2.209778070449829
2.0540037155151367
1.9747915267944336
1.8862392902374268
1.9426913261413574
2.0218358039855957
1.9330735206604004
2.094403028488159
2.0469846725463867
1.8944156169891357
2.014984130859375
2.04085373878479
1.9103024005889893
1.9082207679748535
1.7576053142547607
2.0982816219329834
2.034564733505249
1.9918098449707031
1.8476762771606445
1.8773655891418457
1.9740183353424072
1.9602611064910889
1.8743224143981934
1.9465389251708984
1.9970614910125732
1.9828004837036133
1.9925673007965088
1.993987798690796
1.8466777801513672
1.9597790241241455
2.226590394973755
2.0520293712615967
2.145946741104126
2.0024173259735107
1.851757287979126
1.8076403141021729
2.1079139709472656
2.0150208473205566
1.9787967205047607
1.8571960926055908
1.8671329021453857
2.054999589920044
2.1769754886627197
2.0823211669921875
1.9303722381591797
1.956777811050415
1.8286597728729248
2.011056661605835
2.0049827098846436
2.0234580039978027
2.077018976211548
1.8696963787078857
1.9974489212036133
2.222484588623047
2.343158483505249
2.0308432579040527
1.9623386859893799
2.025174856185913
2.1439473628997803
2.0065629482269287
1.8216893672943115
1.8666932582855225
1.9934980869293213
2.0971970558166504
2.050865650177002
2.0808894634246826
1.8374922275543213
1.9280974864959717
2.0268399715423584
2.1147422790527344
1.9409315586090088
1.931755781173706
2.1784987449645996
1.8662164211273193
1.8467810153961182
2.083892345428467
1.9962573051452637
1.969921350479126
2.0338475704193115
1.8550994396209717
1.8718430995941162
2.0828912258148193
2.1226117610931396
1.999213695526123
1.9023022651672363
2.1343328952789307
1.8764383792877197
1.7437105178833008
1.833665370941162
2.0555121898651123
1.963085412979126
2.1999969482421875
2.0864202976226807
1.8367524147033691
1.8156483173370361
2.0008163452148438
2.164691925048828
2.2751197814941406
2.1559579372406006
2.0118086338043213
1.9128105640411377
1.9537742137908936
1.9766614437103271
1.9695115089416504
2.2120087146759033
2.2130093574523926
2.0281543731689453
1.9739642143249512
1.9697883129119873
2.10749888420105
2.0979557037353516
1.979182481765747
1.9633839130401611
2.091898202896118
1.9900312423706055
1.8589160442352295
1.7846193313598633
1.8076419830322266
1.8321704864501953
1.9987761974334717
2.090312957763672
2.046400547027588
2.0289201736450195
1.9677298069000244
2.047877788543701
2.102910041809082
1.9984986782073975
1.7950499057769775
1.8290374279022217
2.0308446884155273
1.967355728149414
2.117863893508911
1.9988951683044434
2.168966293334961
1.868098497390747
1.9334423542022705
1.9777958393096924
2.1569576263427734
2.0443954467773438
2.125119924545288
2.011826753616333
1.8953933715820312
2.0517354011535645
2.0347976684570312
2.050355911254883
2.0654122829437256
1.9829094409942627
1.9868049621582031
1.734574556350708
1.8466053009033203
1.852757215499878
2.0128283500671387
2.138185739517212
1.972247838973999
1.997814416885376
2.0340428352355957
2.022578001022339
1.9287514686584473
1.852682113647461
1.8753268718719482
2.078873634338379
2.021836519241333
2.0277228355407715
2.00481915473938
2.045856475830078
1.910703420639038
1.8117735385894775
2.001817464828491
2.0243923664093018
1.9773037433624268
2.044855833053589
2.0397417545318604
2.060652017593384
1.7816178798675537
1.881706714630127
2.1126232147216797
1.9539108276367188
1.9797990322113037
2.2431795597076416
2.0299980640411377
1.9627814292907715
2.131452798843384
1.955185890197754
1.8097381591796875
1.9938101768493652
1.9250869750976562
2.02290415763855
2.049891948699951
2.004818916320801
2.0585834980010986
2.1529550552368164
1.8556842803955078
1.8562328815460205
1.9989540576934814
2.039851427078247
1.9948656558990479
1.9892935752868652
2.064689874649048
2.107874631881714
2.0127322673797607
2.0940818786621094
2.02243971824646
1.8780255317687988
1.85768723487854
2.0904197692871094
1.9945504665374756
2.0764360427856445
2.0252580642700195
2.029951810836792
2.105912685394287
1.9943256378173828
2.0534400939941406
2.114000082015991
2.058868885040283
1.9563233852386475
2.0139832496643066
1.8696978092193604
1.9754340648651123
2.1023433208465576
1.9669723510742188
1.9928107261657715
2.0579993724823
1.971451759338379
1.9978125095367432
1.9702417850494385
2.1171445846557617
2.1762263774871826
1.9994590282440186
2.059870958328247
2.036848783493042
2.071408987045288
2.0700039863586426
2.02583909034729
2.0539710521698
1.9714877605438232
2.0048205852508545
2.0218358039855957
2.1080052852630615
1.9879190921783447
2.0398519039154053
1.982483148574829
2.028378486633301
2.1470558643341064
1.9407618045806885
2.0183701515197754
1.995936632156372
2.0648741722106934
2.149571418762207
2.1078593730926514
2.0048210620880127
2.095902681350708
1.9503066539764404
2.0859785079956055
2.157958507537842
2.1464946269989014
2.064084529876709
1.9777977466583252
1.9773039817810059
2.0995264053344727
2.0839977264404297
1.993811845779419
1.9671993255615234
1.9880053997039795
2.0827839374542236
2.0164194107055664
2.051861047744751
2.02287220954895
2.062875270843506
1.988875389099121
2.0489773750305176
2.047858953475952
2.1355111598968506
1.9541292190551758
2.106093168258667
1.989807367324829
2.009943962097168
2.023002862930298
2.1672983169555664
2.1825978755950928
2.0338478088378906
1.9999301433563232
2.0148301124572754
2.2115612030029297
1.93568754196167
2.055865526199341
1.9263064861297607
2.2098708152770996
2.1069135665893555
2.1455318927764893
1.9630916118621826
1.9787979125976562
2.017831563949585
2.0048913955688477
2.1199951171875
1.9597797393798828
2.2461111545562744
2.1476211547851562
2.12192702293396
2.2250211238861084
2.1521456241607666
2.049696683883667
2.2363955974578857
2.203402519226074
2.2667253017425537
2.3125500679016113
2.2296695709228516
2.2106380462646484
2.251893997192383
2.159968614578247
2.205493688583374
2.08335280418396
2.03985333442688
2.01233172416687
1.9869301319122314
1.978797435760498
2.065875291824341
2.029855489730835
2.08207106590271
2.129934549331665
2.0774600505828857
2.103970527648926
2.015831708908081
2.027843475341797
2.0583865642547607
2.019975185394287
2.026841878890991
2.0614376068115234
1.9987285137176514
2.0589077472686768
2.024838924407959
2.034444808959961
2.162424087524414
2.0088272094726562
2.0598716735839844
1.9948170185089111
1.9389088153839111
1.9818010330200195
2.1725640296936035
1.9915683269500732
2.0588858127593994
2.0088248252868652
2.254516839981079
2.1325130462646484
2.056870222091675
2.0404977798461914
2.1039140224456787
2.0759806632995605
2.0057694911956787
2.076028347015381
2.2630560398101807
2.221802234649658
2.221134662628174
2.2255916595458984
2.2368016242980957
2.2550482749938965
2.203639030456543
1.9437305927276611
1.9902896881103516
2.1194803714752197
2.0422568321228027
1.9988124370574951
2.0643246173858643
2.0079753398895264
2.088897943496704
2.028949737548828
2.1206607818603516
1.966787576675415
2.11291766166687
2.130984306335449
2.0350100994110107
2.0398528575897217
2.035130500793457
1.979017972946167
2.203002691268921
2.139484405517578
2.1601152420043945
2.1649677753448486
2.149953842163086
2.0158729553222656
2.1291606426239014
2.0468595027923584
2.0705149173736572
2.120997428894043
1.9818949699401855
2.0558674335479736
2.0465199947357178
1.9964709281921387
2.1699702739715576
2.191987991333008
1.9904589653015137
2.1052064895629883
2.034848213195801
2.094517230987549
1.994023084640503
2.034230947494507
2.102452516555786
2.1153926849365234
1.9499766826629639
1.9717917442321777
1.9913570880889893
2.054985284805298
2.0898995399475098
2.116147518157959
2.0835893154144287
2.0148308277130127
2.1009089946746826
2.105992555618286
2.0929999351501465
2.1439478397369385
2.0068888664245605
1.986421823501587
2.0148305892944336
2.17197322845459
2.0446457862854004
2.0629749298095703
2.109917402267456
2.1015305519104004
2.0807406902313232
2.018892526626587
1.9637823104858398
2.051245927810669
2.1171255111694336
2.0949044227600098
2.0173537731170654
1.7145895957946777
1.6915907859802246
1.6955397129058838
1.7551240921020508
1.6517045497894287
1.7385802268981934
1.645493507385254
1.639047384262085
1.7897636890411377
1.6154661178588867
1.6876966953277588
1.7461252212524414
1.7195613384246826
1.6069717407226562
1.6634464263916016
1.6045489311218262
1.617469072341919
1.658057451248169
1.6415963172912598
1.6915369033813477
1.600452184677124
1.7033452987670898
1.6491079330444336
1.6565051078796387
1.6910371780395508
1.6066875457763672
1.7145562171936035
1.6855311393737793
1.6444091796875
1.6084811687469482
1.6014561653137207
1.5988233089447021
1.6331048011779785
1.6835289001464844
1.6014559268951416
1.7446939945220947
1.6065986156463623
1.6364874839782715
1.6855313777923584
1.6265854835510254
1.5945837497711182
1.7085514068603516
1.7055494785308838
1.8992652893066406
1.706343173980713
1.8306632041931152
1.8476698398590088
1.7748093605041504
1.8106439113616943
1.8328871726989746
1.6892504692077637
1.6728236675262451
1.756685495376587
1.7025468349456787
1.7048890590667725
1.8745050430297852
1.7656035423278809
1.7666518688201904
1.67889404296875
1.7619192600250244
1.6815271377563477
1.7175874710083008
1.6316053867340088
1.684530258178711
1.7311749458312988
1.6806423664093018
1.632244348526001
1.683100700378418
1.6599195003509521
1.8211488723754883
1.7488701343536377
1.8106439113616943
1.71407151222229
1.6744000911712646
1.70583176612854
1.6629042625427246
1.6835298538208008
1.6765234470367432
1.8282344341278076
1.7186851501464844
1.6985423564910889
1.6950700283050537
1.7714812755584717
1.6775226593017578
1.6589207649230957
1.6555583477020264
1.668515682220459
1.6695098876953125
1.7316627502441406
1.7305710315704346
1.6865315437316895
1.754096508026123
1.776702642440796
1.7655143737792969
1.8156492710113525
1.6225171089172363
1.786257028579712
1.6585087776184082
1.7280960083007812
1.7115635871887207
1.6785211563110352
1.721564769744873
1.7043681144714355
1.7180540561676025
1.739091396331787
1.7693214416503906
1.7410659790039062
1.658074140548706
1.6995434761047363
1.6537225246429443
1.6625032424926758
1.6981291770935059
1.7560985088348389
1.7085521221160889
1.823723316192627
1.7830777168273926
1.6885335445404053
1.8744966983795166
1.784668207168579
1.704329490661621
1.6540005207061768
1.7515912055969238
1.7161951065063477
1.694498062133789
1.7077116966247559
1.669013500213623
1.71455717086792
1.7331459522247314
1.700007677078247
1.679445505142212
1.6783113479614258
1.7819604873657227
1.7415814399719238
1.7065517902374268
1.7355830669403076
1.8857126235961914
1.6914949417114258
1.6916935443878174
1.7515842914581299
1.7008788585662842
1.7307109832763672
1.638489007949829
1.6953082084655762
1.708601713180542
1.724567174911499
1.79063081741333
1.8172175884246826
1.7355775833129883
1.6459686756134033
1.699601411819458
1.696211576461792
1.6634345054626465
1.733971118927002
1.775782585144043
1.7355756759643555
1.8078711032867432
1.6878688335418701
1.6970775127410889
1.8205950260162354
1.7020132541656494
1.7201099395751953
1.758967399597168
1.6595070362091064
1.7715787887573242
1.7050395011901855
1.6466739177703857
1.6805267333984375
1.7359745502471924
1.6514947414398193
1.684032917022705
1.7305684089660645
1.709524393081665
1.698542833328247
1.73850417137146
1.8088057041168213
1.7205626964569092
1.7381694316864014
1.7555947303771973
1.7270467281341553
1.6645691394805908
1.7265682220458984
1.758690357208252
1.6705851554870605
1.7606003284454346
1.72456693649292
1.6925127506256104
1.811645269393921
1.628124713897705
1.6724328994750977
1.749588966369629
1.6921684741973877
1.7582483291625977
1.7388451099395752
1.7301878929138184
1.649320125579834
1.606705665588379
1.809122085571289
1.6856648921966553
1.769608497619629
1.6885342597961426
1.7148938179016113
1.793010950088501
1.657505750656128
1.6871285438537598
1.7458548545837402
1.7924160957336426
1.6541295051574707
1.621392011642456
1.8177359104156494
1.7976319789886475
1.8061671257019043
1.7626769542694092
1.6865315437316895
1.658677339553833
1.7811086177825928
1.7318823337554932
1.6479392051696777
1.7438194751739502
1.6985528469085693
1.6655125617980957
1.773177146911621
1.7387123107910156
1.735684871673584
1.6810402870178223
1.7676055431365967
1.7285692691802979
1.7486696243286133
1.7856223583221436
1.6965389251708984
1.6768062114715576
1.7412939071655273
1.680525541305542
1.8192389011383057
1.6775236129760742
1.7063298225402832
1.7778394222259521
1.7767999172210693
1.7287495136260986
1.6825275421142578
1.675523281097412
1.7637381553649902
1.7285711765289307
1.9130585193634033
1.6398723125457764
1.9388670921325684
1.6984376907348633
1.7986342906951904
1.910625696182251
1.840672254562378
1.9142065048217773
2.061152696609497
1.9263980388641357
1.8306634426116943
1.7828502655029297
1.8168084621429443
2.0949034690856934
1.9572830200195312
1.8808434009552002
2.0358457565307617
2.1505305767059326
2.12593150138855
1.9587759971618652
1.9101321697235107
1.8341684341430664
2.1199259757995605
2.066004514694214
1.9931221008300781
1.978794813156128
1.896723747253418
2.018805503845215
2.183150291442871
1.9637858867645264
1.9380886554718018
1.847954511642456
2.0828938484191895
2.0492074489593506
1.9994876384735107
1.9587805271148682
1.9978158473968506
2.031536102294922
2.0828301906585693
1.9097352027893066
2.004518747329712
2.0237574577331543
2.2138984203338623
2.177631139755249
1.980799913406372
1.8226563930511475
1.8922114372253418
2.189073324203491
1.9517738819122314
2.1264960765838623
1.9388844966888428
1.9607820510864258
1.9317562580108643
2.169121503829956
2.1264190673828125
1.9027302265167236
1.899845838546753
1.9226462841033936
2.1019110679626465
2.197080373764038
2.2026798725128174
1.89272141456604
1.911736011505127
1.8513009548187256
2.0630300045013428
2.247699499130249
2.0359156131744385
2.0176351070404053
1.9127388000488281
1.8762421607971191
2.0321998596191406
2.1199259757995605
1.8837792873382568
1.9627854824066162
1.997788906097412
1.9517576694488525
1.9958136081695557
