Timing log for each step:
0.013012170791625977
5.062615633010864
5.165709495544434
5.148694038391113
5.101651191711426
5.228768348693848
5.11165976524353
5.406928777694702
5.200742244720459
5.23076868057251
5.224763631820679
5.235774755477905
5.299832105636597
5.102653503417969
5.282816410064697
5.018576383590698
5.194736957550049
5.34987735748291
5.219758033752441
5.756248235702515
5.1917338371276855
5.160705089569092
5.205746650695801
5.353881597518921
5.2117533683776855
5.2287681102752686
5.181725740432739
5.531043529510498
4.679266929626465
4.905473232269287
4.778357028961182
4.8524250984191895
5.128675937652588
4.869440078735352
5.291825771331787
4.638229846954346
5.15169620513916
5.629132270812988
5.33786678314209
5.483999490737915
5.226765155792236
5.367893218994141
5.190731525421143
5.370897054672241
5.344873905181885
5.0916430950164795
5.224764108657837
5.335865259170532
5.249787330627441
5.247784852981567
5.103653192520142
5.36388897895813
5.263800382614136
5.35288143157959
5.361886978149414
5.364891767501831
5.316848278045654
5.308839797973633
5.285820007324219
5.307840347290039
5.465983867645264
5.329859733581543
5.3498780727386475
5.3008341789245605
5.3779027462005615
5.45197057723999
5.301835060119629
5.264800071716309
5.300832509994507
5.3608880043029785
5.322852611541748
5.412935972213745
5.359887361526489
5.330860376358032
5.333863019943237
5.341871976852417
5.318849563598633
5.289822578430176
5.386910915374756
5.289823055267334
5.371898174285889
5.341871023178101
5.143690586090088
5.267802953720093
5.318850517272949
5.234773635864258
5.372899770736694
5.380906581878662
5.321851968765259
5.334863662719727
5.325855493545532
5.410933256149292
5.380907297134399
5.214754343032837
5.365892648696899
5.412936210632324
5.261797666549683
5.366893529891968
5.38390851020813
5.35488224029541
5.383908748626709
5.266802072525024
5.3859100341796875
5.350879907608032
5.388913154602051
5.396920442581177
5.325855016708374
5.351880073547363
5.317847728729248
5.388912916183472
5.328859329223633
5.433953523635864
5.232771396636963
5.494009256362915
5.33286190032959
5.28682017326355
5.321851968765259
5.2427802085876465
5.409932374954224
5.30984091758728
5.315847396850586
5.294828176498413
5.342870473861694
5.386912822723389
5.396921634674072
5.4179394245147705
5.366893529891968
5.383907318115234
5.359885931015015
5.373899698257446
5.370896816253662
5.438958644866943
5.227767705917358
5.362889289855957
5.366893291473389
5.2728071212768555
5.213753938674927
5.453972339630127
5.311843633651733
5.240778684616089
5.350878953933716
5.3238537311553955
5.445965528488159
5.379903793334961
5.280815362930298
5.332862854003906
5.3598878383636475
5.325855731964111
5.412935256958008
5.292825698852539
5.4499688148498535
5.314846992492676
5.494008779525757
5.407930374145508
5.461979389190674
5.357886552810669
5.238776206970215
5.076629161834717
5.4169392585754395
5.448969125747681
5.316847324371338
5.379905939102173
5.348877191543579
5.379905462265015
5.4789955615997314
5.4229443073272705
5.39992356300354
5.409932374954224
5.384909629821777
5.42794942855835
5.430951356887817
5.444964408874512
5.4599785804748535
5.340869665145874
5.394918203353882
5.255792856216431
5.228766202926636
5.376901865005493
5.384910821914673
5.390915632247925
5.284818649291992
5.334863185882568
5.485000133514404
5.320851802825928
5.452971458435059
5.419941186904907
5.422943592071533
5.507020950317383
5.377902984619141
5.355884075164795
5.293824195861816
5.3128437995910645
5.364891290664673
5.275810718536377
5.39491868019104
5.230769872665405
5.442962646484375
5.520663499832153
5.560588359832764
5.414768934249878
5.288401126861572
