Timing log for each step:
0.01901721954345703
5.349910497665405
5.172768831253052
5.1031622886657715
5.116240739822388
5.13565993309021
5.175261497497559
5.220097780227661
5.341125726699829
5.245236158370972
5.27497124671936
5.341703176498413
5.245848894119263
5.311488389968872
5.43396782875061
5.423546552658081
5.643805503845215
5.721175670623779
5.801533460617065
5.835063934326172
5.739994287490845
5.883604049682617
5.947936058044434
5.804252862930298
5.913249254226685
5.543358325958252
5.677049160003662
5.369227886199951
5.339271306991577
5.425176382064819
5.344177961349487
5.51411509513855
5.812965154647827
5.60854434967041
5.470163106918335
6.200137376785278
5.826915502548218
5.410071134567261
5.271056890487671
5.302018165588379
5.30447793006897
5.569284915924072
5.543370723724365
5.840869188308716
6.311636924743652
6.2934722900390625
6.308634042739868
5.932900667190552
5.934357166290283
6.2711732387542725
5.881767988204956
5.711509704589844
5.693886756896973
5.597795009613037
5.721120834350586
5.611879587173462
5.469099044799805
5.481236934661865
5.566988468170166
5.5508058071136475
5.409593820571899
5.599299430847168
5.608458757400513
5.651130199432373
5.586757183074951
5.526264667510986
5.724898099899292
5.449346303939819
5.704834222793579
5.392561674118042
5.519299745559692
5.4491541385650635
5.537633657455444
5.477521896362305
5.440475940704346
5.456942081451416
5.629486799240112
5.642393589019775
5.387600421905518
5.6966392993927
5.630982398986816
5.659107446670532
5.738077640533447
5.556835174560547
5.46107816696167
5.712061643600464
5.392571449279785
5.60136866569519
5.7692649364471436
5.9393792152404785
6.0342466831207275
5.823846340179443
6.041676044464111
5.84645938873291
5.595135688781738
5.909263610839844
6.008193016052246
5.887398719787598
5.796980857849121
5.884395360946655
6.003522157669067
5.652270555496216
5.820188045501709
5.665140390396118
5.633589029312134
5.7134108543396
5.751430511474609
5.774199485778809
5.431257963180542
5.631555080413818
5.72999906539917
5.664527654647827
5.797738790512085
5.828912973403931
5.693881988525391
5.588482856750488
5.484149217605591
5.836167097091675
5.764285326004028
5.52817702293396
5.550164699554443
5.692908763885498
5.914244174957275
5.413734436035156
5.656165599822998
5.675053834915161
5.691977024078369
5.844213247299194
5.962371349334717
5.896752119064331
5.730144023895264
5.912120342254639
5.52760648727417
5.594051361083984
5.492110013961792
5.684593439102173
5.8819420337677
5.681908845901489
5.70852255821228
5.560462474822998
5.5605456829071045
5.487218618392944
5.628549098968506
5.649561882019043
5.685188293457031
5.568400621414185
5.653276205062866
5.644223928451538
5.476065635681152
5.643564462661743
5.616348505020142
5.575584411621094
5.631709575653076
5.540342092514038
5.544672012329102
5.518264055252075
5.6345179080963135
5.604686737060547
5.5422539710998535
5.544371604919434
5.616960287094116
5.714677572250366
5.556316614151001
5.553282976150513
5.492549657821655
5.608179092407227
5.627695560455322
5.539530038833618
5.556455612182617
5.656251430511475
5.614500284194946
5.698957681655884
5.659258604049683
5.6661460399627686
5.639936923980713
5.788343906402588
6.014446020126343
5.903334379196167
5.835842609405518
5.813749313354492
5.8986053466796875
5.688914775848389
5.78715443611145
5.710148572921753
5.764977931976318
5.666277885437012
5.921897888183594
5.948161602020264
5.877169370651245
5.809500217437744
5.788465261459351
5.711818218231201
5.5353381633758545
5.568660736083984
5.690685272216797
5.75520133972168
5.880232572555542
5.800199508666992
5.524421215057373
5.643036603927612
5.651837587356567
5.606372117996216
5.599187612533569
5.681439161300659
5.815774202346802
5.589256525039673
5.642669439315796
5.65397047996521
5.963165044784546
5.7279722690582275
5.761420965194702
5.863765716552734
5.44691014289856
5.48019814491272
5.496659994125366
5.499787330627441
5.852489709854126
5.733287811279297
5.501056432723999
5.456331014633179
5.520383834838867
5.564110040664673
5.559508800506592
5.512281656265259
5.621094226837158
5.485816478729248
5.557401418685913
5.586119890213013
5.4948811531066895
5.502522230148315
5.619552850723267
5.539384841918945
5.567594766616821
5.575380325317383
5.546520709991455
5.524176836013794
5.576894521713257
5.5334601402282715
5.567734956741333
5.619483232498169
5.532564163208008
5.492853164672852
5.615154981613159
5.643824577331543
5.566667795181274
5.522256374359131
5.540748119354248
5.568136930465698
5.507812023162842
5.586904048919678
5.520015478134155
5.5167601108551025
5.502395391464233
5.544902563095093
5.517803907394409
5.519646883010864
5.5594494342803955
5.529216051101685
5.516517639160156
5.478317022323608
5.571724891662598
5.4822046756744385
5.4497785568237305
5.41137433052063
5.475034713745117
5.5154359340667725
5.502089500427246
5.55745792388916
5.533704996109009
5.537729978561401
5.539697170257568
5.58639669418335
5.545358896255493
5.569706201553345
5.6154046058654785
5.501333951950073
5.519164085388184
5.534561395645142
5.465264797210693
5.5046868324279785
5.492162466049194
5.557735204696655
5.550322771072388
5.55991005897522
5.620995998382568
5.487748384475708
5.527153015136719
5.525763511657715
5.501590251922607
5.4397265911102295
5.469015121459961
5.508285284042358
5.512044906616211
5.473329067230225
5.531813621520996
5.434651851654053
5.442947626113892
5.502385377883911
5.453370571136475
5.568507432937622
5.453444480895996
5.531135559082031
5.5712034702301025
5.3922648429870605
5.45402455329895
5.521515369415283
5.545325756072998
5.391216516494751
5.513880968093872
5.508382320404053
5.476657867431641
5.466681718826294
5.618072032928467
5.498589038848877
5.567237138748169
5.528112888336182
5.5123491287231445
5.493715524673462
5.526478290557861
5.546987056732178
5.448332786560059
5.540224313735962
5.574052333831787
5.495931148529053
5.502810478210449
5.499698162078857
5.563448190689087
5.460830211639404
5.505887269973755
5.474480628967285
5.543205738067627
5.583371162414551
5.573185682296753
5.459086894989014
5.538349390029907
5.437650203704834
5.538170337677002
5.479654550552368
5.505564212799072
5.540351867675781
5.501347541809082
5.630086183547974
5.534083604812622
5.482886791229248
5.538790225982666
5.5313005447387695
5.592667102813721
5.54840612411499
5.593119144439697
5.546377420425415
5.543566703796387
5.422713756561279
5.5128865242004395
5.5023722648620605
5.510694265365601
5.496368408203125
5.43748927116394
5.474995374679565
5.49381685256958
5.499561309814453
5.82768702507019
5.530278921127319
5.567535877227783
5.466653108596802
5.4587318897247314
5.478039979934692
5.481143951416016
5.500806093215942
5.461226940155029
5.434600114822388
5.50784158706665
5.584971904754639
5.5021586418151855
5.453294038772583
5.538079500198364
5.455981731414795
5.546253442764282
5.547049283981323
5.546888589859009
5.557541370391846
5.583221912384033
5.559088706970215
5.54058051109314
5.432607412338257
5.418876647949219
5.535534381866455
5.49858021736145
5.409449815750122
5.4505133628845215
5.532875299453735
5.5064475536346436
5.543096542358398
5.552715539932251
5.515271902084351
5.665951251983643
5.691489934921265
5.585865259170532
5.510354042053223
5.561194658279419
5.477736473083496
5.547577857971191
5.572299242019653
5.529367208480835
5.473482370376587
5.511261701583862
5.5723066329956055
5.5780370235443115
5.519633769989014
5.400165319442749
5.542556524276733
5.584031343460083
5.523050308227539
5.484612464904785
5.555731773376465
5.56625509262085
5.533885478973389
5.5857367515563965
5.465195655822754
5.629656791687012
5.50380277633667
5.4986982345581055
5.528242111206055
5.5682806968688965
5.432501554489136
5.540626525878906
5.556290149688721
5.519832611083984
5.553439140319824
5.589365243911743
5.475189685821533
5.505708694458008
5.62489128112793
5.554629802703857
5.565745830535889
5.570826053619385
5.55169677734375
5.636547088623047
5.640107154846191
5.522644758224487
5.579331398010254
5.51614785194397
5.502446889877319
5.573039531707764
5.3338940143585205
5.40500283241272
5.442663908004761
5.582568645477295
5.312880516052246
5.451786041259766
5.386410236358643
5.3751490116119385
5.503341913223267
5.383914470672607
5.5322794914245605
5.468783140182495
5.416393518447876
5.44730019569397
5.492359399795532
5.46866250038147
5.458991050720215
5.476158142089844
5.501189231872559
5.471648454666138
5.547360897064209
5.473258018493652
5.322369337081909
5.538484334945679
5.4523231983184814
5.4884161949157715
5.506349802017212
5.484760522842407
5.368965148925781
5.51289963722229
5.40540885925293
5.5741987228393555
5.507379770278931
5.459728717803955
5.358575820922852
5.388287782669067
5.4394543170928955
5.494632005691528
5.426693916320801
5.297775983810425
5.434429168701172
5.373028755187988
5.5389509201049805
5.414441823959351
5.410186290740967
5.392221450805664
5.261565923690796
5.484327793121338
5.426229238510132
5.437211990356445
5.4242846965789795
5.474632024765015
5.4835474491119385
5.4674012660980225
5.332719087600708
5.492681503295898
5.531306743621826
5.502557754516602
5.3667893409729
5.3798487186431885
5.819108963012695
5.679497003555298
5.525673866271973
5.387017488479614
5.306941509246826
5.4115214347839355
5.388075351715088
5.441540718078613
5.371451377868652
5.244091987609863
5.323278903961182
5.3191046714782715
5.2911155223846436
5.332295656204224
5.338137865066528
5.376446485519409
5.310561418533325
5.322185039520264
5.402994632720947
5.347927570343018
5.370374917984009
5.372146368026733
5.332271099090576
5.366519212722778
5.367265462875366
5.201630592346191
5.366963624954224
5.348400354385376
5.211274147033691
5.394615888595581
5.272574186325073
5.328378200531006
5.322255611419678
5.164999485015869
5.247267246246338
5.368860721588135
5.3987390995025635
5.300773859024048
5.354212284088135
5.256601095199585
5.316452741622925
5.27432107925415
5.293397426605225
5.223391532897949
5.338462829589844
5.3633034229278564
5.226406097412109
5.290601491928101
5.349459648132324
5.249071836471558
5.167542219161987
5.310334920883179
5.220770597457886
5.302600622177124
5.259653806686401
5.287891149520874
5.382042169570923
5.293862819671631
5.4455649852752686
5.233449459075928
5.374323606491089
5.622627258300781
5.357082843780518
5.298234701156616
5.341864109039307
5.263288497924805
5.2945075035095215
5.305307865142822
5.235485076904297
5.230267524719238
5.340113878250122
5.238213062286377
5.306273460388184
5.185186147689819
5.293466091156006
5.212690114974976
5.278320074081421
5.242447137832642
5.284143686294556
5.275282621383667
5.303351879119873
5.330302000045776
5.253271579742432
5.203058481216431
5.30232048034668
5.238635301589966
5.289290428161621
5.2361061573028564
5.352451324462891
5.285380601882935
5.381155490875244
5.34165620803833
5.286942481994629
5.236368417739868
5.173708915710449
5.27426290512085
5.3717615604400635
5.203305959701538
5.327061176300049
5.2413411140441895
5.230555057525635
5.226961851119995
5.235279321670532
5.262607574462891
5.237509250640869
5.315601110458374
5.274318218231201
5.290485620498657
5.340137958526611
5.205485820770264
5.2119975090026855
5.337199687957764
5.207117080688477
5.26645827293396
5.2837018966674805
5.173898458480835
5.289881944656372
5.233690977096558
5.254223823547363
5.283537864685059
5.277806282043457
5.275151491165161
5.225563049316406
5.226723670959473
5.217992305755615
5.204474687576294
5.17161226272583
5.146112680435181
5.341736078262329
5.2995522022247314
5.163111209869385
5.287210702896118
5.287533760070801
5.296229124069214
5.262840270996094
5.163206338882446
5.21721076965332
5.174052476882935
5.277316093444824
5.288272380828857
5.24367356300354
5.292367458343506
5.185720443725586
5.306345224380493
5.301660537719727
5.287572383880615
5.282244920730591
5.230154752731323
5.1956446170806885
5.330562114715576
5.31104302406311
5.352871656417847
5.278804779052734
5.249778747558594
5.111653089523315
5.329852342605591
5.138677358627319
5.1907243728637695
5.280806064605713
5.173710107803345
5.177713632583618
5.074618816375732
5.237767696380615
5.095638990402222
5.285811185836792
5.2227537631988525
5.16770339012146
5.105646133422852
5.351871490478516
5.144682168960571
5.147685527801514
5.2697978019714355
5.117659091949463
5.2007341384887695
5.246774911880493
5.093635320663452
5.1356751918792725
5.258787155151367
5.298822641372681
5.168704271316528
5.265793800354004
5.110651731491089
5.151691198348999
5.231761693954468
5.166702032089233
5.226758003234863
5.137676954269409
5.251779794692993
5.200733184814453
5.080625057220459
5.052598714828491
5.15068793296814
5.300824880599976
5.151689529418945
5.3358564376831055
5.205738306045532
5.174708843231201
5.283809661865234
5.322844982147217
5.15669322013855
5.270798444747925
5.159695863723755
5.178713321685791
5.226757526397705
5.227758407592773
5.2297608852386475
5.15569281578064
5.095637798309326
5.156694412231445
5.250779390335083
5.237766981124878
5.2607879638671875
5.305830240249634
5.250779390335083
5.225756645202637
5.325846910476685
5.1456825733184814
5.08162522315979
5.1977317333221436
5.188722610473633
5.246776103973389
5.239768981933594
5.239769458770752
5.158695220947266
5.141679525375366
5.180715799331665
5.311835050582886
5.050597667694092
5.161699056625366
5.190723896026611
5.147685766220093
5.256784677505493
5.18772292137146
5.311834812164307
5.302826881408691
5.191725254058838
5.2297587394714355
5.270797967910767
5.261789560317993
5.078622341156006
5.225756645202637
5.221753835678101
5.169706344604492
5.0616066455841064
5.371890068054199
5.217748403549194
5.260788440704346
5.394910097122192
5.1727073192596436
5.353873252868652
5.2357659339904785
5.159696102142334
5.216748237609863
5.220752000808716
5.252782344818115
5.1687047481536865
5.345865964889526
5.297821998596191
5.193727970123291
5.0465922355651855
5.223755121231079
5.316839218139648
5.031578540802002
5.280806541442871
5.224754571914673
5.146684169769287
5.152691125869751
5.160696506500244
5.259787321090698
5.3248467445373535
5.214745998382568
5.233763933181763
5.183717489242554
5.178712844848633
5.126665830612183
5.252779722213745
5.3288493156433105
5.2367658615112305
5.249778985977173
5.2517805099487305
5.172707557678223
5.155692100524902
5.208739280700684
5.249777555465698
5.07161545753479
5.1747095584869385
5.235764741897583
5.277803421020508
4.976529359817505
5.254782676696777
5.338858366012573
5.193727016448975
5.087630987167358
5.218750476837158
5.054600954055786
5.20273494720459
5.243772268295288
5.259787082672119
5.212743759155273
5.126666784286499
5.343863010406494
5.142681360244751
5.246774911880493
5.269796133041382
5.152688980102539
5.164700031280518
5.18972373008728
5.200733184814453
5.3388590812683105
5.229760408401489
5.204737901687622
5.164700031280518
5.285810470581055
5.351870059967041
5.080625295639038
5.243772506713867
5.09864068031311
5.171706676483154
5.2407708168029785
5.112653493881226
5.276801586151123
5.155693531036377
5.237766742706299
5.255783319473267
5.139678001403809
5.206738471984863
5.188723802566528
5.025574684143066
5.169705390930176
5.241770505905151
5.174709320068359
5.302826166152954
5.218750238418579
5.237766981124878
5.111653566360474
5.057602882385254
5.193727493286133
5.032580375671387
5.265791893005371
5.144682168960571
5.208740234375
5.2507805824279785
5.300824403762817
5.235763788223267
5.220751047134399
5.160696506500244
5.105647802352905
5.189723253250122
5.201734304428101
5.187721014022827
5.192726373672485
5.136674404144287
5.15068793296814
5.220751523971558
5.088630437850952
5.212743759155273
5.178712368011475
5.226757049560547
5.157694578170776
5.157694578170776
5.434945821762085
5.129668474197388
5.13267183303833
5.139676809310913
5.113654613494873
5.245774745941162
5.221752405166626
5.317839860916138
5.271796941757202
5.263790607452393
5.246775150299072
5.201733350753784
5.321842908859253
5.089633941650391
5.27880334854126
5.188721656799316
5.092634916305542
5.0786237716674805
5.286811351776123
5.153690338134766
5.21174430847168
5.231761932373047
5.347867250442505
5.265791177749634
5.204737663269043
5.179716110229492
5.2057390213012695
5.164700269699097
5.218749761581421
5.252780914306641
5.291816234588623
5.289813995361328
5.229760408401489
5.15068793296814
5.298822402954102
5.1717071533203125
5.229759216308594
5.198731899261475
5.239768981933594
5.187721490859985
5.105646848678589
5.201734304428101
5.158696174621582
4.966521263122559
5.239769220352173
5.158695697784424
5.245773792266846
5.214745998382568
5.296820878982544
5.2137463092803955
5.267793893814087
5.250777721405029
5.240769863128662
5.194729804992676
5.30582857131958
5.164700746536255
5.210742235183716
5.139677047729492
5.075619220733643
5.325845718383789
5.281806945800781
5.941407918930054
5.171706676483154
5.281806468963623
5.2988221645355225
5.268795013427734
5.321843385696411
5.238767862319946
5.318840026855469
5.188722133636475
5.231761932373047
5.206739664077759
5.298822641372681
5.223755836486816
5.253782749176025
5.3148369789123535
5.309859275817871
5.2607879638671875
5.319841146469116
5.231762647628784
5.284811019897461
5.241771221160889
5.31583833694458
5.258049249649048
5.266793489456177
5.253782510757446
5.194727897644043
5.168704271316528
5.2898149490356445
5.339859485626221
5.254782199859619
5.201735258102417
5.273800611495972
5.271798133850098
5.31483793258667
5.271798849105835
5.277803182601929
5.168702602386475
5.371888160705566
5.283808946609497
5.2667930126190186
5.328850030899048
5.156693458557129
5.413927316665649
5.293818712234497
5.26979660987854
5.210741996765137
5.2748003005981445
5.15535044670105
5.2417707443237305
5.304829120635986
5.208739519119263
5.2547831535339355
5.384900331497192
5.585082769393921
5.2467780113220215
5.401916980743408
5.740222454071045
5.350869655609131
5.176711082458496
5.203734874725342
5.28781270980835
5.208740949630737
5.193727970123291
5.207739591598511
5.243772745132446
5.265454292297363
5.087630748748779
5.253782033920288
5.248778581619263
5.211743354797363
5.3228440284729
5.23676609992981
5.2117438316345215
5.192727565765381
5.089632511138916
5.134673118591309
5.3008246421813965
5.269796371459961
5.1176581382751465
5.386903285980225
5.243772983551025
5.181715965270996
5.174709796905518
5.105647325515747
5.119659662246704
5.260787725448608
5.232762813568115
5.267794847488403
5.166702508926392
5.167703866958618
5.310832738876343
5.276803493499756
5.20773983001709
5.320842742919922
5.164701223373413
5.215747833251953
5.232762813568115
5.130670070648193
5.166703462600708
5.181717157363892
5.0996413230896
5.221752882003784
5.117658853530884
5.159695863723755
5.308831691741943
5.177712440490723
5.070614814758301
5.195730209350586
5.111651659011841
5.171706914901733
5.295819520950317
5.144681692123413
5.19773006439209
5.227758407592773
5.1006433963775635
5.167703866958618
5.11765718460083
5.195728302001953
5.135673999786377
5.133672714233398
5.232762575149536
5.218749046325684
5.215747594833374
5.24077033996582
5.193728446960449
5.152690410614014
5.133671760559082
5.282808303833008
5.273799896240234
5.216747283935547
5.309832334518433
5.462972402572632
5.160696744918823
5.248776435852051
5.170706272125244
5.15569281578064
5.219749927520752
5.313836336135864
5.265794038772583
5.2127439975738525
5.158695459365845
5.256784439086914
5.312834978103638
5.1897242069244385
5.286357641220093
5.217750072479248
5.306830167770386
5.2687952518463135
5.165701866149902
5.292816400527954
5.192726135253906
5.129668474197388
5.154691934585571
5.274800539016724
5.34086012840271
5.053600788116455
5.175710439682007
5.13867712020874
5.161697626113892
5.208739757537842
5.142680644989014
5.222752809524536
5.15969705581665
5.276803016662598
5.398913383483887
5.306829452514648
5.343700647354126
5.316840410232544
5.25078010559082
5.1506874561309814
5.2227537631988525
5.092636346817017
5.26879620552063
5.238767862319946
5.202735662460327
5.284810304641724
5.2798051834106445
5.267795085906982
5.19472599029541
5.2527806758880615
5.110657215118408
5.435947895050049
5.165424108505249
5.205738067626953
5.31083345413208
5.3979127407073975
5.29581880569458
5.203736066818237
5.277803421020508
5.301527261734009
5.340860605239868
5.299823999404907
5.352871656417847
5.273799896240234
5.210794448852539
5.290815830230713
5.19172477722168
5.298050403594971
5.230760812759399
5.224756240844727
5.081625938415527
5.06360936164856
5.307831048965454
5.142681121826172
5.412926197052002
5.343863487243652
5.293817758560181
5.162698745727539
5.232762098312378
5.167701721191406
5.0766212940216064
5.249777317047119
5.184718370437622
5.175711393356323
5.1767120361328125
5.101642847061157
5.1186583042144775
5.244773864746094
5.087630033493042
5.314336061477661
5.103043556213379
5.221752166748047
5.213745594024658
5.2037365436553955
5.235769748687744
5.207738637924194
5.16570258140564
5.248776912689209
5.316838502883911
5.32024359703064
5.355874538421631
5.13267183303833
5.295819997787476
5.2582011222839355
5.200733184814453
5.322844505310059
5.305829048156738
5.127667188644409
5.285811901092529
5.249778747558594
5.227758884429932
5.257786750793457
5.288815021514893
5.190725326538086
5.293818235397339
5.228560924530029
5.1957292556762695
5.247830152511597
5.274801254272461
5.272798776626587
5.254783391952515
5.342862844467163
5.295819997787476
5.164700508117676
5.238769054412842
5.3198418617248535
5.221753120422363
5.167704343795776
5.302825689315796
5.149686098098755
5.266794204711914
5.255783557891846
5.266793966293335
5.313836336135864
5.251780033111572
5.298823833465576
7.0019776821136475
5.173708438873291
5.257786512374878
5.270797252655029
5.274801015853882
5.32294487953186
5.224755525588989
5.291815996170044
5.220752239227295
5.296820163726807
5.101643800735474
5.159696578979492
5.116655349731445
5.084628343582153
5.139679193496704
5.247842311859131
5.358877182006836
5.169705390930176
5.208701133728027
5.276803493499756
5.29181694984436
5.350870609283447
5.316839694976807
5.215746164321899
5.201734304428101
5.226756811141968
5.246071815490723
5.227258920669556
5.319842100143433
5.1697046756744385
5.185720443725586
5.309607028961182
5.2057390213012695
5.180714845657349
5.1700499057769775
5.251780033111572
5.355530500411987
5.229823350906372
5.19572901725769
5.303852796554565
5.421935319900513
5.227758169174194
5.334245443344116
5.191664218902588
5.179018020629883
5.278805732727051
5.275802135467529
5.217749118804932
5.134673118591309
5.323846101760864
5.2848100662231445
5.152690649032593
5.34186315536499
5.274801254272461
5.328849792480469
5.520024538040161
5.542045593261719
5.467977285385132
5.098640441894531
5.222753524780273
5.165703058242798
5.1366753578186035
5.439950942993164
5.274808168411255
5.227758884429932
5.184719085693359
5.238768100738525
5.294819355010986
5.4129273891448975
5.211744546890259
5.255784034729004
5.140679121017456
5.116656541824341
5.29882287979126
5.368084907531738
5.34186315536499
5.223755836486816
5.2547852993011475
5.3188395500183105
5.15129280090332
5.283809185028076
5.246187448501587
5.279257297515869
5.2507805824279785
5.214746475219727
5.264791250228882
5.2617881298065186
5.318841457366943
5.219750881195068
5.178714036941528
5.170706510543823
5.38490104675293
5.272451639175415
5.313835859298706
5.268850326538086
5.325847864151001
5.272799968719482
5.289815187454224
5.2577855587005615
5.323845148086548
5.376893997192383
5.332853555679321
5.252781391143799
5.292818546295166
5.2657928466796875
5.343865156173706
5.203736066818237
5.23076057434082
5.274802207946777
5.100517272949219
5.284811496734619
5.323845863342285
5.3198418617248535
5.271799564361572
5.191725015640259
5.199733734130859
5.261789083480835
5.409923791885376
5.353873252868652
5.2497782707214355
5.325847625732422
5.301826477050781
5.2417707443237305
5.256785154342651
5.043591260910034
5.2557830810546875
5.276803016662598
5.238903522491455
5.136392116546631
5.310836315155029
5.4129273891448975
5.297821044921875
5.350871324539185
5.1857194900512695
5.247776746749878
5.386903524398804
5.263791084289551
5.297821283340454
5.3698890209198
5.152690887451172
5.157694578170776
5.3438639640808105
5.379589557647705
5.2307610511779785
5.178125858306885
5.102195978164673
5.331852912902832
5.355874061584473
5.336856842041016
5.1847193241119385
5.3899054527282715
5.188177824020386
5.23476505279541
5.197730541229248
5.164700746536255
5.203736305236816
5.138678073883057
5.381999969482422
5.343838930130005
5.264792203903198
5.410924911499023
5.3328540325164795
5.305830001831055
5.419932842254639
5.336858510971069
5.375892400741577
5.193727493286133
5.273800373077393
5.309832572937012
5.134673833847046
5.353872776031494
5.3518712520599365
5.207740306854248
5.226757287979126
5.401915788650513
5.241771221160889
5.337857961654663
5.295820713043213
5.2337634563446045
5.278804302215576
5.232762336730957
5.329851150512695
5.249778509140015
5.159695625305176
5.396913051605225
5.245773553848267
5.295820713043213
5.341862916946411
5.289814233779907
5.311835050582886
5.244773626327515
5.309833288192749
5.127460718154907
5.308831453323364
5.259774684906006
5.176711797714233
5.241770505905151
5.222754001617432
5.273800373077393
5.191725730895996
5.245774745941162
5.270797491073608
5.303827524185181
5.172707557678223
5.223754167556763
5.102609157562256
5.2891600131988525
5.245773077011108
5.339860439300537
5.262614011764526
5.2197511196136475
5.083627700805664
5.221752643585205
5.28681206703186
5.13867712020874
5.202736139297485
5.374892950057983
5.3018271923065186
5.31591534614563
5.19072413444519
5.217750072479248
5.41092586517334
5.288813352584839
5.325847625732422
5.291815996170044
5.25278115272522
5.2597880363464355
5.283809185028076
5.301455736160278
5.147684812545776
5.172613143920898
5.202734708786011
5.309832334518433
5.372889995574951
5.160698413848877
5.296820402145386
5.252129316329956
5.288813829421997
5.216057300567627
5.241040468215942
5.291816473007202
5.2348058223724365
5.304828405380249
5.27980637550354
5.2527806758880615
5.246331214904785
5.179285049438477
5.273800849914551
5.3248467445373535
5.349869728088379
5.212743043899536
5.279439449310303
5.284278392791748
5.193728685379028
5.128668546676636
5.169704914093018
5.1977314949035645
5.162323713302612
5.295820236206055
5.112653970718384
5.358877658843994
5.186720609664917
5.282945394515991
5.308832168579102
5.029869794845581
5.228759527206421
5.337859630584717
5.305829286575317
5.28381085395813
5.257785320281982
5.209469318389893
5.242772340774536
5.167703628540039
5.161697626113892
5.262791156768799
5.231762647628784
5.327850103378296
5.3158392906188965
5.1957292556762695
5.4716410636901855
5.288813829421997
5.343865156173706
5.152712821960449
5.296822547912598
5.284810304641724
5.307831525802612
5.223755121231079
5.2788050174713135
5.12666654586792
5.318840980529785
5.369887113571167
5.235764741897583
5.252781391143799
5.240769624710083
5.270799398422241
5.27880597114563
5.3288514614105225
5.219752550125122
5.3208441734313965
5.2978515625
5.273799657821655
5.334855556488037
5.268796443939209
5.217750310897827
5.2947282791137695
5.25078010559082
5.335857391357422
5.157695055007935
5.371890306472778
5.390906095504761
5.172708988189697
5.23776912689209
5.342863321304321
5.2624735832214355
5.2387683391571045
5.242771625518799
5.2367658615112305
5.17871356010437
5.321844816207886
5.159696340560913
5.343863487243652
5.3708882331848145
5.354874134063721
5.249778747558594
5.259788274765015
5.234765529632568
5.339860916137695
5.228759288787842
5.122662782669067
5.271798610687256
5.283809423446655
5.339396238327026
5.2537829875946045
5.4671080112457275
5.285812616348267
5.279806613922119
5.315838813781738
5.323844909667969
5.226256847381592
5.329851150512695
6.064110517501831
5.4289422035217285
5.298822402954102
5.330853462219238
5.31483793258667
5.2037365436553955
5.1897242069244385
5.210742950439453
5.292815923690796
5.234764814376831
5.4483726024627686
5.401917457580566
5.224755048751831
5.2647926807403564
5.281808376312256
5.24977970123291
5.224756240844727
5.206740140914917
5.236767053604126
5.135673999786377
5.20173454284668
5.322846412658691
5.230762481689453
5.295820236206055
5.495002269744873
5.296820878982544
5.3678858280181885
5.1636998653411865
5.233764171600342
5.351870536804199
5.291815996170044
5.334856748580933
5.271799087524414
5.365884065628052
5.153692007064819
5.178938865661621
5.517021894454956
6.792182683944702
7.011382102966309
6.91529393196106
6.507406711578369
6.858973264694214
6.0892956256866455
6.346530437469482
5.818918228149414
6.00592827796936
5.752450942993164
5.8541460037231445
5.844318389892578
5.935463190078735
5.862746238708496
5.765715837478638
5.809628963470459
5.886152744293213
5.72896409034729
5.901213884353638
5.964618444442749
5.7581706047058105
6.189513683319092
5.778960466384888
6.654057025909424
6.205900192260742
6.037086725234985
5.512585401535034
5.476854562759399
5.463573694229126
5.5663697719573975
5.664121389389038
5.67516016960144
5.624868154525757
5.5289483070373535
5.458776950836182
5.456368684768677
5.521584510803223
5.503494024276733
5.449270009994507
5.717881441116333
5.4548728466033936
5.3745481967926025
5.490785598754883
5.492613792419434
5.480695962905884
6.296999454498291
5.698782682418823
5.596734046936035
5.697562217712402
5.677152156829834
5.603653907775879
5.579272508621216
5.637256145477295
5.626363515853882
5.5721495151519775
5.640949726104736
5.7040932178497314
5.6117353439331055
5.583508729934692
5.667575359344482
5.627626895904541
5.611448526382446
5.680143356323242
5.605838060379028
5.564701795578003
5.748646974563599
5.558752059936523
5.605675220489502
5.590164422988892
5.956249475479126
6.10064959526062
5.832755088806152
5.792381525039673
5.476012468338013
5.6553955078125
6.026476621627808
6.267932415008545
5.894981145858765
6.302776575088501
6.039877891540527
5.642542600631714
5.634754657745361
5.880706310272217
5.676861524581909
5.70636248588562
5.626530885696411
5.654063940048218
5.692765235900879
5.663688659667969
5.738209009170532
5.708008050918579
5.666341543197632
5.613643169403076
5.7305662631988525
5.7674431800842285
6.32498025894165
5.790605306625366
5.705410718917847
5.729639530181885
5.687798738479614
5.749552249908447
5.763923406600952
5.714576721191406
5.69713830947876
5.7751922607421875
5.747807741165161
5.718941926956177
5.703158855438232
5.725463151931763
5.680403709411621
5.705768346786499
5.733821630477905
5.8974549770355225
6.0706517696380615
6.152777194976807
6.541275501251221
5.842414855957031
6.325938701629639
6.014867067337036
6.017151117324829
5.858346700668335
5.9329423904418945
5.888310432434082
5.895366430282593
5.828786611557007
5.8483874797821045
5.831090688705444
5.8029420375823975
5.900830268859863
5.869794607162476
5.938348770141602
5.837564468383789
5.830956935882568
5.939942121505737
5.888013124465942
5.908028841018677
5.847040176391602
5.778303384780884
5.7587196826934814
5.938883543014526
5.757715463638306
5.789400339126587
5.847054481506348
5.804657459259033
5.838984489440918
5.788086175918579
5.915336847305298
5.790538549423218
5.950330972671509
5.862726211547852
5.915700435638428
9.718745470046997
9.613655090332031
9.358232498168945
5.602945804595947
6.115483522415161
9.272655487060547
9.096665143966675
6.6770710945129395
10.34718132019043
7.728435039520264
6.70330023765564
6.531926870346069
6.235653638839722
7.226948499679565
6.425652980804443
6.164295196533203
5.938089847564697
5.826369762420654
5.942275285720825
6.15098762512207
6.045090675354004
5.9538679122924805
6.341272354125977
6.223436117172241
6.169641733169556
5.765262842178345
6.10930871963501
6.5785439014434814
5.851632595062256
6.008261680603027
5.630965709686279
5.528913736343384
6.4012627601623535
6.110599517822266
6.480037212371826
5.797766447067261
6.498750925064087
6.289191246032715
6.651216506958008
6.738154172897339
6.458871126174927
5.710630416870117
5.700788736343384
5.747586488723755
5.646468877792358
5.7640252113342285
5.756305694580078
5.832745313644409
5.78146767616272
5.672745704650879
5.735558986663818
5.905638694763184
6.142443418502808
6.417201042175293
5.894126892089844
5.58285665512085
6.706690073013306
6.2446067333221436
6.382431745529175
6.38900351524353
6.251107454299927
6.302018880844116
6.363108158111572
6.366880893707275
6.370111465454102
6.32068657875061
6.358687162399292
6.184232234954834
6.240112781524658
6.358169078826904
5.883009195327759
5.710443496704102
5.5497517585754395
5.693318605422974
6.488457918167114
5.580679893493652
5.825516223907471
5.555180311203003
5.4935314655303955
5.457008123397827
5.536626577377319
5.5428993701934814
5.501299619674683
5.4814229011535645
5.52791953086853
5.468978643417358
5.464377164840698
5.503830432891846
5.464373350143433
5.4667887687683105
5.399015426635742
5.430151462554932
5.73449444770813
5.524012327194214
5.56564998626709
6.348886728286743
5.603613615036011
5.580151319503784
5.7534871101379395
5.575138092041016
5.540498971939087
5.633654594421387
5.704657554626465
5.555326223373413
5.511060476303101
5.944589376449585
5.654859781265259
5.498439311981201
5.7233710289001465
6.362509250640869
5.9734721183776855
5.837917804718018
6.028092861175537
6.378390550613403
5.71704626083374
5.7884509563446045
5.69675612449646
6.0482213497161865
5.877039909362793
5.694283485412598
5.547172546386719
5.505887508392334
5.664250135421753
5.64774227142334
5.6357927322387695
5.670993804931641
5.573153972625732
5.546921014785767
5.894620180130005
6.048813343048096
6.434092044830322
6.557137966156006
6.276262044906616
6.8150317668914795
6.148109674453735
6.038866996765137
5.746419191360474
5.672709941864014
5.609606504440308
5.788601398468018
5.885918855667114
5.783881664276123
5.6796088218688965
5.709476470947266
5.661982297897339
5.6847968101501465
5.92639946937561
6.682910919189453
6.185755014419556
5.994193077087402
5.794685363769531
5.848054647445679
5.906542539596558
5.5781872272491455
5.528319597244263
5.544922351837158
5.558382511138916
5.517914056777954
5.95142674446106
5.5529093742370605
5.600515365600586
5.598872661590576
5.519215822219849
5.5227415561676025
5.650489330291748
5.5607688426971436
5.5773680210113525
5.562339544296265
5.561030149459839
5.511571645736694
5.578170299530029
5.567549467086792
5.557843208312988
5.547645092010498
5.533732652664185
5.5179033279418945
5.560255765914917
5.618807554244995
5.5262720584869385
5.540061950683594
5.595059156417847
5.5313708782196045
5.564791202545166
5.571899175643921
5.556654453277588
5.5977582931518555
5.561832904815674
5.533643960952759
5.5810816287994385
5.566021680831909
5.555287837982178
5.796603679656982
5.548669815063477
5.521561861038208
5.714737415313721
5.53157377243042
5.753942251205444
5.527763366699219
5.514555931091309
5.4759931564331055
5.5718629360198975
5.546610593795776
5.527244567871094
5.488955974578857
5.540034055709839
5.539289236068726
5.59762978553772
5.58838963508606
5.529239654541016
5.547617673873901
5.499034881591797
5.515281438827515
5.573652029037476
5.559269428253174
5.5553505420684814
5.534841060638428
5.555497884750366
5.510591268539429
5.553963661193848
5.638582944869995
5.558649301528931
5.597539901733398
5.574728965759277
5.560823440551758
5.5573647022247314
5.5556347370147705
5.587458848953247
5.602997303009033
5.838802099227905
5.666873931884766
5.804963827133179
5.808361530303955
7.434401750564575
7.8870689868927
6.221096754074097
6.075475692749023
5.796021223068237
5.75317645072937
6.053729772567749
5.67431116104126
5.664480924606323
5.635436296463013
5.658046722412109
5.668678283691406
5.629998683929443
5.66476583480835
5.7470972537994385
5.708965063095093
5.822502374649048
5.674520492553711
5.726855039596558
5.678877115249634
5.694405794143677
5.657692193984985
5.701270580291748
5.662246465682983
5.623439311981201
5.858097314834595
5.717958211898804
5.612747669219971
5.623044729232788
5.601984739303589
5.687932252883911
5.743105173110962
5.674458980560303
5.722759962081909
5.968953609466553
6.022578716278076
6.418854475021362
6.491148471832275
5.80872368812561
5.747316122055054
5.672746419906616
6.1222639083862305
5.597613096237183
5.704852104187012
5.688071012496948
5.660011529922485
5.748316287994385
5.757316827774048
5.722890138626099
5.660031080245972
5.813701629638672
5.644297122955322
5.5137364864349365
5.483518600463867
6.020892858505249
5.926580905914307
5.890779972076416
5.842628240585327
6.3388800621032715
5.937800168991089
5.859997987747192
5.8867409229278564
5.927761077880859
5.860159397125244
5.932226896286011
5.902946949005127
5.850926876068115
5.868302345275879
5.891807556152344
5.885808944702148
5.897442579269409
5.86480450630188
5.89395546913147
6.096477746963501
5.870671510696411
5.861250400543213
5.878002405166626
5.886363983154297
5.856744289398193
5.92827033996582
5.911477088928223
5.915200710296631
5.855247974395752
5.864905834197998
5.830566644668579
5.880258321762085
6.434643507003784
