Timing log for each step:
0.010008573532104492
1.960782766342163
1.8503212928771973
1.8427457809448242
1.849682092666626
1.7781758308410645
1.7949409484863281
1.8086445331573486
1.7946324348449707
1.8419923782348633
1.875706434249878
1.8506827354431152
1.8832073211669922
1.806830644607544
1.8606905937194824
1.817356824874878
1.7911226749420166
1.7926294803619385
1.8131628036499023
1.8451931476593018
1.859708309173584
1.8687000274658203
1.9058167934417725
1.8784284591674805
1.8166522979736328
1.8707008361816406
1.876908540725708
1.9496831893920898
1.8606922626495361
1.9283027648925781
1.8291070461273193
1.767606496810913
1.831664800643921
1.783567190170288
1.7696070671081543
1.7535951137542725
1.7531254291534424
1.8239214420318604
1.8176524639129639
1.7838308811187744
1.8050563335418701
1.910736322402954
1.7585980892181396
1.7560672760009766
1.7210021018981934
1.8626940250396729
1.866800308227539
1.9420244693756104
1.7425858974456787
1.7841451168060303
1.7774629592895508
1.9037320613861084
1.8860952854156494
1.8424677848815918
1.7906286716461182
1.8346679210662842
1.7661106586456299
1.757965326309204
1.8927206993103027
1.7468481063842773
1.7985363006591797
1.796633243560791
1.757596731185913
1.891979694366455
1.809957504272461
1.867699146270752
1.8057868480682373
1.7760353088378906
1.852684497833252
1.738579273223877
1.8646185398101807
1.7996680736541748
1.8376719951629639
1.7578699588775635
1.732564926147461
1.8296632766723633
1.7505929470062256
1.8407015800476074
1.7956323623657227
1.8997290134429932
1.7835118770599365
1.8026385307312012
1.909736156463623
1.8315186500549316
1.7187302112579346
1.8416755199432373
1.7458012104034424
1.7631826400756836
1.8596904277801514
1.7666082382202148
1.8025567531585693
1.7662134170532227
1.861694097518921
1.8882777690887451
1.7192800045013428
1.9157423973083496
1.8136491775512695
1.7991716861724854
1.8270456790924072
1.8476808071136475
1.768738031387329
1.8280551433563232
1.7295730113983154
1.7836217880249023
1.7554545402526855
1.7595722675323486
1.859689712524414
1.8009133338928223
1.7892272472381592
1.8606929779052734
1.8276615142822266
1.8074030876159668
1.7571053504943848
1.7976348400115967
1.776148796081543
1.8050518035888672
1.7916285991668701
1.7445869445800781
1.8268864154815674
1.7968578338623047
1.7906274795532227
1.8456306457519531
1.7905845642089844
1.8496818542480469
1.8296594619750977
1.7487282752990723
1.869701623916626
1.818655252456665
1.7828376293182373
1.7726643085479736
1.782620906829834
1.8066422939300537
1.8009464740753174
1.8245139122009277
1.846679449081421
1.8020906448364258
1.8236315250396729
1.9127397537231445
1.7816214561462402
1.7543456554412842
1.8541502952575684
1.771610975265503
1.7988033294677734
1.777998447418213
1.7495918273925781
1.8486740589141846
1.8487343788146973
1.7435846328735352
1.8837120532989502
1.8609263896942139
1.8341422080993652
1.893721342086792
1.8174948692321777
1.7682733535766602
1.7255699634552002
1.893312931060791
1.7635788917541504
1.8997273445129395
1.7215652465820312
1.7660226821899414
1.8097155094146729
1.823659896850586
1.8359143733978271
1.8290860652923584
1.8476800918579102
1.7756130695343018
1.8347768783569336
1.7465882301330566
1.8006367683410645
1.8381023406982422
1.8651225566864014
1.7666053771972656
1.9773097038269043
1.909963846206665
1.8967256546020508
1.7686071395874023
1.8255276679992676
1.7862017154693604
1.763603687286377
1.8407609462738037
1.7423415184020996
1.7686083316802979
1.8722169399261475
1.8119237422943115
1.9657807350158691
1.8656973838806152
1.8429107666015625
1.7413766384124756
1.8927206993103027
1.9557783603668213
1.8327226638793945
1.819662094116211
1.8466796875
1.8413324356079102
1.836069107055664
1.8066432476043701
1.866222858428955
1.7589013576507568
1.9367575645446777
1.835667610168457
1.829453945159912
1.7831120491027832
1.8156511783599854
1.9113483428955078
1.7959051132202148
1.7986345291137695
1.7656054496765137
1.8211863040924072
1.89910888671875
1.7606005668640137
1.827265739440918
1.7933664321899414
2.0778913497924805
1.8327536582946777
1.8488547801971436
1.8697006702423096
2.056870698928833
1.7899978160858154
1.7828474044799805
1.8516829013824463
1.8031740188598633
1.840073823928833
1.8867158889770508
1.798635482788086
1.7845749855041504
1.7967042922973633
1.7906286716461182
1.8237278461456299
1.8755543231964111
1.9798011779785156
1.7832155227661133
1.9944415092468262
1.889718770980835
1.814650297164917
1.9656188488006592
1.813652753829956
1.8016371726989746
1.8903820514678955
1.9422709941864014
1.794632911682129
1.8923132419586182
1.9505441188812256
1.8408336639404297
1.824660062789917
1.8258061408996582
1.833754539489746
1.8036410808563232
1.7926294803619385
1.9082741737365723
1.7713680267333984
1.8236584663391113
1.835916519165039
1.7650048732757568
1.7846221923828125
1.8451957702636719
1.8686254024505615
1.953885793685913
1.7656059265136719
1.8108961582183838
1.807387351989746
1.7505929470062256
1.8446784019470215
1.8273460865020752
1.8442528247833252
1.8386728763580322
1.8869471549987793
1.8716447353363037
1.8116459846496582
1.830664873123169
1.8022761344909668
1.8917515277862549
1.8857142925262451
1.7712113857269287
1.8018407821655273
1.8106451034545898
1.819654941558838
1.790311574935913
1.758598804473877
1.9167437553405762
1.816387414932251
1.8626344203948975
1.921748161315918
1.7417123317718506
1.9550106525421143
1.7696092128753662
1.784623622894287
1.9209492206573486
1.8541209697723389
1.779618740081787
2.03704833984375
1.9329609870910645
1.8396735191345215
1.8366692066192627
1.8833551406860352
1.9278430938720703
1.7305748462677002
1.8242576122283936
1.8365890979766846
1.7956407070159912
1.8536863327026367
1.7480580806732178
1.9072487354278564
1.8186540603637695
1.8312184810638428
1.9437756538391113
1.8947217464447021
1.9147415161132812
1.795192003250122
1.8881187438964844
1.8907196521759033
1.8988103866577148
1.9546449184417725
1.8396732807159424
2.0223426818847656
1.7971079349517822
1.8044469356536865
1.7956335544586182
1.9571442604064941
1.850207805633545
1.7756149768829346
1.8040013313293457
1.7930021286010742
1.7856264114379883
1.9037322998046875
1.8972184658050537
1.8641886711120605
2.0658788681030273
1.8678483963012695
1.794978380203247
1.8777086734771729
1.8216564655303955
1.8051106929779053
1.8608767986297607
1.8366689682006836
1.824904441833496
1.8777377605438232
1.878709077835083
1.9007282257080078
1.9637808799743652
1.8266627788543701
1.8227722644805908
1.8294272422790527
1.863694429397583
1.9818031787872314
1.9364655017852783
1.735377311706543
1.8126487731933594
1.9503240585327148
1.761326551437378
1.7906286716461182
1.8156521320343018
1.8456480503082275
1.9053993225097656
1.823657512664795
1.7918682098388672
1.823040246963501
1.828662633895874
1.7921524047851562
1.9051752090454102
1.8316624164581299
1.876706838607788
1.8449492454528809
1.8697116374969482
1.8526840209960938
1.8542242050170898
1.9074945449829102
1.8406729698181152
1.8747053146362305
1.817939281463623
1.9320416450500488
1.788625955581665
1.8288052082061768
1.8586714267730713
1.7796046733856201
1.7445857524871826
1.7991766929626465
1.8402304649353027
1.832667350769043
1.9393186569213867
1.8580687046051025
1.9027302265167236
1.9888086318969727
1.8025591373443604
1.8798644542694092
1.7886271476745605
2.0109665393829346
1.8931553363800049
1.747589349746704
1.9412970542907715
1.8612747192382812
1.8286633491516113
1.986807107925415
1.870779275894165
1.9590423107147217
1.7766156196594238
1.8621978759765625
1.8425400257110596
1.8687002658843994
1.808643102645874
1.8782193660736084
1.8860599994659424
1.733576774597168
1.8918392658233643
1.8011431694030762
1.8126499652862549
1.7801744937896729
1.9330615997314453
1.8466811180114746
1.8652267456054688
1.820725440979004
1.9687912464141846
1.8176517486572266
1.8281772136688232
1.8630716800689697
1.774613380432129
1.8458302021026611
1.7474091053009033
1.8406734466552734
1.799147605895996
1.9036669731140137
1.8456799983978271
1.8466801643371582
1.8027260303497314
1.9783859252929688
1.8847153186798096
1.8532826900482178
1.802612066268921
1.8296639919281006
1.804642677307129
1.7972118854522705
1.8928418159484863
1.871699333190918
1.865821123123169
1.7537877559661865
1.7716124057769775
1.8276634216308594
1.8621068000793457
1.771705150604248
1.7866241931915283
1.8833634853363037
2.1588926315307617
2.0618772506713867
1.788147211074829
1.8891141414642334
1.8096473217010498
1.910736322402954
1.818519115447998
1.8807098865509033
1.7435872554779053
1.834949016571045
1.843045949935913
1.8907201290130615
1.9113054275512695
1.741952657699585
1.8617496490478516
1.8186542987823486
1.8131084442138672
1.81001615524292
1.927753210067749
1.8101558685302734
1.8898653984069824
1.8375966548919678
1.7806200981140137
1.7777199745178223
1.936758279800415
1.808645486831665
1.940765142440796
1.8294181823730469
1.7976360321044922
1.8326678276062012
1.7985155582427979
1.8181965351104736
1.8076441287994385
1.8437933921813965
1.8225421905517578
1.9157414436340332
1.8066434860229492
1.8211586475372314
1.9177687168121338
1.8256621360778809
1.8601641654968262
1.9579224586486816
1.7976348400115967
1.7791368961334229
1.8960232734680176
1.853727102279663
1.8556866645812988
1.8281726837158203
1.8228847980499268
1.862694501876831
1.775615930557251
1.8361937999725342
1.7876265048980713
1.825659990310669
1.8282999992370605
1.8120291233062744
1.8396732807159424
1.8117198944091797
1.8245813846588135
1.8316657543182373
1.8406741619110107
1.8007397651672363
1.8056421279907227
1.827662467956543
1.7701852321624756
1.8880212306976318
1.8006377220153809
1.7747783660888672
1.8885464668273926
2.099909543991089
1.8546874523162842
1.9068052768707275
1.945770025253296
1.8707022666931152
1.8157625198364258
1.8636951446533203
1.8026399612426758
1.83251953125
1.9460854530334473
1.9087369441986084
2.008206367492676
1.9022908210754395
1.7886276245117188
1.8319666385650635
1.772709608078003
1.8596911430358887
1.8336670398712158
1.955597162246704
1.7986359596252441
1.818655014038086
2.0071139335632324
1.9538540840148926
1.857689619064331
2.107041835784912
1.8805594444274902
1.7485899925231934
1.8857150077819824
2.002795934677124
1.9331109523773193
1.8286621570587158
1.8421385288238525
1.8698647022247314
1.8496825695037842
1.8438076972961426
1.8012421131134033
2.1019091606140137
1.8236587047576904
1.8211383819580078
1.8201956748962402
1.7996361255645752
2.001091241836548
1.922588586807251
1.7916309833526611
1.7696094512939453
2.0482311248779297
1.89272141456604
1.8877177238464355
1.8697857856750488
1.8126013278961182
1.8827123641967773
1.897303581237793
1.8975350856781006
1.8446779251098633
1.8126499652862549
1.9449076652526855
2.120126724243164
1.819655418395996
1.9193122386932373
1.8296070098876953
1.9547772407531738
1.8727037906646729
1.7760863304138184
1.7941622734069824
1.787630558013916
1.9417684078216553
1.8464570045471191
1.8516850471496582
1.8992843627929688
1.8442513942718506
1.873704433441162
2.032400369644165
1.7818827629089355
1.9838368892669678
1.9667882919311523
2.031365394592285
1.9137871265411377
1.924750566482544
1.9839427471160889
1.8949902057647705
1.8707020282745361
1.89272141456604
1.8944969177246094
2.0418577194213867
1.9277534484863281
1.8560163974761963
1.9623022079467773
1.8496818542480469
2.024155378341675
1.9378912448883057
1.9427671432495117
1.9423110485076904
2.009641647338867
1.7826218605041504
1.8782198429107666
1.848799228668213
2.041787624359131
1.9097378253936768
2.3298451900482178
2.2280256748199463
2.1769750118255615
2.0413975715637207
1.9023373126983643
2.0458621978759766
1.8932623863220215
1.9940078258514404
1.9507758617401123
1.8107776641845703
2.102248191833496
2.003822088241577
2.018380641937256
2.0453672409057617
2.0168349742889404
2.076140880584717
2.0542099475860596
1.969792127609253
2.0471112728118896
2.0042967796325684
2.081894636154175
2.0223500728607178
1.9928462505340576
2.011831521987915
1.9737963676452637
2.0619401931762695
2.0008833408355713
2.1549606323242188
1.9774019718170166
1.9518816471099854
2.005824327468872
2.1926934719085693
2.0440869331359863
1.9958157539367676
1.9612369537353516
2.0433311462402344
2.0358517169952393
2.0362961292266846
2.1319427490234375
1.9938139915466309
2.078092336654663
2.035778045654297
2.0588786602020264
2.2020034790039062
1.9737133979797363
2.0949058532714844
1.987325668334961
2.061678171157837
2.0158331394195557
2.068882942199707
2.106792449951172
2.065898895263672
2.054868459701538
2.10542631149292
2.0783958435058594
2.1069228649139404
2.009295701980591
2.1043829917907715
2.0228404998779297
2.0310280323028564
1.995466709136963
2.053868055343628
1.9589943885803223
2.0080955028533936
1.975797414779663
2.033849000930786
2.0839085578918457
2.0334415435791016
1.9637863636016846
2.11057710647583
2.1112101078033447
2.063877820968628
1.9743564128875732
2.000662326812744
1.9988174438476562
1.9938139915466309
2.0838124752044678
2.0068254470825195
2.0273594856262207
2.1188790798187256
2.024242877960205
2.1129236221313477
1.9492814540863037
1.923842191696167
2.0568714141845703
1.6084647178649902
1.6422526836395264
1.594357967376709
1.5624213218688965
1.6376030445098877
1.6810812950134277
1.7616024017333984
1.6736516952514648
1.6345460414886475
1.724569320678711
1.624478816986084
1.6249985694885254
1.5741467475891113
1.568425178527832
1.6059865951538086
1.607386589050293
1.6825289726257324
1.5974533557891846
1.6424829959869385
1.5504138469696045
1.604459524154663
1.6219172477722168
1.6445808410644531
1.6755249500274658
1.5474083423614502
1.536667823791504
1.6708638668060303
1.6474997997283936
1.6440460681915283
1.6094377040863037
1.6428632736206055
1.5944490432739258
1.6031780242919922
1.7039780616760254
1.7606000900268555
1.6626040935516357
1.5810251235961914
1.5564157962799072
1.6179757118225098
1.5674965381622314
1.6141996383666992
1.693540334701538
1.6270618438720703
1.6527481079101562
1.617469072341919
1.557417631149292
1.5934016704559326
1.6506106853485107
1.5874433517456055
1.696683406829834
1.6349520683288574
1.6765241622924805
1.6344854831695557
1.6940793991088867
1.6264936923980713
1.550410509109497
1.6240694522857666
1.768627643585205
1.6605095863342285
1.6680636405944824
1.6828899383544922
1.6745223999023438
1.615978717803955
1.5645699501037598
1.6765236854553223
1.5934488773345947
1.6100034713745117
1.6641931533813477
1.6004550457000732
1.7532610893249512
1.7013952732086182
1.5564148426055908
1.5864431858062744
1.6123764514923096
1.6750545501708984
1.650501012802124
1.616034746170044
1.7046608924865723
1.6094639301300049
1.672520637512207
1.5742144584655762
1.6626815795898438
1.596451759338379
1.591442584991455
1.625016689300537
1.6965446472167969
1.6229948997497559
1.7024173736572266
1.6174697875976562
1.757598876953125
1.6295857429504395
1.6506743431091309
1.6454970836639404
1.5799560546875
1.7532658576965332
1.6387171745300293
1.8196558952331543
1.5923340320587158
1.8494164943695068
1.8366708755493164
1.5704283714294434
2.1488890647888184
1.8197991847991943
1.804640769958496
1.5850272178649902
1.998175859451294
2.1049134731292725
1.8358068466186523
1.884406328201294
2.021839141845703
1.7656047344207764
2.0006823539733887
1.8161594867706299
1.7716126441955566
2.0355539321899414
1.8199679851531982
1.876706600189209
1.9903860092163086
1.9365310668945312
1.945770263671875
1.8877153396606445
1.8347206115722656
2.21701717376709
2.046861410140991
1.9524779319763184
1.991987705230713
2.0438592433929443
1.9093363285064697
1.9607830047607422
1.8166520595550537
1.9138891696929932
1.8166089057922363
1.7986366748809814
1.9724071025848389
1.8557467460632324
1.8666987419128418
2.2050046920776367
1.906282663345337
1.8366692066192627
1.7926316261291504
1.8065996170043945
1.8278834819793701
1.8426756858825684
1.7817189693450928
1.827866554260254
1.8356690406799316
1.8436777591705322
1.831876516342163
1.7616021633148193
1.8847143650054932
1.8401384353637695
1.829946756362915
1.7505929470062256
1.895508050918579
1.9925510883331299
1.7776167392730713
1.9427661895751953
1.781522512435913
1.8346686363220215
1.8396742343902588
1.8486661911010742
1.8047020435333252
1.9457690715789795
1.8053185939788818
1.7759935855865479
1.8226580619812012
1.8749973773956299
1.924088716506958
1.792006254196167
1.8136484622955322
1.802762508392334
1.8059532642364502
1.9717934131622314
1.853684902191162
1.800185203552246
1.7959868907928467
1.8046414852142334
1.8238060474395752
1.8448126316070557
1.8366706371307373
1.8606934547424316
1.8266420364379883
1.793750524520874
1.7986347675323486
1.8602228164672852
1.8138821125030518
1.7906289100646973
1.8316636085510254
1.7989368438720703
1.9219870567321777
1.8516836166381836
1.802901029586792
1.9911835193634033
1.8016386032104492
1.9143033027648926
1.7925713062286377
1.823744773864746
1.8877160549163818
1.8661913871765137
1.8811485767364502
1.8606934547424316
1.9253110885620117
1.801459789276123
1.7856264114379883
1.7996160984039307
1.7872698307037354
1.9437694549560547
1.8636949062347412
1.8017642498016357
1.7700140476226807
1.8306641578674316
1.864305019378662
1.8136205673217773
2.0388545989990234
1.8296654224395752
1.8119232654571533
1.8306639194488525
1.802640676498413
1.8430595397949219
1.8972909450531006
1.837672233581543
1.808819055557251
1.8953778743743896
1.8606925010681152
1.7736129760742188
1.7720763683319092
1.8662331104278564
1.8546864986419678
1.794753074645996
1.8229296207427979
1.855687141418457
1.8116474151611328
1.777597427368164
1.9011893272399902
1.8446779251098633
1.8439393043518066
1.7958567142486572
1.849682331085205
1.7816190719604492
1.888312816619873
1.8187525272369385
1.9067342281341553
1.8313190937042236
1.8069238662719727
1.9297478199005127
1.915740966796875
1.9244022369384766
2.00658917427063
1.895725965499878
1.897223711013794
1.9158530235290527
1.846679925918579
1.9262609481811523
1.9286653995513916
1.9047324657440186
1.8867146968841553
1.8318016529083252
1.864974021911621
1.873703956604004
1.8608272075653076
1.8319294452667236
1.8056418895721436
1.825659990310669
1.8765921592712402
1.8716611862182617
1.7926311492919922
1.8037619590759277
1.8576304912567139
1.8376712799072266
1.8353710174560547
1.8709821701049805
1.9938125610351562
1.9152941703796387
1.8415305614471436
1.8056981563568115
1.8666975498199463
1.849778175354004
1.7886734008789062
1.9357609748840332
1.937760829925537
1.8603830337524414
1.8293602466583252
1.903731346130371
1.7575974464416504
1.805659532546997
1.829543113708496
1.7806203365325928
1.865886926651001
1.8109819889068604
1.8586912155151367
1.84529447555542
1.8277697563171387
1.9057338237762451
1.8967251777648926
1.7501261234283447
1.8959734439849854
1.8777079582214355
1.7889742851257324
1.9942307472229004
1.8486804962158203
1.788208246231079
1.892760992050171
1.7976346015930176
1.984804630279541
1.9194068908691406
1.866851806640625
1.810645341873169
1.9853274822235107
1.86684250831604
1.8576877117156982
1.7676076889038086
1.8988564014434814
1.785623550415039
1.842674970626831
1.8056972026824951
1.9122662544250488
1.7986350059509277
1.8490190505981445
1.8487684726715088
1.8396728038787842
1.8256607055664062
1.7941114902496338
1.8201344013214111
1.883713722229004
1.7942445278167725
1.7838547229766846
1.8326663970947266
1.7787530422210693
1.7511985301971436
1.8757045269012451
1.7951457500457764
1.832676887512207
1.7896273136138916
1.8646950721740723
1.7389328479766846
1.791757345199585
1.7716104984283447
1.833263874053955
1.8943312168121338
1.8326656818389893
1.7961673736572266
1.827836513519287
1.899728536605835
1.7936313152313232
1.9414467811584473
1.9469029903411865
1.7295737266540527
1.8373017311096191
1.878298044204712
1.7836220264434814
1.8116490840911865
1.709712266921997
1.8291606903076172
1.822657823562622
1.823779821395874
1.8677048683166504
1.8176536560058594
1.782146692276001
1.8353030681610107
1.8066422939300537
1.769608736038208
1.7736599445343018
1.8316478729248047
1.778616189956665
1.7842071056365967
1.8090341091156006
1.8476788997650146
1.8202121257781982
1.8065624237060547
1.7846219539642334
1.8576889038085938
1.8238177299499512
1.7560670375823975
1.767608404159546
1.8402588367462158
1.769512414932251
1.7979073524475098
1.796635389328003
1.7857494354248047
1.8931360244750977
1.7385821342468262
1.779181957244873
1.7678709030151367
1.9437668323516846
1.8636953830718994
1.8624935150146484
1.8066179752349854
1.8066432476043701
1.7897980213165283
1.8969299793243408
1.783623456954956
1.7936313152313232
1.852252721786499
1.7312865257263184
2.053868055343628
1.8549509048461914
1.7731280326843262
1.7936325073242188
1.7951722145080566
1.7896850109100342
1.737574577331543
1.8036398887634277
1.7878925800323486
1.777148962020874
1.835669755935669
1.7876265048980713
1.8448076248168945
1.7969553470611572
1.8496809005737305
1.8752906322479248
1.8534832000732422
1.8206567764282227
1.766606092453003
1.8268086910247803
1.7748687267303467
1.7125580310821533
1.7851881980895996
1.7943823337554932
1.8396735191345215
1.7946314811706543
1.9141778945922852
1.7745952606201172
1.8576903343200684
1.8542182445526123
1.959787130355835
1.7836225032806396
1.8156507015228271
1.8043866157531738
1.7853875160217285
1.7355787754058838
1.7746152877807617
1.7605972290039062
1.8288187980651855
1.7736132144927979
1.7406589984893799
1.9017770290374756
1.8646953105926514
1.7425856590270996
1.7622482776641846
1.8630986213684082
1.8016386032104492
1.8147358894348145
1.7960727214813232
1.8156511783599854
1.8096466064453125
1.709686279296875
1.8546874523162842
1.9567809104919434
1.7720813751220703
1.7998580932617188
1.8156514167785645
1.828218936920166
1.76029372215271
1.7786173820495605
1.8967247009277344
1.9509410858154297
1.9130220413208008
1.9417743682861328
1.8885538578033447
1.9307007789611816
