Timing log for each step:
0.014012813568115234
5.206755876541138
5.24930477142334
5.2674171924591064
5.069334030151367
4.910551309585571
5.039014577865601
5.0571112632751465
5.278597354888916
5.105923891067505
5.019087791442871
5.010929346084595
5.03520131111145
5.085705995559692
5.056601285934448
4.905876398086548
5.133510589599609
5.096116304397583
5.0927934646606445
5.10884952545166
5.103155136108398
4.90058159828186
5.226775884628296
5.094081878662109
5.1958558559417725
5.211409091949463
5.243307590484619
5.142864465713501
5.244197368621826
5.224545478820801
5.009956121444702
5.1945741176605225
5.066885709762573
5.1441810131073
5.171220064163208
5.201303720474243
5.164610385894775
5.172614097595215
5.118203163146973
5.089501857757568
5.122666597366333
5.107518196105957
5.214137315750122
5.054544925689697
5.221822023391724
5.207315683364868
5.101049423217773
4.98953652381897
5.238377571105957
5.182291746139526
5.160691261291504
5.225505113601685
5.16457724571228
5.187741756439209
5.276707649230957
5.2356438636779785
5.313496112823486
5.201295852661133
5.202052116394043
5.207032680511475
5.212327480316162
5.213744640350342
5.244199275970459
5.292884349822998
5.289785146713257
5.0638768672943115
5.18210506439209
5.161178827285767
5.227637052536011
5.157712936401367
5.187589406967163
5.089627027511597
5.090422868728638
5.251737356185913
5.266847848892212
5.154319763183594
5.263314723968506
5.25445032119751
5.135577440261841
5.244627237319946
5.252813816070557
5.157564401626587
5.189734935760498
5.311251878738403
5.251310586929321
5.360218048095703
5.047118663787842
5.201813220977783
5.259040832519531
5.246174335479736
5.139057159423828
5.27178430557251
5.323708534240723
5.171127080917358
5.250373601913452
5.098150730133057
5.168213605880737
5.177546739578247
5.274249792098999
5.297817945480347
5.233564138412476
5.123559951782227
5.030977010726929
5.204704523086548
5.295344352722168
5.22778058052063
5.097129821777344
5.1161744594573975
5.244036912918091
5.245197296142578
5.206171989440918
5.649498701095581
5.358161926269531
5.518425226211548
5.766523122787476
5.414772987365723
5.272357702255249
5.102514743804932
5.318347454071045
5.1386706829071045
5.215401887893677
5.310347557067871
5.183783054351807
5.232666492462158
5.604229927062988
5.255359888076782
5.223187685012817
5.252784013748169
5.237895488739014
5.09723162651062
5.125332355499268
5.212368965148926
5.335809230804443
5.24978232383728
5.277690410614014
5.400461673736572
5.329833269119263
5.174189329147339
5.261424541473389
5.253817081451416
5.276956796646118
5.189029216766357
5.2133893966674805
5.309950828552246
5.27228307723999
5.140423536300659
5.2493932247161865
5.23540735244751
5.297306299209595
5.336479902267456
5.16159987449646
5.210877180099487
5.199909687042236
5.188901424407959
5.378594160079956
5.3055877685546875
5.362110376358032
5.336998701095581
5.318803310394287
5.316303730010986
5.358508825302124
5.518064498901367
5.12537956237793
5.307685375213623
5.242285966873169
5.115294456481934
5.29093337059021
5.203777074813843
5.406562328338623
5.235524654388428
5.249268054962158
5.282471656799316
5.388220548629761
5.207242727279663
5.161621809005737
5.30642557144165
5.299944162368774
5.321988582611084
5.395981788635254
5.330467224121094
5.353403806686401
5.296430826187134
5.401592254638672
5.2347352504730225
5.302900075912476
5.315969228744507
5.597984552383423
5.224445343017578
5.383642196655273
5.201864957809448
5.370907306671143
5.266258001327515
5.31503701210022
5.352660894393921
5.376027345657349
5.327481031417847
5.323495864868164
5.315675258636475
5.344088554382324
5.187913417816162
5.410601854324341
5.3808534145355225
5.301903247833252
5.25091552734375
5.3336756229400635
5.322323799133301
5.201777458190918
5.256385087966919
5.384392023086548
5.362420082092285
5.174235820770264
5.361717939376831
5.280512571334839
5.4825050830841064
5.226372957229614
5.2871692180633545
5.367026329040527
5.3621296882629395
5.436713695526123
5.454790115356445
5.3194897174835205
5.35339617729187
5.364009618759155
5.31300163269043
5.3089919090271
5.3573899269104
5.404162168502808
5.354358911514282
5.282350540161133
5.282044887542725
5.3880298137664795
5.230843544006348
5.4194605350494385
5.329524993896484
5.341856479644775
5.300995826721191
5.425569534301758
5.260049343109131
5.477646589279175
5.341119050979614
5.365445613861084
5.392843723297119
5.269439458847046
5.354061126708984
5.419937372207642
5.479590654373169
5.271304130554199
5.3595452308654785
5.428909063339233
5.315984487533569
5.260426998138428
5.319346904754639
5.47611665725708
5.336523532867432
5.399737358093262
5.210894346237183
5.14254355430603
5.3653528690338135
5.373225450515747
5.402750015258789
5.266818284988403
5.275304794311523
5.262872219085693
5.304373502731323
5.713934659957886
5.288046598434448
5.380104303359985
5.4527575969696045
5.373950004577637
5.383934259414673
5.421104669570923
5.4350197315216064
5.182867765426636
5.295068264007568
5.436445713043213
5.372514963150024
5.19942569732666
5.3198347091674805
5.370572566986084
5.317834854125977
5.3539979457855225
5.325474977493286
5.3515238761901855
5.3428754806518555
5.266046524047852
5.3196046352386475
5.50416111946106
5.413298845291138
5.2470667362213135
5.445737838745117
5.380009889602661
5.259004354476929
5.205427169799805
5.372496843338013
5.31191611289978
5.3364646434783936
5.4031453132629395
5.349102735519409
5.2093422412872314
5.376642227172852
5.300943613052368
5.376635789871216
5.3649725914001465
5.367002964019775
5.423051834106445
5.231175184249878
5.377373218536377
5.243571043014526
5.335515975952148
5.1510279178619385
5.451204061508179
5.394436836242676
5.224490165710449
5.2128918170928955
5.173979043960571
5.4425129890441895
5.421567678451538
5.264029264450073
5.425838232040405
5.270963191986084
5.33827018737793
5.355583190917969
5.245375156402588
5.5347607135772705
5.343221426010132
5.178952693939209
5.477125883102417
5.288605690002441
5.310087203979492
5.443285942077637
5.463969707489014
5.4141528606414795
5.236800670623779
5.372515916824341
5.392159461975098
5.31015419960022
5.351048707962036
5.417833089828491
5.378484010696411
5.332693576812744
5.337775230407715
5.241675615310669
5.285702466964722
5.343591928482056
5.42459511756897
5.405249357223511
5.391802072525024
5.323765993118286
5.274047136306763
5.298670530319214
5.241337060928345
5.280048131942749
5.376418828964233
5.416162729263306
5.291074991226196
5.32061505317688
5.38578200340271
5.270622491836548
5.317576169967651
5.40609884262085
5.223001480102539
5.341139554977417
5.265421628952026
5.239553928375244
5.321050405502319
5.372498035430908
5.2789835929870605
5.42413592338562
5.414724588394165
5.282562494277954
5.245946168899536
5.220984220504761
5.320422410964966
5.387188196182251
5.369645118713379
5.332895517349243
5.3584818840026855
5.297021150588989
5.2244203090667725
5.35949444770813
5.441684007644653
5.223391532897949
5.359648704528809
5.393481492996216
5.342594861984253
5.417540073394775
5.302471399307251
5.266845941543579
5.45122218132019
5.513142108917236
5.633234024047852
5.615025758743286
5.655870199203491
5.535590887069702
5.534879446029663
5.564748048782349
5.539886236190796
5.487025737762451
5.413497447967529
5.3761584758758545
5.221237659454346
5.296757221221924
5.5005574226379395
5.327971458435059
5.4416704177856445
5.323484897613525
5.368046998977661
5.381007432937622
5.370983839035034
5.475152254104614
5.418015241622925
5.271250247955322
5.331460952758789
5.361611843109131
5.238906621932983
5.288041114807129
5.403566598892212
5.451322317123413
5.422712564468384
5.695019483566284
5.457618951797485
5.18707013130188
5.47976541519165
5.3120667934417725
5.534713268280029
5.4756786823272705
5.319076061248779
5.330594539642334
5.277128458023071
5.41516375541687
5.373199224472046
5.3565123081207275
5.425933361053467
5.2555365562438965
5.1078808307647705
5.455186367034912
5.403573989868164
5.187950849533081
5.335092306137085
5.331694602966309
5.3294878005981445
5.331576108932495
5.355736494064331
5.386013031005859
5.264967441558838
5.428979158401489
5.259318828582764
5.343897104263306
5.256585121154785
5.31406831741333
5.397678852081299
5.306484937667847
5.295978784561157
5.3595757484436035
5.430129766464233
5.7295145988464355
5.313120126724243
5.206961631774902
5.390857219696045
5.461464881896973
5.309488296508789
5.328075170516968
5.244909286499023
5.451659440994263
5.244510650634766
5.406131744384766
5.316982984542847
5.314602613449097
5.203245401382446
5.433685779571533
5.504995346069336
5.3461596965789795
5.519428730010986
5.28241491317749
5.423684597015381
5.334400653839111
5.354052782058716
5.42391037940979
5.321480989456177
5.287723064422607
5.340142488479614
5.415102005004883
5.324081897735596
5.236494302749634
5.222392559051514
5.390836000442505
5.4467504024505615
5.345594644546509
5.372615814208984
5.377030849456787
5.165388107299805
5.361694574356079
5.205138921737671
5.275107145309448
5.415733814239502
5.402714252471924
5.363183498382568
5.2741570472717285
5.234439373016357
5.387243986129761
5.41181206703186
5.300027847290039
5.297147989273071
5.3692262172698975
5.283010959625244
5.36973762512207
5.308149814605713
5.322753190994263
5.2771220207214355
5.371673583984375
5.408606290817261
5.360190153121948
5.483888387680054
5.3235063552856445
5.344705104827881
5.369576454162598
5.424731254577637
5.469286680221558
5.2670183181762695
5.213784694671631
5.45472264289856
5.489969491958618
5.384628057479858
5.197042465209961
5.291516304016113
5.409615516662598
5.384119272232056
5.423326015472412
5.4077746868133545
5.351388216018677
5.2059407234191895
5.367681503295898
5.294153928756714
5.391210317611694
5.299964666366577
5.422765016555786
5.258915662765503
5.394287824630737
5.3775475025177
5.434269189834595
5.402745962142944
5.379568099975586
5.0757904052734375
5.146475791931152
5.453650951385498
5.349529504776001
5.319581031799316
5.389277935028076
5.4367616176605225
5.472716569900513
5.460287094116211
5.3832244873046875
5.248019695281982
5.385206699371338
5.32095193862915
5.183933258056641
5.321147680282593
5.425093650817871
5.449631214141846
5.452279567718506
5.158410310745239
5.2300684452056885
5.253323554992676
5.355903387069702
5.363204479217529
5.184920072555542
5.27846360206604
5.468773365020752
5.414379119873047
5.461687803268433
5.275175333023071
5.309524774551392
5.308639049530029
5.3307201862335205
5.327091932296753
5.437257528305054
5.430654764175415
5.469350576400757
5.404508352279663
5.435284614562988
5.311536550521851
5.732337713241577
5.387868642807007
5.303478240966797
5.274544715881348
5.451648712158203
5.45529580116272
5.294404029846191
5.170955419540405
5.324136734008789
5.411544322967529
5.300242900848389
5.324932813644409
5.202930688858032
5.335167646408081
5.315690040588379
5.281702518463135
5.425236701965332
5.422101974487305
5.346145153045654
5.312469244003296
5.316439628601074
5.366365432739258
5.303023099899292
5.201546907424927
5.370729923248291
5.412872791290283
5.50382399559021
5.314172744750977
5.383227109909058
5.382246732711792
5.3616344928741455
5.313141107559204
5.390092611312866
5.36557412147522
5.448022365570068
5.266484022140503
5.3551905155181885
5.467148542404175
5.404597997665405
5.398664712905884
5.428835153579712
5.386596202850342
5.377771854400635
5.4335618019104
5.447361707687378
5.38920783996582
5.379764080047607
5.364672660827637
5.314503908157349
5.703390121459961
5.400167465209961
5.429223537445068
5.234995365142822
5.413280010223389
5.274600505828857
5.358605861663818
5.298049688339233
5.448450803756714
5.350139617919922
5.293068885803223
5.370240211486816
5.2999303340911865
5.34908390045166
5.303052663803101
5.334237575531006
5.379079818725586
5.329145669937134
5.387591123580933
5.270110845565796
5.401164531707764
5.249781608581543
5.320781946182251
5.45360541343689
5.347127676010132
5.32007098197937
5.388749837875366
5.448102712631226
5.403733491897583
5.281147241592407
5.327224016189575
5.509862899780273
5.345505237579346
5.278658390045166
5.363734722137451
5.405771732330322
5.306684494018555
5.482837200164795
5.232618570327759
5.298676490783691
5.169562816619873
5.3247010707855225
5.24062705039978
5.333709239959717
5.095498085021973
5.276658058166504
5.398766994476318
5.311689376831055
5.21860671043396
5.2806618213653564
5.4257895946502686
5.323698282241821
5.176609039306641
5.1255247592926025
5.247632741928101
5.365736484527588
5.328705072402954
5.322696685791016
5.203593015670776
5.451812982559204
5.353724956512451
5.285666227340698
5.318694829940796
5.063470125198364
5.4778361320495605
5.344717264175415
5.278659105300903
5.251636266708374
5.287667751312256
5.220608234405518
5.40783953666687
5.146543502807617
5.311689376831055
5.329704523086548
5.3987650871276855
5.350723028182983
5.092495441436768
5.358729600906372
5.211599826812744
5.4558165073394775
5.3141374588012695
5.242626190185547
5.271216630935669
5.398757457733154
5.2766571044921875
5.222609758377075
5.352725267410278
5.257641315460205
5.223611116409302
5.263647079467773
5.374743461608887
5.276657819747925
5.03044056892395
5.14053750038147
5.199589252471924
5.309687614440918
5.403769493103027
5.372735500335693
5.351725101470947
5.376746654510498
5.677011489868164
5.2886669635772705
5.16956353187561
5.363736391067505
5.372743368148804
5.462823152542114
5.213598012924194
5.355725526809692
5.157553195953369
5.410776138305664
5.775097846984863
5.243627309799194
5.319695711135864
5.27665901184082
5.259643793106079
5.275651693344116
5.114513874053955
5.44580602645874
5.387755632400513
5.366735935211182
5.392760276794434
5.240624904632568
5.337711811065674
5.124523401260376
5.219607830047607
5.1725616455078125
5.305683374404907
5.365736722946167
5.452813625335693
5.302680969238281
5.3897576332092285
5.364730596542358
5.330703020095825
5.393760919570923
5.106627702713013
5.206595420837402
5.185575723648071
5.4398033618927
5.336710691452026
5.373744964599609
5.370742321014404
5.173567771911621
5.274656295776367
5.342716455459595
5.360748767852783
5.26064395904541
5.257641077041626
5.317692995071411
5.406773090362549
5.3981428146362305
5.38975715637207
5.409775972366333
5.321697473526001
5.259644031524658
5.282663345336914
5.081484794616699
5.293673753738403
5.319694995880127
5.280661582946777
5.243628740310669
5.324699401855469
5.240626335144043
5.318694829940796
5.172565460205078
5.43579888343811
5.082486629486084
5.069469690322876
5.2706522941589355
5.353725433349609
5.340713977813721
5.443804979324341
5.482838153839111
5.317516565322876
5.216603994369507
5.358729839324951
5.4578187465667725
5.6760101318359375
5.1365344524383545
5.366737604141235
5.47983717918396
5.409775733947754
5.4037699699401855
5.380749225616455
5.2135961055755615
5.30268120765686
5.149545669555664
5.16956353187561
5.240625858306885
5.298677682876587
5.472832441329956
5.3447182178497314
5.160555601119995
5.15755295753479
5.215602159500122
5.371232271194458
5.435796737670898
5.229615688323975
5.248632192611694
5.36673641204834
5.292673587799072
5.4017674922943115
5.713042974472046
5.362731695175171
5.30668568611145
5.250628232955933
5.300679445266724
5.162596702575684
5.183614492416382
5.3277435302734375
5.163597106933594
5.27269434928894
5.352765321731567
5.139575481414795
5.297715902328491
5.089531421661377
5.1736063957214355
5.290709018707275
5.364775657653809
5.158591032028198
5.0444910526275635
5.354839086532593
5.333749532699585
5.208637714385986
5.106544494628906
5.398806571960449
5.337751388549805
5.3237388134002686
5.367777347564697
5.309727191925049
5.155589580535889
5.192623138427734
5.154590368270874
5.239664793014526
5.152587175369263
5.384793996810913
5.2756946086883545
5.290709972381592
5.3657753467559814
5.19762659072876
5.368780851364136
5.188619613647461
5.2466700077056885
5.237662315368652
5.3807899951934814
5.772137641906738
5.363775014877319
5.156589984893799
5.440842866897583
5.145580768585205
5.213641166687012
5.239664316177368
5.421825170516968
5.404808044433594
5.364773988723755
5.42783260345459
5.123561143875122
5.375787258148193
5.350764513015747
5.3117265701293945
5.257681131362915
5.19562554359436
5.232658386230469
5.2436683177948
5.449850559234619
5.444848299026489
5.341756105422974
5.367778778076172
5.172605037689209
5.219644069671631
5.303722143173218
5.2506749629974365
5.45385479927063
5.323739767074585
5.406813144683838
5.384794235229492
5.327744007110596
5.393800973892212
5.34575891494751
5.120558738708496
5.218645811080933
5.447848558425903
5.133567810058594
5.211640119552612
5.156590223312378
5.272690773010254
5.328744173049927
5.231657981872559
5.313729524612427
5.372783422470093
5.457859992980957
5.188619375228882
5.264685869216919
5.381789445877075
5.565954685211182
5.377481937408447
5.092776298522949
5.352765083312988
5.245670795440674
5.275695323944092
5.173605918884277
5.421827554702759
5.439843654632568
5.258680105209351
5.561952590942383
5.218645334243774
5.213640213012695
5.241666793823242
5.389798402786255
5.156590223312378
5.192622423171997
5.34575891494751
5.337750196456909
5.157591819763184
5.167599678039551
5.269691467285156
5.318734645843506
5.458858251571655
5.482881307601929
5.361771106719971
5.342756271362305
5.331746578216553
5.292712926864624
5.485883474349976
5.328741550445557
5.407813787460327
5.272693634033203
5.334749221801758
5.108546495437622
5.242666959762573
5.326740980148315
5.315731763839722
5.231657028198242
5.372539281845093
5.13556981086731
5.403810739517212
5.31573224067688
5.279700040817261
5.331746578216553
5.273693323135376
5.25067400932312
5.3177337646484375
5.412818431854248
5.342755079269409
5.196625232696533
5.350763320922852
5.342756748199463
5.105546236038208
5.37178373336792
5.38179087638855
5.423828363418579
5.152586936950684
5.327743053436279
5.356768608093262
5.408812761306763
5.331747531890869
5.297715425491333
5.185616731643677
5.316734075546265
5.162594795227051
5.179611682891846
5.359770774841309
5.331746816635132
5.489885568618774
5.266688108444214
5.403810501098633
5.361773490905762
5.4358391761779785
5.323739051818848
5.46786642074585
5.2286553382873535
5.394801616668701
5.246670961380005
5.245669364929199
5.17360520362854
5.401809930801392
5.4268293380737305
5.14357852935791
5.341755628585815
5.238663196563721
5.249674558639526
5.213641405105591
5.2436933517456055
5.160622596740723
5.166627883911133
5.1606221199035645
5.280731201171875
5.469897985458374
4.982462644577026
5.23468804359436
5.37080979347229
5.359801769256592
5.309748888015747
5.421853303909302
5.28973650932312
5.130595445632935
5.424859046936035
5.318763971328735
5.188647031784058
5.287734031677246
5.143606662750244
5.287735223770142
5.353795528411865
5.177637338638306
5.394832134246826
5.191648960113525
5.260712146759033
5.272722244262695
5.54896879196167
5.38482403755188
5.413848876953125
5.166627407073975
5.278727293014526
5.325769424438477
5.159620523452759
5.403841257095337
5.40283727645874
5.3868248462677
5.352795124053955
5.365805625915527
5.380812644958496
5.379818439483643
5.236688613891602
5.1454102993011475
5.390826940536499
5.308633804321289
5.396826267242432
5.179639101028442
5.366806268692017
5.302748441696167
5.184643507003784
5.295742988586426
5.340784788131714
5.30512547492981
5.363804340362549
5.398835182189941
5.154158353805542
5.142605781555176
5.276726245880127
5.30775260925293
5.541120767593384
5.4188525676727295
5.374814033508301
5.269719839096069
5.363802671432495
5.3228631019592285
5.400835037231445
5.434867858886719
5.33978271484375
5.2186737060546875
5.262713432312012
5.1696295738220215
5.277727365493774
5.422857761383057
5.308754920959473
5.272723436355591
5.39983606338501
5.292739629745483
5.717121124267578
5.341782808303833
5.428863525390625
5.214668035507202
5.430861949920654
5.210668087005615
5.457923889160156
5.212621212005615
5.2627129554748535
5.312758207321167
5.3898279666900635
5.339782476425171
5.265716314315796
5.2567079067230225
5.171632289886475
5.341784238815308
5.225815296173096
5.298746585845947
5.3327765464782715
5.260711669921875
5.363802433013916
5.276724576950073
5.1866536140441895
5.369808197021484
5.323767423629761
5.431864976882935
5.453884601593018
5.408844470977783
5.122588634490967
5.359801292419434
5.462892532348633
5.387824296951294
5.410845994949341
5.236688852310181
5.1826417446136475
5.4488794803619385
5.269719839096069
5.3878254890441895
5.349791765213013
5.325769424438477
5.262712478637695
5.344787120819092
5.360801458358765
5.31476092338562
5.123589038848877
5.3237669467926025
5.210667133331299
5.397834777832031
5.364804744720459
5.27472448348999
5.335840225219727
5.318762540817261
5.200657844543457
5.168628215789795
5.446878433227539
5.444875955581665
5.270718336105347
5.390828847885132
5.375272750854492
5.405841112136841
5.412487268447876
5.641052484512329
5.455887079238892
5.398834228515625
5.131595849990845
5.4355974197387695
5.407842636108398
5.369822025299072
5.131595849990845
5.362802982330322
5.262714147567749
5.211668252944946
5.514939069747925
5.215671062469482
5.268718481063843
5.331773996353149
5.270720958709717
5.321766138076782
5.309753656387329
5.174635171890259
5.377816677093506
5.556977272033691
5.475905418395996
5.223670959472656
5.225680589675903
5.48395562171936
5.392829656600952
5.346816062927246
5.2837300300598145
5.333778142929077
5.370811462402344
5.379818677902222
5.133598566055298
5.383819580078125
5.446878671646118
5.428862571716309
5.28973913192749
5.3297951221466064
5.344805717468262
5.344806909561157
5.2967612743377686
5.37583589553833
5.345808506011963
5.29175877571106
5.247720241546631
5.296764850616455
5.3818418979644775
5.3247902393341064
5.484926462173462
5.166647434234619
5.273744106292725
5.437891244888306
5.290758848190308
5.407863616943359
5.3816304206848145
5.293226480484009
5.489937782287598
5.397856950759888
5.337801456451416
5.444897651672363
5.346810340881348
5.253726243972778
5.5569987297058105
5.374835729598999
5.4448957443237305
5.261739730834961
5.268738746643066
5.431887865066528
5.187665224075317
5.065556049346924
5.583021402359009
5.517963409423828
5.488937616348267
5.399855136871338
5.242716312408447
5.3418049812316895
5.347810506820679
5.399856805801392
5.426882266998291
5.432887554168701
5.445898771286011
5.3928515911102295
5.344807863235474
5.328793287277222
5.347810506820679
5.039532423019409
4.999495506286621
5.2707414627075195
5.286755084991455
5.340804100036621
5.31377911567688
5.233707904815674
5.490939378738403
5.14562726020813
5.3007683753967285
5.381837368011475
5.508955240249634
5.276745557785034
5.424879789352417
5.573013067245483
5.4208760261535645
5.4088664054870605
5.324791193008423
5.341803550720215
5.495944261550903
5.463913202285767
5.548992156982422
5.285754203796387
5.181661367416382
5.408865928649902
5.498945951461792
5.306772947311401
5.501948833465576
5.16164231300354
5.503951072692871
5.369830369949341
5.442894697189331
5.5796263217926025
5.397855997085571
5.053544521331787
5.509954214096069
5.284755229949951
5.311777591705322
5.3958539962768555
5.216690540313721
5.1045918464660645
5.529972314834595
5.725151300430298
5.407864570617676
5.383843660354614
5.32679295539856
5.211688280105591
5.40986704826355
5.463913679122925
5.385844469070435
5.145627737045288
5.464915752410889
5.41687273979187
5.463913202285767
5.468918561935425
5.457909107208252
5.440893888473511
5.381837844848633
5.312777280807495
5.4238786697387695
5.446897745132446
5.346809387207031
5.113600015640259
5.313780069351196
5.30076789855957
5.301765441894531
5.4408934116363525
5.39485239982605
5.2066850662231445
5.20768404006958
5.44489860534668
5.55199408531189
5.324789047241211
5.630063772201538
5.27174186706543
5.329792499542236
5.5459885597229
5.315782070159912
5.27674674987793
5.623058319091797
5.531974792480469
5.421875953674316
5.402859687805176
5.365825653076172
5.40486216545105
5.669098615646362
5.694122076034546
5.162641286849976
5.323789596557617
5.260732412338257
5.69111704826355
5.451903343200684
5.428884744644165
5.504951000213623
5.363825082778931
5.4579079151153564
5.524968147277832
5.419876575469971
5.483932971954346
5.401858806610107
5.897303581237793
5.508953094482422
5.394852638244629
5.543987512588501
5.453904867172241
5.38884711265564
5.4569079875946045
5.501948833465576
5.34180474281311
5.221697568893433
5.236709356307983
5.482931613922119
5.501943588256836
5.308775424957275
5.513960838317871
5.313836574554443
5.447899341583252
5.730154275894165
5.080570459365845
5.491939067840576
5.746167898178101
5.24271297454834
5.311375617980957
5.553555488586426
5.292774677276611
5.487951278686523
5.74318265914917
5.304784536361694
5.503814458847046
5.201691627502441
5.187679052352905
5.179672002792358
5.388860702514648
4.91443395614624
5.416886806488037
5.513976097106934
5.259744882583618
5.448915719985962
5.503966331481934
5.1066060066223145
5.254740953445435
5.551008224487305
5.2897727489471436
5.455922842025757
5.516977787017822
5.227739334106445
5.392865896224976
5.5860395431518555
5.24172830581665
5.264737844467163
5.449915647506714
5.523983716964722
5.5149760246276855
5.51997971534729
5.059563636779785
5.633082389831543
5.4339025020599365
5.356832265853882
5.693135738372803
5.466931104660034
5.340818405151367
5.354829549789429
5.74718451499939
5.714154481887817
5.366841554641724
5.457923412322998
5.2757604122161865
5.718157052993774
5.730168581008911
5.430898904800415
5.27475905418396
5.232720851898193
5.528987646102905
5.763200044631958
5.392863988876343
5.388861894607544
5.323803663253784
5.746184349060059
5.864290714263916
5.496959209442139
5.411882400512695
5.270753622055054
5.490953683853149
6.225614786148071
6.995310306549072
6.6243672370910645
6.207190036773682
5.738153696060181
5.820072412490845
5.9576640129089355
5.712682485580444
5.641091823577881
5.821252346038818
5.426895618438721
5.458923816680908
6.917237997055054
5.753188133239746
5.742181301116943
5.773209095001221
5.716158151626587
5.774208307266235
5.514974594116211
5.493957042694092
6.292679786682129
6.159556150436401
5.730170011520386
6.091496706008911
5.637084722518921
6.048456907272339
6.454822778701782
5.741179466247559
5.581035375595093
5.718160152435303
6.844656467437744
7.058409929275513
5.931161403656006
5.894596099853516
6.354201078414917
6.345690965652466
6.331139087677002
6.242092609405518
5.950505018234253
5.978578090667725
6.2314229011535645
5.986289024353027
5.755919933319092
5.807222843170166
6.062923908233643
6.495275259017944
5.858139753341675
5.9363532066345215
5.943219184875488
5.969157457351685
6.0157105922698975
6.0387537479400635
5.9267895221710205
5.842339754104614
6.162435293197632
6.1074395179748535
5.935537338256836
5.9483420848846436
6.078139066696167
6.015454053878784
5.951327323913574
5.930731296539307
5.785424470901489
5.729938268661499
6.154063701629639
6.273387670516968
5.995749235153198
5.963224172592163
5.906594753265381
6.0264222621917725
6.093472480773926
6.044709920883179
5.889148950576782
5.967911720275879
6.154729604721069
6.132943868637085
5.88600492477417
6.109817743301392
7.633682012557983
7.676928520202637
6.916056871414185
6.91265082359314
6.004437446594238
6.06388258934021
6.2118775844573975
6.225891590118408
6.2064337730407715
5.908366918563843
6.027626037597656
6.0571370124816895
6.086912155151367
6.12808632850647
6.001899480819702
6.252918243408203
6.112930774688721
6.3980348110198975
6.217093229293823
6.044156789779663
5.741291046142578
5.85297703742981
6.131735324859619
5.882668972015381
5.723928213119507
5.7335309982299805
5.756889820098877
5.7329771518707275
6.03898811340332
5.853403329849243
5.7030017375946045
5.735602378845215
5.778689384460449
6.1642539501190186
6.087994337081909
5.808947324752808
5.6981282234191895
5.6932923793792725
6.081531286239624
6.093394994735718
5.855201959609985
5.711276531219482
5.6547229290008545
5.853806734085083
6.057389974594116
5.793796539306641
5.8218207359313965
5.750393629074097
6.265476226806641
5.665951490402222
5.871084451675415
5.82680869102478
5.684701442718506
5.846982002258301
6.4470837116241455
5.8321685791015625
5.7164084911346436
6.114647150039673
5.795931339263916
6.003742456436157
5.931172847747803
6.064265966415405
6.127299547195435
5.69515061378479
5.481957674026489
6.1505608558654785
5.902337074279785
5.651108741760254
5.654112339019775
5.898334264755249
5.724174976348877
6.100516319274902
5.894328832626343
5.76120924949646
5.7051591873168945
6.259660005569458
6.924260139465332
7.152467489242554
5.872310400009155
6.032516956329346
6.1125264167785645
5.925358057022095
5.9864137172698975
5.850290536880493
5.906341075897217
5.8773181438446045
6.165575742721558
6.309706926345825
6.2496514320373535
5.984411239624023
6.1522252559661865
6.027449607849121
5.975403070449829
6.014439344406128
5.965392827987671
5.696150541305542
5.722174644470215
5.970402956008911
5.739189386367798
5.988412141799927
5.892327785491943
5.679039478302002
5.66429591178894
6.258659362792969
5.777224779129028
5.994417428970337
5.748197317123413
5.63209342956543
5.681136608123779
6.224628210067749
5.897333145141602
5.969413995742798
5.624826908111572
5.6641223430633545
5.703593730926514
5.8162596225738525
6.557236194610596
6.089505672454834
5.677136182785034
5.822264194488525
5.80502724647522
5.604067325592041
5.734185457229614
5.71917200088501
5.640965938568115
5.686146974563599
5.6881444454193115
5.540009498596191
5.560027360916138
6.128460645675659
6.093510866165161
5.696150302886963
5.942538022994995
5.785204887390137
5.783775568008423
5.742720365524292
5.910344839096069
5.693148851394653
5.814257860183716
5.92328405380249
5.658116102218628
6.116168260574341
5.690145492553711
5.7251808643341064
5.742051362991333
5.66312050819397
5.681136846542358
5.653112411499023
6.062482833862305
5.739190578460693
6.074492692947388
5.980408430099487
6.158569097518921
5.861299753189087
5.637096643447876
5.728180646896362
5.720173358917236
5.8923280239105225
6.100515604019165
5.8112547397613525
6.1865928173065186
6.088509559631348
6.0324554443359375
6.123535633087158
5.803246021270752
5.829271078109741
5.784230709075928
5.767214059829712
5.873309373855591
5.917351722717285
5.728179454803467
5.8692686557769775
5.975403308868408
5.838280439376831
5.885322332382202
6.032454013824463
6.05947732925415
5.737094879150391
5.74319314956665
5.946377277374268
5.905340194702148
5.7211713790893555
5.645104169845581
5.635096549987793
5.746201515197754
5.660125732421875
5.908350944519043
5.671136379241943
5.729188919067383
5.991425037384033
5.9994330406188965
5.979414939880371
5.8853302001953125
5.813262701034546
5.7411956787109375
5.805257320404053
5.795249700546265
6.012442588806152
5.813264846801758
5.807260036468506
5.745204210281372
5.992426872253418
5.904347896575928
6.097522258758545
6.175592660903931
5.901345252990723
5.7992517948150635
5.7842395305633545
5.687151908874512
5.673138618469238
5.857305288314819
5.988423585891724
5.863306999206543
5.656122207641602
5.60607647895813
5.905349254608154
5.516996383666992
5.726184368133545
6.212394952774048
6.123536825180054
5.714175462722778
5.711172342300415
5.571046590805054
5.516996383666992
5.65812349319458
5.685148477554321
5.651117563247681
5.755208492279053
5.666851758956909
5.65807032585144
5.6180877685546875
5.4959776401519775
5.4557600021362305
5.673137903213501
5.898341655731201
5.674138784408569
5.62909722328186
5.48996901512146
5.628096580505371
5.702163934707642
5.630099534988403
5.799252510070801
5.665130138397217
5.434921741485596
5.511992931365967
5.809260606765747
5.579052686691284
5.553030252456665
5.6511170864105225
5.635101795196533
5.4719557762146
5.472956657409668
5.844291925430298
5.870315313339233
5.519995927810669
5.599069356918335
5.5650410652160645
6.133684873580933
5.854302167892456
5.637104272842407
5.5580291748046875
5.481964826583862
5.680143356323242
5.825275897979736
5.691079616546631
5.4949774742126465
5.71817946434021
5.606075763702393
5.591062307357788
5.687150239944458
5.627095937728882
5.483966827392578
5.671135663986206
5.602073669433594
5.593064308166504
5.538013696670532
5.689152717590332
5.669134855270386
5.635104417800903
5.6651318073272705
5.596069097518921
5.551027297973633
5.682465076446533
5.752208948135376
5.653120756149292
5.6761393547058105
5.5420308113098145
5.693156003952026
5.806258916854858
5.778233528137207
5.592064619064331
5.484967231750488
5.4749596118927
5.600070238113403
5.582055330276489
5.645112752914429
5.663128137588501
5.664131164550781
5.62109112739563
5.739197492599487
5.6321022510528564
5.473957538604736
5.509990453720093
5.651117563247681
5.848297595977783
5.608079195022583
5.538015365600586
5.626384496688843
5.535012722015381
5.4989800453186035
5.360853672027588
5.780235290527344
5.604075193405151
6.038469552993774
5.495976686477661
5.478959560394287
5.490974187850952
5.776231527328491
5.647114515304565
5.674137592315674
5.454939603805542
5.433920860290527
5.691154718399048
5.881324768066406
5.7782323360443115
5.622091770172119
5.579052448272705
5.423912286758423
5.599066972732544
5.61569356918335
5.862307548522949
5.613083362579346
5.568042278289795
5.475957870483398
5.571045398712158
5.613083839416504
5.871317386627197
5.4389259815216064
5.429916620254517
5.759109973907471
5.528004169464111
5.549024820327759
5.442929744720459
5.771225690841675
5.639106035232544
5.553029537200928
5.6361048221588135
5.709169864654541
5.610086679458618
5.54902982711792
5.473963260650635
5.654022216796875
5.90535831451416
5.754217624664307
5.470959663391113
5.525010585784912
5.640113115310669
5.641114950180054
5.5810606479644775
5.489977836608887
5.588066339492798
5.850304841995239
5.874326467514038
5.645117998123169
5.459951639175415
5.536017656326294
5.692161560058594
5.623687028884888
5.6451194286346436
5.514000415802002
5.629104852676392
5.502990484237671
5.59907603263855
5.5940728187561035
5.752215385437012
5.4699602127075195
5.549031019210815
5.51299786567688
5.628103256225586
5.634106636047363
5.878329038619995
5.545740842819214
5.345846176147461
5.665338039398193
5.614091634750366
5.587065696716309
5.670141696929932
5.500986337661743
5.796255350112915
5.611290454864502
5.725191116333008
5.571051120758057
5.626101493835449
5.442934274673462
5.378875255584717
5.643116474151611
5.891341686248779
5.607081890106201
5.432926654815674
5.895345211029053
5.590068817138672
5.490978956222534
5.555036783218384
5.593071699142456
5.443934202194214
5.477967023849487
5.61909556388855
5.597075939178467
5.5780580043792725
5.4509429931640625
5.714179754257202
5.786246299743652
5.836291790008545
5.827283620834351
5.570050954818726
5.468959093093872
5.533030033111572
5.7382025718688965
5.50899600982666
5.860314130783081
5.710176944732666
5.70417332649231
5.642115592956543
5.6641364097595215
5.576056957244873
5.44594144821167
5.452945232391357
5.641112804412842
5.658130407333374
5.883483648300171
5.403899908065796
5.763225555419922
5.769230604171753
5.3888866901397705
5.440680742263794
5.661134243011475
5.598832368850708
5.690476417541504
5.636110305786133
5.720186233520508
5.586064338684082
5.664135456085205
5.400897264480591
5.657130241394043
5.741205930709839
5.618093729019165
5.619094610214233
5.470961809158325
5.39789605140686
5.572051763534546
5.648120164871216
5.83128809928894
5.74020528793335
5.471963405609131
5.674144744873047
5.681151866912842
5.599076747894287
5.453946113586426
5.502990245819092
5.628102540969849
5.819277048110962
5.6571290493011475
5.419412612915039
5.664134740829468
5.579058408737183
5.39589262008667
5.408904314041138
5.403899669647217
5.968411445617676
5.830286026000977
5.576056241989136
5.603054046630859
5.463954448699951
5.423919200897217
5.743208169937134
5.631105899810791
5.851305961608887
5.62009596824646
5.401898145675659
5.471961975097656
5.709176063537598
5.562042951583862
5.76443076133728
5.393891096115112
5.507018089294434
5.73119592666626
5.756218910217285
5.58706521987915
5.554035902023315
5.52801251411438
5.412908315658569
6.020459413528442
5.670140504837036
5.59707498550415
5.5109968185424805
5.5790581703186035
5.617093086242676
5.411907196044922
5.658131122589111
5.581062078475952
5.479969024658203
5.515000581741333
5.574703931808472
5.654125690460205
5.90735650062561
5.680150508880615
5.61097526550293
5.411906719207764
5.450942516326904
5.791287183761597
5.839294910430908
5.71017599105835
5.691164970397949
5.546031713485718
5.479994297027588
5.77824330329895
5.805268287658691
5.748215913772583
5.704175710678101
5.471964597702026
5.438936710357666
5.756223917007446
5.601082801818848
5.732202053070068
5.616096258163452
5.434932231903076
5.476970434188843
5.615095138549805
5.7422120571136475
5.729198694229126
5.404904127120972
5.590071678161621
5.475969076156616
5.743211984634399
5.6891632080078125
5.766232013702393
5.950399160385132
5.457953929901123
5.381725549697876
5.697170257568359
5.816277027130127
5.5870280265808105
5.736205339431763
5.790255308151245
5.456950902938843
5.6331117153167725
5.85015344619751
5.565050363540649
5.703174591064453
5.647123098373413
5.378882169723511
5.4739673137664795
5.893347501754761
5.588071823120117
5.701174020767212
5.80726957321167
5.568051815032959
5.510791301727295
5.749216556549072
5.620099306106567
5.820281982421875
5.4719648361206055
5.438934087753296
5.393897294998169
5.785249471664429
5.53201961517334
5.923375368118286
5.7672343254089355
5.67014479637146
5.616096496582031
5.780245542526245
6.085522413253784
5.724193811416626
5.7602269649505615
5.726195573806763
5.46195650100708
5.3999011516571045
5.736206531524658
5.626105546951294
5.972419261932373
5.445940971374512
5.723194122314453
5.455951929092407
5.511000633239746
5.787251234054565
5.576059579849243
5.697170734405518
5.759226083755493
5.43893575668335
5.4039061069488525
5.640118598937988
5.821281909942627
5.5910727977752686
5.728198528289795
5.768233776092529
5.6821558475494385
5.473967552185059
5.74120831489563
5.612091064453125
5.707179307937622
5.768234968185425
5.665140628814697
5.521009922027588
5.766233205795288
5.822283983230591
5.734204053878784
5.700172185897827
5.492984771728516
5.501306056976318
5.944622755050659
5.537024259567261
5.696488380432129
5.775118112564087
5.392893552780151
5.4705281257629395
5.731200218200684
5.648125171661377
5.814276456832886
5.479971647262573
5.636115550994873
5.588070869445801
5.4679625034332275
5.680979251861572
5.586068153381348
5.651126384735107
5.477971792221069
5.4449403285980225
5.7612268924713135
5.676150321960449
5.8352954387664795
5.94439435005188
5.826287508010864
5.769235372543335
5.727196931838989
5.461956262588501
5.645122528076172
5.781246900558472
5.631108283996582
5.698171138763428
5.664139986038208
5.457952260971069
5.661137104034424
5.815277099609375
5.583066940307617
5.752219915390015
5.748215436935425
5.743213415145874
5.49198317527771
5.43693470954895
5.811275243759155
5.665140628814697
5.7522196769714355
5.690319061279297
5.495987176895142
5.434931993484497
5.6791534423828125
5.550747871398926
5.721191167831421
5.418916702270508
5.424922466278076
5.471966981887817
5.780050754547119
5.629558563232422
5.744186162948608
5.633925199508667
5.537025690078735
5.6100914478302
5.784250020980835
5.645122051239014
5.817277431488037
5.782247543334961
5.724194765090942
5.4119110107421875
5.459954261779785
5.554039001464844
5.791255712509155
5.603087902069092
5.813278436660767
5.7592291831970215
5.42692756652832
5.539030075073242
5.741437911987305
5.605088472366333
5.724196672439575
5.466963052749634
5.784253120422363
5.776244878768921
5.474972486495972
5.432932615280151
5.798264503479004
5.732205152511597
5.794259786605835
5.686162710189819
5.712186336517334
5.413916349411011
5.5090014934539795
5.95990514755249
5.59207820892334
5.727199077606201
5.772240161895752
5.841304540634155
5.47497034072876
5.5120038986206055
5.746217966079712
5.603088140487671
5.779247045516968
5.685160875320435
5.4739696979522705
5.46796441078186
5.7972636222839355
5.645126104354858
5.893351078033447
5.388892889022827
5.450949430465698
5.488060712814331
5.460958480834961
5.454952955245972
5.820284605026245
5.570057153701782
5.777245044708252
5.646358489990234
5.821381330490112
5.867039203643799
5.460956335067749
5.455952405929565
5.723196744918823
5.590074300765991
5.741213083267212
5.4029059410095215
5.56505274772644
5.447946548461914
5.701177597045898
5.621104001998901
5.725198030471802
5.6541337966918945
5.569057941436768
5.479975700378418
5.794260501861572
5.870428085327148
5.706180810928345
5.762230396270752
5.5760626792907715
5.448947429656982
5.754225254058838
5.600085973739624
5.944397687911987
5.476972818374634
5.382889032363892
5.450146913528442
5.460958480834961
5.474505662918091
5.823513746261597
5.814279079437256
5.759228467941284
5.717190265655518
5.7572221755981445
5.718191385269165
5.477973461151123
5.605088710784912
5.858319997787476
5.6331140995025635
5.7239906787872314
5.780248403549194
5.76617956161499
5.445945978164673
5.470967769622803
5.703179121017456
5.613096714019775
5.70217752456665
5.563051223754883
5.456954479217529
5.463960647583008
5.513005495071411
5.484907388687134
5.729201078414917
5.716190814971924
5.6461262702941895
5.46696662902832
5.3818864822387695
5.721194267272949
5.6421217918396
5.765233755111694
5.463839054107666
5.5210113525390625
5.48698353767395
5.850311517715454
5.57205867767334
5.737208604812622
5.750221252441406
5.760229825973511
5.730201959609985
5.452951669692993
5.462960720062256
5.866326093673706
5.640121221542358
5.800266742706299
5.88992714881897
5.827291011810303
5.5530407428741455
5.388956785202026
5.32383394241333
5.768238067626953
5.639120101928711
5.7292022705078125
5.803269386291504
5.671147346496582
5.410911560058594
5.327836990356445
5.358865737915039
5.782251834869385
5.553041219711304
5.769239187240601
5.7762439250946045
5.764233589172363
5.299684762954712
5.464964389801025
5.477973699569702
5.774242877960205
5.570056200027466
5.706642150878906
5.779247045516968
5.750220775604248
5.70217752456665
5.436936616897583
5.50800085067749
5.8182806968688965
5.642122507095337
5.711186408996582
5.851312875747681
5.641121864318848
5.459957122802734
5.372878313064575
5.496992349624634
5.714731216430664
5.6431238651275635
5.68215799331665
5.866326093673706
5.6521313190460205
5.326838970184326
5.4949891567230225
5.367873668670654
5.777248382568359
5.705181837081909
5.707183361053467
5.71118688583374
5.675155401229858
5.603089809417725
5.443944454193115
5.781252145767212
5.6484551429748535
5.684162139892578
5.6746506690979
5.472970724105835
5.479978322982788
5.536027908325195
5.786256790161133
5.420925140380859
5.745218276977539
5.714181661605835
5.374882459640503
5.356866359710693
5.529021978378296
5.758230924606323
5.543033838272095
5.700177907943726
5.5710601806640625
5.46596360206604
5.590078353881836
5.525019645690918
5.62711238861084
5.626111030578613
5.360870838165283
5.3458571434021
5.529022455215454
5.754927396774292
5.534026861190796
5.661142110824585
5.6561360359191895
5.345856189727783
5.486984014511108
5.780251502990723
5.623128175735474
5.31482720375061
5.390896558761597
5.378885746002197
5.486984729766846
5.672152042388916
5.564053058624268
5.590081214904785
6.1165547370910645
5.625561952590942
5.633116960525513
6.130569219589233
5.770241022109985
5.880342245101929
5.784253120422363
5.696173429489136
5.610095500946045
5.817285537719727
5.528020858764648
5.9584128856658936
5.752224922180176
5.487985610961914
5.71018648147583
6.35862135887146
6.327400207519531
8.129006147384644
8.335275888442993
6.112753868103027
6.280299425125122
6.567245960235596
6.416828632354736
6.400813341140747
6.579309463500977
5.729207277297974
6.028515815734863
6.147182464599609
6.009009122848511
5.672466039657593
5.675990343093872
5.636842250823975
6.140748023986816
5.875966548919678
5.952845573425293
6.037487983703613
5.6948041915893555
5.628401517868042
6.08497953414917
6.167330265045166
5.865992307662964
5.97164511680603
5.9776999950408936
5.956104040145874
6.074329137802124
5.858553409576416
5.955489873886108
5.8677356243133545
5.677949905395508
5.647731304168701
6.40329647064209
6.699575185775757
6.72011137008667
6.298719882965088
5.698176145553589
6.832207202911377
6.379704713821411
6.183316469192505
6.300991058349609
6.059548616409302
5.800097703933716
5.98569917678833
5.95033860206604
6.198657751083374
6.170266628265381
6.075179100036621
5.7514142990112305
6.141145706176758
