Timing log for each step:
0.017016172409057617
6.154475450515747
6.155732154846191
5.719013452529907
5.697744369506836
5.714130401611328
5.6685285568237305
5.80195426940918
5.737473487854004
5.794214248657227
5.729611396789551
5.784247636795044
5.753737211227417
5.7384374141693115
5.8020920753479
5.7008678913116455
5.700352430343628
5.744891405105591
5.771423816680908
5.776945352554321
5.7268455028533936
5.703593492507935
5.768425226211548
5.788698434829712
5.6856584548950195
5.730067253112793
5.781418323516846
5.734868764877319
5.754937171936035
5.7464354038238525
5.766127347946167
5.794520854949951
5.702873706817627
5.721927165985107
5.731981515884399
5.74287486076355
5.63931941986084
5.638421058654785
5.652120113372803
6.003566265106201
5.738925457000732
5.689607381820679
5.7829506397247314
5.769650459289551
5.643900394439697
5.684463262557983
5.684232234954834
5.6130900382995605
5.736921072006226
5.680006742477417
6.020952939987183
5.6169493198394775
5.749668121337891
5.7967188358306885
5.722135066986084
5.796286344528198
5.735780477523804
5.734254598617554
5.750546216964722
5.757034540176392
5.788279056549072
5.793111562728882
5.810157060623169
5.774535417556763
5.70585298538208
5.748437166213989
5.724179744720459
5.684099912643433
5.7510154247283936
5.7416160106658936
5.72831916809082
5.813706636428833
5.75846004486084
5.790115118026733
5.7590813636779785
5.7583723068237305
5.959240913391113
5.802793502807617
5.790894508361816
5.8914549350738525
6.019503593444824
5.7576844692230225
5.818194389343262
5.873126745223999
5.7559826374053955
5.757408618927002
5.748286485671997
6.072948217391968
5.775984287261963
5.819742441177368
5.825942277908325
5.3728649616241455
5.859050989151001
5.749929189682007
5.0959837436676025
5.889265298843384
5.795004844665527
5.7741124629974365
5.806990385055542
5.776522874832153
5.802739381790161
5.811990737915039
5.791926145553589
5.734449148178101
5.77092981338501
5.751331806182861
5.734968662261963
6.011473655700684
5.737412929534912
5.775073051452637
5.764517545700073
5.04741096496582
5.8336992263793945
5.83012056350708
5.7514612674713135
5.8186469078063965
5.8096630573272705
5.807404518127441
5.7327775955200195
5.692680835723877
5.770367860794067
5.6793904304504395
5.66641902923584
5.722828149795532
5.720167875289917
5.707758665084839
5.684194326400757
5.736808776855469
5.714757442474365
5.96952223777771
5.74841570854187
5.713448524475098
5.66788387298584
5.7317376136779785
5.8499274253845215
6.125946521759033
5.960932016372681
5.946670055389404
5.921344995498657
5.98615288734436
5.976284742355347
5.971939563751221
5.945539712905884
6.007986307144165
6.10940408706665
6.101396083831787
5.703284502029419
5.746403217315674
5.770050048828125
5.743887186050415
5.68583607673645
5.7380242347717285
5.6866772174835205
5.700207471847534
5.758003234863281
5.755819320678711
6.127299785614014
5.783775329589844
5.725029230117798
5.7670135498046875
6.15705132484436
5.826983690261841
5.74473237991333
6.131121635437012
5.757140159606934
5.720401048660278
5.760259628295898
5.995466709136963
5.728119850158691
5.751938343048096
5.796041965484619
5.769747257232666
5.768951892852783
5.780869007110596
5.805557012557983
5.841253042221069
5.820659160614014
5.780684471130371
5.7978410720825195
5.7624053955078125
5.822518587112427
5.853925704956055
5.752645015716553
5.758665323257446
5.729247331619263
5.820928573608398
5.737626075744629
5.738881587982178
5.729677438735962
5.838759660720825
5.797699213027954
5.81491756439209
5.944159269332886
5.792044162750244
5.829630374908447
5.766381740570068
5.83525276184082
5.7656660079956055
5.764843702316284
5.772596120834351
5.730398893356323
5.8041346073150635
5.721229791641235
5.814948081970215
5.794427394866943
5.932709455490112
5.83896541595459
5.777196168899536
5.763099193572998
5.774913311004639
5.8344151973724365
5.7722249031066895
5.754103660583496
5.778661727905273
5.79791259765625
5.8122570514678955
5.771420240402222
5.74544882774353
5.771747589111328
5.8660242557525635
5.842637062072754
5.784544467926025
5.81082820892334
5.8848876953125
5.80111289024353
5.799334764480591
5.790342330932617
5.813122034072876
5.811692476272583
5.842162370681763
5.799726247787476
5.738274574279785
5.806899309158325
5.789750337600708
5.764059066772461
5.785859107971191
5.802825450897217
5.749546051025391
5.754536151885986
5.7788450717926025
5.774019241333008
5.831450462341309
5.778784513473511
5.762082576751709
5.795590400695801
5.79825496673584
5.755731582641602
5.868076801300049
5.827372312545776
5.785374164581299
5.802530527114868
5.894933223724365
5.741767168045044
5.869037866592407
5.802712440490723
5.8121254444122314
5.801330804824829
5.760122776031494
5.737781047821045
5.789761781692505
5.78181266784668
5.817839860916138
5.7236104011535645
5.808854818344116
5.723214626312256
5.810455560684204
5.6834557056427
5.730786561965942
5.821016550064087
5.781909227371216
5.800435543060303
5.75084376335144
5.787537336349487
6.2633678913116455
5.736332178115845
5.757476568222046
5.810119390487671
5.796881675720215
5.843083143234253
5.817985773086548
5.796612501144409
5.73012638092041
5.805455684661865
5.746852874755859
5.7666542530059814
5.7723612785339355
5.814680337905884
5.789026498794556
5.712603330612183
5.76365327835083
5.746806859970093
5.737858295440674
5.843953847885132
5.759690523147583
5.809829235076904
5.7261412143707275
6.053596258163452
5.912360429763794
5.682175874710083
5.610126733779907
5.503470182418823
5.504623889923096
5.557718276977539
5.5991973876953125
5.537651300430298
5.514974355697632
5.581578969955444
5.579009532928467
5.628265142440796
5.648083448410034
5.580400466918945
5.5916218757629395
5.439489364624023
5.552189826965332
5.551501512527466
5.513141870498657
5.678374528884888
5.5909459590911865
5.4696877002716064
5.609385251998901
5.698529005050659
5.608783006668091
5.662243366241455
5.491830348968506
5.6443352699279785
5.532037734985352
5.512518405914307
5.590390920639038
5.561352968215942
5.480764389038086
5.459636926651001
5.46754264831543
5.685784578323364
5.513716220855713
5.511596918106079
5.671686887741089
5.44911789894104
5.6139843463897705
5.539322853088379
5.5617921352386475
5.517305850982666
5.532737731933594
5.571633577346802
5.65868067741394
5.529023170471191
5.6668455600738525
5.694185733795166
5.548675298690796
5.439820766448975
5.436538457870483
5.53092622756958
5.602366209030151
5.619799613952637
5.659853458404541
5.632309198379517
5.491590976715088
5.557013511657715
5.478414297103882
5.437390089035034
5.643852949142456
5.4986536502838135
5.452460289001465
5.475251197814941
5.477251052856445
5.434300661087036
5.539169549942017
5.602778196334839
5.662268400192261
5.665256023406982
5.526974201202393
5.637392044067383
5.5480241775512695
5.479470252990723
5.65337347984314
5.630075931549072
5.549266338348389
5.554501056671143
5.641734838485718
5.509066581726074
5.597721099853516
5.540721893310547
5.433839321136475
5.502222061157227
5.541743516921997
5.547491550445557
5.592880964279175
5.451602220535278
5.555968761444092
5.5435168743133545
5.6632304191589355
5.592605113983154
5.488619804382324
5.547351598739624
5.513028860092163
5.513187885284424
5.56320858001709
5.654441833496094
5.614079236984253
5.422868728637695
5.530667066574097
5.418494939804077
5.519255876541138
5.593247890472412
5.459221839904785
5.483415842056274
5.501537322998047
5.564205884933472
5.691450357437134
5.669738531112671
5.590575218200684
5.664390802383423
5.6169514656066895
5.5153093338012695
5.978710889816284
5.580479145050049
5.4665539264678955
5.450186014175415
5.379903316497803
5.542640924453735
5.559220552444458
5.605259418487549
5.6400675773620605
5.468296766281128
5.539801597595215
5.535562515258789
5.427877187728882
5.5263237953186035
5.6120569705963135
5.449532747268677
5.619302988052368
5.421157121658325
5.567699193954468
5.251306533813477
5.567105770111084
5.532000303268433
5.531590223312378
5.607235908508301
5.530186653137207
5.514490365982056
5.614778995513916
5.465017080307007
5.607709646224976
5.638388633728027
5.533890247344971
5.646660089492798
5.626702308654785
5.475957155227661
5.504149913787842
5.55971884727478
5.517628908157349
5.568334579467773
5.525468826293945
5.603775501251221
5.497755765914917
5.54205322265625
5.519936561584473
5.5376012325286865
5.493158340454102
5.499472618103027
5.331437349319458
5.593122959136963
5.582239866256714
5.5340142250061035
5.693168878555298
5.57425332069397
5.444204092025757
5.526720762252808
5.518390417098999
5.533187389373779
5.437512397766113
5.657641887664795
5.586223602294922
5.51667046546936
5.576338052749634
5.584216594696045
5.56908106803894
5.406079053878784
5.541271686553955
5.646320819854736
5.641782760620117
5.3362650871276855
5.559178829193115
5.640463352203369
5.507694959640503
5.649214506149292
5.50769567489624
5.6072447299957275
5.556953191757202
5.559705018997192
5.542572259902954
5.49228835105896
5.552958726882935
5.58074426651001
5.512474775314331
5.556504726409912
5.700608968734741
5.576565980911255
5.525192499160767
5.474738359451294
5.398136615753174
5.597565650939941
5.314299821853638
5.489365816116333
5.541498422622681
5.554763317108154
5.512938976287842
5.5572192668914795
5.570038318634033
5.494532108306885
5.606365203857422
5.4631359577178955
5.650580883026123
5.612700700759888
5.637228488922119
5.418800354003906
5.46300482749939
5.599260091781616
5.588951587677002
5.601672649383545
5.4934868812561035
5.484156131744385
5.560668706893921
5.507380247116089
5.55318546295166
5.582571744918823
5.645766496658325
5.433434247970581
5.563323736190796
5.486425399780273
5.53870415687561
5.443540573120117
5.46743106842041
5.5526463985443115
5.57499361038208
5.548694372177124
5.561236143112183
5.589954137802124
5.5485851764678955
5.547673463821411
5.644694566726685
5.494235992431641
5.497736930847168
5.572191476821899
5.4984519481658936
5.508138656616211
5.681464433670044
5.4794933795928955
5.559195518493652
5.571770906448364
5.686025619506836
5.624509334564209
5.528375625610352
5.550238609313965
5.601172208786011
5.453110456466675
5.5486860275268555
5.4115142822265625
5.514556407928467
5.619815349578857
5.639604091644287
5.5346269607543945
5.485325813293457
5.599329233169556
5.546151161193848
5.628243923187256
5.409541130065918
5.635300159454346
5.433486461639404
5.5767176151275635
5.564966917037964
5.508115291595459
5.4515380859375
5.5650036334991455
5.37446141242981
5.513602018356323
5.56698203086853
5.601623058319092
5.536451101303101
5.581775188446045
5.659014940261841
5.51193642616272
5.596569538116455
5.399514436721802
5.6492650508880615
5.605767011642456
5.522705078125
5.522154331207275
5.492473363876343
5.624597787857056
5.496617078781128
5.64479923248291
5.519397258758545
5.460461378097534
5.457146167755127
5.582640886306763
5.4771034717559814
5.576696872711182
5.506326198577881
5.5844714641571045
5.65004563331604
5.571307182312012
5.5554986000061035
5.5076258182525635
5.698224306106567
5.428098917007446
5.7349958419799805
5.5186991691589355
5.5135602951049805
5.448638677597046
5.627826690673828
5.648723363876343
5.653239488601685
5.602848529815674
5.5900256633758545
5.563441038131714
5.631671905517578
5.638584136962891
5.636765956878662
5.468562841415405
5.563985109329224
5.589311599731445
5.533932685852051
5.637247323989868
5.459652900695801
5.488250255584717
5.6085145473480225
5.509193420410156
5.62150764465332
5.577633380889893
5.547995567321777
5.557533264160156
5.437106370925903
5.642444372177124
5.470118045806885
5.588593482971191
5.52436900138855
5.578240394592285
5.472959041595459
5.595442771911621
5.509142875671387
5.540613651275635
5.583853006362915
5.4853057861328125
5.479730844497681
5.543177604675293
5.5857086181640625
5.60685396194458
5.660363435745239
5.578321695327759
5.584044694900513
5.582146883010864
5.607272148132324
5.586669683456421
5.5067150592803955
5.582927703857422
5.547989368438721
5.601305723190308
5.615950107574463
5.616819143295288
5.571206092834473
5.643245697021484
5.634145021438599
5.41948938369751
5.584973573684692
5.690676689147949
5.529985666275024
5.464207172393799
5.584117412567139
5.596628427505493
5.525259733200073
5.5539586544036865
5.6491379737854
5.725315570831299
5.496643543243408
5.639426231384277
5.5409626960754395
5.526895046234131
5.5113818645477295
5.597609043121338
5.559677362442017
5.650004625320435
5.605419874191284
5.648682594299316
5.629876136779785
5.600301504135132
5.567787408828735
5.585662603378296
5.50201153755188
5.518672227859497
5.596070766448975
5.549935579299927
5.5972185134887695
5.560117483139038
5.5665929317474365
5.535795211791992
5.4934515953063965
5.483807325363159
5.567206859588623
5.613562107086182
5.550579786300659
5.473586797714233
5.585742712020874
5.553534984588623
5.512001276016235
5.632171154022217
5.535887718200684
5.556273698806763
5.4372780323028564
5.6440911293029785
5.595565557479858
5.578272104263306
5.686873435974121
5.505783319473267
5.52952241897583
5.531511306762695
5.506143808364868
5.517856121063232
5.503140449523926
5.529322862625122
5.419434309005737
5.483065128326416
5.459787607192993
5.44694185256958
5.465631008148193
5.550211191177368
5.547635078430176
5.5301642417907715
5.435862064361572
5.488621950149536
5.550042390823364
5.4005279541015625
5.506546974182129
5.464207887649536
5.608010768890381
5.567965269088745
5.668511629104614
5.536053895950317
5.661551237106323
5.515012741088867
5.609728813171387
5.636368751525879
5.543283224105835
5.433316469192505
5.650331497192383
5.602204084396362
5.570719480514526
5.627861261367798
5.58149528503418
5.560122489929199
5.421502113342285
5.572167873382568
5.409862041473389
5.508344888687134
5.4433252811431885
5.612231492996216
5.636935472488403
5.609763860702515
5.557771444320679
5.503934144973755
5.479558706283569
5.499401569366455
5.636439323425293
5.536558389663696
5.440009117126465
5.547416925430298
5.592139959335327
5.598346710205078
5.641460657119751
5.414085149765015
5.498745918273926
5.5085289478302
5.610168695449829
5.457214832305908
5.602471113204956
5.4915666580200195
5.560220003128052
5.467794418334961
5.602950572967529
5.6985344886779785
5.485162258148193
5.547851800918579
5.621736288070679
5.501372814178467
5.604647636413574
5.616029739379883
5.520190477371216
5.3912129402160645
5.729490518569946
5.542407035827637
5.547209024429321
5.957276105880737
5.572627544403076
5.548718214035034
5.591210126876831
5.563723087310791
5.623950242996216
5.631031513214111
5.538640022277832
5.553530693054199
5.523571491241455
5.623244047164917
5.945336818695068
5.628088474273682
5.523149728775024
5.5387959480285645
5.524201154708862
5.328978061676025
5.556293725967407
5.502331256866455
5.519593954086304
5.531110048294067
5.539565086364746
5.497605085372925
5.522367000579834
5.38941502571106
5.7051777839660645
5.798291206359863
5.621129989624023
5.382912874221802
5.5330491065979
5.46999192237854
5.369900941848755
5.595106840133667
5.4249513149261475
5.487007141113281
5.42995548248291
5.334868431091309
5.549063682556152
5.385915040969849
5.592103481292725
5.5330491065979
5.397926092147827
5.548063039779663
5.389918327331543
5.4499735832214355
5.30684232711792
5.4069342613220215
5.494013786315918
5.529045820236206
5.44597315788269
5.414942741394043
5.2618021965026855
5.545060396194458
5.358889579772949
5.317854404449463
5.405932664871216
5.248791217803955
5.382911443710327
5.508026361465454
5.384913682937622
5.508026838302612
5.525042295455933
5.262802600860596
5.403932094573975
5.43996524810791
5.478000164031982
5.5450599193573
5.608117580413818
5.551066875457764
5.431958436965942
5.242785453796387
5.594105005264282
5.4900102615356445
5.519036054611206
5.3558876514434814
5.525041341781616
5.514032602310181
5.525041580200195
5.521038293838501
5.435960531234741
5.317853689193726
5.447972297668457
5.674177885055542
5.514031887054443
5.515032052993774
5.485006809234619
5.261802673339844
5.430955648422241
5.267808437347412
5.37690806388855
5.4189453125
5.461983680725098
5.5981080532073975
5.429955720901489
5.501021146774292
5.338871717453003
5.337871074676514
5.477998495101929
5.29883599281311
5.337871551513672
5.393922567367554
5.451974868774414
5.259799480438232
5.370901823043823
5.295833110809326
5.45898175239563
5.167715787887573
5.486005783081055
5.526043653488159
5.4840052127838135
5.394923210144043
5.429954528808594
5.489009857177734
5.36589789390564
5.5520665645599365
5.304841756820679
5.551065444946289
5.655161142349243
5.363895654678345
5.599109411239624
5.455979108810425
5.411939859390259
5.490011215209961
5.396925449371338
5.2597997188568115
5.592102766036987
5.340873718261719
5.3548853397369385
5.416944265365601
5.226769924163818
5.127679824829102
5.642148733139038
5.607116937637329
5.423949480056763
5.537053108215332
5.394923448562622
5.455978631973267
5.33486795425415
5.6691741943359375
5.322857856750488
5.515033006668091
5.33186674118042
5.5140321254730225
5.3398730754852295
5.425951719284058
5.534049987792969
6.475910663604736
