Timing log for each step:
0.018016338348388672
5.427948713302612
5.373899221420288
5.385909795761108
5.397920846939087
5.353881359100342
5.310842514038086
5.258794069290161
5.258794784545898
5.4179394245147705
5.4019248485565186
5.2607951164245605
5.444962501525879
5.331860542297363
5.452971458435059
5.302833795547485
5.36188817024231
5.2647998332977295
5.214753150939941
5.636138677597046
5.6131157875061035
5.325854539871216
5.340870141983032
5.206746578216553
5.267801284790039
5.2497851848602295
5.341870069503784
5.351880073547363
5.502016067504883
5.445964813232422
5.426944971084595
5.3718976974487305
5.378904342651367
5.428949356079102
5.426947593688965
5.352878570556641
5.298829793930054
5.408931732177734
5.4239442348480225
5.407929420471191
5.555062294006348
5.362889528274536
5.438959360122681
5.405929327011108
5.378904104232788
5.4779953956604
5.421943187713623
5.370895147323608
5.2728071212768555
5.335865259170532
5.415935277938843
5.3478758335113525
5.322848320007324
5.443963050842285
5.586092710494995
5.495010137557983
5.4719884395599365
5.366892337799072
5.386911153793335
5.1897313594818115
5.384908676147461
5.475992202758789
5.492008209228516
5.462980508804321
5.398921489715576
5.534045219421387
5.42394495010376
5.430951356887817
5.403926610946655
5.537047863006592
5.381906270980835
5.444963693618774
5.475991725921631
5.391914367675781
5.376901865005493
5.438959836959839
5.37089729309082
5.468985557556152
5.4799981117248535
5.471989870071411
5.492006778717041
5.686182975769043
5.391916275024414
5.477994441986084
5.500015497207642
5.498013973236084
5.392916440963745
5.366894245147705
5.5910961627960205
5.747239589691162
5.469987392425537
5.763253927230835
5.274808168411255
5.40692663192749
5.876357793807983
5.4529709815979
5.716210842132568
5.509023666381836
5.531042575836182
5.434955358505249
5.908385992050171
5.349877834320068
5.886367082595825
5.674172639846802
5.384909391403198
5.712207794189453
5.3749003410339355
5.5840904712677
5.432953596115112
5.712206125259399
5.934411525726318
5.8042895793914795
5.38991379737854
5.3849098682403564
5.474992036819458
5.306837797164917
5.666166305541992
5.3729002475738525
5.506020784378052
5.577084302902222
5.440961837768555
5.445966005325317
5.279814004898071
5.725219249725342
5.418940305709839
5.41493558883667
5.66316294670105
5.4679856300354
5.375900983810425
5.376901149749756
5.407929420471191
5.465982437133789
5.423943519592285
5.328856945037842
5.625128746032715
5.403924465179443
5.3718976974487305
5.2047438621521
4.530129909515381
5.024580240249634
5.359886646270752
5.586092948913574
5.51302433013916
5.14469051361084
5.4019246101379395
4.939503192901611
5.33586573600769
5.418941020965576
5.426947593688965
5.507020473480225
5.568076133728027
5.467985391616821
5.399923324584961
5.389914512634277
5.493008375167847
5.349877834320068
5.398921728134155
5.250786542892456
5.409931659698486
5.315847396850586
5.410933017730713
5.285821199417114
5.323853969573975
5.28782057762146
5.444964408874512
5.349876642227173
5.3648903369903564
4.624219655990601
4.664252281188965
5.388913154602051
4.8103861808776855
4.786365985870361
5.442962169647217
5.773264169692993
5.442963600158691
5.284817695617676
5.432951211929321
5.429949998855591
5.470987796783447
5.354883193969727
5.42894983291626
5.352880239486694
5.385910749435425
5.462981462478638
5.422943830490112
5.4609785079956055
5.459977865219116
5.410933256149292
5.548057794570923
5.500014781951904
5.327857971191406
5.435955286026001
5.400924444198608
5.447967052459717
5.285818576812744
5.495009183883667
5.297828912734985
5.44896674156189
5.4429614543914795
5.317849636077881
5.421943664550781
5.359886407852173
5.358884811401367
5.490005731582642
5.44696569442749
5.386910676956177
5.495011329650879
5.253789186477661
5.443963289260864
5.330859422683716
5.273808240890503
5.340869903564453
5.419942378997803
5.351879835128784
5.308840990066528
5.47199010848999
5.384910583496094
5.576083421707153
5.410932779312134
5.414937257766724
5.352879524230957
5.4819982051849365
5.254790782928467
5.37089729309082
5.419941425323486
5.28782057762146
5.441961050033569
5.3458733558654785
5.30984091758728
5.391915798187256
5.337867021560669
5.376901626586914
5.356884956359863
5.3638904094696045
5.475992679595947
5.4579758644104
5.415938377380371
5.4960103034973145
5.523035287857056
5.471988677978516
5.399923324584961
5.381908416748047
5.380905628204346
5.442962408065796
5.4319517612457275
5.260794639587402
5.376901149749756
5.42094087600708
5.415937662124634
5.293826341629028
5.3648905754089355
5.362888813018799
5.424945116043091
5.373899936676025
5.375900983810425
5.40993332862854
5.295828342437744
5.3318610191345215
5.481997013092041
5.327858924865723
5.245783805847168
5.490005254745483
5.447966814041138
5.413935661315918
5.456973314285278
5.285820484161377
5.287819862365723
5.383908271789551
5.333863019943237
5.437957286834717
5.2748095989227295
5.3849098682403564
5.505018711090088
5.52303409576416
5.51502799987793
5.4179394245147705
5.381906032562256
5.358885049819946
5.475992441177368
5.355883598327637
5.4619786739349365
5.270805358886719
5.508021831512451
5.363889455795288
5.339867830276489
5.397921562194824
5.476993083953857
5.2758095264434814
5.338868856430054
5.482999086380005
5.390914678573608
5.419941186904907
5.438959360122681
5.38891339302063
5.472989082336426
5.393916845321655
5.399921417236328
5.287821054458618
5.435954570770264
5.454971790313721
5.442962884902954
5.3899149894714355
5.32985782623291
5.438958644866943
5.234771490097046
5.289822816848755
5.5010151863098145
5.325855255126953
5.53104305267334
5.361889362335205
5.300835132598877
5.385910511016846
5.350878715515137
5.356884717941284
5.459978103637695
5.3658928871154785
5.311842679977417
5.465982675552368
5.4639809131622314
5.491006135940552
5.428950786590576
5.456974744796753
5.296829462051392
5.424945831298828
5.295828342437744
5.461979389190674
5.416937828063965
5.4249444007873535
5.508021354675293
5.4839982986450195
5.3889124393463135
5.373899221420288
5.322852611541748
5.523034572601318
5.344872236251831
5.436957359313965
5.352880239486694
5.349878787994385
5.420941591262817
5.3428709506988525
5.419941425323486
5.355882167816162
5.360886335372925
5.388912200927734
5.3698952198028564
5.435955762863159
5.420941352844238
5.418939113616943
5.465983629226685
5.381906986236572
5.382908344268799
5.500013589859009
5.29783034324646
5.365891456604004
5.4339540004730225
5.559068202972412
5.361887693405151
5.281815767288208
5.39992356300354
5.4559736251831055
5.348876953125
5.2567925453186035
5.369880437850952
5.3949198722839355
5.520031929016113
5.390912771224976
5.465983629226685
5.441960573196411
5.466984272003174
5.377899408340454
5.52403712272644
5.333863258361816
5.402925252914429
5.4359564781188965
5.456974506378174
5.37289834022522
5.368895769119263
5.521031856536865
5.399923324584961
5.375900983810425
5.4769933223724365
5.519031047821045
5.411934852600098
5.388913154602051
5.39992094039917
5.433953762054443
5.383909463882446
5.3969199657440186
5.489004850387573
5.424947738647461
5.387913703918457
5.575083017349243
5.353881359100342
5.419941663742065
5.423944711685181
5.227766275405884
5.509021043777466
5.352879285812378
5.519029378890991
5.341870307922363
5.393916845321655
5.433954238891602
5.44996976852417
5.510024070739746
5.395919322967529
5.5010151863098145
5.282817125320435
5.348876476287842
5.333862543106079
5.4249467849731445
5.519031286239624
5.488002777099609
5.380905628204346
5.3989222049713135
5.350878953933716
5.286819696426392
5.405929327011108
5.476993083953857
5.4199419021606445
5.429949998855591
5.427948474884033
5.5000159740448
5.40492844581604
5.413935899734497
5.440960168838501
5.391916275024414
5.389913320541382
5.531042814254761
5.4659833908081055
5.160705804824829
5.356884002685547
5.475992918014526
5.441961765289307
5.422945022583008
5.392915487289429
5.334864139556885
5.419940948486328
5.4109320640563965
5.363890171051025
5.418941497802734
5.307838439941406
5.310841798782349
5.405927658081055
5.308839559555054
5.403927564620972
5.499013900756836
5.347875595092773
5.333863258361816
5.405929088592529
5.385910272598267
5.311844348907471
5.435956001281738
5.4930078983306885
5.394918203353882
5.415938138961792
5.377902984619141
5.350878000259399
5.363889932632446
5.4549720287323
5.4209418296813965
5.41193413734436
5.291824102401733
5.437957286834717
5.371896982192993
5.428948879241943
5.325855255126953
5.390915393829346
5.435956001281738
5.351878881454468
5.423946380615234
5.375900506973267
5.433945894241333
5.416937589645386
5.431951522827148
5.426948308944702
5.422945022583008
5.474991321563721
5.328858852386475
5.510024070739746
5.447965860366821
5.444964408874512
5.386910915374756
5.5030176639556885
5.691187143325806
5.38490891456604
5.448967933654785
5.506018161773682
5.3919148445129395
5.368894100189209
5.401923894882202
5.415937185287476
5.2067482471466064
5.441960573196411
5.418940305709839
5.478994131088257
5.424945831298828
5.3428709506988525
5.340868949890137
5.3668928146362305
5.470987796783447
5.43996000289917
5.4699866771698
5.352880001068115
5.3508782386779785
5.347875595092773
5.443962812423706
5.428949594497681
5.474992275238037
5.3909149169921875
5.382907867431641
5.40092396736145
5.383908987045288
5.370896816253662
5.368895769119263
5.4169392585754395
5.365890979766846
5.384909629821777
5.464982032775879
5.482998371124268
5.469987154006958
5.522034645080566
5.351879119873047
5.3398683071136475
5.325855493545532
5.4689857959747314
5.312842130661011
5.485000133514404
5.349878787994385
5.454973936080933
5.503017425537109
5.4179394245147705
5.44096040725708
5.4789934158325195
5.369896411895752
5.5410497188568115
5.4529712200164795
5.368896007537842
5.424946069717407
5.45697546005249
5.444964408874512
5.451969861984253
5.512024641036987
5.402925491333008
5.413935899734497
5.393917083740234
5.43195366859436
5.822800159454346
5.514028310775757
5.427948713302612
5.4960105419158936
5.512025594711304
5.509023427963257
5.752243995666504
5.750242233276367
5.407928943634033
5.546056032180786
5.516028165817261
5.443962812423706
5.5540642738342285
5.545053720474243
5.548057794570923
5.499013662338257
5.569077014923096
5.4980127811431885
