Timing log for each step:
0.01101064682006836
10.457759141921997
9.805503845214844
10.19082498550415
10.290598630905151
10.354703187942505
10.231387376785278
10.222695350646973
10.137102127075195
10.112117290496826
10.281959295272827
10.456879615783691
10.192360162734985
10.248168468475342
10.255789995193481
10.359991550445557
10.178072690963745
10.311485528945923
10.282517433166504
10.424625635147095
10.289167404174805
10.316104650497437
10.30023455619812
10.19277834892273
10.096322774887085
10.475605726242065
10.04206371307373
10.14389181137085
10.028439998626709
10.025252342224121
10.289271593093872
10.407526969909668
10.35258412361145
10.236940145492554
10.422393083572388
10.459965467453003
10.214224815368652
10.344670534133911
10.307666063308716
10.321165561676025
10.405847787857056
10.175824165344238
10.357217073440552
10.282849311828613
10.37137508392334
9.920341491699219
10.509812831878662
10.208978414535522
10.138334512710571
10.35805606842041
10.045811653137207
10.298949241638184
10.207297801971436
10.413358926773071
10.190088510513306
10.406977891921997
10.333714485168457
10.240888833999634
10.411150455474854
10.59127140045166
10.526529312133789
10.298736095428467
10.32523226737976
10.518670797348022
10.068651914596558
10.457319736480713
10.215925216674805
10.179397344589233
10.301955223083496
10.31846308708191
10.529076337814331
10.463417053222656
10.497862339019775
10.283858299255371
10.584981679916382
10.374531984329224
10.31027603149414
10.568663120269775
10.587044477462769
10.318713665008545
10.591530799865723
10.292909383773804
10.317185640335083
10.326896667480469
10.34929633140564
10.4660062789917
10.216810941696167
10.153767108917236
10.389543056488037
10.099295854568481
10.328696012496948
10.288177490234375
10.51797342300415
10.076628923416138
10.494426727294922
10.323450326919556
10.139094352722168
10.428754806518555
10.312671184539795
10.487948179244995
9.997417449951172
10.186890125274658
10.093024969100952
10.333796739578247
10.431948184967041
10.379366636276245
10.528827905654907
10.385732889175415
10.389967441558838
10.195729494094849
10.242819547653198
10.329811334609985
10.15027141571045
10.381469011306763
10.293650150299072
10.345842599868774
10.37797498703003
10.205016851425171
10.413919687271118
10.305980920791626
10.434014558792114
10.142096996307373
10.376006126403809
10.113495588302612
10.182865142822266
10.394704818725586
10.035247087478638
10.465148448944092
10.296567440032959
10.100810050964355
10.321388483047485
10.08365797996521
10.457964181900024
10.222383975982666
10.239298582077026
10.268357515335083
10.316671371459961
10.407017230987549
10.2297043800354
10.086862802505493
10.352086305618286
10.36998963356018
10.376888036727905
10.40896224975586
10.244652032852173
10.22315001487732
10.132976293563843
10.41542100906372
10.406885147094727
10.35904860496521
10.128169059753418
10.331989049911499
10.241018772125244
10.256996870040894
10.280008316040039
10.180285930633545
10.23525857925415
10.35676097869873
10.231658935546875
10.585273027420044
10.323802947998047
10.36495041847229
10.206713199615479
10.31683349609375
10.284006834030151
10.486118793487549
10.440786123275757
10.277620792388916
10.203731536865234
10.445230960845947
10.410798788070679
10.016952514648438
10.10397720336914
10.4647855758667
10.413104057312012
10.227807760238647
10.324556827545166
10.201272010803223
10.394903659820557
10.443784475326538
10.202440977096558
10.250440120697021
10.175897598266602
10.256982803344727
10.181793212890625
10.086590051651001
10.402914047241211
10.379037857055664
10.294611930847168
10.339121341705322
10.42517638206482
10.251815795898438
10.141722440719604
10.090037107467651
10.243473768234253
10.115493535995483
10.193348407745361
10.371069192886353
10.463314771652222
10.373775005340576
10.366997003555298
10.576009035110474
10.29204773902893
10.530925512313843
10.517385244369507
10.322886943817139
10.256011724472046
10.528888463973999
10.461588621139526
10.497368097305298
10.23914909362793
9.947819471359253
10.163247108459473
10.553897142410278
10.046874046325684
10.217899084091187
10.37494945526123
10.329884767532349
10.333768367767334
10.350156545639038
10.332632780075073
10.22453236579895
10.279406547546387
10.40001654624939
10.384862184524536
10.293263673782349
10.341676235198975
10.227957248687744
10.059035539627075
10.46237850189209
10.151360511779785
10.362687587738037
10.400702238082886
10.125077247619629
10.376658201217651
10.364566802978516
10.143991470336914
10.383944511413574
10.468028545379639
10.19487452507019
10.242467880249023
10.074305534362793
10.2129807472229
10.220958232879639
10.18920087814331
10.240402221679688
10.318828582763672
10.101780414581299
10.583899021148682
10.037297010421753
10.340635538101196
10.409570932388306
10.323123216629028
10.255768060684204
10.212064027786255
10.270142078399658
10.385863065719604
10.304392576217651
10.255942583084106
10.375977993011475
10.546947002410889
10.463496446609497
10.369176626205444
10.319969177246094
10.576674461364746
10.25883412361145
10.460701942443848
10.235459327697754
10.256200551986694
10.267801761627197
10.252751111984253
10.566147565841675
10.487830400466919
10.360296726226807
10.308730125427246
10.448402881622314
10.428894281387329
10.32291579246521
10.113723754882812
10.304973602294922
10.320815324783325
10.271555423736572
9.874691247940063
9.211540222167969
9.76892900466919
10.122005939483643
9.922949075698853
9.719263076782227
9.8413724899292
9.817047357559204
9.716344118118286
9.758784532546997
9.619821071624756
9.609795570373535
9.879929304122925
9.75942873954773
9.277967691421509
9.281644582748413
9.626514434814453
9.963835000991821
9.474167346954346
9.539480209350586
9.571104049682617
9.704317569732666
9.531944751739502
9.836040496826172
9.589367389678955
9.684900283813477
10.48963713645935
10.413205862045288
10.209648609161377
10.339277505874634
10.075644731521606
10.28877592086792
10.079422235488892
10.138014554977417
10.090364694595337
10.187474012374878
10.372003555297852
10.340251445770264
10.300940036773682
10.214951992034912
10.322014331817627
10.375452756881714
10.289702653884888
10.406098127365112
10.206945657730103
10.166701316833496
10.449134349822998
10.28489089012146
10.252095699310303
10.436059474945068
10.352085828781128
10.291641473770142
10.198824882507324
10.292466878890991
10.372081279754639
10.449864864349365
10.10073184967041
10.451196670532227
10.153446912765503
10.281772136688232
10.383482933044434
10.430903911590576
10.540473699569702
10.418734073638916
10.454139471054077
10.429427862167358
10.346521377563477
10.435128450393677
10.622641324996948
10.427788972854614
10.329565525054932
10.306454181671143
10.533122301101685
10.275907754898071
10.235868453979492
10.331184148788452
10.474514484405518
10.202434062957764
10.483513832092285
10.351290225982666
10.354982376098633
10.358760356903076
10.42727518081665
10.52473497390747
10.261289358139038
10.485666990280151
10.414794921875
10.24096155166626
10.45952320098877
10.433621168136597
10.457523822784424
10.486470222473145
10.472773313522339
10.472717761993408
10.568133354187012
10.606729984283447
10.372591257095337
10.312563419342041
10.34536600112915
10.513188123703003
10.350773334503174
10.49544620513916
10.132538557052612
10.333410024642944
10.36604928970337
10.271862745285034
10.31451416015625
10.470797300338745
10.471920251846313
9.964347124099731
10.419028759002686
10.34992790222168
10.444738149642944
10.383855104446411
10.442676544189453
10.042561769485474
10.163614511489868
10.45935583114624
10.251863718032837
10.409950733184814
10.14788007736206
10.536989212036133
9.845637321472168
10.329652547836304
10.566737413406372
10.511852025985718
10.424820184707642
10.24575424194336
10.384564399719238
10.250366926193237
10.255677223205566
10.59325885772705
10.532821893692017
10.315971612930298
10.477023601531982
10.342002630233765
10.301586627960205
10.471922874450684
10.429421186447144
9.92971682548523
10.330742120742798
10.577241659164429
10.263683080673218
10.42149806022644
10.447935342788696
10.597719430923462
10.819505214691162
10.311448097229004
10.114314556121826
10.379904985427856
10.488747835159302
10.326623916625977
10.349600791931152
10.434657573699951
10.261045217514038
10.30396318435669
10.233291625976562
9.677847146987915
10.080797910690308
10.412237405776978
10.421502590179443
10.268282890319824
10.358765363693237
10.288681507110596
10.024462223052979
10.50409460067749
10.322659730911255
10.446069717407227
10.235071420669556
10.447205305099487
10.345569133758545
10.376326322555542
10.297026634216309
10.480854034423828
10.439249753952026
10.237640380859375
10.376274824142456
10.4996337890625
10.350665807723999
10.427720069885254
10.409463882446289
10.60110878944397
10.143308639526367
10.46496295928955
10.16213321685791
10.350695610046387
10.783788204193115
10.626427173614502
10.340111494064331
10.445143699645996
10.339799880981445
10.54515790939331
10.363274574279785
10.394460201263428
10.177919864654541
10.304513931274414
10.371925354003906
10.53598928451538
10.390907526016235
10.14500117301941
10.5540132522583
10.342705249786377
10.430063009262085
10.291995763778687
10.479337453842163
10.470968961715698
10.286953926086426
10.586860179901123
10.64524245262146
10.418671607971191
10.349201202392578
10.263784408569336
10.279847860336304
10.3721284866333
10.246050357818604
10.058749437332153
10.26026201248169
10.260196924209595
9.975764036178589
9.983366966247559
10.147677898406982
10.420911073684692
9.694551944732666
10.257070541381836
10.479787588119507
9.618159770965576
9.748376607894897
10.307454109191895
10.347556352615356
10.239686965942383
9.649056196212769
9.841914176940918
10.340384244918823
9.70112919807434
9.79802942276001
9.837445497512817
10.009191274642944
9.911031484603882
9.926238298416138
9.850414514541626
9.828761577606201
10.169459581375122
10.215043544769287
9.935523271560669
10.153178453445435
9.444091081619263
10.134916305541992
9.510883808135986
9.892755031585693
10.111797094345093
9.850630283355713
9.901634693145752
9.611358880996704
9.797675132751465
9.745336771011353
9.75451111793518
10.133833885192871
9.948670625686646
10.084508419036865
9.266565799713135
9.929163217544556
9.211334943771362
11.762047529220581
10.939361810684204
10.950866460800171
10.889756202697754
10.752671003341675
10.949549436569214
11.114275693893433
11.208614587783813
11.23030161857605
11.062980890274048
11.060883522033691
11.0048987865448
11.062828779220581
11.040948152542114
11.5306978225708
10.903066873550415
11.28717851638794
10.578540563583374
10.816200733184814
10.954869747161865
10.833384275436401
10.761199235916138
10.530994176864624
10.102261781692505
10.118431568145752
11.528092622756958
10.436916828155518
10.116577625274658
10.003440380096436
10.077562093734741
11.161422729492188
10.451882362365723
9.556161880493164
9.954688549041748
10.375121355056763
10.344176530838013
9.748248100280762
10.064671516418457
10.14812159538269
9.943840980529785
9.919490337371826
9.978304624557495
10.63814640045166
11.115690469741821
11.357019662857056
11.426457405090332
10.667922496795654
11.089685440063477
10.58639144897461
10.843165397644043
10.076403379440308
10.363972187042236
10.585806369781494
11.173195838928223
10.23460602760315
10.530551671981812
10.572041988372803
10.786845207214355
10.6237473487854
10.879603624343872
10.07421875
10.531350135803223
10.508609294891357
10.585508584976196
10.370845794677734
10.419700622558594
10.413751125335693
10.49230432510376
10.923465251922607
10.522218942642212
10.846577882766724
10.509209871292114
10.920045137405396
10.558330535888672
10.722259283065796
10.180431127548218
10.543612957000732
10.514013051986694
10.902688980102539
10.471120595932007
10.90507984161377
10.447910070419312
10.914173126220703
10.04586148262024
10.550512313842773
10.46867060661316
10.801915407180786
10.507869720458984
10.467590808868408
10.583168983459473
11.124119520187378
11.037292003631592
10.39680004119873
10.57162880897522
10.499186038970947
10.140119791030884
9.835034132003784
9.84027624130249
9.820374727249146
10.222185134887695
9.87494969367981
9.628625631332397
9.895080089569092
10.255388736724854
9.652194738388062
9.836790800094604
9.70677137374878
10.17276382446289
9.77879524230957
9.73146390914917
9.693113327026367
10.188323974609375
9.80245327949524
10.172233819961548
9.589647054672241
9.737828254699707
9.7272207736969
9.789168357849121
10.311684846878052
9.820219039916992
10.103040218353271
9.788132667541504
10.223809480667114
9.952881097793579
10.027111291885376
9.368184804916382
9.580751895904541
9.530738830566406
10.030479669570923
10.153367042541504
9.52860164642334
9.6579430103302
9.79176950454712
9.767383575439453
9.712094783782959
10.20296025276184
9.714710235595703
10.219961166381836
9.908909559249878
9.969154596328735
9.80889081954956
10.339338064193726
9.805159330368042
9.803308725357056
9.86964726448059
10.07361888885498
9.870224714279175
9.799508571624756
9.759337186813354
10.094888925552368
10.112017154693604
9.7700514793396
9.845226049423218
9.892488956451416
10.167913436889648
9.87816071510315
9.83176326751709
9.639945030212402
10.198779106140137
9.99470853805542
9.775818347930908
9.86413049697876
10.19768738746643
10.254087924957275
9.89388394355774
9.870795249938965
9.852555990219116
9.817540645599365
10.228868961334229
9.856971025466919
9.89584732055664
9.92762303352356
10.234981298446655
9.711899757385254
9.895653486251831
9.79555082321167
10.259324312210083
9.937597513198853
9.919564247131348
9.878498077392578
10.366421461105347
9.877919435501099
9.565101861953735
10.110942125320435
10.286159038543701
9.82818865776062
9.690346479415894
9.878548383712769
9.680238723754883
10.258812189102173
10.008898735046387
9.947502851486206
9.917842149734497
10.234213829040527
9.83299970626831
9.811507225036621
9.813615560531616
10.242515563964844
9.793020963668823
9.795251369476318
10.331663608551025
9.644035577774048
10.387613773345947
9.381772994995117
9.852872371673584
9.689716100692749
9.735485315322876
10.040277004241943
10.332589387893677
9.917327165603638
9.971166610717773
9.80227255821228
10.277439832687378
9.726772546768188
9.70889139175415
10.269819021224976
10.288729429244995
9.894232749938965
9.780174493789673
9.719149351119995
9.799864768981934
10.240889549255371
9.805631160736084
9.837804794311523
10.020482301712036
10.236426830291748
9.803322792053223
9.8670334815979
10.246188640594482
10.436398983001709
9.852182149887085
9.91083312034607
10.281721591949463
10.271820783615112
9.30231761932373
9.48645806312561
9.854155778884888
9.768367052078247
10.186323881149292
9.764384746551514
9.734730005264282
9.760143518447876
10.148894309997559
9.76571273803711
9.678349256515503
9.798555850982666
10.298341274261475
9.767240524291992
9.862491130828857
10.343739986419678
10.165061235427856
9.786730289459229
9.84116530418396
10.302030563354492
10.45659065246582
10.274168729782104
9.751373052597046
9.857890367507935
9.9604332447052
10.343698024749756
9.877887964248657
10.228652000427246
9.967146873474121
9.980910539627075
10.2896728515625
10.408740520477295
9.711354970932007
9.794359922409058
9.991379737854004
10.324750661849976
10.04792070388794
9.237874984741211
9.714817523956299
10.424493312835693
10.379879713058472
9.770163536071777
9.582257747650146
9.77576756477356
10.24128794670105
9.90709114074707
9.867826223373413
9.801599979400635
9.775663375854492
10.306126594543457
9.821792602539062
9.743464469909668
9.769850254058838
10.190391540527344
10.41069507598877
10.26674199104309
10.19282341003418
10.25927472114563
10.191048383712769
10.311509847640991
10.359187126159668
10.244457721710205
10.355802774429321
10.153521060943604
10.381215572357178
10.387773036956787
9.807378768920898
9.791120052337646
9.64730191230774
10.591781854629517
10.388567686080933
9.943841695785522
9.739226341247559
10.108766555786133
10.242335319519043
10.19986605644226
10.404433012008667
10.223427772521973
9.96772813796997
9.729764699935913
9.65952181816101
10.069151163101196
10.409762382507324
9.825583934783936
9.649675369262695
9.942008256912231
10.278841257095337
9.932336330413818
9.742465496063232
10.274690628051758
10.29917311668396
9.619424104690552
9.771040916442871
10.620149850845337
10.306130409240723
9.951796770095825
9.82283091545105
9.825122833251953
9.970845699310303
10.29953122138977
9.642149209976196
9.793137550354004
9.673906564712524
10.038727760314941
10.437679529190063
9.788775444030762
9.800071716308594
9.795278787612915
10.35553526878357
11.3716299533844
10.83623194694519
10.635278224945068
10.490071058273315
10.946143388748169
11.640727043151855
10.882297039031982
10.671502351760864
10.516168117523193
10.917433977127075
11.578404188156128
11.09141230583191
10.939489364624023
10.434707641601562
11.08252477645874
11.973040103912354
11.117292642593384
10.44676923751831
11.64664602279663
11.952720403671265
12.014492988586426
12.377930164337158
10.322670459747314
10.074292182922363
10.378591537475586
10.31892991065979
10.523390054702759
10.2011239528656
10.770471572875977
10.327054023742676
10.477307319641113
10.041115522384644
10.511565446853638
9.939528226852417
10.730818271636963
11.271300315856934
10.192854642868042
9.914907217025757
10.110966205596924
10.38405466079712
9.809888362884521
9.909574031829834
10.00938868522644
10.18439793586731
10.217243671417236
11.193419218063354
11.195825099945068
10.963180303573608
10.949904680252075
11.28200626373291
10.652284622192383
10.574082136154175
10.923231601715088
10.91370177268982
10.405374526977539
11.01107382774353
10.98447299003601
11.01935601234436
11.161092042922974
10.989465236663818
10.98569107055664
10.959527969360352
11.02908730506897
10.996910810470581
10.9306960105896
10.936666488647461
10.914567232131958
10.985796928405762
11.022193431854248
10.901721477508545
11.209888219833374
11.001110076904297
11.002751350402832
10.929983615875244
10.488335609436035
10.866156578063965
10.383878469467163
10.923621416091919
10.15969181060791
10.997726202011108
10.324254989624023
10.590044975280762
11.00053071975708
11.0213623046875
11.020755052566528
10.951122045516968
11.419817924499512
10.651240348815918
11.466082096099854
11.403314113616943
10.59848403930664
10.168911695480347
10.09211254119873
10.134849071502686
10.09053373336792
10.194988250732422
10.185253143310547
10.186847448348999
10.205141305923462
10.131858587265015
10.142958164215088
10.200558423995972
10.175105810165405
10.138071060180664
10.214406490325928
10.183481454849243
10.146869421005249
10.184014320373535
10.70142936706543
11.077182531356812
11.303058385848999
11.962210178375244
10.813190698623657
10.810972213745117
11.320261001586914
11.058996438980103
11.041393756866455
11.39579153060913
11.055158853530884
11.079248666763306
11.064975500106812
11.010866403579712
11.018600463867188
10.663069009780884
10.180065631866455
10.173326015472412
10.174495697021484
10.935701608657837
10.128410577774048
11.047138214111328
10.903656005859375
10.713685989379883
10.666752815246582
10.144599676132202
10.077733278274536
10.18277883529663
10.034427404403687
10.061996936798096
10.0534029006958
10.133614301681519
10.265704870223999
10.045665740966797
10.210952281951904
10.141932249069214
10.121534585952759
10.869696617126465
11.084411144256592
10.313627004623413
10.75033688545227
10.12100625038147
10.168160676956177
10.459037780761719
10.562652111053467
10.769984722137451
10.594066619873047
10.896296262741089
11.036293506622314
10.537104368209839
10.501509666442871
11.415379762649536
10.832664728164673
10.58115530014038
10.883773565292358
10.896200180053711
10.145671844482422
10.699989795684814
11.302220582962036
10.96463394165039
10.96311068534851
10.703519821166992
10.555429220199585
10.579984426498413
10.849783182144165
10.428354501724243
10.46420669555664
10.456725597381592
10.043237924575806
10.014400005340576
10.080268383026123
10.088727951049805
10.83639669418335
10.098854541778564
11.022232294082642
10.146359920501709
10.385536432266235
11.20988154411316
10.26559066772461
11.086538553237915
10.080602645874023
10.511470079421997
10.83340048789978
10.846005201339722
10.054784774780273
10.451675176620483
10.777532577514648
10.804020404815674
10.803557395935059
10.886975526809692
10.863779067993164
10.873090505599976
10.854098081588745
10.981425285339355
11.456160068511963
11.00768494606018
10.88929033279419
10.915273904800415
10.852929592132568
10.854706048965454
10.841161727905273
10.94346022605896
11.162007808685303
10.83608603477478
10.912901878356934
10.781137943267822
10.796213865280151
10.764524936676025
10.83878779411316
10.776671409606934
10.7956063747406
10.811716794967651
10.761341094970703
10.774526119232178
10.852338075637817
10.726524353027344
11.223342418670654
11.11487627029419
10.759660720825195
10.979971408843994
11.05831503868103
10.937257051467896
10.772094011306763
10.968138456344604
10.959096431732178
10.883999824523926
11.276953220367432
10.994144439697266
10.781364440917969
10.712882041931152
10.74941086769104
10.713692903518677
10.749236822128296
10.742193222045898
10.974937915802002
10.964196681976318
10.96775507926941
11.13714337348938
11.544676780700684
11.527485609054565
10.978966474533081
11.143494606018066
10.799013137817383
10.785798788070679
10.741874933242798
10.705967903137207
10.749513864517212
10.732165813446045
10.714609861373901
10.949537515640259
10.791582107543945
10.996455430984497
10.903922080993652
10.830215215682983
11.394586324691772
10.914151906967163
10.955422401428223
11.422697067260742
10.864177227020264
11.317857503890991
11.239268064498901
11.04734754562378
10.303957223892212
10.85187029838562
11.005462646484375
11.156400203704834
10.88731837272644
10.892718076705933
10.911301374435425
11.017564296722412
11.239640235900879
11.07168459892273
10.874025344848633
10.856829404830933
10.972066879272461
10.917196273803711
10.967247009277344
10.971344709396362
11.289065599441528
13.509392499923706
13.012096166610718
10.70161747932434
10.437353372573853
10.338916778564453
10.478173732757568
10.422852039337158
10.451746225357056
9.842939376831055
10.521589517593384
11.501745462417603
11.130213260650635
10.724066257476807
10.587194204330444
10.903136968612671
