Timing log for each step:
0.018017292022705078
10.505003690719604
11.223118543624878
10.075021743774414
10.072368860244751
10.369204759597778
10.028696775436401
10.350009679794312
10.46946930885315
10.386037111282349
10.51662278175354
10.03779649734497
10.541790008544922
10.864635705947876
11.37430739402771
10.537652492523193
10.562366485595703
10.448926210403442
10.47254467010498
10.630773544311523
10.703973293304443
10.915757894515991
10.430215835571289
11.11774206161499
11.028018474578857
11.548646450042725
12.257055044174194
12.069950342178345
11.519219160079956
11.277478456497192
11.339447975158691
11.277338981628418
11.35128664970398
11.27321982383728
11.271170854568481
10.866450309753418
11.289616823196411
10.9495210647583
11.360309362411499
11.298172235488892
10.963018894195557
11.296791315078735
10.561665296554565
11.278419971466064
11.251201391220093
11.370704412460327
11.342454433441162
11.487003326416016
11.36828351020813
10.643778800964355
11.200103521347046
11.544629573822021
11.351218700408936
11.510260105133057
11.10801076889038
11.368355512619019
10.26108980178833
11.352374076843262
10.85054612159729
11.449727296829224
10.96218490600586
11.39769959449768
10.528184175491333
11.306104898452759
11.336413860321045
11.359166860580444
10.956801891326904
11.418579339981079
9.7906653881073
11.373366832733154
11.322916507720947
11.42747712135315
11.185951232910156
11.402049541473389
11.292610168457031
11.354083061218262
11.317768096923828
11.329094409942627
11.393457174301147
11.288933038711548
11.38923978805542
11.392006874084473
11.317989587783813
11.27600383758545
11.33174443244934
11.475695133209229
11.37148928642273
11.408280611038208
11.27553391456604
11.195221424102783
11.403897523880005
11.29493522644043
11.266080617904663
11.331852436065674
11.495267629623413
11.33690881729126
11.272943019866943
11.304242372512817
11.363440990447998
11.327199697494507
11.294641971588135
11.279978275299072
11.335591077804565
11.257282733917236
11.41460132598877
11.14644742012024
11.13224720954895
11.155834436416626
11.315381526947021
11.144594192504883
11.467543363571167
11.157007694244385
11.186706304550171
11.055733680725098
10.981926918029785
11.16504979133606
11.22571349143982
11.26611876487732
11.091503381729126
11.268600702285767
11.339900732040405
11.272563695907593
11.195607662200928
10.605076789855957
10.548004627227783
10.508825778961182
10.499366998672485
10.734398603439331
10.634270191192627
10.633764266967773
10.72102665901184
10.611523628234863
10.665310144424438
10.670790910720825
10.70472264289856
10.727452993392944
10.630009651184082
10.753908157348633
11.134998559951782
11.159812688827515
10.63857913017273
10.60362958908081
10.599734544754028
10.749470472335815
10.81515645980835
11.259050369262695
11.27335810661316
11.160440444946289
11.186723232269287
11.270227909088135
11.269645929336548
11.275323390960693
11.35641622543335
11.172549486160278
11.277343034744263
11.315574407577515
11.331514358520508
11.298805236816406
11.311937808990479
11.223229169845581
11.334895133972168
11.19866681098938
11.118924379348755
11.209966897964478
11.484065294265747
11.218438625335693
11.205902814865112
11.166523933410645
11.247514009475708
11.336242437362671
11.229246854782104
11.215590000152588
11.183648824691772
11.259632110595703
11.19874882698059
11.34731936454773
11.26416563987732
11.299931287765503
11.183284759521484
11.2432222366333
11.180360078811646
11.20218825340271
11.166398525238037
11.204331398010254
11.362692594528198
11.24259877204895
11.148441314697266
11.202978372573853
11.43315863609314
11.24387502670288
11.75067663192749
12.008423328399658
11.302795171737671
10.860039949417114
11.00247597694397
11.167142152786255
11.338786363601685
11.27368974685669
11.33402943611145
11.221640586853027
11.381371974945068
11.729946374893188
11.508910894393921
11.454506397247314
11.443581342697144
11.42048168182373
11.475478649139404
11.363192558288574
11.377469539642334
11.318047046661377
11.352708339691162
11.339798927307129
11.405828475952148
11.462963819503784
11.39556360244751
11.361897706985474
11.375520944595337
11.365482807159424
11.357059240341187
11.286247491836548
11.28352952003479
11.380814790725708
11.315232515335083
11.341401815414429
11.350104093551636
11.449860095977783
11.459004640579224
11.669593095779419
11.360279083251953
11.433233737945557
11.491980075836182
11.544057607650757
11.7460458278656
11.597191572189331
11.395305395126343
11.408318758010864
11.490814447402954
11.420153141021729
11.640266418457031
11.544722080230713
11.448952913284302
11.166512489318848
10.73830509185791
10.961060047149658
11.732628345489502
11.483001232147217
11.06575083732605
11.108444213867188
10.785177946090698
11.191980600357056
10.810055017471313
12.189163446426392
11.091243743896484
11.212561845779419
10.867380857467651
11.173845052719116
11.227109670639038
11.375162601470947
11.205671310424805
10.765857934951782
11.714761972427368
11.687928676605225
11.277353048324585
11.128644466400146
11.046051740646362
11.281296730041504
11.62473177909851
11.86214804649353
12.129454612731934
11.737897396087646
11.658105373382568
11.431601762771606
11.616898775100708
11.519229412078857
11.422912836074829
11.652547359466553
11.345007181167603
11.356621980667114
11.148258924484253
10.493543863296509
10.83009958267212
