Timing log for each step:
0.018016815185546875
5.743800640106201
5.47777533531189
5.543069839477539
5.521210670471191
5.523099422454834
5.576541185379028
5.570342540740967
5.770928621292114
5.817192077636719
5.555392742156982
5.712164402008057
5.78079628944397
5.581305265426636
5.310422658920288
5.348335266113281
5.375509262084961
5.384419679641724
5.485723495483398
5.817943572998047
5.419845342636108
5.37443208694458
5.3301026821136475
5.357779264450073
5.4629340171813965
5.37642502784729
5.416268348693848
5.442071914672852
5.33485746383667
5.38130259513855
5.3267223834991455
5.39503026008606
5.403029203414917
5.491957902908325
5.393573999404907
5.365720987319946
5.4360551834106445
5.393122673034668
5.456380605697632
5.423496246337891
5.411118268966675
5.414194822311401
5.37798285484314
5.398503303527832
5.402720212936401
5.644885540008545
5.3085572719573975
5.416649103164673
5.5654144287109375
5.454165697097778
5.401646137237549
5.696586847305298
5.411311149597168
5.437985897064209
5.4542012214660645
5.502195358276367
5.461987257003784
5.515284299850464
5.451761722564697
5.4413111209869385
5.518391847610474
5.459383487701416
5.414444923400879
5.73657488822937
5.413478374481201
5.450574159622192
5.45741081237793
5.365146160125732
5.5315892696380615
5.45777702331543
5.456985950469971
5.431054353713989
5.46648383140564
5.55182409286499
5.4915924072265625
5.485364675521851
5.387042284011841
5.410471677780151
5.475766181945801
5.441659927368164
5.486510753631592
5.523829936981201
5.479936361312866
5.475111722946167
5.505948781967163
5.570165157318115
5.454205513000488
5.5035200119018555
5.755542039871216
5.498210191726685
5.461409091949463
5.504633188247681
5.511919260025024
5.4971888065338135
5.439485311508179
5.542346000671387
6.005446195602417
5.459742069244385
5.536911725997925
5.487522602081299
5.46310567855835
5.487663507461548
5.498968124389648
5.512264251708984
5.503296852111816
5.626578330993652
5.499245882034302
5.504457950592041
5.5302650928497314
5.490251064300537
5.484970331192017
5.447488307952881
5.448373556137085
5.529663324356079
5.401053190231323
5.4765403270721436
5.5021750926971436
5.503265142440796
5.741410732269287
5.471819639205933
5.831091642379761
5.7777698040008545
5.649584054946899
5.497885465621948
5.5705506801605225
5.7728111743927
5.600811958312988
5.647739887237549
5.595692157745361
5.5271711349487305
5.631658554077148
5.631017446517944
5.649700403213501
5.6574647426605225
5.507662773132324
5.580047369003296
5.670018911361694
5.661574840545654
5.573388338088989
5.575907230377197
5.6172637939453125
5.579314470291138
5.600950002670288
5.624750375747681
5.679730176925659
5.730869293212891
5.592615604400635
5.690475940704346
5.919906139373779
5.683726787567139
5.670541763305664
5.795457124710083
5.7141265869140625
5.779868125915527
5.925567865371704
6.437363862991333
5.605293035507202
5.7820446491241455
5.996657371520996
6.093658447265625
5.6554131507873535
5.787729263305664
6.056943893432617
6.071765899658203
5.779236078262329
5.81950044631958
5.5953528881073
5.718028545379639
5.602703332901001
5.7857747077941895
6.490628719329834
6.5113091468811035
6.389727830886841
5.9322967529296875
5.716896295547485
5.89465856552124
5.788057088851929
5.685004472732544
6.314821720123291
6.141737699508667
6.287259817123413
6.222249269485474
6.081149101257324
6.227778911590576
6.210281133651733
6.189709186553955
6.053743362426758
6.456218242645264
6.631369590759277
6.204635381698608
5.846017837524414
5.761952638626099
5.824565649032593
6.137986421585083
6.39937949180603
5.854842662811279
5.839767217636108
5.9589619636535645
5.991992712020874
6.16199517250061
6.290186882019043
6.296467304229736
6.116394758224487
5.774754047393799
5.717707872390747
5.7876551151275635
5.780073165893555
5.971922159194946
6.741680860519409
6.293605804443359
6.210102558135986
6.1733198165893555
6.126675128936768
5.807504892349243
6.015186786651611
5.748584270477295
5.768254280090332
6.077132225036621
5.938990354537964
6.491033315658569
6.002590894699097
6.006797552108765
6.277790784835815
6.217318296432495
6.034852504730225
6.317599296569824
6.827866792678833
5.97631573677063
5.717227935791016
6.5059731006622314
6.513536691665649
5.944856882095337
5.925547361373901
5.9726722240448
5.86325740814209
6.232162952423096
6.230075120925903
6.094184160232544
6.216340780258179
5.868754625320435
5.903862476348877
6.039946556091309
5.939269781112671
5.912859678268433
5.9863245487213135
5.944819688796997
5.970582485198975
6.011399745941162
5.940913677215576
5.918543577194214
5.928809642791748
5.994168758392334
5.903048992156982
5.932811737060547
5.879050970077515
5.931267499923706
5.825316905975342
5.985630035400391
5.939204931259155
5.906495094299316
5.951275825500488
5.931782007217407
5.933905839920044
5.969788312911987
5.999926805496216
6.727552652359009
6.527919054031372
6.261269569396973
6.076939821243286
6.0394287109375
6.453909635543823
6.508983612060547
6.3571248054504395
6.232579231262207
5.923752546310425
5.8354668617248535
5.915774345397949
5.983428716659546
5.895034074783325
5.977494955062866
5.933017015457153
5.998171806335449
5.995877027511597
6.0284178256988525
6.179253578186035
5.953328847885132
5.930797100067139
6.006521940231323
5.935615062713623
5.9559853076934814
5.975576400756836
5.939175605773926
5.960914373397827
5.94651985168457
5.967867612838745
5.96836256980896
5.984588623046875
5.919716119766235
5.780286073684692
5.712355852127075
5.520448446273804
5.75640082359314
5.404495477676392
5.581582546234131
5.868909597396851
5.940945863723755
5.65613055229187
5.629794597625732
5.369398355484009
5.334510087966919
5.40205454826355
5.3371477127075195
5.356020927429199
5.45115065574646
5.4510791301727295
5.462080001831055
5.4746129512786865
5.490947008132935
5.531256198883057
5.516382217407227
5.520167827606201
5.491520404815674
5.606589317321777
5.760952949523926
5.471102714538574
5.455482482910156
5.379878520965576
5.7593560218811035
5.443401336669922
5.491492748260498
5.465426683425903
5.750321626663208
5.44586706161499
5.4605090618133545
5.468481779098511
5.45043683052063
5.520309209823608
5.462262153625488
5.730130195617676
5.71467137336731
5.707812070846558
5.7479822635650635
5.694638967514038
5.698534250259399
6.087706565856934
5.501400470733643
5.472036123275757
5.488955736160278
