Timing log for each step:
0.014013051986694336
5.04101824760437
5.112813711166382
5.061432361602783
5.044272422790527
5.044615030288696
5.09385347366333
5.044933795928955
5.079226970672607
5.073176145553589
5.187837600708008
5.138990163803101
5.13673734664917
5.063368797302246
4.939019680023193
5.151092529296875
5.124051570892334
5.086926698684692
5.144893407821655
5.247400999069214
4.99709939956665
5.045364141464233
5.152897119522095
5.753031015396118
5.565864562988281
5.057091236114502
5.1677405834198
5.0867695808410645
5.263383865356445
5.2079102993011475
5.0331690311431885
5.227463483810425
5.0782012939453125
5.073989629745483
5.1740686893463135
5.063462972640991
5.237942218780518
5.107035875320435
5.1401636600494385
5.100377559661865
4.974198579788208
5.214382886886597
5.2272913455963135
5.26022481918335
5.110176086425781
5.084817409515381
5.237267732620239
5.164336681365967
5.10467267036438
5.202355146408081
5.195534706115723
5.119047403335571
5.075811862945557
5.326113939285278
5.229578733444214
5.264261245727539
5.244117736816406
5.255902528762817
5.11820387840271
5.185312986373901
5.219719171524048
5.2364723682403564
5.233379602432251
5.361460208892822
5.203611850738525
5.115187168121338
5.287261962890625
5.200814723968506
5.196799039840698
5.202090740203857
5.276777744293213
5.367408514022827
5.1761555671691895
5.229253768920898
5.214486360549927
5.3501057624816895
5.300641298294067
5.336283445358276
5.154958963394165
5.273351430892944
5.203092813491821
5.159098148345947
5.314380168914795
5.351520776748657
5.313828229904175
5.378782749176025
5.2019336223602295
5.2186970710754395
5.227591514587402
5.177721261978149
5.115580320358276
5.236249685287476
5.309352159500122
5.258432388305664
5.376363754272461
5.197765588760376
5.150184869766235
5.297134637832642
5.227173805236816
5.258336544036865
5.2277185916900635
5.259259223937988
5.224287509918213
5.177903890609741
5.284389019012451
5.2812886238098145
5.263848543167114
5.222447872161865
5.241101264953613
5.265307903289795
5.22252345085144
5.2222864627838135
5.34629487991333
5.27666163444519
5.1362574100494385
5.1433069705963135
5.2321155071258545
5.204281806945801
5.255597114562988
5.232403755187988
5.2832348346710205
5.357837200164795
5.249228000640869
5.187172174453735
5.189250707626343
5.291766166687012
5.383520841598511
5.406358480453491
5.184467315673828
5.364569187164307
5.337263345718384
5.29290771484375
5.151205778121948
5.263115644454956
5.287639379501343
5.135314702987671
5.14537787437439
5.133196592330933
5.315586566925049
5.244388103485107
5.311349630355835
5.2906715869903564
5.184174537658691
5.302722454071045
5.255253553390503
5.3234171867370605
5.222692251205444
5.182372331619263
5.266570568084717
5.42804217338562
5.231508731842041
5.413480758666992
5.222372531890869
5.212295055389404
5.294362783432007
5.347563982009888
5.193348169326782
5.337608098983765
5.363856554031372
5.3390679359436035
5.403276681900024
5.458378314971924
5.209628343582153
5.317258596420288
5.1730334758758545
5.160917282104492
5.230832576751709
5.3198230266571045
5.194608688354492
5.206071138381958
5.344364166259766
5.270414113998413
5.360020160675049
5.058049201965332
5.299354791641235
5.359582901000977
5.311691999435425
5.415114402770996
5.234903573989868
5.340541362762451
5.301285743713379
5.255791664123535
5.297275066375732
5.230679273605347
5.310561895370483
5.158371925354004
5.243236064910889
5.25012993812561
5.341487884521484
5.271346807479858
5.251500844955444
5.285315275192261
5.205532550811768
5.273139476776123
5.170204401016235
5.332731008529663
5.304183483123779
5.34281063079834
5.244066476821899
5.322341680526733
5.325015068054199
5.406527757644653
5.320355653762817
5.298096656799316
5.3238444328308105
5.163213014602661
5.207308530807495
5.2511889934539795
5.222381114959717
5.252848386764526
5.250610589981079
5.366759538650513
5.267705202102661
5.2320237159729
5.343289136886597
5.285231113433838
5.324380397796631
5.256192684173584
5.2581024169921875
5.438554048538208
5.433149337768555
5.2198827266693115
5.309752941131592
5.317267894744873
5.2234649658203125
5.502519130706787
5.240052700042725
5.26541805267334
5.264404058456421
5.27592921257019
5.172228574752808
5.190191268920898
5.463449716567993
5.3182384967803955
5.339753150939941
5.307784557342529
5.614891290664673
5.517459392547607
5.473472833633423
5.416677713394165
5.318148374557495
5.421872854232788
5.45947527885437
5.383508920669556
5.370229482650757
5.269585847854614
5.11460542678833
5.301209926605225
5.409820556640625
5.308122158050537
5.27827262878418
5.34103798866272
5.322387218475342
5.1319005489349365
5.254506826400757
5.488598823547363
5.638911247253418
5.324179649353027
5.371816873550415
5.355374813079834
5.350409984588623
5.276471138000488
5.4234619140625
5.322178840637207
5.359456539154053
5.274371862411499
5.2723708152771
5.412613153457642
5.242915630340576
5.339341402053833
5.225210905075073
5.472553730010986
5.192873239517212
5.379877328872681
5.284987211227417
5.416900157928467
5.365048408508301
5.269536733627319
5.327970266342163
5.106447696685791
5.285328388214111
5.210777282714844
5.26676607131958
5.359375238418579
5.232213735580444
5.3169567584991455
5.15966796875
5.234461307525635
5.288224458694458
5.33919095993042
5.233621597290039
5.2237632274627686
5.335221767425537
5.259336233139038
5.266253471374512
5.248884201049805
5.238007545471191
5.285127639770508
5.371876955032349
5.382559776306152
5.282964706420898
5.226766347885132
5.362776279449463
5.3717944622039795
5.320621967315674
5.367480039596558
5.2691285610198975
5.272443056106567
5.248555660247803
5.2174293994903564
5.184227705001831
5.302739143371582
5.3232903480529785
5.368030548095703
5.3360888957977295
5.163581609725952
5.2445526123046875
5.2883782386779785
5.295186281204224
5.380439043045044
5.23804783821106
5.272163391113281
5.331551551818848
5.344458341598511
5.210824728012085
5.258113145828247
5.232604742050171
5.234102010726929
5.408646821975708
5.271934747695923
5.419205904006958
5.437410831451416
5.245782375335693
5.253042221069336
5.281440734863281
5.255775690078735
5.300490379333496
5.243362903594971
5.212158203125
5.37228798866272
5.240780353546143
5.7214577198028564
5.849878787994385
5.329468011856079
5.255085229873657
5.324354887008667
5.419240713119507
5.28144645690918
5.279469013214111
5.373285531997681
5.504678010940552
5.369960308074951
5.364424705505371
5.259246826171875
5.4114603996276855
5.282348155975342
5.370464563369751
5.245919942855835
5.310183763504028
5.250771999359131
5.252236366271973
5.4592039585113525
5.336408853530884
5.355468034744263
5.254552364349365
5.371606826782227
5.31732439994812
5.239053249359131
5.206497669219971
5.394960165023804
5.309991359710693
5.3348939418792725
5.267792224884033
5.236067295074463
5.458678960800171
5.297260284423828
5.27700400352478
5.332316160202026
5.254384279251099
5.28764009475708
5.231893301010132
5.3324971199035645
5.137216567993164
5.1613500118255615
5.193472385406494
5.181073427200317
5.268789052963257
5.203317403793335
5.445760726928711
5.29809308052063
5.093538999557495
5.311299085617065
5.266189098358154
5.231715202331543
5.198186635971069
5.399113655090332
5.24492073059082
5.230818033218384
5.352973461151123
5.241197347640991
5.266268968582153
5.27544641494751
5.16788387298584
5.162187337875366
5.279362678527832
5.340179204940796
5.380796194076538
5.340887784957886
5.669497728347778
5.2955780029296875
5.3051652908325195
5.204445838928223
5.42045259475708
5.291099548339844
5.181586027145386
5.427197694778442
5.1924920082092285
5.3414998054504395
5.330866813659668
5.3491435050964355
5.164135456085205
5.272720098495483
5.335387229919434
5.270328998565674
5.338783264160156
5.381274223327637
5.314863204956055
5.224715948104858
5.329296827316284
5.170878887176514
5.249640703201294
5.3402159214019775
5.326121091842651
5.239201068878174
5.408576726913452
5.247781038284302
5.35442328453064
5.205544710159302
5.185365438461304
5.397006034851074
5.295248508453369
5.233235597610474
5.387329816818237
5.324835300445557
5.166711091995239
5.243114233016968
5.243882179260254
5.297080755233765
5.30156946182251
5.3044373989105225
5.337936878204346
5.413496971130371
5.301842451095581
5.411908864974976
5.227450847625732
5.331370115280151
5.22075080871582
5.361428260803223
5.334092140197754
5.287344932556152
5.178103446960449
5.300112247467041
5.240187883377075
5.439309597015381
5.188294410705566
5.24404501914978
5.2946271896362305
5.291537523269653
5.300397157669067
5.524392366409302
5.36244797706604
5.150917053222656
5.252880096435547
5.408621788024902
5.234633445739746
5.287948369979858
5.213566780090332
5.3188464641571045
5.424613952636719
5.348475456237793
5.216756343841553
5.2563416957855225
5.303592920303345
5.239981412887573
5.231201648712158
5.198426008224487
5.297368764877319
5.2427709102630615
5.345305919647217
5.329957008361816
5.309579610824585
5.338919639587402
5.30639123916626
5.20125412940979
5.263328790664673
5.225821256637573
5.3602821826934814
5.371356248855591
5.266113996505737
5.358129024505615
5.306391000747681
5.250394344329834
5.315593719482422
5.210263252258301
5.361507415771484
5.298143625259399
5.259485244750977
5.229929685592651
5.458645582199097
5.183938503265381
5.338650465011597
5.211795806884766
5.302515029907227
5.290853500366211
5.299128293991089
5.330807447433472
5.265811204910278
5.397012710571289
5.337316274642944
5.337252378463745
5.267715930938721
5.312892198562622
5.250787973403931
5.3344621658325195
5.203923225402832
5.201442003250122
5.332400321960449
5.303950548171997
5.2740936279296875
5.3353002071380615
5.322397232055664
5.29538106918335
5.145919561386108
5.407950162887573
5.341017961502075
5.318497180938721
5.2322776317596436
5.168041706085205
5.265570878982544
5.3186728954315186
5.239652633666992
5.302425384521484
5.308962345123291
5.352903842926025
5.462418794631958
5.209728240966797
5.19316029548645
5.3413004875183105
5.366052150726318
5.166553974151611
5.208016872406006
5.330409049987793
5.3592424392700195
5.37925124168396
5.293248891830444
5.1842615604400635
5.286692142486572
5.280581474304199
5.304225921630859
5.396275997161865
5.683666467666626
5.203486919403076
5.347939729690552
5.245824813842773
5.267058372497559
5.305476665496826
5.350036144256592
5.317673206329346
5.36716890335083
5.289442300796509
5.252364635467529
5.306361198425293
5.288893938064575
5.4437243938446045
5.275085687637329
5.22740626335144
5.267324209213257
5.214041233062744
5.233201742172241
5.304575443267822
5.254870653152466
5.301389217376709
5.292642831802368
5.387898921966553
5.225003480911255
5.35145378112793
5.194019317626953
5.243536472320557
5.259038686752319
5.208117961883545
5.293335914611816
5.373030424118042
5.200190782546997
5.385854721069336
5.303640127182007
5.0912158489227295
5.356347322463989
5.284535646438599
5.345371246337891
5.332496404647827
5.284566879272461
5.291332244873047
5.233226776123047
5.194736003875732
5.252802848815918
5.332446575164795
5.310717821121216
5.30800986289978
5.311206817626953
5.231980800628662
5.2429358959198
5.114664316177368
5.288993835449219
5.386232614517212
5.3653481006622314
5.294870853424072
5.282001256942749
5.299727439880371
5.193186521530151
5.226462364196777
5.3146021366119385
5.172503232955933
5.324466705322266
5.295506238937378
5.263884544372559
5.32628607749939
5.3686463832855225
5.133437395095825
5.345722198486328
5.292410850524902
5.269625902175903
5.239227533340454
5.322214841842651
5.293694019317627
5.109357595443726
5.340755462646484
5.3624794483184814
5.293032646179199
5.387522459030151
5.284911632537842
5.238473653793335
5.231200933456421
5.3373634815216064
5.26931619644165
5.3348870277404785
5.2941508293151855
5.276921510696411
5.180477857589722
5.3714118003845215
5.467984914779663
5.150696039199829
5.12867546081543
5.247783184051514
5.131678819656372
5.294827461242676
5.230767488479614
5.193736553192139
5.142688035964966
5.058613061904907
4.970532417297363
5.166710615158081
5.2337706089019775
5.04560112953186
5.18773078918457
5.102652549743652
5.008566617965698
5.207747459411621
5.225074291229248
5.05260705947876
5.278813123703003
5.11065936088562
5.05260705947876
5.551061153411865
5.064617156982422
5.1246724128723145
5.110660552978516
5.006565809249878
5.3078391551971436
5.192734241485596
5.219757795333862
5.1386847496032715
5.131678581237793
5.351879596710205
4.962524652481079
5.106656551361084
5.154697895050049
5.334864139556885
5.013571262359619
5.192734241485596
5.050605773925781
5.2337729930877686
5.305836915969849
5.064617872238159
5.328859567642212
5.175718545913696
5.285818338394165
5.174717903137207
5.188730239868164
5.253243923187256
5.309839725494385
5.39892315864563
5.229768991470337
5.104654550552368
5.181724548339844
5.2247633934021
5.101868391036987
5.34987735748291
5.0726237297058105
5.246784925460815
5.069621324539185
5.1126604080200195
4.921486854553223
5.076628684997559
5.142690181732178
5.207749366760254
4.997556447982788
5.14369010925293
5.174717664718628
5.240777254104614
5.141687631607056
5.202743291854858
5.077096223831177
5.130677700042725
5.117665767669678
5.431952238082886
5.1316797733306885
4.951673269271851
5.319850206375122
4.9154815673828125
5.131678581237793
5.267802476882935
5.055610179901123
5.265801191329956
5.1747190952301025
5.011568784713745
5.1977386474609375
5.200740575790405
5.275810480117798
5.173717021942139
5.232770919799805
5.203744411468506
5.2187581062316895
5.143689393997192
5.211752653121948
5.031587362289429
4.960521697998047
5.153699636459351
5.167711973190308
5.114664554595947
4.993551731109619
5.050604820251465
5.115665435791016
5.085637331008911
5.121668815612793
5.152698993682861
5.042597532272339
5.137684345245361
5.2017433643341064
5.141688823699951
5.161707162857056
5.006566047668457
5.020578384399414
5.1917335987091064
5.119667291641235
4.797470331192017
4.980541467666626
5.0886406898498535
5.194736480712891
5.269805192947388
5.144691705703735
5.152173757553101
5.135682582855225
5.103654146194458
5.050604820251465
5.210752010345459
5.2187583446502686
5.105656147003174
5.24665904045105
4.992552995681763
5.12033486366272
4.920485496520996
5.360887050628662
5.254791021347046
5.291824579238892
5.388912916183472
5.208747625350952
5.187728404998779
5.2547926902771
5.018575429916382
5.276811838150024
5.452971696853638
5.1773576736450195
4.933504819869995
5.2728071212768555
5.0756285190582275
5.099647521972656
5.185728311538696
5.34087061882019
5.038594007492065
5.120669841766357
5.046602249145508
5.244781970977783
5.0926430225372314
5.147694826126099
5.238775730133057
5.208749055862427
5.101651906967163
5.223598003387451
5.240778684616089
5.121669769287109
5.078629493713379
5.093645095825195
5.2647998332977295
5.2067461013793945
5.138686656951904
5.1827263832092285
5.204746246337891
5.089641809463501
5.2377753257751465
5.155700922012329
5.313846111297607
5.347876787185669
4.976537704467773
5.199740409851074
5.458975791931152
5.27581000328064
5.1827263832092285
5.09264349937439
5.024580717086792
5.1777215003967285
5.3328611850738525
5.052607536315918
5.261794805526733
5.167515993118286
5.177426099777222
5.167712211608887
5.2097508907318115
5.14569091796875
5.070626258850098
5.332862377166748
5.419939279556274
5.344872713088989
5.223763942718506
5.46198034286499
5.324854612350464
5.144691467285156
5.221761703491211
5.291825294494629
5.056610107421875
5.056610584259033
5.3118438720703125
5.350877523422241
5.096647262573242
5.048603773117065
5.20705509185791
5.394917726516724
5.188731908798218
5.335864067077637
5.179722785949707
5.031587600708008
5.255791664123535
5.144690036773682
5.273807525634766
5.222761869430542
5.146692991256714
5.210751533508301
5.3008339405059814
5.3448731899261475
5.652153015136719
5.203750133514404
5.141437530517578
5.218758583068848
5.114663124084473
5.239777088165283
5.460978984832764
5.313846111297607
5.028586387634277
4.935500860214233
5.0405964851379395
5.225434303283691
5.424946069717407
5.4259467124938965
5.059075117111206
5.183726072311401
5.3909149169921875
5.447965860366821
5.265800714492798
5.17872166633606
5.113662004470825
5.366892099380493
5.637147903442383
5.504018545150757
5.279813528060913
5.3168487548828125
5.2287681102752686
5.334863901138306
5.040595531463623
5.1486945152282715
5.381906986236572
5.369895935058594
5.130678415298462
5.127673864364624
5.462836742401123
5.05060601234436
5.189732074737549
5.2429890632629395
5.068620443344116
5.108658075332642
5.406162977218628
5.323854446411133
5.152697801589966
5.207747220993042
5.1827263832092285
5.090641260147095
5.7452473640441895
5.293826103210449
5.138686418533325
5.13968563079834
5.252790212631226
5.486001253128052
5.351879596710205
5.244781255722046
5.287821292877197
5.1346824169158936
5.77026104927063
5.130678653717041
5.230769157409668
5.309841156005859
5.3138463497161865
5.131678342819214
5.45397162437439
5.241780042648315
5.048602819442749
5.284819602966309
5.113662242889404
5.42995023727417
5.220761299133301
5.339869737625122
5.146692752838135
5.161707162857056
5.431952953338623
5.252788782119751
5.390913009643555
5.210747003555298
5.2137532234191895
5.448969125747681
5.261798143386841
5.121670484542847
5.237775087356567
5.285820007324219
5.684182643890381
5.271806716918945
5.187730073928833
5.327857255935669
5.2287678718566895
5.089640140533447
5.028584718704224
5.251788854598999
5.007565975189209
5.174718856811523
5.22576379776001
5.237775802612305
5.0876383781433105
5.26379919052124
5.694191932678223
5.378904581069946
5.671855688095093
5.122671127319336
5.136684417724609
5.221761465072632
5.3368659019470215
5.361889600753784
5.2327704429626465
5.266801834106445
4.9685304164886475
5.238775968551636
5.328857660293579
5.458093881607056
5.2127532958984375
5.293826580047607
5.1146626472473145
5.692189693450928
5.399923324584961
5.118667364120483
5.090642690658569
5.243781328201294
5.396920680999756
5.353880882263184
5.434957265853882
5.412935733795166
5.2427802085876465
5.495009899139404
5.343871831893921
5.259795665740967
5.098655700683594
5.348877429962158
5.162707328796387
5.697195053100586
5.63213586807251
5.131679534912109
5.219759941101074
5.072625398635864
5.073625802993774
5.476993560791016
5.604672193527222
5.224763870239258
5.012571334838867
5.28581976890564
5.472989797592163
5.338948488235474
5.2918243408203125
5.52003288269043
5.410933256149292
5.184726715087891
5.679186820983887
5.267802715301514
5.174717664718628
5.3648905754089355
5.451127290725708
5.456545352935791
4.945509910583496
5.345874547958374
5.184726715087891
5.262797117233276
5.338837146759033
5.673181772232056
4.969531297683716
5.193735361099243
5.2087485790252686
5.471990346908569
5.517029285430908
5.1296751499176025
5.244781494140625
5.265801429748535
5.666165590286255
5.590096473693848
5.307389736175537
5.1336774826049805
5.160704612731934
5.664164066314697
5.342871189117432
5.0716235637664795
5.251788377761841
5.258794069290161
5.502017021179199
5.563072443008423
5.046354293823242
5.193735361099243
5.354881763458252
5.65215277671814
5.3131890296936035
5.5120251178741455
5.1026527881622314
5.1947362422943115
5.173718214035034
5.337867736816406
5.404928207397461
5.269805431365967
5.2597949504852295
5.03359055519104
5.125671863555908
5.367892265319824
5.631134748458862
5.120669841766357
5.1406872272491455
5.292825698852539
5.620123624801636
5.562068939208984
5.053607225418091
5.154700040817261
5.134680986404419
5.67917799949646
5.46898627281189
5.3338623046875
5.171715259552002
5.163708209991455
5.336865663528442
5.655156135559082
5.062615633010864
5.218759298324585
5.203744649887085
5.194736003875732
5.166711330413818
5.542052745819092
5.197739601135254
5.3428709506988525
5.273807764053345
5.348877668380737
5.3288586139678955
5.31584620475769
5.142688035964966
5.27180552482605
5.4753029346466064
5.6301350593566895
5.180722236633301
5.150697231292725
5.193735837936401
5.597103118896484
5.452972412109375
5.408931016921997
5.050605773925781
5.259624004364014
5.177721738815308
5.511023998260498
5.236774444580078
5.230769157409668
5.285818099975586
5.3288586139678955
5.4779953956604
5.781282424926758
5.419940948486328
5.3328635692596436
5.229768753051758
5.218759536743164
5.508021831512451
5.202743768692017
5.356884956359863
5.3789026737213135
5.20074200630188
5.170714378356934
5.545373439788818
5.541417837142944
5.457977294921875
5.347875595092773
5.44596529006958
5.10565447807312
5.3598878383636475
5.556808948516846
5.287820816040039
5.207748174667358
5.226765155792236
5.356885194778442
5.645146608352661
5.251788139343262
5.14068603515625
5.427948713302612
5.618122577667236
5.239776849746704
5.0866379737854
5.245781421661377
5.073625802993774
5.544053792953491
5.321852207183838
5.424946069717407
5.220760107040405
5.413935661315918
5.2147536277771
5.3668928146362305
5.283818006515503
5.493008852005005
5.272808313369751
5.244782447814941
5.349875211715698
5.433955192565918
5.574081659317017
5.2177581787109375
5.509023427963257
5.2247633934021
5.273806810379028
5.517039775848389
5.18773078918457
5.10869288444519
5.730234384536743
5.574081659317017
5.2918243408203125
5.118666172027588
5.384908199310303
5.550061225891113
5.44196081161499
5.152697563171387
5.462236166000366
5.196737766265869
5.503018140792847
5.51502799987793
5.260081768035889
5.2017433643341064
5.370897054672241
5.368895530700684
5.363890171051025
5.220760107040405
5.279814004898071
5.788285493850708
5.445077419281006
5.330860376358032
4.947609186172485
5.417939901351929
5.601106643676758
5.236774682998657
5.37590217590332
5.298601865768433
5.010568141937256
5.184727668762207
5.469987154006958
5.259795904159546
5.265801906585693
4.918484449386597
5.171716213226318
5.5050201416015625
5.5770838260650635
5.159704208374023
5.389911890029907
5.174718379974365
5.336865663528442
5.77426290512085
5.325855255126953
5.336866617202759
5.083634614944458
5.3288586139678955
5.2968268394470215
5.460978746414185
5.1036529541015625
5.08263373374939
5.140868425369263
5.7772674560546875
5.418940782546997
5.388912916183472
5.550060272216797
5.35588264465332
5.2617974281311035
5.2657999992370605
5.910388708114624
5.331861734390259
5.452971935272217
5.276811361312866
5.250787019729614
5.076629877090454
5.56006932258606
5.663164138793945
5.081632852554321
5.326368570327759
6.170626163482666
5.6161205768585205
5.458977699279785
5.158703088760376
5.00170111656189
5.042597532272339
5.334863901138306
5.7858967781066895
5.194734811782837
4.996555328369141
5.300832986831665
5.438960075378418
5.275810718536377
5.3158464431762695
5.327857732772827
5.5680763721466064
5.612116813659668
5.410934686660767
5.4229443073272705
5.096646308898926
5.110658645629883
5.517030239105225
5.41493821144104
5.605109691619873
4.972533226013184
4.991552114486694
5.2237629890441895
5.458976984024048
5.692189693450928
4.861431121826172
5.188730478286743
5.071624755859375
5.5820887088775635
5.632134437561035
5.26780366897583
4.990550994873047
5.146693229675293
5.266802072525024
5.588094711303711
5.247784852981567
5.283815383911133
5.096590518951416
5.554063558578491
5.498012065887451
5.474992513656616
5.466984748840332
5.383908987045288
5.08763861656189
5.421942234039307
5.428950309753418
5.52303671836853
5.189731597900391
5.213754177093506
5.03058648109436
5.595102310180664
5.620123624801636
5.609113931655884
5.468986511230469
5.2527899742126465
5.184727907180786
5.509022951126099
5.579086780548096
5.5310423374176025
5.214754819869995
5.265800952911377
5.126674175262451
5.6161205768585205
5.50902247428894
5.412935018539429
5.7739245891571045
5.3128440380096436
5.491592168807983
5.437957525253296
5.349878311157227
5.215754985809326
5.4449639320373535
5.604109048843384
5.256792306900024
5.387910604476929
5.367893934249878
5.44996976852417
5.979971408843994
5.465984106063843
5.351880311965942
5.404927492141724
5.571079730987549
5.578082323074341
5.688185930252075
5.188729763031006
5.2928266525268555
5.31458592414856
5.777265787124634
5.779053688049316
5.450970649719238
5.2868194580078125
5.2177581787109375
5.376901388168335
5.754247188568115
5.655156850814819
5.402925729751587
5.23377251625061
5.151695013046265
5.361887454986572
5.483999729156494
5.225764274597168
5.376901865005493
5.499013662338257
5.43495512008667
5.395918607711792
5.3925604820251465
5.243780851364136
5.469987392425537
5.757248401641846
5.758249998092651
5.243780612945557
5.332862615585327
5.1967363357543945
5.571079730987549
5.675174236297607
5.696194171905518
5.321851968765259
5.267800569534302
5.23877739906311
5.665165185928345
5.774300813674927
5.654155015945435
5.341869592666626
5.2968292236328125
5.233772039413452
5.519330024719238
5.692188262939453
5.3558831214904785
5.263799428939819
5.337865114212036
5.381906270980835
5.569077730178833
5.5460569858551025
5.255792617797852
5.475992918014526
5.360889196395874
5.277811765670776
5.624128341674805
5.539049386978149
5.302835464477539
5.2818145751953125
5.489004373550415
5.352880239486694
5.405928373336792
5.7292234897613525
5.446965932846069
5.4389588832855225
5.352881193161011
5.726220607757568
5.566075325012207
5.514026641845703
5.728222846984863
5.253790855407715
5.349876880645752
5.721216917037964
5.738231182098389
5.293825626373291
5.125671863555908
5.7802793979644775
5.378905296325684
5.64014196395874
5.409931421279907
5.279804944992065
5.2878217697143555
5.377902507781982
6.093555927276611
5.504018068313599
5.237775564193726
5.372899055480957
5.469987154006958
5.562070846557617
5.380905866622925
5.504017353057861
5.488004446029663
5.353884935379028
5.335865259170532
5.590096712112427
5.678177118301392
5.250786781311035
5.568506717681885
5.508022308349609
5.322854042053223
5.2347731590271
5.681179523468018
5.713207721710205
5.52904200553894
5.317849159240723
5.162707090377808
5.599103689193726
5.69018816947937
5.490005254745483
5.343873500823975
5.4279491901397705
5.276810646057129
5.107656955718994
5.430951833724976
5.490004539489746
5.792280435562134
5.563071250915527
5.275810241699219
5.410933971405029
5.551062107086182
5.488004446029663
5.460979223251343
5.441961765289307
5.324854373931885
5.286820888519287
5.37790322303772
5.714209318161011
5.681180477142334
5.345873117446899
5.108658075332642
5.236774921417236
5.576084613800049
5.659159421920776
5.668167352676392
5.641142845153809
5.520033359527588
5.314846515655518
5.684182643890381
5.75324559211731
5.636138200759888
5.467984437942505
5.486001968383789
5.259795427322388
5.149695158004761
5.671171426773071
5.632134437561035
5.286819219589233
5.21875786781311
5.192735195159912
5.516030311584473
5.72532844543457
5.678786039352417
5.249785661697388
5.304836750030518
5.144691228866577
5.5600690841674805
5.696192741394043
5.585091829299927
5.357884407043457
5.2247631549835205
5.306837558746338
5.66516637802124
5.704200744628906
5.674173831939697
5.201741933822632
5.282816171646118
5.248785018920898
5.664164304733276
5.7557642459869385
5.548058271408081
5.363889455795288
5.54205322265625
5.512024879455566
5.324925422668457
5.246784448623657
5.279814004898071
5.36689305305481
6.00847864151001
5.607112169265747
5.566074848175049
5.489004135131836
5.24177885055542
5.349877834320068
5.328859329223633
5.541051149368286
5.232450723648071
5.227766513824463
5.552062034606934
5.71120810508728
5.409932374954224
5.2617974281311035
5.254791736602783
5.328858137130737
5.688185214996338
5.495009660720825
5.433955192565918
5.302296876907349
5.309841156005859
5.392916440963745
6.00847864151001
5.5350470542907715
5.7782652378082275
5.222760200500488
5.351880311965942
5.418941497802734
5.618122100830078
5.49801230430603
5.471988916397095
5.36595344543457
5.426947116851807
5.408930778503418
5.646147966384888
5.6051106452941895
5.287820816040039
5.137684345245361
5.7052013874053955
5.569077491760254
5.466984510421753
5.322850942611694
5.283817291259766
5.263799428939819
5.680178880691528
5.503018140792847
5.352876663208008
5.527039289474487
5.198740720748901
5.289822816848755
5.71821403503418
5.693190574645996
5.474990367889404
5.284818172454834
5.202744245529175
5.369896173477173
5.573082447052002
5.4689860343933105
5.381907224655151
5.323853015899658
5.390915632247925
5.231733560562134
5.677175760269165
5.737231254577637
5.518550634384155
5.327857494354248
5.259795427322388
5.257795095443726
5.592097759246826
5.599104166030884
5.366891622543335
5.54905891418457
5.3769025802612305
5.207748174667358
5.556065797805786
5.6291327476501465
5.4099321365356445
5.4109344482421875
5.319850444793701
5.340869188308716
5.647149085998535
5.62674880027771
5.270806074142456
5.432953596115112
5.7662577629089355
5.618161201477051
5.626129150390625
5.556065797805786
5.208750486373901
5.240778207778931
5.51560378074646
5.52203369140625
5.421943664550781
5.209749937057495
5.4689857959747314
5.428974866867065
5.536046504974365
5.578083038330078
5.28481912612915
5.352879047393799
5.435956716537476
5.670743942260742
5.435957193374634
5.54205322265625
5.312933444976807
5.22681188583374
5.544193506240845
5.53218150138855
5.459113597869873
5.577224493026733
5.361758470535278
5.230900287628174
5.493145704269409
5.671313047409058
5.3450071811676025
5.495147228240967
5.364024877548218
5.2319016456604
5.229898691177368
5.586233139038086
5.413070440292358
5.313976764678955
5.284950256347656
5.4380943775177
5.480133295059204
5.450106143951416
5.492145299911499
5.41707444190979
5.272939682006836
5.412070989608765
5.551199913024902
5.631276607513428
5.543191909790039
5.3570170402526855
5.438094854354858
5.272939920425415
5.375035285949707
5.421078205108643
5.372032880783081
5.40906548500061
5.2829484939575195
5.37903904914856
5.224895000457764
5.659301042556763
5.598243951797485
5.385045528411865
5.5234034061431885
5.456112384796143
5.449104309082031
5.3329973220825195
5.564212799072266
5.329993963241577
5.300966262817383
5.416074514389038
5.277944087982178
5.31497859954834
5.489141225814819
5.706346273422241
5.401057958602905
5.130807876586914
5.230899810791016
5.468122482299805
5.618263006210327
5.500152826309204
5.388046741485596
5.368029356002808
5.407064914703369
5.306971311569214
5.587234020233154
5.481131315231323
5.543193101882935
5.32498836517334
5.343006372451782
5.639282703399658
5.680320739746094
5.3510119915008545
5.316980600357056
5.379039764404297
5.288955450057983
5.634278297424316
5.575222969055176
5.513165235519409
5.4581122398376465
5.3139777183532715
5.382041692733765
5.5762245655059814
5.459114074707031
5.458114147186279
5.456111669540405
5.285952806472778
5.232902765274048
5.226896286010742
5.78441858291626
5.495146751403809
5.423079967498779
5.297962665557861
5.3970561027526855
5.252922058105469
5.708347320556641
5.581228971481323
5.7103493213653564
5.26593279838562
5.409067392349243
5.414072513580322
5.64629054069519
5.525531530380249
5.238907814025879
5.361021995544434
5.247916221618652
5.583230257034302
5.51316499710083
5.379777669906616
5.436093091964722
5.456110954284668
5.389048099517822
5.301968574523926
5.430085897445679
5.192865610122681
5.614259481430054
5.59124231338501
5.598244905471802
5.2298994064331055
5.38304328918457
5.333997488021851
5.739376783370972
5.472126483917236
5.419076204299927
5.4380943775177
5.305971384048462
5.306971549987793
5.316980600357056
5.558331251144409
5.3850462436676025
5.533183574676514
5.534184694290161
5.35201358795166
5.371031284332275
5.597243070602417
5.553202152252197
5.50715970993042
5.538188219070435
5.322986364364624
5.214886665344238
5.397055387496948
5.518170118331909
5.3920509815216064
5.324989318847656
5.321986198425293
5.481133937835693
5.3450071811676025
5.228898286819458
5.462118148803711
5.469122886657715
5.449104070663452
5.2329020500183105
5.149825572967529
5.3259899616241455
5.614259719848633
5.447103977203369
5.58923602104187
5.424081802368164
5.511162996292114
5.218888521194458
5.25992751121521
5.187860488891602
5.647289752960205
5.892520427703857
5.746383428573608
5.505157232284546
5.4651196002960205
5.239909887313843
5.417075157165527
5.5872344970703125
5.548198699951172
5.442098140716553
5.431088447570801
5.491145610809326
5.189836740493774
5.334961414337158
5.299928903579712
5.234867572784424
5.350893020629883
5.543154954910278
5.482099294662476
5.446064472198486
5.518131494522095
5.4930579662323
5.622228622436523
5.298928260803223
5.489105701446533
5.436055660247803
5.531144380569458
5.357983112335205
5.409029245376587
5.508121967315674
5.684285879135132
5.324952125549316
5.493108510971069
5.305935382843018
5.3039326667785645
5.571181058883667
5.483099460601807
5.361986398696899
5.4200403690338135
5.331957817077637
5.39001202583313
5.381004095077515
5.252886056900024
5.484100103378296
5.452070236206055
5.354980230331421
5.406027793884277
5.49010705947876
5.5431554317474365
5.264896869659424
5.304934978485107
5.393016576766968
5.591200828552246
5.369994163513184
5.440058469772339
5.3349609375
5.296913385391235
5.5751848220825195
5.554165601730347
5.502117156982422
5.369995594024658
5.425044775009155
5.250882863998413
5.303931713104248
5.341969728469849
5.530144214630127
5.306606769561768
5.328955173492432
5.205840826034546
5.299929141998291
5.510124683380127
5.4633331298828125
5.381002902984619
5.373997688293457
5.366991281509399
5.187831878662109
5.40002179145813
5.407027959823608
5.367992639541626
5.554165840148926
5.378000974655151
5.450068712234497
5.528141021728516
5.437056303024292
5.2264392375946045
5.418039798736572
5.396019220352173
5.592200756072998
5.509125709533691
5.592987775802612
5.41303563117981
5.168806552886963
5.242875814437866
5.468085765838623
5.611218214035034
5.5859222412109375
5.242875576019287
5.261894464492798
5.235868453979492
5.447065591812134
5.542153835296631
5.501116037368774
5.300930023193359
5.418038606643677
5.526138782501221
5.348964691162109
5.339966058731079
5.351977109909058
5.430049896240234
5.458076238632202
5.410030364990234
5.24087381362915
5.591200351715088
5.429048299789429
5.305236101150513
5.2176594734191895
5.335962533950806
5.231865167617798
5.669271945953369
5.524137496948242
5.447065830230713
5.298927545547485
5.180818557739258
5.336963176727295
5.422042369842529
5.433053255081177
5.536148548126221
5.223858118057251
5.271902561187744
5.22285795211792
5.593203067779541
5.6962971687316895
5.411032438278198
5.381004571914673
5.469085931777954
5.46308159828186
5.372997760772705
5.389011859893799
5.250881910324097
5.157797574996948
5.260229825973511
5.546158313751221
5.445064067840576
5.369993209838867
5.358983993530273
5.259892225265503
5.335962533950806
5.829421281814575
5.358983755111694
5.287917613983154
5.117777347564697
5.108751058578491
4.983634948730469
5.2668986320495605
5.190827369689941
5.4120774269104
5.26169490814209
5.135775804519653
5.168806076049805
5.356981515884399
5.223996639251709
5.242875576019287
5.22886323928833
5.351977825164795
5.29592490196228
5.3069329261779785
5.301931858062744
5.0423500537872314
5.085728645324707
5.363988161087036
5.2088727951049805
5.373477220535278
5.350976943969727
5.238241910934448
4.996647357940674
5.2508838176727295
5.207843065261841
5.578188180923462
5.248878479003906
5.3309571743011475
5.32681131362915
5.002652168273926
5.193830490112305
5.396017789840698
5.504118919372559
5.366510391235352
5.272173643112183
5.261868000030518
5.316917896270752
5.252859592437744
5.149086952209473
5.1470677852630615
5.611191987991333
5.2958996295928955
5.382980585098267
5.277883291244507
5.136752128601074
5.2549943923950195
5.382978200912476
5.389017820358276
5.3349363803863525
5.109727382659912
5.057678699493408
5.3439435958862305
5.473063945770264
5.4296791553497314
5.18229079246521
5.35564661026001
5.271878004074097
5.367966413497925
5.081722259521484
5.335937261581421
5.2278382778167725
5.228839159011841
5.210820198059082
5.036440134048462
5.226836442947388
5.555140018463135
4.928560018539429
5.308912038803101
5.251859664916992
5.180792808532715
5.241849422454834
5.373060703277588
5.452044486999512
5.150765657424927
5.030655145645142
5.4910805225372314
5.485073566436768
5.396994113922119
5.179194927215576
5.318549156188965
5.238846063613892
5.202812194824219
5.323925971984863
5.29389762878418
5.2698750495910645
5.303906440734863
5.2836198806762695
5.21983003616333
5.30614709854126
5.112206697463989
5.3589582443237305
5.362961292266846
4.977500915527344
5.256495952606201
5.453309774398804
5.315918684005737
5.140755891799927
5.074695110321045
5.2638702392578125
5.429022789001465
5.077699422836304
5.193805932998657
5.4910805225372314
5.4872283935546875
5.421504735946655
5.118736028671265
5.117734909057617
5.089389324188232
5.183796644210815
5.528115272521973
5.39432168006897
5.185780048370361
5.188800573348999
5.210821628570557
5.400996923446655
5.194806337356567
5.39799427986145
5.414008378982544
5.454045295715332
5.474064111709595
5.336938858032227
5.34394383430481
5.274879693984985
5.03365683555603
5.339940071105957
5.224834442138672
5.297901153564453
5.10835337638855
5.28889274597168
5.388986110687256
5.4840734004974365
5.183796644210815
4.99462103843689
5.156472444534302
5.677253007888794
5.376975059509277
5.429759502410889
5.272878170013428
5.144759654998779
5.445037603378296
5.325927257537842
5.259865045547485
5.20241641998291
5.331933498382568
5.687270402908325
5.210821151733398
5.277881860733032
5.3889875411987305
5.245563745498657
5.232982397079468
5.143758535385132
5.2989020347595215
5.09571385383606
5.15373682975769
5.169783353805542
5.391537189483643
5.154769420623779
5.249856233596802
5.037661790847778
5.316920280456543
5.459049940109253
5.308909893035889
5.299904108047485
5.352452754974365
5.307910680770874
5.4830732345581055
5.489078521728516
5.211821794509888
5.561146259307861
5.63921594619751
5.56414794921875
5.33993935585022
5.162775754928589
5.38998818397522
5.267873287200928
5.377975225448608
5.490078926086426
5.554137706756592
5.3959925174713135
5.590171813964844
5.237846612930298
5.569150447845459
5.5491344928741455
5.433026075363159
5.374972105026245
5.204814434051514
5.506093502044678
5.639217853546143
5.162776708602905
5.338939905166626
5.419013500213623
5.423016548156738
5.497085809707642
5.305908918380737
5.321924448013306
5.251858711242676
5.512099981307983
5.615194797515869
5.286891460418701
5.131747722625732
5.325927734375
5.258864402770996
5.492081165313721
5.253860950469971
5.3009045124053955
5.330932378768921
5.272878170013428
5.237844228744507
5.444318056106567
5.513082265853882
5.576138734817505
5.373952865600586
5.3128981590271
5.370951175689697
5.459031343460083
5.470041990280151
5.306892395019531
5.165761470794678
5.4219970703125
5.622827053070068
5.272860050201416
5.367947578430176
5.3058905601501465
5.401979684829712
5.440013408660889
5.522089719772339
5.559124946594238
5.462033987045288
5.368990421295166
5.3169004917144775
5.325909376144409
5.4900596141815186
5.423999309539795
5.426001310348511
5.242748737335205
5.262850761413574
5.316900968551636
5.235824346542358
5.307891130447388
5.279865503311157
5.5361034870147705
5.430004596710205
5.3959736824035645
5.425768852233887
5.609170198440552
5.379958629608154
5.42499852180481
5.4390130043029785
5.2778639793396
5.338921546936035
5.3909687995910645
5.308893203735352
5.301886558532715
5.396974563598633
5.373953819274902
5.388967514038086
