Timing log for each step:
0.009008169174194336
1.8181848526000977
1.843770980834961
1.8036832809448242
1.772742509841919
1.8056418895721436
1.740218162536621
1.8206562995910645
1.8451414108276367
1.7636046409606934
1.9771664142608643
1.5744318962097168
1.7819900512695312
1.826662540435791
1.7511305809020996
1.781128168106079
1.745467185974121
1.8818347454071045
1.9147412776947021
1.8077175617218018
1.7876269817352295
1.846118450164795
1.7335786819458008
1.7865538597106934
1.8232345581054688
1.8089103698730469
1.8567581176757812
1.789628505706787
1.875171422958374
1.8156523704528809
1.7370705604553223
1.8356695175170898
1.8352940082550049
1.8126487731933594
1.8175530433654785
1.802788496017456
1.796635627746582
1.815934419631958
1.7606031894683838
1.8212981224060059
1.8466806411743164
1.8026952743530273
1.9257519245147705
1.8027138710021973
1.8416752815246582
1.8700778484344482
1.7801811695098877
1.8236584663391113
1.8348174095153809
1.8126494884490967
1.7208797931671143
1.7986361980438232
1.9681642055511475
1.802640438079834
1.8843472003936768
1.8406758308410645
1.8666141033172607
1.8326661586761475
1.9005999565124512
1.8156521320343018
1.7290458679199219
1.8737046718597412
1.7987539768218994
1.8356709480285645
1.7430462837219238
1.865696907043457
1.8080558776855469
1.8046417236328125
1.8317081928253174
1.8266620635986328
1.7831697463989258
1.8717021942138672
1.741070032119751
1.8646957874298096
1.8160815238952637
1.8747038841247559
2.087289571762085
1.7886271476745605
1.8017969131469727
1.7646050453186035
1.7626914978027344
1.8957245349884033
1.8271656036376953
1.7966346740722656
1.747117519378662
1.7961726188659668
1.7746150493621826
1.8491532802581787
1.7375800609588623
1.7700774669647217
1.7966339588165283
1.8153352737426758
1.8206565380096436
1.9441041946411133
1.8646979331970215
1.7908082008361816
1.89272141456604
1.7389965057373047
1.80063796043396
1.8578212261199951
1.862619400024414
1.792163372039795
2.059347629547119
1.939035415649414
1.8286633491516113
1.7988910675048828
1.8256611824035645
1.7853221893310547
1.7896292209625244
1.8369951248168945
1.7831029891967773
1.8191404342651367
1.8076441287994385
1.8306901454925537
1.883713722229004
1.7304267883300781
1.8156518936157227
1.9206898212432861
1.915743350982666
1.8852043151855469
1.8346688747406006
1.8412373065948486
1.8415133953094482
1.910853624343872
1.812650442123413
1.778040885925293
1.8316676616668701
1.8113062381744385
1.756596326828003
1.758545160293579
1.8136513233184814
1.8094263076782227
1.808645486831665
1.9029269218444824
1.9993393421173096
1.8709092140197754
1.7485909461975098
1.8460495471954346
1.8642377853393555
1.8533544540405273
1.897275686264038
1.8747072219848633
1.8328356742858887
1.8176538944244385
1.8710896968841553
1.83066725730896
1.7855048179626465
1.850684404373169
1.858708143234253
1.811647891998291
1.8022067546844482
1.7565975189208984
1.85491943359375
2.007643461227417
1.8316664695739746
1.8035759925842285
1.8236589431762695
1.7203178405761719
1.8106489181518555
1.8220248222351074
1.9447689056396484
1.847113847732544
1.8161563873291016
1.896735668182373
1.7667131423950195
1.8727047443389893
1.7180125713348389
1.7095556259155273
1.9149043560028076
1.8066446781158447
1.8095948696136475
1.888716459274292
1.8070437908172607
1.996816635131836
1.8453917503356934
1.8226592540740967
1.8607118129730225
1.8207659721374512
1.9347033500671387
1.8687005043029785
1.8930232524871826
1.8634607791900635
1.8585906028747559
1.9067354202270508
1.716562271118164
2.0673460960388184
1.8006389141082764
1.8661797046661377
1.8316664695739746
1.769507884979248
1.8436779975891113
1.8635177612304688
1.7525966167449951
1.7950410842895508
1.7606019973754883
1.9259610176086426
1.7205657958984375
1.7949273586273193
1.8206560611724854
1.817159652709961
1.8952558040618896
1.7918789386749268
1.8362057209014893
1.7460458278656006
1.7275722026824951
1.7388007640838623
1.7776179313659668
1.97879958152771
1.7647180557250977
1.9197461605072021
1.8521392345428467
1.866698980331421
1.904076099395752
1.858691930770874
1.9743187427520752
1.8326668739318848
1.9484508037567139
1.8546874523162842
1.89463472366333
1.8516850471496582
1.902677297592163
1.907735824584961
1.8639287948608398
1.9477739334106445
1.7425851821899414
1.8008761405944824
1.770064353942871
1.906245231628418
1.7499091625213623
1.7871456146240234
1.778642177581787
1.8087983131408691
1.7876255512237549
1.852642297744751
2.004824638366699
1.834052562713623
1.8506829738616943
1.7890205383300781
1.8436777591705322
1.8191959857940674
1.8182330131530762
1.820845127105713
1.9012274742126465
1.8952105045318604
1.796156883239746
1.844890832901001
1.8922860622406006
1.9039194583892822
1.8576900959014893
1.8236591815948486
1.8724215030670166
1.9117398262023926
1.8075470924377441
1.9307568073272705
1.9015073776245117
1.752593994140625
1.8161289691925049
1.9958157539367676
1.8772251605987549
1.8030593395233154
1.8336679935455322
1.8027920722961426
1.8947231769561768
1.8529717922210693
1.7936420440673828
1.8527703285217285
1.8496911525726318
1.8327672481536865
1.880711317062378
1.8851232528686523
1.8306658267974854
1.8992376327514648
1.7135589122772217
1.7856740951538086
1.8937230110168457
1.8486809730529785
1.8221557140350342
1.8496835231781006
1.8932857513427734
1.8206565380096436
1.8229527473449707
1.866225242614746
1.818232536315918
1.8301777839660645
1.7990179061889648
1.9883582592010498
1.8496818542480469
1.8498413562774658
1.7876274585723877
1.8502013683319092
1.9397640228271484
1.8897984027862549
1.9928126335144043
1.769787073135376
1.8246610164642334
1.9302875995635986
1.869701862335205
1.81496262550354
1.8046410083770752
1.8021423816680908
1.834670066833496
1.8842947483062744
1.8636951446533203
2.0241103172302246
1.8366711139678955
1.8305244445800781
1.8867175579071045
1.765915870666504
1.973308801651001
1.874607801437378
1.8276622295379639
1.838529348373413
1.8516852855682373
1.8372550010681152
1.774172067642212
1.7907452583312988
1.8277943134307861
1.8462040424346924
1.958338975906372
1.7991056442260742
1.8077635765075684
1.8877179622650146
1.868128776550293
1.838672161102295
1.7864091396331787
1.8216581344604492
1.952559471130371
1.845679759979248
1.859544038772583
1.7866268157958984
1.7276837825775146
1.7886250019073486
1.8286051750183105
1.9717938899993896
1.8220157623291016
1.8506824970245361
1.7310311794281006
1.7445871829986572
1.8200933933258057
1.929157018661499
1.9526114463806152
1.8047130107879639
1.886716365814209
1.9823265075683594
1.7726125717163086
1.7049012184143066
1.7776176929473877
1.890678882598877
1.7966339588165283
1.884371042251587
1.8126494884490967
1.879692792892456
1.7986366748809814
1.7374553680419922
1.9257526397705078
2.0394740104675293
1.908736228942871
1.9010567665100098
1.96879243850708
1.8872501850128174
1.9657881259918213
1.9146740436553955
1.940260887145996
