Timing log for each step:
0.012013673782348633
5.447966575622559
5.179722309112549
5.277811765670776
5.549058675765991
5.6041100025177
5.487001657485962
5.171715021133423
5.410934925079346
5.41793966293335
5.318848609924316
5.414936542510986
5.441962242126465
5.271806716918945
5.836321830749512
5.346875905990601
5.217756748199463
5.342871904373169
5.211751222610474
5.274808406829834
5.29883074760437
5.346875905990601
5.388913154602051
5.317849159240723
5.276810884475708
5.29682993888855
5.403927564620972
5.32285213470459
5.272807598114014
5.283817529678345
5.257792711257935
5.257794141769409
5.379904270172119
5.3668928146362305
5.358886003494263
5.322853088378906
5.397921562194824
5.295827388763428
5.3749003410339355
5.314846038818359
5.249785900115967
5.4389588832855225
5.403927326202393
5.185727834701538
5.2748095989227295
5.360888242721558
5.329860210418701
5.375900745391846
5.3638904094696045
5.445964574813843
5.375901699066162
5.296828031539917
5.42794942855835
5.243780851364136
5.42894983291626
5.432953596115112
5.553062438964844
5.420942306518555
5.366894245147705
5.416939973831177
5.274808406829834
5.300833463668823
5.329859495162964
5.284818649291992
5.44596529006958
5.414934873580933
5.4179394245147705
5.3909149169921875
5.453973054885864
5.347876787185669
5.459979295730591
5.392916917800903
5.471988916397095
5.428949594497681
5.345873832702637
5.336865663528442
5.454973459243774
5.396921157836914
5.593099355697632
5.37289834022522
5.355883598327637
5.401925086975098
5.502016544342041
5.271807909011841
5.336865425109863
5.254791259765625
5.473991394042969
5.446965456008911
5.410933256149292
5.370896577835083
5.5530619621276855
5.375901699066162
5.388913631439209
5.324854850769043
5.453972578048706
5.402925252914429
5.456975936889648
5.483999252319336
5.3939173221588135
5.380905628204346
5.316848278045654
5.349876403808594
5.3688952922821045
5.427949666976929
5.301833868026733
5.395918846130371
5.369897842407227
5.429951190948486
5.181724786758423
5.3909149169921875
5.299832820892334
5.328858375549316
5.336865425109863
5.430950880050659
5.41693902015686
5.496010780334473
5.443962574005127
5.4229443073272705
5.4960105419158936
5.3849098682403564
5.405929327011108
5.296828985214233
5.3749001026153564
5.27781343460083
5.444964170455933
5.42294454574585
5.592098236083984
5.411933898925781
5.398922681808472
5.323854923248291
5.4329540729522705
5.428949594497681
5.380905628204346
5.488003253936768
5.38090705871582
5.158703327178955
5.315846920013428
5.3969197273254395
5.399923086166382
5.398922920227051
5.214752435684204
5.291824817657471
5.45697546005249
5.347875595092773
5.419941425323486
5.302834510803223
5.306839227676392
5.350878477096558
5.432951927185059
5.4529709815979
5.3038365840911865
5.262798070907593
5.444962739944458
5.381906270980835
5.50902247428894
5.4019248485565186
5.293827533721924
5.431951522827148
5.382907867431641
5.370896100997925
5.396918296813965
5.346875190734863
5.403926849365234
5.406928539276123
5.3248536586761475
5.303834915161133
5.217757701873779
5.412934303283691
5.4209418296813965
5.254790544509888
5.419941425323486
5.420943260192871
5.426947593688965
5.35588264465332
5.372898578643799
5.375902414321899
5.356884002685547
5.579087972640991
5.440959453582764
5.413936138153076
5.391916275024414
5.261795997619629
5.385910511016846
5.433954954147339
5.345873594284058
5.309840202331543
5.33586573600769
5.375899076461792
5.370896816253662
5.294828653335571
5.261798143386841
5.422944068908691
5.407929420471191
5.413936138153076
5.429950714111328
5.322854042053223
5.2367753982543945
5.45097017288208
5.439960479736328
5.338868141174316
5.349877834320068
5.3638916015625
5.342871189117432
5.4099321365356445
5.392916679382324
5.471989631652832
5.412935018539429
5.365892171859741
5.467983245849609
5.408931493759155
5.3819050788879395
5.396920204162598
5.3999245166778564
5.284818649291992
5.329858779907227
5.434954881668091
5.349876642227173
5.430951833724976
5.430950164794922
5.495009183883667
5.324855089187622
5.283817529678345
5.319848537445068
5.467986106872559
5.404927015304565
5.269805431365967
5.413934946060181
5.460980653762817
5.413936376571655
5.455973863601685
5.417940139770508
5.50702166557312
5.39591908454895
5.413936376571655
5.369897842407227
5.423943758010864
5.475992441177368
5.3508782386779785
5.395920038223267
5.351874589920044
5.387913227081299
5.341870069503784
5.419940948486328
5.265800714492798
5.4059295654296875
5.301835060119629
5.477993488311768
5.452972173690796
5.485001087188721
6.087878942489624
5.239588022232056
