Timing log for each step:
0.015013933181762695
5.534144878387451
5.658260345458984
5.58419132232666
5.676276445388794
5.796388149261475
5.901487350463867
5.886472225189209
5.634238004684448
5.663264751434326
5.652254819869995
5.83042049407959
5.631235122680664
5.558166980743408
5.537147521972656
5.654256582260132
5.593199729919434
5.654257535934448
5.4810950756073
5.657260179519653
5.58919620513916
5.682281017303467
5.595201253890991
5.6482508182525635
5.665266036987305
5.64324688911438
5.687287092208862
5.653256177902222
5.679279327392578
5.740336656570435
5.7433390617370605
5.775369644165039
5.737333297729492
5.640242099761963
5.632235765457153
5.658259868621826
5.6642656326293945
5.664266109466553
5.67927885055542
5.710307598114014
5.573180913925171
5.755352020263672
5.5791871547698975
5.869456768035889
5.5591676235198975
5.649251222610474
5.571179389953613
5.656258583068848
5.621226072311401
5.548156976699829
5.547157526016235
5.528138160705566
5.527139663696289
5.682282209396362
5.613218545913696
5.6632654666900635
5.581188917160034
5.692291975021362
5.718316555023193
5.639243125915527
5.610214948654175
5.627232074737549
5.724322080612183
5.634238004684448
5.69429349899292
5.684283971786499
5.526137113571167
5.6472508907318115
5.736329793930054
5.688279390335083
5.803365468978882
5.607184171676636
5.4350244998931885
5.73330020904541
5.531113386154175
5.49007511138916
5.638211250305176
5.645218133926392
5.747312784194946
5.693264007568359
5.662233829498291
5.7002692222595215
5.627202749252319
5.717284440994263
5.564143657684326
5.661233901977539
5.738304138183594
5.676246881484985
5.5681469440460205
5.6512227058410645
5.6252007484436035
5.6672399044036865
5.5871663093566895
5.6312034130096436
5.5251078605651855
5.632206439971924
5.652225017547607
5.6852545738220215
5.5661468505859375
5.5140979290008545
5.5561363697052
5.600176572799683
5.626200914382935
5.722290277481079
5.768333196640015
5.625200510025024
5.536118507385254
5.726293563842773
5.6762471199035645
5.609185218811035
5.494078636169434
5.620195388793945
6.313837051391602
5.637211322784424
5.6171934604644775
5.558137893676758
5.633207321166992
5.933485269546509
5.667237997055054
5.545126676559448
5.63721227645874
5.706275463104248
5.641214847564697
5.649223327636719
5.632207155227661
5.684255599975586
5.64521861076355
5.607185125350952
5.669240713119507
5.594170570373535
5.70527458190918
5.619194746017456
5.634209156036377
5.603180408477783
5.592169761657715
5.684255123138428
5.61218786239624
5.708276987075806
5.631205797195435
5.64521861076355
5.662235736846924
5.628202438354492
5.647220611572266
5.670241832733154
5.63320779800415
5.6972668170928955
5.69025993347168
5.643217325210571
5.62820291519165
5.622196674346924
5.642216682434082
5.542123079299927
5.5831615924835205
5.596173524856567
5.519104242324829
5.674245119094849
5.696265935897827
5.642215967178345
5.507091045379639
5.645219802856445
5.549137592315674
5.508093595504761
5.469055414199829
5.603179931640625
5.70127010345459
5.592170715332031
5.703272819519043
5.648221492767334
5.668239593505859
5.646219730377197
5.602180242538452
5.626202344894409
5.673244476318359
5.659230470657349
5.684255123138428
5.623199462890625
5.688258171081543
5.566145420074463
5.667239665985107
5.6572301387786865
5.661233425140381
5.648220539093018
5.593170642852783
5.72929573059082
5.644218444824219
5.839398145675659
5.5931713581085205
5.591168642044067
5.6662373542785645
5.476062536239624
5.499084949493408
5.69526481628418
5.5491297245025635
5.607183456420898
5.523103952407837
5.611187219619751
5.571149587631226
5.683253765106201
5.613189697265625
5.51209568977356
5.647221088409424
5.553134202957153
5.597174882888794
5.679250955581665
5.585163116455078
5.648221254348755
5.591168165206909
5.607183456420898
5.63220739364624
5.6292009353637695
5.671242713928223
5.619194507598877
5.611188650131226
5.592170000076294
5.632206916809082
5.5591394901275635
5.605181455612183
5.619194030761719
5.4980833530426025
5.516100168228149
5.520103693008423
5.525107383728027
5.530112266540527
5.55013108253479
5.555136442184448
5.619194984436035
5.604180335998535
5.609185695648193
5.532114028930664
5.630205154418945
5.599175930023193
5.6321940422058105
5.621175289154053
5.587143898010254
5.636188745498657
5.62317681312561
5.659209728240967
5.684231758117676
5.610164403915405
5.62618088722229
5.51908016204834
5.604160785675049
5.6502015590667725
5.6441969871521
5.662213325500488
5.67122220993042
6.022543668746948
5.783324480056763
5.634186029434204
5.598153829574585
5.563121557235718
5.688236951828003
5.632185935974121
5.521083831787109
5.555114030838013
5.674224615097046
5.648200750350952
5.6492018699646
5.644195795059204
5.722269058227539
5.598154783248901
5.663212776184082
5.588143587112427
5.653205633163452
5.620175123214722
5.6532042026519775
5.598153114318848
5.534095048904419
5.647198438644409
5.590147495269775
5.621176242828369
5.689238548278809
5.615168809890747
5.615169286727905
5.6191723346710205
5.579137563705444
5.634187698364258
5.676225423812866
5.651203393936157
5.68423318862915
5.6311845779418945
5.671221733093262
5.606161594390869
5.5190815925598145
5.677227020263672
5.656206846237183
5.559118032455444
5.5771355628967285
5.666217088699341
5.688236474990845
5.597153425216675
5.553112268447876
5.6341872215271
5.629182815551758
5.580137252807617
5.869402647018433
5.877410650253296
5.988512992858887
5.57413125038147
5.715261936187744
5.646198511123657
5.838375091552734
5.589145183563232
5.585142135620117
5.581139326095581
5.636189937591553
5.600155591964722
5.666217565536499
5.591148138046265
5.617173194885254
5.580138444900513
5.53809928894043
5.623178005218506
5.593149423599243
5.536097526550293
5.55611515045166
5.452019453048706
5.630183458328247
5.620175123214722
5.614169120788574
5.545105934143066
5.659211158752441
5.648199796676636
5.556113958358765
5.610165596008301
5.586143732070923
5.504066228866577
5.6361894607543945
5.684232950210571
5.533094167709351
5.601156711578369
5.655206680297852
5.6131672859191895
5.603158473968506
5.63118577003479
5.617171764373779
5.629182577133179
5.694242477416992
5.676225423812866
5.6381919384002686
5.659210681915283
5.648200511932373
5.642194509506226
5.718264579772949
5.670221328735352
5.5170793533325195
5.518079996109009
5.4510178565979
5.431000471115112
5.482047080993652
5.480046033859253
5.513075828552246
5.5401012897491455
5.51507830619812
5.432001352310181
5.545105695724487
5.509071350097656
5.471036434173584
5.474040746688843
5.537097692489624
5.57813572883606
5.4520204067230225
5.444012403488159
5.641193866729736
5.559117794036865
5.508070707321167
5.526086807250977
5.49505877494812
5.610165357589722
5.823362112045288
5.512074947357178
5.421992778778076
5.516078948974609
5.498062372207642
5.414987087249756
5.451018571853638
5.6171715259552
5.387960910797119
5.337915658950806
5.44301176071167
5.459026575088501
5.4740400314331055
5.459027528762817
5.446014881134033
5.57313084602356
5.4079790115356445
5.502065658569336
5.31889796257019
5.458025932312012
5.463029384613037
5.503066778182983
5.530091047286987
5.882416725158691
5.391964435577393
5.48603892326355
5.878406047821045
5.3879475593566895
5.466017723083496
5.497046709060669
5.405963182449341
5.468020677566528
5.384943246841431
5.423979043960571
5.422979831695557
5.27584433555603
5.481031894683838
5.376936912536621
5.504052639007568
5.502050876617432
5.4620137214660645
5.673209190368652
5.678215742111206
5.2688374519348145
5.4299843311309814
5.494044065475464
5.578120946884155
5.599140644073486
5.575118064880371
5.683218240737915
5.649186611175537
5.307872772216797
5.387946844100952
5.514060974121094
5.511059045791626
5.684218168258667
5.684217214584351
5.600141763687134
5.357919692993164
5.3729331493377686
5.661196947097778
5.674208879470825
5.585128307342529
5.6922266483306885
5.543089151382446
5.282850742340088
5.358919382095337
5.631170034408569
5.589131116867065
5.729260206222534
5.62516450881958
5.29886531829834
5.398957014083862
5.439993858337402
5.622161388397217
5.323888063430786
5.369930267333984
5.613153457641602
5.6902241706848145
5.576119422912598
5.581840515136719
5.310876369476318
5.440995693206787
5.6982316970825195
5.665201902389526
5.593135118484497
5.791316747665405
5.454000234603882
5.391951322555542
5.497045993804932
5.4870383739471436
5.465017318725586
5.4409942626953125
5.692225456237793
5.824355125427246
5.39695405960083
5.601142644882202
5.375936031341553
5.487035274505615
5.6341729164123535
5.598139762878418
5.686220407485962
5.703235626220703
5.315879821777344
5.4399943351745605
5.582125186920166
5.813337802886963
5.683218240737915
5.651187896728516
5.2768449783325195
5.3919501304626465
5.534080505371094
5.6241631507873535
5.405962705612183
5.368930339813232
5.527074098587036
5.726257085800171
5.559103727340698
5.255823135375977
5.439993619918823
5.556100368499756
5.644181489944458
5.676211357116699
5.702244997024536
5.3258888721466064
5.452004909515381
5.605146169662476
5.626165151596069
5.616156578063965
5.678212642669678
5.3999574184417725
5.3909502029418945
5.676211595535278
5.589131116867065
5.6531898975372314
5.6001410484313965
5.4900407791137695
5.461014270782471
5.687221527099609
5.651187181472778
5.601140975952148
5.308874607086182
5.474024772644043
5.404961109161377
5.279847145080566
5.357918739318848
5.452004432678223
5.409966230392456
5.42197847366333
5.512060642242432
5.671208143234253
5.435990810394287
5.62616491317749
5.738267660140991
5.522069454193115
5.8073413372039795
5.99550461769104
5.787312746047974
6.152657508850098
5.859378337860107
5.9464685916900635
5.864393472671509
5.803328275680542
5.655190944671631
5.6471850872039795
5.551095247268677
5.546092510223389
5.667203187942505
5.770306825637817
5.768295049667358
5.621160507202148
5.634171724319458
5.671205997467041
5.683217287063599
5.706239700317383
5.601142168045044
5.531078338623047
5.699231386184692
5.656193256378174
5.717069149017334
5.553097724914551
5.716248035430908
5.675211191177368
5.672207355499268
5.756284475326538
5.80633020401001
5.617156982421875
5.6511876583099365
5.828359603881836
5.753282070159912
5.683217525482178
5.774292230606079
5.572104215621948
5.754270076751709
5.789302825927734
5.706226348876953
5.656180381774902
5.605134963989258
5.7802956104278564
5.4830238819122314
5.687209844589233
5.646172523498535
5.685208320617676
5.694215774536133
5.6291563510894775
5.646172523498535
5.713234186172485
5.624151706695557
5.920433282852173
5.755272150039673
5.9544548988342285
5.62415075302124
5.712233543395996
5.75527286529541
5.470010757446289
5.324877977371216
5.933436393737793
5.62715482711792
5.715234994888306
5.6551806926727295
5.631157875061035
5.5981285572052
5.618147611618042
5.977475881576538
5.354904890060425
6.022517442703247
5.721240520477295
5.669193506240845
5.9524617195129395
5.380928993225098
6.084574222564697
5.663187503814697
5.728247880935669
5.760277271270752
5.747265100479126
5.608136892318726
5.838348627090454
5.838348865509033
6.048540115356445
5.714234352111816
5.651177167892456
5.999495983123779
5.839349031448364
6.001498699188232
5.633160591125488
5.602132320404053
5.962471961975098
5.818329334259033
5.941452741622925
5.69421648979187
5.754271745681763
5.8743815422058105
5.83134126663208
5.913416862487793
5.7332518100738525
5.629156589508057
5.6151442527771
5.850359201431274
5.7832982540130615
6.118604421615601
5.718237638473511
5.687210321426392
5.788302659988403
5.75126838684082
6.097594976425171
5.680203199386597
5.661186218261719
5.610138416290283
5.801314115524292
5.381929874420166
5.580112457275391
5.490028142929077
5.597127914428711
5.403951644897461
5.988495349884033
5.331883668899536
5.515053033828735
5.2037672996521
5.488026857376099
5.287843704223633
5.794308185577393
5.322875738143921
5.4720118045806885
5.650174856185913
5.605366945266724
5.184749126434326
5.793307542800903
5.612140893936157
5.822333097457886
5.483023405075073
5.523061037063599
5.643168926239014
5.620148181915283
5.802315950393677
5.487027645111084
5.594125270843506
5.654179573059082
5.714234352111816
5.761277437210083
5.574106454849243
5.6061365604400635
5.797311305999756
5.694216012954712
5.816328287124634
5.507045269012451
5.523059368133545
5.647173166275024
5.618146657943726
6.367023944854736
6.026179313659668
5.9084930419921875
5.655180215835571
5.884390830993652
5.7732884883880615
5.8013153076171875
5.589119911193848
5.571104526519775
5.7762908935546875
5.640166997909546
5.812323570251465
5.523059844970703
5.592122554779053
6.099588632583618
5.7062273025512695
5.6511759757995605
5.6471734046936035
5.7702860832214355
5.610140085220337
5.767284870147705
5.652178049087524
5.4840240478515625
5.770285367965698
5.672196626663208
5.66018533706665
5.551085948944092
5.401949644088745
5.820332050323486
5.783297538757324
5.726245403289795
5.601131200790405
5.957458019256592
5.590121507644653
5.535070896148682
5.747265577316284
5.632159471511841
5.645169973373413
5.514051198959351
5.535069942474365
5.695217132568359
5.67820143699646
5.634161472320557
5.471011638641357
5.667191028594971
5.583115577697754
5.6341564655303955
5.786292552947998
5.794300079345703
5.6291491985321045
5.572096347808838
5.430966854095459
5.811316728591919
5.555081844329834
5.5430707931518555
5.728240013122559
5.652169704437256
5.5440709590911865
5.4800121784210205
5.463998317718506
5.743252992630005
5.545071601867676
5.574098825454712
5.403943777084351
5.568093776702881
5.68820333480835
5.689203977584839
5.742253541946411
5.458993196487427
5.624145746231079
5.701215744018555
5.719232797622681
5.726238250732422
5.516046047210693
5.490023136138916
5.824326515197754
5.710223436355591
5.715226888656616
5.503035306930542
5.513042449951172
5.554082155227661
5.621141672134399
5.649168014526367
5.732243061065674
5.472005844116211
5.549076795578003
5.649166584014893
5.889387369155884
5.5530805587768555
5.570095539093018
5.679194927215576
5.697211027145386
5.743253946304321
5.451988220214844
5.658174991607666
5.476009845733643
5.730241060256958
5.5891125202178955
5.727238893508911
5.579103946685791
5.6972129344940186
5.588112831115723
5.673190116882324
5.246798515319824
5.1507110595703125
5.69821310043335
5.7172300815582275
5.681196928024292
5.6311516761779785
5.769278049468994
5.7302422523498535
5.655174970626831
5.6952104568481445
5.801307201385498
5.48601770401001
5.557083606719971
5.594116926193237
5.552079439163208
5.679195165634155
5.540069341659546
5.68319845199585
5.516045093536377
5.5700953006744385
5.626147270202637
5.727239370346069
5.514044523239136
5.642161846160889
5.654172420501709
5.794299840927124
5.622142791748047
5.647166013717651
5.627147197723389
5.581103801727295
5.563089609146118
5.572098016738892
5.735245943069458
5.691206455230713
5.7592668533325195
5.4940268993377686
5.462996959686279
5.508040189743042
5.482014894485474
5.5530784130096436
5.540068626403809
5.705219268798828
5.942437648773193
5.9454381465911865
6.089571237564087
5.588112115859985
5.5841076374053955
5.6962103843688965
5.671188831329346
5.69520902633667
6.087568283081055
5.475008726119995
5.545072793960571
5.511041879653931
5.452988386154175
5.530059099197388
5.4960267543792725
5.451986789703369
5.664181709289551
5.544071674346924
5.963454961776733
5.8466784954071045
5.877170562744141
5.95725154876709
6.041002511978149
5.877094745635986
5.977469444274902
