Timing log for each step:
0.01501321792602539
10.240547180175781
10.383023977279663
10.374414682388306
10.25707721710205
10.281297206878662
10.347124099731445
10.343716621398926
10.337038040161133
10.407824039459229
10.431739330291748
10.431568384170532
10.290993690490723
10.54423451423645
10.451145648956299
10.411733150482178
10.279186248779297
10.280266761779785
9.71496319770813
10.437035083770752
10.39334774017334
9.84654450416565
9.970552682876587
9.928139686584473
9.77920126914978
9.677627086639404
9.963306427001953
9.975625038146973
9.941511154174805
9.955762147903442
9.790887594223022
9.875895977020264
9.968316793441772
9.880776405334473
9.72635531425476
9.754270076751709
9.166648626327515
9.176637887954712
9.173495769500732
9.292107582092285
9.042640686035156
9.094329118728638
9.110312938690186
9.087145566940308
9.160756826400757
9.78477144241333
10.014384746551514
9.901037216186523
9.872246503829956
9.972007513046265
9.825205326080322
9.777911186218262
10.197054147720337
9.89728331565857
9.891146421432495
9.829437255859375
10.497904062271118
10.398040533065796
10.21178126335144
9.166854619979858
9.264625072479248
9.225760221481323
9.305548429489136
9.160507440567017
9.414760828018188
9.222816228866577
9.165782690048218
9.305837154388428
9.421011209487915
9.2985520362854
9.264220476150513
9.069889307022095
9.146377325057983
9.256557703018188
10.5784010887146
9.860872983932495
10.672188997268677
10.672169923782349
10.633907556533813
10.544979810714722
10.679993629455566
9.563371181488037
10.361742496490479
10.673822164535522
10.77196192741394
10.701520681381226
9.955194234848022
10.636440992355347
10.693676233291626
10.685556173324585
10.556300640106201
10.670997381210327
10.648404598236084
10.668616533279419
10.821505546569824
10.578356266021729
10.626180410385132
10.716096639633179
10.616641998291016
10.4927396774292
10.569699764251709
10.677753210067749
10.617068529129028
10.601660966873169
12.127491474151611
