Timing log for each step:
0.011008739471435547
5.995555400848389
6.012065410614014
5.7841103076934814
5.919079065322876
5.888284683227539
5.899233102798462
5.857236862182617
5.9407923221588135
6.001053094863892
5.903338193893433
5.7070183753967285
5.844389200210571
5.969472169876099
5.893312931060791
5.892455577850342
5.849654912948608
5.896620750427246
5.939614295959473
5.864857912063599
5.995779752731323
6.0004332065582275
6.125966310501099
5.992392063140869
5.882486581802368
6.012500286102295
5.985499382019043
6.049865245819092
6.096747159957886
6.152682542800903
6.095939636230469
5.95827579498291
5.963315963745117
5.985594034194946
6.013669729232788
5.959651947021484
5.911035060882568
6.041269063949585
6.020321846008301
5.941747188568115
5.995682239532471
5.941277027130127
5.813997268676758
5.770418167114258
5.809864044189453
5.884485960006714
5.900304079055786
5.938241243362427
6.049760341644287
5.946427822113037
5.865342140197754
5.907648086547852
5.941049575805664
5.938794851303101
5.917500257492065
5.972158193588257
6.012856960296631
5.9812798500061035
5.945321083068848
5.984501838684082
6.155810117721558
6.201073169708252
5.973379135131836
5.996456146240234
6.006643772125244
6.020834445953369
5.9541778564453125
5.951036691665649
5.965236663818359
6.036280393600464
6.029676198959351
5.985498428344727
6.034190654754639
5.97836709022522
5.9256227016448975
5.9192955493927
6.292637825012207
5.9380059242248535
5.932706832885742
5.945943593978882
5.988474607467651
5.982803821563721
6.028573751449585
5.978032827377319
5.967179298400879
6.076879024505615
5.9989173412323
6.0005202293396
6.000425100326538
5.993882417678833
5.946511745452881
5.961005449295044
6.02131724357605
6.013307332992554
6.024521112442017
5.95881462097168
5.909341812133789
6.0091869831085205
6.035139083862305
6.086386203765869
6.014281749725342
6.150990962982178
6.057262420654297
5.876690149307251
5.959083557128906
5.886528491973877
5.957806348800659
5.905101537704468
5.941423416137695
6.003095865249634
5.946193695068359
6.157340049743652
6.412147045135498
6.356301784515381
6.5262815952301025
6.829943418502808
6.841474771499634
6.820985794067383
6.505319595336914
6.928957939147949
6.9534993171691895
6.632812738418579
6.008234262466431
6.048176288604736
5.969531774520874
7.817410707473755
6.440183639526367
6.0762434005737305
6.00084662437439
5.559551954269409
5.961200475692749
6.840815305709839
5.4739768505096436
5.464967966079712
5.52902626991272
5.569063901901245
5.512012243270874
5.4459521770477295
5.549044370651245
5.492994546890259
5.538035154342651
5.474978923797607
5.508008718490601
5.525022745132446
5.55505108833313
5.4879889488220215
5.529026746749878
5.5060060024261475
5.575068235397339
5.503003120422363
5.4742066860198975
5.491333961486816
5.475430011749268
5.467971563339233
5.482985734939575
5.610100507736206
5.405916213989258
5.4469523429870605
5.537033557891846
5.501001834869385
5.477980613708496
5.475979328155518
5.451956510543823
5.488991022109985
5.477980375289917
5.503003835678101
5.4319376945495605
5.459964275360107
5.716188669204712
5.6951069831848145
5.510009050369263
5.6261146068573
5.421929359436035
5.486988306045532
5.529027700424194
5.4831764698028564
5.45550012588501
5.5500452518463135
5.598089694976807
5.603094100952148
5.53403115272522
5.558050870895386
5.476979732513428
5.48698878288269
5.4419472217559814
5.389902353286743
5.534031629562378
5.5010011196136475
5.449955463409424
5.490992546081543
5.488992214202881
5.383898735046387
5.488991022109985
5.477981328964233
5.398909330368042
5.501001358032227
5.466969966888428
5.488708257675171
5.4369425773620605
5.481984376907349
5.4889914989471436
5.389900207519531
5.401911973953247
5.471975326538086
5.422930955886841
5.44294810295105
5.435943126678467
5.460965394973755
5.474979400634766
5.47097373008728
5.574068307876587
5.442793369293213
5.500000715255737
5.468972206115723
5.505004405975342
5.448955059051514
5.470408916473389
5.497999429702759
5.547043561935425
5.481983423233032
5.425934314727783
5.412921667098999
5.486988306045532
5.461966276168823
5.4629669189453125
5.466969966888428
5.434941053390503
5.3939049243927
5.537611246109009
5.504807710647583
5.476980447769165
5.469972610473633
5.530028343200684
5.459965467453003
5.501001596450806
5.515013694763184
5.696471214294434
6.081029176712036
6.001076936721802
5.882935523986816
5.956353425979614
6.006718158721924
5.908682584762573
5.834997653961182
5.949209451675415
5.909946918487549
5.956291198730469
5.912810564041138
5.986839532852173
5.808053016662598
5.799032926559448
5.803379058837891
5.834724426269531
5.8453688621521
5.940073251724243
5.964942693710327
6.037827968597412
6.077582359313965
5.93526816368103
5.938072204589844
6.028060674667358
6.016436815261841
5.934925556182861
6.006388902664185
5.972958564758301
5.915735244750977
5.9736340045928955
5.961167335510254
6.015239238739014
5.8664710521698
5.8897857666015625
5.893834352493286
6.011597633361816
5.957156181335449
5.867501735687256
6.102805852890015
5.946397542953491
6.013744115829468
5.955005168914795
5.8955397605896
5.980467796325684
5.919640779495239
5.916834115982056
5.9580559730529785
5.928699970245361
5.859786033630371
6.041590690612793
5.977232456207275
5.953431129455566
5.925379753112793
5.908267974853516
6.008335590362549
5.968749761581421
5.9277074337005615
5.881407260894775
5.888823986053467
5.975160598754883
5.855731725692749
5.871600389480591
5.8752195835113525
5.8572869300842285
6.011492967605591
5.981384515762329
5.852153301239014
5.934650659561157
5.993367433547974
6.019137382507324
6.042339563369751
5.999420166015625
5.942874431610107
6.013464689254761
5.812986373901367
5.833142518997192
5.896038293838501
5.816013336181641
5.925903081893921
5.867043495178223
5.794194936752319
5.977923154830933
5.945728778839111
5.880353212356567
5.977225303649902
6.013331174850464
5.979888439178467
5.968930721282959
6.413984298706055
6.575979232788086
5.858326196670532
5.665150880813599
5.49199366569519
5.453958988189697
5.5170159339904785
5.494995832443237
5.446951866149902
5.474976539611816
5.497998952865601
5.467972755432129
5.473977565765381
5.412921190261841
5.514012813568115
5.479982614517212
5.432939767837524
5.49099326133728
5.438944578170776
5.470973968505859
5.513012647628784
5.512012243270874
5.504005670547485
5.512011289596558
5.414923429489136
5.462639093399048
5.448955535888672
5.474977731704712
5.43894624710083
5.532030344009399
5.505005836486816
5.4739768505096436
5.409919261932373
5.436943054199219
5.441948413848877
5.479982614517212
5.488991737365723
5.450956344604492
5.48498797416687
5.501001834869385
5.434941291809082
5.429035902023315
5.519983291625977
5.4619667530059814
5.436944007873535
5.466970920562744
5.444950580596924
5.405914783477783
5.354867935180664
5.346860647201538
5.455959796905518
5.318835735321045
5.421929359436035
5.238763332366943
5.567061424255371
5.3878984451293945
5.404914617538452
5.371883153915405
5.454958915710449
5.324841260910034
5.481985807418823
5.508008241653442
5.509007215499878
5.373886585235596
5.425932884216309
5.554049968719482
5.9000937938690186
5.830923795700073
5.974170446395874
5.929258346557617
6.304685354232788
6.090199947357178
6.193344354629517
6.079617500305176
5.8130106925964355
5.967652082443237
6.015279293060303
5.848260402679443
5.918237924575806
5.9228410720825195
5.92568564414978
6.064719915390015
5.9749579429626465
5.844481945037842
5.982889175415039
6.0129382610321045
5.890374422073364
5.93746018409729
6.030104398727417
5.9180967807769775
5.94661808013916
5.975439071655273
5.91140079498291
5.780954122543335
5.67924952507019
5.9250428676605225
6.026532888412476
5.949187994003296
5.945716142654419
5.913105726242065
5.86352276802063
5.8055808544158936
5.982255220413208
5.902313470840454
5.7864179611206055
5.818658828735352
5.955432653427124
5.8222129344940186
5.843157052993774
5.8907790184021
5.849835395812988
6.495056867599487
5.8669116497039795
5.893565654754639
5.901566028594971
5.830925941467285
5.835944890975952
5.818280220031738
5.895103454589844
5.793207168579102
5.783664703369141
5.859016180038452
5.891002655029297
5.9822447299957275
5.953487396240234
5.933805465698242
5.979576110839844
5.887877702713013
5.923671007156372
5.940286636352539
5.803305625915527
5.795075416564941
5.822322368621826
5.8945183753967285
5.803455829620361
5.844670534133911
5.810582876205444
5.889783620834351
5.941380023956299
5.8964996337890625
5.861422538757324
5.875603437423706
5.887001991271973
6.187061071395874
6.244723320007324
6.000245094299316
5.848909139633179
5.926325559616089
5.821334600448608
5.880196571350098
5.989594221115112
5.860220193862915
5.94248104095459
5.859992504119873
5.908296585083008
5.879303455352783
5.786832809448242
5.821766138076782
5.865159749984741
5.904855012893677
5.8916003704071045
5.920917272567749
5.831765651702881
5.927918910980225
5.911998510360718
5.881979942321777
6.395409345626831
6.326749563217163
6.291730642318726
6.06558084487915
5.910903692245483
5.870677471160889
5.9690327644348145
5.895495653152466
5.84517240524292
5.964942455291748
5.859183311462402
5.795218467712402
5.878483533859253
5.861416339874268
5.903022050857544
5.910660266876221
5.857526540756226
5.941995143890381
5.87196159362793
5.875840425491333
6.004228115081787
5.89674186706543
5.931261301040649
5.9034388065338135
5.960449934005737
5.808721303939819
5.8428637981414795
5.812893629074097
5.871820449829102
5.936438798904419
5.954652786254883
5.85551905632019
5.987989187240601
5.88605809211731
5.8301544189453125
5.9106292724609375
6.330651760101318
5.862511396408081
6.021496295928955
5.939501047134399
6.1214964389801025
5.913552761077881
5.904124736785889
5.8941428661346436
5.863247871398926
5.746474742889404
5.8462302684783936
5.835010766983032
5.849060297012329
5.841500997543335
5.923933744430542
5.952498912811279
5.874998092651367
5.747847080230713
5.821583986282349
5.796656847000122
5.811985492706299
5.89849591255188
5.820964574813843
5.816011905670166
5.803271770477295
5.749084949493408
5.805124998092651
5.829931974411011
5.697756052017212
6.2964348793029785
5.786765098571777
5.749754190444946
5.744558572769165
5.6897101402282715
5.7609007358551025
5.789768934249878
5.780370712280273
5.79609751701355
5.758155107498169
5.715475797653198
5.752594947814941
5.858395576477051
5.7450642585754395
5.757391691207886
5.843853712081909
5.797299861907959
5.765521049499512
5.713743448257446
5.737103700637817
5.721220254898071
5.739768981933594
5.781350135803223
5.73970365524292
5.824446678161621
5.685189247131348
5.705938100814819
5.7609474658966064
5.761327743530273
5.724370956420898
5.735469579696655
5.737243890762329
5.750037670135498
5.790460824966431
5.758939266204834
5.71828031539917
5.757928848266602
5.747325658798218
5.838709115982056
5.859730005264282
5.7671825885772705
5.671252965927124
5.759211778640747
5.681741714477539
5.6881020069122314
5.725633382797241
5.775528907775879
5.755547523498535
5.879390478134155
5.7878241539001465
5.86153769493103
5.812749147415161
5.741835117340088
5.6839399337768555
5.744711399078369
5.664041996002197
5.444950342178345
5.4569618701934814
5.531029939651489
5.437945127487183
5.371885299682617
5.427934646606445
5.41692590713501
5.434940576553345
5.366883993148804
5.390901327133179
5.342857837677002
5.477980852127075
5.44995379447937
5.393903732299805
5.375888824462891
5.440946578979492
5.368881702423096
5.34485936164856
5.4099180698394775
5.4219300746917725
5.53803563117981
5.482984781265259
5.33084774017334
5.292812347412109
5.408917188644409
5.438944101333618
5.356869220733643
5.406916379928589
5.48598837852478
5.627859115600586
5.814533948898315
5.762470245361328
5.727381944656372
5.702247381210327
5.766849756240845
5.762017250061035
5.92020845413208
5.5920844078063965
5.45896315574646
5.666152238845825
5.507007837295532
6.34376859664917
6.061539649963379
6.39668345451355
6.534719467163086
6.380413770675659
6.45427131652832
5.936889886856079
5.680539846420288
5.923766851425171
5.738260746002197
5.7316083908081055
5.771263360977173
5.68724513053894
5.723559856414795
5.772273302078247
5.705556154251099
5.874558210372925
5.720564603805542
5.804386615753174
5.775940179824829
5.7920873165130615
5.709637880325317
5.727436065673828
5.758000612258911
5.769569396972656
5.730123996734619
5.762502193450928
5.961932897567749
5.921274423599243
5.752310276031494
5.835186958312988
5.762871980667114
5.783557891845703
5.781152009963989
5.725895404815674
5.7854554653167725
5.810517311096191
5.751041412353516
5.756964683532715
5.76790189743042
5.741174221038818
5.728437900543213
5.849031209945679
5.750040531158447
5.7964489459991455
5.927226305007935
5.84275484085083
5.751770257949829
5.816811561584473
5.766278028488159
5.733618497848511
5.81095290184021
5.734647035598755
5.819491147994995
5.84786581993103
5.805657625198364
6.283229351043701
6.1537926197052
5.776304721832275
5.74650764465332
5.847177982330322
6.148019075393677
6.205138683319092
6.291874647140503
5.736043214797974
5.784358978271484
6.264690160751343
5.876140832901001
5.81879186630249
6.13092565536499
5.791555404663086
5.725768804550171
5.762984275817871
5.778193950653076
5.871567726135254
5.797273635864258
5.776991605758667
5.74866795539856
5.923769235610962
6.606534004211426
6.96754264831543
6.324750661849976
5.5440404415130615
5.581405162811279
5.695837497711182
5.538034915924072
5.739219427108765
5.714195966720581
6.421838760375977
6.722112655639648
5.901366233825684
5.607098340988159
5.793952703475952
5.535032749176025
5.748226881027222
5.6591455936431885
5.45896315574646
5.716197729110718
5.484987258911133
5.495997905731201
5.956031084060669
5.93362283706665
5.736637830734253
5.803619384765625
5.765890121459961
5.69109582901001
5.773218631744385
5.713392734527588
5.870101451873779
6.129809141159058
5.928344011306763
5.890959978103638
5.911411762237549
5.8594810962677
5.937258720397949
5.692209959030151
5.6934332847595215
5.89486837387085
5.799026012420654
5.813783168792725
5.84074330329895
5.857779026031494
5.829344987869263
5.849468231201172
5.781589031219482
5.81570029258728
5.89652419090271
5.739957809448242
5.86874532699585
5.753006935119629
5.818212032318115
5.803419351577759
5.782185077667236
5.880503177642822
5.888563632965088
5.948590517044067
6.006719589233398
5.931878566741943
5.798051357269287
5.730572700500488
5.727411270141602
5.778613090515137
5.812886953353882
5.8543455600738525
5.808361291885376
5.739284992218018
5.796607494354248
5.840774059295654
5.757143497467041
5.825996160507202
5.816129684448242
5.89060378074646
5.790873765945435
5.830110788345337
5.776615142822266
5.837174415588379
5.826717853546143
5.69159722328186
5.767655849456787
5.774730205535889
5.7631261348724365
5.751989364624023
6.045847415924072
5.788236618041992
5.7644922733306885
5.755395412445068
5.76592493057251
5.800522804260254
5.774022817611694
5.904948472976685
5.796741724014282
5.789330720901489
5.8918681144714355
5.820523500442505
5.8003387451171875
5.799655199050903
5.838258981704712
5.854907512664795
5.763977527618408
5.786813020706177
5.873070955276489
5.8176491260528564
5.747182369232178
5.893985271453857
5.902249336242676
6.070337533950806
5.852649450302124
5.8090980052948
5.9190874099731445
5.785732984542847
5.934575796127319
5.753809928894043
6.288781642913818
6.172121286392212
5.811890602111816
5.6273839473724365
6.099480390548706
5.977096080780029
5.973888397216797
5.971175670623779
5.907718896865845
5.921330451965332
5.924604892730713
5.917382717132568
5.8600263595581055
5.911665916442871
6.0022242069244385
5.903024196624756
5.885181188583374
5.90346884727478
5.922971248626709
5.9319305419921875
5.92630410194397
5.949531078338623
5.83512806892395
5.865707874298096
5.933899402618408
5.9353814125061035
5.979325771331787
5.945065975189209
5.979970455169678
5.936414480209351
5.946211814880371
5.953387260437012
5.91987681388855
5.882835626602173
5.834432363510132
5.944459915161133
5.905349016189575
5.927753686904907
5.8864545822143555
5.913725852966309
6.108547210693359
5.9691503047943115
6.407696008682251
6.799198150634766
6.409348964691162
5.901108264923096
5.959593772888184
5.946953058242798
5.897592067718506
5.8876566886901855
5.870599985122681
5.923900365829468
6.247800350189209
6.005149602890015
5.987037897109985
5.888890027999878
5.963780641555786
6.770486831665039
6.147408723831177
6.449448347091675
6.51092004776001
7.05654764175415
6.851366281509399
6.180619239807129
6.213139533996582
5.845718145370483
5.769629716873169
5.752032518386841
5.816232681274414
5.908451318740845
6.050152778625488
5.684677362442017
5.77344536781311
5.712522745132446
5.77496600151062
5.719907999038696
5.80233907699585
5.747493743896484
5.773571014404297
5.7913994789123535
5.783510684967041
5.725592613220215
5.727774381637573
5.807252645492554
5.7418177127838135
5.782260894775391
5.755818128585815
5.77946138381958
5.7530739307403564
5.782261610031128
5.838951349258423
5.729168653488159
5.736196756362915
5.797760725021362
5.7858428955078125
5.771192789077759
5.740251541137695
5.718982696533203
5.799673557281494
5.814816236495972
5.772664308547974
5.82547402381897
5.749812841415405
5.735719442367554
5.726398706436157
5.822752952575684
5.918670892715454
5.861421585083008
5.8085856437683105
5.791727781295776
5.75462007522583
5.789480209350586
5.716992139816284
5.811872720718384
5.762305498123169
5.725318908691406
5.734208822250366
5.723408460617065
5.787757396697998
5.810297250747681
5.794335603713989
5.761342525482178
5.787304639816284
5.799569606781006
5.770155429840088
5.758628845214844
5.811962127685547
5.7356345653533936
5.753615617752075
5.764857292175293
5.740224838256836
5.77220606803894
5.726767539978027
5.707140922546387
5.769792079925537
5.788101673126221
5.767248153686523
5.7870869636535645
5.82210111618042
5.761657953262329
5.752001762390137
5.752612590789795
5.792860746383667
5.738331317901611
5.736051082611084
5.792927265167236
5.980022192001343
5.926081418991089
6.442819356918335
6.112989902496338
6.026142597198486
5.87878680229187
5.943406105041504
5.965516090393066
5.974756240844727
6.103578567504883
6.026724100112915
6.125766038894653
6.1224329471588135
5.949093818664551
5.99332594871521
5.8783416748046875
6.159830570220947
5.830143928527832
5.8485918045043945
5.810234785079956
5.791937589645386
5.824941635131836
5.868167877197266
5.791222333908081
5.856548547744751
5.965762615203857
6.014725923538208
6.810064077377319
6.0541090965271
5.983181476593018
6.089104652404785
6.458877801895142
6.3908774852752686
6.385537385940552
6.260780334472656
6.192483425140381
6.220404624938965
6.224899530410767
6.157382488250732
6.21592116355896
6.218873500823975
6.196564674377441
6.304693222045898
6.208667278289795
6.174952268600464
6.153779983520508
6.18305230140686
6.446491718292236
6.58353328704834
6.399445533752441
6.317099571228027
6.336376667022705
6.677334547042847
6.315054655075073
6.320663213729858
6.348288059234619
6.029735088348389
6.372334003448486
6.00633692741394
6.636539936065674
6.769823312759399
6.316652059555054
6.446611642837524
5.943822383880615
5.933796405792236
5.934266805648804
6.380263805389404
6.813434362411499
6.392753601074219
6.467633247375488
6.403268098831177
6.387375116348267
5.969472885131836
6.013259410858154
5.926990509033203
6.050371885299683
6.314080476760864
6.439647436141968
6.393466472625732
6.59355354309082
6.59836220741272
6.145629644393921
5.937056541442871
6.063887119293213
5.947560787200928
6.287649154663086
6.328444957733154
6.437089204788208
6.339561223983765
6.366781949996948
6.058272123336792
6.23975396156311
6.2041685581207275
6.074235439300537
6.601215839385986
6.413752794265747
6.4281957149505615
6.493072986602783
6.439449787139893
6.387336730957031
6.050199508666992
5.850374460220337
5.8546411991119385
6.016904592514038
6.382699728012085
6.393547773361206
6.382455825805664
6.318416357040405
6.431254148483276
6.069064617156982
6.054301977157593
6.012261867523193
6.473237991333008
6.316656112670898
6.50364089012146
6.435035467147827
6.201594829559326
6.396033048629761
6.009973764419556
6.090994596481323
6.428579330444336
6.2839696407318115
6.38301944732666
6.1296141147613525
6.456181764602661
5.933108568191528
6.024282693862915
6.128702402114868
5.916701555252075
6.054736137390137
6.0921595096588135
5.982129812240601
6.067334890365601
6.0191075801849365
5.974045276641846
6.064899206161499
6.233299255371094
6.026669263839722
5.95203971862793
6.072957992553711
6.077970504760742
6.030184268951416
5.95396876335144
6.064628839492798
6.231905698776245
6.095593452453613
6.057650804519653
5.959945917129517
6.150388479232788
6.018767356872559
5.9989588260650635
6.297698736190796
6.288401365280151
5.9659035205841064
6.037176609039307
6.029454946517944
5.961809873580933
6.195759534835815
6.082060813903809
6.135701417922974
5.891966819763184
6.0432515144348145
6.002124786376953
6.05207085609436
6.1248390674591064
6.199173212051392
6.211359739303589
6.361125946044922
5.9852399826049805
6.023547887802124
5.986212253570557
5.9543585777282715
6.0650763511657715
5.932268381118774
6.051146507263184
6.03089714050293
6.003366470336914
6.013956546783447
5.953149080276489
5.938935279846191
5.943297386169434
5.933398723602295
6.018250226974487
6.403992414474487
6.036725997924805
5.931756496429443
6.008615970611572
5.997533321380615
5.913442134857178
5.9707207679748535
6.06304931640625
6.0706627368927
5.908626317977905
6.311980724334717
6.420330286026001
6.073306083679199
6.083134889602661
6.068328619003296
6.104226112365723
6.06024169921875
6.065464496612549
6.098767995834351
6.026695489883423
6.237483263015747
6.198111295700073
6.189367771148682
6.164753675460815
6.073403835296631
6.055827379226685
6.107872724533081
6.109286785125732
6.126821041107178
6.064919710159302
6.071017026901245
6.01996922492981
6.204870939254761
6.037977933883667
6.070533990859985
6.006589889526367
5.98283839225769
6.080172300338745
6.030653953552246
6.05647873878479
6.084836006164551
6.073761463165283
6.035285949707031
6.078640699386597
5.989858865737915
6.098055601119995
6.108766317367554
6.054173231124878
6.084113359451294
6.279640436172485
6.037351846694946
6.140105962753296
6.1997387409210205
6.145560264587402
5.820249557495117
5.652358293533325
6.360222578048706
6.2645604610443115
6.1766533851623535
6.147193431854248
6.17726469039917
6.205296993255615
5.65213942527771
5.616106033325195
5.607098579406738
5.52202033996582
5.593085527420044
5.501001596450806
5.68617057800293
5.5730671882629395
5.599092245101929
5.593085765838623
5.5900819301605225
5.590082883834839
5.599090099334717
5.560055255889893
6.039492130279541
5.615105152130127
5.511010408401489
5.612102508544922
5.584076642990112
5.551047086715698
5.54203724861145
5.553049087524414
5.60609769821167
5.613102436065674
5.60609769821167
5.570064306259155
5.531027555465698
5.62111234664917
5.626115798950195
5.716197729110718
5.588080883026123
5.724205255508423
5.984440326690674
5.510010242462158
5.591083288192749
5.5460429191589355
5.553048610687256
5.586077690124512
5.717198133468628
5.637124300003052
5.567062139511108
5.676160573959351
5.500000238418579
5.626114130020142
5.5680625438690186
5.60509729385376
5.545041561126709
5.612102746963501
5.807301998138428
5.51901912689209
5.55004620552063
5.474977254867554
5.561055660247803
5.6241137981414795
5.626114845275879
5.570065498352051
5.596087694168091
5.582074880599976
5.474978446960449
5.663149118423462
5.564059734344482
5.537034511566162
5.595086574554443
5.558050870895386
5.548044443130493
5.528026580810547
5.572065591812134
5.611101388931274
5.517014741897583
5.5580525398254395
5.7141969203948975
5.773249387741089
5.598090171813965
6.0344953536987305
5.683167219161987
5.507007598876953
5.641127109527588
5.668153762817383
5.576069355010986
5.579072952270508
5.632120847702026
5.5240232944488525
5.597089767456055
5.619108438491821
5.578070640563965
5.584077596664429
5.654140949249268
5.591084003448486
5.5680623054504395
5.540036201477051
5.571064710617065
5.650136709213257
5.672157526016235
5.65814471244812
5.585077285766602
5.668152570724487
5.641130208969116
5.495997428894043
5.5920844078063965
5.565059185028076
5.570064067840576
5.57807183265686
5.486989736557007
6.357282638549805
6.180314779281616
6.244685649871826
6.388010501861572
6.116454124450684
6.328243732452393
6.021265029907227
6.157233953475952
6.225773811340332
6.108224153518677
6.120157718658447
6.23384428024292
6.1046202182769775
6.091944932937622
6.110678195953369
6.069835662841797
6.05184268951416
6.072043180465698
6.051629304885864
6.192292213439941
6.071623802185059
6.08738899230957
6.080404281616211
6.269002437591553
6.124869108200073
6.034855604171753
6.2708868980407715
6.281742572784424
6.253362417221069
6.269661903381348
6.267744779586792
6.123185634613037
6.107727766036987
6.147803544998169
6.400887489318848
6.351053953170776
6.153568506240845
6.142277717590332
6.365075588226318
6.308550119400024
6.430112361907959
6.3458592891693115
6.153217077255249
6.11217474937439
6.351491928100586
6.3509345054626465
6.326780080795288
6.330707550048828
6.1607630252838135
6.2672529220581055
6.323449611663818
6.434735059738159
6.2999303340911865
6.3630921840667725
6.274403095245361
6.203836679458618
6.078489303588867
6.291200399398804
6.277644872665405
6.085209608078003
6.44022011756897
6.347955703735352
6.233193635940552
6.256821155548096
6.768932580947876
6.040858030319214
5.955693244934082
6.064119100570679
6.162118911743164
6.240552186965942
6.196542263031006
6.177253007888794
6.196485280990601
6.156791925430298
6.30724573135376
6.269051551818848
6.325143337249756
6.238674640655518
6.077280759811401
5.98585319519043
6.185015439987183
6.258739948272705
6.265290260314941
6.010879993438721
6.234750032424927
6.070334196090698
6.086590528488159
6.097461462020874
6.082669496536255
6.016121864318848
6.056622266769409
6.053862571716309
6.056291580200195
6.077133655548096
6.015340328216553
6.003684997558594
6.206892728805542
6.054724931716919
6.055091142654419
6.27673077583313
6.336946964263916
6.0128209590911865
6.087380886077881
6.072638034820557
6.076568841934204
6.166495084762573
6.146130323410034
6.1215660572052
6.171006679534912
6.169071912765503
6.225823402404785
6.044341325759888
6.080936670303345
6.121096611022949
6.262387990951538
6.11510968208313
5.8977577686309814
5.774250268936157
5.847314834594727
5.764242172241211
5.742220878601074
5.784258127212524
5.590083122253418
5.599091529846191
5.7292091846466064
5.7452232837677
5.743221759796143
5.811284065246582
5.7472264766693115
5.505006313323975
5.4889891147613525
5.732211351394653
5.788262128829956
5.778253555297852
5.746224403381348
5.569063901901245
5.578071355819702
5.745223045349121
5.758235931396484
5.747224569320679
5.769245147705078
5.773247957229614
5.664148807525635
5.5360331535339355
5.782256603240967
5.749227285385132
5.697179555892944
5.810282468795776
5.558053970336914
5.59608793258667
5.764240741729736
5.7292094230651855
5.759236097335815
5.82429575920105
5.88835334777832
5.636122465133667
5.6040940284729
5.814286947250366
6.004459381103516
5.752230405807495
5.73821759223938
5.56706166267395
5.678162336349487
5.762240886688232
5.73321270942688
5.799273252487183
5.823292970657349
6.305679082870483
6.133036375045776
6.520639419555664
6.417063474655151
6.3273797035217285
6.29146409034729
6.374616384506226
6.104851007461548
6.130391597747803
6.335270881652832
6.349918603897095
6.294630527496338
6.2735536098480225
6.232941389083862
6.059617519378662
6.174391031265259
6.1981141567230225
6.16529107093811
6.637112379074097
6.920563697814941
6.392931699752808
6.481038331985474
6.376847267150879
6.132293939590454
6.212579727172852
5.857650995254517
6.185057163238525
6.158273220062256
6.177272319793701
5.982334852218628
6.513368368148804
6.534489870071411
5.713767051696777
5.739490985870361
6.334238290786743
5.846359729766846
5.794589519500732
6.069074392318726
6.146029710769653
5.8143134117126465
5.95286226272583
6.051647663116455
6.5080039501190186
6.110406160354614
6.328144550323486
6.223928689956665
6.780667781829834
5.752740859985352
5.791333913803101
5.790245056152344
5.945516109466553
5.765994548797607
6.064673185348511
5.940907716751099
5.766029596328735
5.757198333740234
6.007856369018555
5.751162052154541
5.723155975341797
5.7262656688690186
5.7666966915130615
5.704908609390259
5.83359694480896
5.806936025619507
5.861251592636108
5.8405232429504395
5.748908996582031
6.123297214508057
6.182211399078369
5.877897024154663
5.806238889694214
5.778776168823242
5.775365591049194
5.774813413619995
5.695013761520386
5.863906383514404
5.780822277069092
6.446418762207031
6.589094877243042
6.575111389160156
6.419971466064453
5.772674083709717
5.8812854290008545
5.862740993499756
5.765370845794678
5.868594646453857
6.015438079833984
6.11153507232666
6.016219139099121
5.9320032596588135
5.793212890625
6.316797733306885
6.27472186088562
6.305143117904663
6.312324047088623
6.368066310882568
6.330517768859863
6.092458486557007
6.215529441833496
6.331161975860596
6.290158271789551
6.334170341491699
6.377043008804321
6.4344563484191895
6.282658338546753
6.313446521759033
6.4023802280426025
6.302920341491699
6.527066469192505
6.37169623374939
6.404845237731934
6.302217960357666
6.387965440750122
6.226345062255859
6.288517713546753
6.402591228485107
6.839890003204346
6.6532440185546875
6.708068132400513
6.432506084442139
6.507799863815308
6.325357437133789
6.382967948913574
6.368188858032227
6.384915828704834
6.4717936515808105
6.353045463562012
6.27617621421814
6.2800986766815186
6.317826271057129
6.366519212722778
6.318355321884155
6.336477518081665
6.28258752822876
6.327354192733765
6.3443779945373535
6.374541521072388
6.244957447052002
6.3144142627716064
6.321617364883423
6.3096604347229
6.299964189529419
6.319514513015747
6.253593683242798
6.335842132568359
6.273674726486206
6.223925590515137
6.271752834320068
6.267422676086426
6.2225425243377686
6.273478031158447
6.282533645629883
6.2462544441223145
6.264682292938232
6.260159492492676
6.30980920791626
6.677213668823242
6.666847229003906
6.3373095989227295
6.316107273101807
6.360251188278198
6.602836847305298
6.524754285812378
6.682130813598633
6.29975700378418
6.144527435302734
6.294446229934692
6.257239818572998
6.234065532684326
6.22613787651062
6.708261013031006
6.583420515060425
6.092323064804077
6.163299322128296
5.721618413925171
6.148252010345459
6.341716289520264
6.287539482116699
6.063059329986572
6.237008333206177
5.820619583129883
6.74720311164856
6.4504053592681885
6.898946046829224
6.640050172805786
6.456130504608154
6.3103578090667725
6.165480613708496
6.419158935546875
6.3664515018463135
6.348278999328613
6.1630401611328125
6.1898040771484375
5.89622163772583
5.848448753356934
6.381125211715698
6.313727617263794
6.193317413330078
6.258417129516602
6.212278366088867
6.209958553314209
6.211721181869507
6.162829637527466
6.488667011260986
6.574815988540649
6.552181243896484
6.944059610366821
6.702725410461426
6.277195930480957
6.344987869262695
6.892450332641602
6.388847589492798
6.285174369812012
6.085781812667847
6.115008592605591
6.316203594207764
6.26854681968689
6.315530776977539
6.298616886138916
6.056581258773804
6.031365633010864
6.261838912963867
6.2959582805633545
6.297755479812622
6.253418207168579
5.975577116012573
6.09534764289856
6.414137363433838
6.328083515167236
6.530691623687744
6.612720966339111
6.443644762039185
6.069599866867065
6.036678314208984
6.457068204879761
6.399501800537109
6.4059507846832275
6.133176565170288
6.3782713413238525
6.311516761779785
6.320343017578125
6.326051235198975
6.29738450050354
6.184920072555542
6.357672929763794
6.429450988769531
6.432627439498901
6.785448312759399
6.66141414642334
6.422105073928833
6.374346017837524
6.369495868682861
6.046672344207764
6.086091756820679
6.2724621295928955
6.338771104812622
6.2894439697265625
6.054107904434204
6.110524892807007
6.310516119003296
6.291651725769043
6.395357370376587
6.168255805969238
6.111371040344238
6.159546613693237
6.418574333190918
6.2632362842559814
6.42306661605835
6.70641016960144
6.084611177444458
6.084866046905518
6.384779691696167
6.265470743179321
6.320690155029297
6.100060224533081
6.044224262237549
6.614551067352295
6.2133917808532715
6.2563087940216064
5.956860780715942
6.035234451293945
6.217375993728638
6.251978397369385
6.334005832672119
6.383172035217285
6.058398962020874
6.156677961349487
6.390882253646851
6.3122076988220215
6.2736310958862305
6.0547308921813965
6.042946100234985
6.4054999351501465
6.452927589416504
6.280102014541626
6.048098087310791
6.406033277511597
6.2659924030303955
5.974298477172852
6.090893745422363
6.516741991043091
6.203982591629028
6.214830636978149
6.23211932182312
6.075307607650757
6.082212924957275
6.298219442367554
6.385653257369995
6.273759603500366
6.212662696838379
6.029255151748657
6.253967523574829
6.508989095687866
6.890076398849487
6.53829288482666
6.264508008956909
6.035614252090454
6.006231784820557
6.4506120681762695
6.3237464427948
6.31744384765625
6.071290969848633
6.100506067276001
6.371710777282715
6.299110412597656
6.289373397827148
6.328618049621582
6.562398672103882
6.12183141708374
6.020871877670288
6.488062620162964
6.861648082733154
6.336963415145874
6.080662727355957
6.094920635223389
6.443151950836182
6.851120233535767
6.373076915740967
6.152600288391113
6.082578659057617
6.548537254333496
6.935888290405273
6.317450523376465
6.10036301612854
6.207667827606201
6.638341188430786
6.8159425258636475
6.280961275100708
6.18785834312439
6.174702167510986
6.531782150268555
6.8484580516815186
6.3446044921875
6.195035219192505
6.10482382774353
6.115322589874268
6.184582948684692
6.326702356338501
6.330705642700195
6.2338972091674805
6.62990927696228
6.412649154663086
6.177882194519043
6.281076669692993
6.537424325942993
6.405950307846069
6.3893373012542725
6.1488356590271
6.299144268035889
6.511659383773804
6.50930380821228
6.503399133682251
6.20615816116333
6.23142671585083
6.530062437057495
6.602684020996094
6.6022961139678955
7.0383806228637695
7.253595352172852
7.191165447235107
7.181057929992676
7.022984504699707
6.863991022109985
6.5399463176727295
7.072429895401001
7.079905271530151
6.186235666275024
6.12769079208374
6.067516326904297
6.216652154922485
6.181619882583618
6.2166526317596436
6.16037917137146
5.884622573852539
6.291719913482666
6.402951717376709
6.024161338806152
6.017096757888794
5.854322671890259
6.774159908294678
6.3114776611328125
6.501660108566284
6.450992822647095
6.370813608169556
6.542649984359741
6.956497669219971
6.605321884155273
6.15524435043335
6.020693302154541
6.521226644515991
6.619548559188843
6.544142723083496
6.208428382873535
6.069660186767578
6.51865029335022
6.545144319534302
6.378678560256958
5.9663245677948
6.150267124176025
6.283439636230469
6.498904705047607
6.726111173629761
5.994020938873291
6.039085388183594
6.643040895462036
6.263830184936523
6.205132246017456
6.622612476348877
6.648406267166138
6.463403224945068
6.185069799423218
6.323312997817993
6.565503835678101
6.551948547363281
6.667872667312622
6.380842447280884
6.766563653945923
6.807209014892578
6.712219476699829
6.664670944213867
6.227862358093262
6.26410436630249
6.6347668170928955
6.62395715713501
6.685766220092773
6.200934886932373
6.278139352798462
6.555374383926392
6.652235269546509
6.646812200546265
6.184377193450928
6.298778533935547
6.964829921722412
6.571522951126099
6.607350826263428
6.177634000778198
6.1970953941345215
6.6166839599609375
6.688387155532837
6.632696628570557
6.179871559143066
6.1652233600616455
6.92518162727356
6.9798197746276855
6.62480354309082
6.179177284240723
6.1611387729644775
6.532225608825684
6.554614067077637
6.581655502319336
6.18242073059082
6.147167205810547
6.583117246627808
6.577177286148071
6.566878318786621
6.117169618606567
6.216038465499878
6.6156957149505615
6.7458696365356445
6.767334938049316
6.180998802185059
6.26924991607666
6.194240093231201
6.401435375213623
6.438719749450684
6.351943731307983
6.540940999984741
6.562496900558472
6.4171302318573
6.1352479457855225
6.138573169708252
6.565440893173218
6.547472238540649
6.529230117797852
6.196775913238525
6.217562675476074
6.645598411560059
6.837989330291748
6.700611591339111
6.21133279800415
6.260615825653076
6.570011377334595
7.162340402603149
6.71188497543335
6.327688694000244
6.388689279556274
6.225781679153442
6.179504156112671
6.404759883880615
6.566800594329834
6.391495943069458
6.173123836517334
6.1840660572052
6.433249235153198
6.625558137893677
6.464437007904053
6.463392972946167
6.518862009048462
6.721075534820557
6.85805082321167
6.471638917922974
6.8283140659332275
6.434363603591919
6.464891195297241
6.384222745895386
6.188445329666138
6.296521902084351
6.477852821350098
6.720069408416748
6.745512962341309
6.8050477504730225
6.423990249633789
6.397364854812622
6.365830898284912
6.398943185806274
6.662543535232544
6.470342397689819
6.426390886306763
6.499076843261719
6.1347692012786865
6.2366039752960205
6.426178932189941
6.489477157592773
6.684989929199219
6.656376600265503
6.438230276107788
6.522582769393921
6.656691312789917
6.781925439834595
6.599672317504883
6.49593186378479
6.461305379867554
6.233694314956665
6.583941698074341
6.118936538696289
6.473965644836426
6.113230228424072
6.113076210021973
5.881066560745239
6.051257133483887
6.690816164016724
7.295551538467407
6.926687002182007
6.355749607086182
6.184937953948975
5.9811484813690186
5.922051668167114
6.256078481674194
6.874172210693359
6.13431715965271
6.283613920211792
6.473345756530762
6.097055435180664
5.750227928161621
5.832302808761597
5.906368970870972
5.957325220108032
6.731119632720947
6.720579147338867
6.7005088329315186
6.563025712966919
6.405909061431885
6.373417139053345
6.222806930541992
6.144129514694214
6.357013463973999
6.514507293701172
6.390026569366455
6.4339940547943115
6.384834289550781
6.184945106506348
6.117173194885254
6.377499103546143
6.568612575531006
6.351562738418579
6.37145471572876
6.592483997344971
6.478874206542969
5.935395956039429
6.1135573387146
6.685078859329224
6.191630125045776
6.108814477920532
6.313529968261719
6.147428750991821
5.889727830886841
6.009577512741089
5.903368234634399
6.136793613433838
6.317756175994873
7.620087385177612
