Timing log for each step:
0.027024030685424805
10.15077829360962
10.173379182815552
10.077954292297363
10.103339910507202
10.245973587036133
10.170621395111084
10.542861700057983
10.326783895492554
10.14926552772522
10.096006631851196
10.228127002716064
10.301799058914185
10.23124074935913
10.191154718399048
10.416422843933105
10.347413063049316
10.27599287033081
10.25386095046997
10.372064352035522
10.39310884475708
10.318260192871094
10.391794204711914
10.319535732269287
10.440134048461914
10.102914333343506
10.218800783157349
10.338598489761353
10.498353481292725
10.469858169555664
10.355910778045654
10.305909633636475
10.378926038742065
10.466607570648193
10.523414373397827
10.461531639099121
10.291887998580933
10.479440927505493
10.579613447189331
10.405804872512817
10.281465768814087
10.415187358856201
10.382558822631836
10.49047040939331
10.561664819717407
10.37563967704773
10.52249264717102
10.579803943634033
10.58658504486084
10.591435194015503
10.452858686447144
10.417805671691895
10.527605533599854
10.321699857711792
10.573343515396118
10.470359086990356
10.500075817108154
10.498067617416382
10.418519735336304
10.438692092895508
10.514897584915161
10.500025272369385
10.462887287139893
10.094123125076294
10.517311334609985
10.595377206802368
10.019902229309082
10.5417640209198
10.342781782150269
10.01587176322937
10.6129629611969
9.469984769821167
9.85829496383667
10.451045989990234
9.37468147277832
9.626976728439331
9.875115156173706
9.862210750579834
9.86620283126831
9.975940942764282
9.796915054321289
10.291804313659668
8.871873140335083
8.92755937576294
8.845495462417603
8.89695954322815
8.819200992584229
8.767024517059326
8.866001844406128
8.77521300315857
9.526653051376343
9.518349409103394
9.535313606262207
9.857855558395386
10.290457248687744
10.564855337142944
10.360357999801636
9.887609243392944
10.490838527679443
9.867567777633667
10.34143614768982
10.019429922103882
10.311974287033081
9.999528884887695
10.507313013076782
10.395373344421387
10.308197021484375
10.440320491790771
9.962951898574829
10.764569759368896
10.454949855804443
10.521300792694092
10.407853603363037
10.3863685131073
10.426124572753906
10.565465927124023
10.52039384841919
10.481159448623657
10.40717601776123
10.388346910476685
10.349878072738647
10.439677476882935
10.007208824157715
9.970687627792358
10.06205940246582
10.351869106292725
10.304709434509277
9.854783773422241
10.544990301132202
10.549667596817017
10.366354703903198
10.49203872680664
10.379711866378784
10.46886682510376
10.456589221954346
10.41832947731018
10.505872964859009
10.4605073928833
10.468101978302002
10.795808553695679
11.15623164176941
11.03362774848938
10.509323596954346
10.350927591323853
10.445578575134277
10.390533924102783
10.310580253601074
10.381540775299072
10.361494064331055
10.535968542098999
10.481038808822632
10.870657682418823
10.519811153411865
10.539444208145142
10.290614366531372
10.390497922897339
10.329840183258057
10.428528308868408
10.095416784286499
9.959798336029053
10.548194169998169
10.592962265014648
10.539145231246948
10.559327363967896
10.48386836051941
10.476019382476807
10.506340265274048
10.424413204193115
10.363287687301636
10.570213317871094
10.428189277648926
10.49245572090149
10.359595537185669
10.330077409744263
10.41718578338623
10.454320669174194
10.504161596298218
10.32121729850769
10.524005651473999
10.601391553878784
10.446641206741333
10.604740619659424
10.436875104904175
10.36134958267212
10.564777612686157
10.474487543106079
10.413500785827637
10.270092725753784
10.416284799575806
10.424802303314209
10.345279455184937
10.39687442779541
10.391433000564575
10.391425371170044
10.400216579437256
10.327052354812622
10.475634574890137
10.759249448776245
10.432653665542603
10.4437255859375
10.307994365692139
10.392686367034912
10.52670431137085
10.53097677230835
10.481767654418945
10.514131546020508
10.424269676208496
10.505554676055908
10.32972502708435
10.509822607040405
10.520025491714478
10.43356966972351
10.535009384155273
10.439345598220825
10.441660165786743
10.38697624206543
10.5442373752594
10.901930332183838
10.564880132675171
10.428149223327637
10.503544330596924
10.4719078540802
10.368886947631836
10.327807903289795
10.451792001724243
10.484439373016357
10.34054970741272
10.576310634613037
10.376389980316162
10.397395372390747
10.452313423156738
10.507139682769775
10.781360626220703
10.396381378173828
10.4934663772583
10.421517133712769
10.413147687911987
10.650634288787842
10.43809723854065
10.522641897201538
10.422564029693604
10.560131072998047
10.586325407028198
10.48772406578064
10.655581951141357
10.492051601409912
10.441612243652344
10.316833972930908
10.722599506378174
10.400110006332397
10.667586088180542
10.61208701133728
10.709057807922363
10.590195655822754
10.557297945022583
10.597297668457031
10.680087089538574
10.71837854385376
10.511122703552246
10.599890947341919
10.702134370803833
10.722184658050537
10.727217197418213
10.845299005508423
10.66653299331665
10.776612997055054
10.61394190788269
10.380659818649292
