Timing log for each step:
0.01901841163635254
10.061855792999268
10.17916488647461
10.18397045135498
10.47045111656189
10.2276930809021
11.716463565826416
10.548613786697388
10.119321823120117
10.885000228881836
10.382599115371704
9.288405895233154
10.007848262786865
10.204893827438354
10.139302492141724
10.081227779388428
9.77765965461731
10.240884780883789
10.147322654724121
10.17904257774353
9.254411935806274
10.21905517578125
9.816470861434937
9.965706586837769
9.565225601196289
9.456160545349121
9.364595174789429
10.103492021560669
9.672563791275024
9.280054569244385
9.69780945777893
10.16222858428955
9.77969217300415
10.068437099456787
8.836400747299194
10.038038969039917
10.19188928604126
10.14220905303955
9.127494812011719
10.076773881912231
9.979731559753418
9.641956090927124
10.125268936157227
9.394749641418457
9.93541932106018
9.940053701400757
9.954156875610352
10.165556192398071
10.044783353805542
10.097305059432983
10.022334814071655
10.105473041534424
10.099506855010986
10.112523555755615
10.014914274215698
10.12623929977417
10.197129726409912
10.159642219543457
10.227457523345947
10.169334411621094
10.120635271072388
10.183642864227295
10.113926649093628
10.263726949691772
10.179580926895142
10.217278480529785
10.116289615631104
10.28915023803711
10.246268510818481
10.117576360702515
10.173124313354492
10.204345464706421
10.222815752029419
10.283334732055664
10.274893999099731
10.21110725402832
10.265690803527832
10.215523719787598
10.1592698097229
10.160213470458984
10.27662181854248
10.167667627334595
10.244104146957397
10.211616516113281
10.251677989959717
10.21843147277832
10.176345586776733
10.116299629211426
9.991021871566772
10.179503440856934
10.055195331573486
10.075109720230103
10.121274709701538
10.165018796920776
10.287903308868408
10.170761823654175
10.100541591644287
10.125067234039307
10.106820106506348
10.1275053024292
10.057741641998291
10.001655101776123
10.195508241653442
9.978033065795898
10.316830396652222
10.132871627807617
10.170918464660645
10.211219310760498
10.072330951690674
10.084867000579834
10.244694232940674
10.156219005584717
10.197434902191162
10.127510786056519
10.073192596435547
10.02457571029663
10.181327104568481
10.249648332595825
10.26417350769043
9.969696760177612
10.028090715408325
9.987791299819946
10.110487699508667
10.098988056182861
10.092784404754639
10.165391445159912
10.229763507843018
10.103554964065552
10.232832431793213
9.989223957061768
10.134842157363892
10.118613719940186
10.026727199554443
10.000451564788818
10.098963737487793
10.133576154708862
10.114654779434204
10.229877948760986
10.197824716567993
9.984562873840332
10.22085952758789
10.244197607040405
9.993639469146729
10.206410646438599
10.973706007003784
