Timing log for each step:
0.024021625518798828
10.66565489768982
10.13985800743103
10.18653416633606
10.621113061904907
10.634090423583984
10.684988975524902
10.576510906219482
10.562528610229492
10.580022811889648
10.673354864120483
10.677633285522461
10.61875867843628
10.64525032043457
10.232498168945312
10.056052684783936
10.0331871509552
10.087785482406616
10.18564748764038
10.340092897415161
10.191533088684082
10.12246322631836
10.2197585105896
10.247289896011353
10.258307695388794
10.157941102981567
10.257008790969849
10.356768608093262
10.144195079803467
10.055397510528564
9.950202465057373
10.22852110862732
10.005050897598267
10.11518120765686
10.154098272323608
10.035220861434937
10.095062732696533
10.402898788452148
10.820026636123657
10.476451635360718
10.22504711151123
10.24372148513794
10.221417427062988
10.119304180145264
10.209300994873047
11.030259847640991
11.255039930343628
10.353246450424194
11.002135753631592
10.614815711975098
10.575465679168701
10.205636978149414
10.06790041923523
10.120845794677734
10.17383360862732
10.316581010818481
10.378435850143433
10.285676956176758
10.408849954605103
10.276706218719482
10.30470085144043
10.347491025924683
10.218255043029785
10.16245436668396
10.279040098190308
10.243560552597046
10.172589778900146
10.39091157913208
10.38593316078186
10.19635534286499
10.188447952270508
10.226196765899658
10.146815061569214
10.449904918670654
10.341974258422852
10.321508169174194
10.346070051193237
10.231956481933594
10.236547946929932
10.232698440551758
10.38381838798523
10.367121934890747
10.363060235977173
10.200112342834473
10.229580640792847
10.24573016166687
10.221808195114136
10.295774459838867
10.394819974899292
10.340860366821289
10.210160255432129
10.494861125946045
10.320667028427124
10.250938892364502
10.390349864959717
10.43914270401001
10.397822141647339
10.259666681289673
10.939042091369629
10.634108543395996
10.516311407089233
10.255371570587158
10.470889329910278
10.40608811378479
10.430614709854126
10.450647830963135
10.265860080718994
10.233826875686646
10.486543416976929
10.506459951400757
10.318868398666382
10.308115720748901
11.320487976074219
10.283292055130005
11.04363489151001
10.671420812606812
10.68464183807373
10.399438619613647
10.10445761680603
10.211116790771484
10.305949449539185
10.22892951965332
10.19279670715332
10.179428339004517
10.27587080001831
10.339612245559692
10.238609313964844
10.086816787719727
10.407676696777344
10.356111526489258
10.313173532485962
10.493672370910645
10.471095323562622
10.218303918838501
10.463488817214966
10.33228349685669
10.32555866241455
10.715476036071777
10.253082752227783
10.32538366317749
10.23861050605774
10.207608938217163
10.232328653335571
10.940672636032104
10.811989068984985
10.433724403381348
10.50556230545044
10.58070158958435
10.99919056892395
10.715859651565552
10.633272647857666
10.610033988952637
10.694579839706421
10.62652039527893
10.650109767913818
10.384793281555176
10.257142543792725
10.313834190368652
10.41348648071289
10.55136775970459
10.500476598739624
10.439196109771729
10.34602689743042
10.602150917053223
10.375744581222534
10.606936693191528
10.411213397979736
10.551477193832397
10.539342880249023
10.36515760421753
10.531660079956055
10.556768655776978
10.474778413772583
10.480629920959473
10.474923372268677
10.552446842193604
10.429660320281982
10.308528900146484
10.422932386398315
10.432955980300903
10.562071084976196
10.483574390411377
10.429143190383911
10.584448337554932
10.435762405395508
10.359592914581299
10.524528503417969
10.384061813354492
10.45479154586792
10.634118795394897
10.89990758895874
10.707246780395508
10.304998874664307
10.495775938034058
10.37862229347229
10.253276824951172
10.612017393112183
10.317118644714355
10.409498929977417
10.372917175292969
10.153963327407837
10.377462387084961
10.452401161193848
10.369070291519165
10.396506309509277
10.20953917503357
10.453278303146362
10.350527286529541
10.334441423416138
10.260940074920654
10.469641923904419
10.52048921585083
10.541025161743164
10.427463293075562
10.426520824432373
10.548226833343506
10.350913763046265
10.47530722618103
10.563315629959106
10.42023253440857
10.686866283416748
10.509889841079712
10.455413103103638
10.44513463973999
10.514852285385132
10.473790645599365
10.383466482162476
10.424713850021362
10.40487027168274
10.548197984695435
10.46456789970398
10.508658170700073
10.337418556213379
10.541461706161499
10.510602712631226
10.306439876556396
10.582018852233887
10.668597221374512
10.391495704650879
10.314174175262451
10.228695631027222
10.313862323760986
10.327977657318115
10.111804485321045
10.58466386795044
10.41068959236145
10.572815179824829
10.771663427352905
10.249575853347778
10.555856943130493
9.892449140548706
10.53769826889038
10.387499809265137
9.322826623916626
10.486817121505737
10.667578935623169
10.062566757202148
10.44593071937561
10.38943600654602
9.321790218353271
10.03567886352539
10.257393836975098
10.349053144454956
10.380899429321289
10.34315037727356
9.513077020645142
10.342793941497803
10.688487529754639
10.037610054016113
9.961952447891235
10.438130617141724
10.722150564193726
9.907498598098755
10.504634618759155
10.629323959350586
9.949621438980103
10.428842306137085
10.133259296417236
9.718295574188232
10.424520254135132
10.397833824157715
9.87544059753418
9.875216245651245
10.43187928199768
10.26900339126587
9.874751806259155
10.22735333442688
10.425038814544678
11.145157098770142
10.216418981552124
11.034090280532837
10.768120288848877
10.251705884933472
9.580870866775513
10.258443593978882
10.297146081924438
9.834150552749634
9.741515398025513
10.228487491607666
10.353785276412964
9.749696016311646
10.284672498703003
10.079877376556396
10.312972784042358
10.140732049942017
8.962833642959595
10.336023807525635
10.388904571533203
9.810867547988892
10.096601009368896
9.87289047241211
10.195924282073975
10.276772022247314
10.248741626739502
10.257802724838257
10.185906171798706
10.440922498703003
10.270718097686768
10.396873474121094
10.194199323654175
10.339009046554565
10.381193161010742
10.439093828201294
10.289115905761719
10.455590009689331
10.34791111946106
10.160179138183594
10.284828424453735
10.358876466751099
10.299712181091309
10.254298210144043
10.294761419296265
10.266622066497803
9.265766620635986
10.251859664916992
10.178914546966553
10.163828611373901
9.167590856552124
9.179027080535889
10.263146162033081
9.870695114135742
9.768264293670654
10.374734163284302
9.576911449432373
9.706816673278809
10.283099889755249
9.67003870010376
9.772610425949097
10.19991397857666
9.767906427383423
9.668999671936035
10.20789122581482
10.305904626846313
10.305810928344727
10.18778371810913
9.737016201019287
9.118015050888062
10.38156795501709
10.71436071395874
10.576387166976929
9.942179679870605
9.91792106628418
11.465168952941895
10.428153276443481
9.585649728775024
9.360939741134644
10.11798882484436
10.21181845664978
9.916883945465088
10.137994766235352
10.215574264526367
8.860029220581055
9.595959186553955
9.692720174789429
10.314216136932373
10.336983680725098
9.466628313064575
9.185196876525879
10.233064413070679
10.410871028900146
9.83496904373169
9.13389778137207
9.877623796463013
10.395893573760986
10.953621864318848
11.003003597259521
9.285827875137329
10.379173517227173
10.207133293151855
9.6271653175354
10.650211334228516
10.499377012252808
9.527061223983765
10.050615072250366
10.419185638427734
11.201299905776978
10.191534042358398
10.559027433395386
10.772321939468384
10.734941720962524
10.3062105178833
10.362568140029907
10.225752830505371
10.616103172302246
10.89839506149292
9.774311780929565
10.292498588562012
10.185894250869751
10.729056119918823
11.063260555267334
10.290514945983887
10.215137481689453
10.290245532989502
10.776703596115112
10.779639482498169
10.414732933044434
10.294790506362915
10.392243385314941
10.926073789596558
10.776902914047241
10.605201721191406
10.172565221786499
10.477767705917358
10.690162897109985
10.343976497650146
9.146456241607666
9.155298233032227
10.433048486709595
10.794924259185791
