Timing log for each step:
0.02602243423461914
5.244780778884888
5.297828197479248
5.319849014282227
5.325853586196899
5.389912128448486
5.4379541873931885
5.281815052032471
5.425945043563843
5.416936874389648
5.197736978530884
5.233769655227661
5.361887693405151
5.381905794143677
5.295827388763428
5.647146463394165
5.331859111785889
5.259792804718018
5.387911558151245
5.3769004344940186
5.204743146896362
5.38791036605835
5.279812574386597
5.2267632484436035
5.579084873199463
5.346872329711914
5.261796236038208
5.610112905502319
5.271805286407471
5.520030498504639
5.433950901031494
5.311842441558838
5.273806810379028
5.685181379318237
5.1727135181427
5.50601601600647
5.51402473449707
5.129675388336182
5.5270373821258545
5.332849979400635
5.559067249298096
4.002649307250977
5.279811382293701
5.233770132064819
5.265799045562744
5.179720640182495
5.319848537445068
5.252788543701172
5.285817384719849
5.317847490310669
5.30083155632019
5.311841249465942
5.398920774459839
5.30083155632019
5.293825626373291
5.2147536277771
5.227764129638672
5.325853586196899
5.134679317474365
5.403926134109497
5.239774465560913
5.402923583984375
5.310840606689453
5.2277631759643555
5.476991653442383
5.220759153366089
5.29582667350769
5.317846775054932
5.176717758178711
5.264798402786255
5.3819050788879395
5.286818265914917
5.355880498886108
5.436954736709595
5.325853586196899
5.258793354034424
5.295826435089111
5.3428709506988525
5.345872402191162
5.2557899951934814
5.334862470626831
5.447965621948242
5.321850538253784
5.418939113616943
5.498009920120239
5.297828435897827
5.484998941421509
5.299829006195068
5.322850704193115
5.4339518547058105
5.425944805145264
5.33686375617981
5.273807764053345
5.395918607711792
5.350876331329346
5.412933349609375
5.440959930419922
5.285817623138428
5.293824911117554
5.372894763946533
5.382905721664429
5.299829483032227
5.368893384933472
5.267802000045776
5.362887382507324
5.389912366867065
5.349875450134277
5.351876735687256
5.326854467391968
5.323852062225342
5.345871448516846
5.3809027671813965
5.349876880645752
5.476991176605225
5.381905794143677
5.33586311340332
5.473989725112915
5.290822505950928
5.38190484046936
5.334863185882568
5.504016160964966
5.252786874771118
5.296828031539917
5.31184196472168
5.439957618713379
5.353879451751709
5.465982437133789
5.389913082122803
5.296834707260132
5.299830198287964
5.4189393520355225
5.343870639801025
5.390913009643555
5.319847822189331
5.308838367462158
5.411931753158569
5.499011039733887
5.472987651824951
5.425944566726685
5.370895862579346
5.395918607711792
5.3498759269714355
5.330857992172241
5.360884666442871
5.312840461730957
5.318846940994263
5.425946235656738
5.439958572387695
5.373897552490234
5.4279468059539795
5.454971075057983
5.335861682891846
5.403925180435181
5.405927419662476
5.231767892837524
5.282813310623169
5.3368635177612305
5.396918535232544
5.34086799621582
5.318847417831421
5.356879472732544
5.385908365249634
5.506017684936523
5.334862947463989
5.3708953857421875
5.45096755027771
5.374899625778198
5.409930944442749
5.445963144302368
5.2878196239471436
5.481996536254883
5.374897480010986
5.462979793548584
5.379901885986328
5.372896909713745
5.396918535232544
5.337865829467773
5.393913984298706
5.29182243347168
5.361886978149414
5.313843250274658
5.4679834842681885
5.452969074249268
5.3738977909088135
5.384908437728882
5.414933681488037
5.48900294303894
5.3258538246154785
5.327856779098511
5.3518781661987305
5.455972909927368
5.446964979171753
5.389911413192749
5.412932634353638
5.440958499908447
5.4079296588897705
5.446963310241699
5.439957857131958
5.3348610401153564
5.4359540939331055
5.259794473648071
5.365890264511108
5.370895147323608
5.545051097869873
5.529038429260254
5.355882167816162
5.383906126022339
5.460977077484131
5.319849491119385
5.199739694595337
5.476990699768066
5.3889124393463135
5.381904602050781
5.338866472244263
5.42894721031189
5.346873044967651
5.5730791091918945
5.420941352844238
5.494007110595703
5.266799688339233
5.514026165008545
5.474987506866455
5.492004632949829
5.397920846939087
5.3348612785339355
5.424945116043091
5.440959215164185
5.4389567375183105
5.2758095264434814
5.2948267459869385
5.359884977340698
5.400923013687134
5.247784376144409
5.425942897796631
5.340869665145874
5.3939149379730225
5.416936635971069
5.43695592880249
5.542051315307617
5.6401402950286865
5.4659810066223145
5.27480673789978
5.447964906692505
5.3809051513671875
5.595098972320557
5.402923822402954
5.422942399978638
5.341866493225098
5.428947687149048
5.426945924758911
5.442960739135742
5.382905721664429
5.424944877624512
5.3548805713653564
5.429948568344116
5.379903554916382
5.446963787078857
5.349874973297119
5.436954736709595
5.508019208908081
5.370894432067871
5.37189507484436
5.378901958465576
5.3018317222595215
5.390912771224976
5.40792989730835
5.401922941207886
5.474989652633667
5.463980436325073
5.423943519592285
5.343871593475342
5.422942876815796
5.424944877624512
5.385907411575317
5.376901626586914
5.39391565322876
5.371897220611572
5.502012729644775
5.342869758605957
5.2768096923828125
5.28681755065918
5.358883619308472
5.31884765625
5.416936635971069
5.376899242401123
5.437954664230347
5.421941041946411
5.29883074760437
5.421939849853516
5.343869924545288
5.531040668487549
5.538046598434448
5.399921178817749
5.336864233016968
5.24277925491333
5.409929513931274
5.550057649612427
5.466982364654541
5.4559712409973145
5.36989426612854
5.36989426612854
5.366892337799072
5.475989818572998
5.401923656463623
5.565072059631348
5.45096755027771
5.411931753158569
5.415935754776001
5.287819147109985
5.425945997238159
5.520030498504639
5.413933277130127
5.459975957870483
5.4779908657073975
5.347874402999878
5.494006633758545
5.395916700363159
5.475991725921631
5.34687352180481
5.2587926387786865
5.416936874389648
5.460976839065552
5.434952735900879
5.349875211715698
5.48399806022644
5.35788369178772
5.498010158538818
5.613116264343262
5.550748348236084
