Timing log for each step:
0.00800776481628418
0.558866024017334
0.5488982200622559
0.5324382781982422
0.5319819450378418
0.5384571552276611
0.5369296073913574
0.5274467468261719
0.5504670143127441
0.5254456996917725
0.5544703006744385
0.5494668483734131
0.5344533920288086
0.5414588451385498
0.5438506603240967
0.5447859764099121
0.5410118103027344
0.5407938957214355
0.5498802661895752
0.5604753494262695
0.5394585132598877
0.5334532260894775
0.5334529876708984
0.5404582023620605
0.5344538688659668
0.5284476280212402
0.538506031036377
0.5524687767028809
0.5393717288970947
0.5573196411132812
0.5536432266235352
0.5664801597595215
0.5374562740325928
0.5404589176177979
0.5484647750854492
0.5364542007446289
0.5694842338562012
0.5477015972137451
0.5407588481903076
0.5535762310028076
0.5423283576965332
0.5505187511444092
0.5314698219299316
0.5284483432769775
0.5504651069641113
0.5384564399719238
0.5364556312561035
0.6095173358917236
0.5404589176177979
0.544968843460083
0.5370521545410156
0.5382699966430664
0.5354537963867188
0.5339643955230713
0.5368514060974121
0.5423271656036377
0.5464627742767334
0.6155223846435547
0.5935032367706299
0.5905001163482666
0.5834944248199463
0.572486400604248
0.6038351058959961
0.5980510711669922
0.601510763168335
0.5382091999053955
0.5509774684906006
0.5634784698486328
0.5374560356140137
0.5784909725189209
0.5594749450683594
0.567481517791748
0.5446720123291016
0.5574111938476562
0.535454511642456
0.5418860912322998
0.5689342021942139
0.5484657287597656
0.5474646091461182
0.5444622039794922
0.5444622039794922
0.5324521064758301
0.5394580364227295
0.549466609954834
0.5488545894622803
0.5469489097595215
0.5390396118164062
0.5388748645782471
0.5358622074127197
0.5478413105010986
0.5439651012420654
0.5368869304656982
0.533104658126831
0.5279388427734375
0.5444622039794922
0.531451940536499
0.5584747791290283
0.5524694919586182
0.5324516296386719
0.5374565124511719
0.5529811382293701
0.5662367343902588
0.5464978218078613
0.540888786315918
0.5370197296142578
0.538813591003418
0.5438573360443115
0.5360879898071289
0.531883955001831
0.5378637313842773
0.5361080169677734
0.5518743991851807
0.5438590049743652
0.5424590110778809
0.543461799621582
0.5704851150512695
0.5334522724151611
0.5434613227844238
0.5274481773376465
0.5594742298126221
0.5419886112213135
0.5341057777404785
0.6022779941558838
0.5405972003936768
0.5424587726593018
0.5514676570892334
0.5304498672485352
0.5314512252807617
0.541459321975708
0.5544710159301758
0.5394577980041504
0.5340621471405029
0.5543117523193359
0.5394594669342041
0.543358325958252
0.534968376159668
0.5334515571594238
0.538456916809082
0.5324530601501465
0.5454630851745605
0.5314514636993408
0.5674817562103271
0.5414600372314453
0.5590512752532959
0.5355350971221924
0.534188985824585
0.5309443473815918
0.5334553718566895
0.5484654903411865
0.5324523448944092
0.5314524173736572
0.5344541072845459
0.5344538688659668
0.555471658706665
0.553879976272583
0.5369462966918945
0.544957160949707
0.5487046241760254
0.549466609954834
0.5414597988128662
0.5434625148773193
0.5404589176177979
0.5314507484436035
0.5404586791992188
0.5354552268981934
0.540870189666748
0.5299139022827148
0.5304498672485352
0.5356509685516357
0.5404586791992188
0.5434610843658447
0.5284485816955566
0.5524692535400391
0.5424609184265137
0.5354549884796143
0.5384581089019775
0.5298910140991211
0.5599157810211182
0.5364542007446289
0.5316798686981201
0.5419559478759766
0.5379467010498047
0.545464038848877
0.558474063873291
0.5424602031707764
0.5424611568450928
0.5564730167388916
0.5294501781463623
0.5454623699188232
0.5358371734619141
0.5490117073059082
0.5544707775115967
0.5541133880615234
0.5428848266601562
0.5504677295684814
0.5514681339263916
0.5344536304473877
0.5434629917144775
0.5404677391052246
0.5654904842376709
0.5574829578399658
0.5599713325500488
0.5330166816711426
0.5369272232055664
0.5349526405334473
0.5458874702453613
0.539313554763794
0.536888837814331
0.534876823425293
0.5409057140350342
0.5474734306335449
0.5314600467681885
0.5384674072265625
0.5654904842376709
0.5304598808288574
0.5404691696166992
0.5334622859954834
0.5500822067260742
0.5482206344604492
0.5394673347473145
0.5565736293792725
0.5348496437072754
0.546971321105957
0.5418565273284912
0.5379621982574463
0.5309481620788574
0.5368530750274658
0.5388693809509277
0.5284571647644043
0.546473503112793
0.5524799823760986
0.5344634056091309
0.5354623794555664
0.5304591655731201
0.5358335971832275
0.565838098526001
0.5334622859954834
0.5307681560516357
0.5448980331420898
0.558483362197876
0.543471097946167
0.5374646186828613
0.5564823150634766
0.543471097946167
0.5344638824462891
0.563488245010376
0.5420055389404297
0.5343701839447021
0.5329990386962891
0.5298237800598145
0.5308840274810791
0.5339560508728027
0.5488624572753906
0.5508754253387451
0.5538468360900879
0.5409755706787109
0.5519895553588867
0.5499722957611084
0.5439748764038086
0.544471263885498
0.5374660491943359
0.5344629287719727
0.5524787902832031
0.5504772663116455
0.5444719791412354
0.5474739074707031
0.5359935760498047
0.5340306758880615
0.5337367057800293
0.5544812679290771
0.5455842018127441
0.5538709163665771
0.5290472507476807
0.5278880596160889
0.5379436016082764
0.5474743843078613
0.5434701442718506
0.5304591655731201
0.5304591655731201
0.5494763851165771
0.5334622859954834
0.5474743843078613
0.5330288410186768
0.5598556995391846
0.5434696674346924
0.5365951061248779
0.530846118927002
0.5429844856262207
0.5404679775238037
0.5494747161865234
0.5374650955200195
0.5444715023040771
0.5364651679992676
0.5344626903533936
0.5544800758361816
0.5388870239257812
0.5330352783203125
0.5419487953186035
0.5404689311981201
0.5424697399139404
0.5484747886657715
0.5344631671905518
0.5444722175598145
0.5524790287017822
0.5314607620239258
0.5430262088775635
0.5430595874786377
0.5467109680175781
0.5329949855804443
0.5391125679016113
0.5708816051483154
0.549217939376831
0.5364644527435303
0.5434713363647461
0.5554811954498291
0.5404689311981201
0.5514779090881348
0.5574827194213867
0.5524780750274658
0.543799638748169
0.5359599590301514
0.5344815254211426
0.542461633682251
0.537916898727417
0.5521225929260254
0.5458903312683105
0.5419471263885498
0.5544798374176025
0.544471025466919
0.5584838390350342
0.5444726943969727
0.5374658107757568
0.5314605236053467
0.5384659767150879
0.5359430313110352
0.5395479202270508
0.5374479293823242
0.5308933258056641
0.5400593280792236
0.5394680500030518
0.5474748611450195
0.5424695014953613
0.5304601192474365
0.5504777431488037
0.5504770278930664
0.5434708595275879
0.5499465465545654
0.5479435920715332
0.5361008644104004
0.5329310894012451
0.5579686164855957
0.5364642143249512
0.5544800758361816
0.5314602851867676
0.5885093212127686
0.5314605236053467
0.5514781475067139
0.558483362197876
0.5691092014312744
0.5449662208557129
0.5300307273864746
0.5308487415313721
0.5510036945343018
0.5389704704284668
0.536668062210083
0.5384657382965088
0.5504772663116455
0.5334618091583252
0.5744967460632324
0.5394682884216309
0.5478625297546387
0.5840344429016113
0.5320382118225098
0.5649871826171875
0.5388710498809814
0.5344634056091309
0.5374650955200195
0.5454728603363037
0.536463737487793
0.5384676456451416
0.5314610004425049
0.5598607063293457
0.5442895889282227
0.5664904117584229
0.5377397537231445
0.5469403266906738
0.5389063358306885
0.5439586639404297
0.539466381072998
0.5524790287017822
0.5434708595275879
0.5424699783325195
0.549476146697998
0.5474743843078613
0.5551433563232422
0.5629849433898926
0.5386488437652588
0.5677947998046875
0.5389468669891357
0.5409653186798096
0.542884349822998
0.5309374332427979
0.5379064083099365
0.545964241027832
0.5359594821929932
0.5319836139678955
0.5449583530426025
0.5384659767150879
0.5594842433929443
0.5384666919708252
0.5484740734100342
0.554480791091919
0.5284571647644043
0.5384664535522461
0.5502872467041016
0.5301239490509033
0.5419018268585205
0.5610330104827881
0.5354647636413574
0.5334622859954834
0.5444715023040771
0.5354642868041992
0.5334627628326416
0.5384671688079834
0.5389132499694824
0.5676858425140381
0.5672488212585449
0.5519833564758301
0.5468873977661133
0.5400369167327881
0.5404675006866455
0.5334618091583252
0.5274574756622314
0.5404698848724365
0.5304584503173828
0.5364646911621094
0.5329728126525879
0.5327458381652832
0.5591795444488525
0.565964937210083
0.5349588394165039
0.5348494052886963
0.5338788032531738
0.5449020862579346
0.540982723236084
0.5468795299530029
0.5324616432189941
0.5634872913360596
0.5484755039215088
0.5304598808288574
0.5334615707397461
0.5364644527435303
0.5875070095062256
0.5550432205200195
0.5513443946838379
0.5712957382202148
0.5649969577789307
0.5573811531066895
0.5845065116882324
0.5336833000183105
0.5474746227264404
0.5314602851867676
0.5344617366790771
0.544471263885498
0.5324606895446777
0.5404691696166992
0.5404679775238037
0.5319666862487793
0.5400028228759766
0.5488243103027344
0.544471263885498
0.5418651103973389
0.5408923625946045
0.5368976593017578
0.5379629135131836
0.5384664535522461
0.5284571647644043
0.5334622859954834
0.5324611663818359
0.5664918422698975
0.5344626903533936
0.5339720249176025
0.5352590084075928
0.5400433540344238
0.5334675312042236
0.5388166904449463
0.5384657382965088
0.538466215133667
0.5464730262756348
0.5384674072265625
0.541466236114502
0.5386605262756348
0.5440547466278076
0.5304598808288574
0.529644250869751
0.5339956283569336
0.535952091217041
0.5404682159423828
0.5314605236053467
0.5344643592834473
0.5404684543609619
0.556483268737793
0.5374658107757568
0.5404679775238037
0.541022777557373
0.5388071537017822
0.5371322631835938
0.536484956741333
0.539924144744873
0.5314598083496094
0.5384666919708252
0.5564830303192139
0.5324611663818359
0.5304586887359619
0.5514771938323975
0.5450179576873779
0.5392730236053467
0.5370721817016602
0.5354642868041992
0.5516695976257324
0.5548856258392334
0.545006275177002
0.5334620475769043
0.5454730987548828
0.5494766235351562
0.5354650020599365
0.5334622859954834
0.543471097946167
0.5274567604064941
0.5309865474700928
0.5490977764129639
0.5599923133850098
0.5734977722167969
0.5480697154998779
0.543938398361206
0.5369791984558105
0.5528929233551025
0.5308923721313477
0.5364649295806885
0.5514786243438721
0.5464739799499512
0.5424704551696777
0.5394675731658936
0.5434706211090088
0.5444726943969727
0.5459861755371094
0.5270922183990479
0.5583372116088867
0.5579051971435547
0.5579164028167725
0.5304594039916992
0.5584838390350342
0.539466381072998
0.5464730262756348
0.5454730987548828
0.5394673347473145
0.5336494445800781
0.5304586887359619
0.5427107810974121
0.5544798374176025
0.5354630947113037
0.544471025466919
0.5294597148895264
0.5474731922149658
0.5284576416015625
0.5520334243774414
0.5650365352630615
0.5367031097412109
0.5315160751342773
0.5424709320068359
0.5344631671905518
0.5354640483856201
0.5554816722869873
0.5414695739746094
0.5454723834991455
0.5501549243927002
0.5256905555725098
0.5371527671813965
0.5305371284484863
0.5828719139099121
0.5408914089202881
0.5338590145111084
0.5388238430023193
0.5678951740264893
0.5488810539245605
0.5526490211486816
0.5374658107757568
0.5344624519348145
0.5374650955200195
0.5464727878570557
0.5314610004425049
0.5795021057128906
0.5331299304962158
0.5380923748016357
0.5375804901123047
0.5484054088592529
0.5279541015625
0.5438807010650635
0.5329513549804688
0.5540294647216797
0.5349876880645752
0.5389449596405029
0.5334620475769043
0.5354645252227783
0.5384674072265625
0.5284578800201416
0.5334622859954834
0.5344634056091309
0.5424685478210449
0.538621187210083
0.5381679534912109
0.5344622135162354
0.5408530235290527
0.532050609588623
0.570033073425293
0.5309641361236572
0.5359480381011963
0.5418925285339355
0.5464737415313721
0.5384666919708252
0.5334618091583252
0.5364639759063721
0.5414688587188721
0.5494766235351562
0.5544793605804443
0.5356278419494629
0.6639974117279053
0.6605885028839111
0.6645753383636475
0.5394668579101562
0.5484750270843506
0.673583984375
0.5464732646942139
0.5384676456451416
0.6645758152008057
0.5534276962280273
0.544135570526123
0.6535654067993164
0.5338313579559326
0.5379078388214111
0.662574052810669
0.5354640483856201
0.6545665264129639
0.6875960826873779
0.5364642143249512
0.5444724559783936
0.5459849834442139
0.750873327255249
0.5440986156463623
0.5604856014251709
0.7736704349517822
0.5424692630767822
0.5454728603363037
0.767664909362793
0.5424690246582031
0.543471097946167
0.7661817073822021
0.536630392074585
0.5334606170654297
0.757915735244751
0.569493293762207
0.5304596424102783
0.7646629810333252
0.5334618091583252
0.5284571647644043
0.5414693355560303
0.5474743843078613
0.5499739646911621
0.5390806198120117
0.5394668579101562
0.5415706634521484
0.5358505249023438
0.5328598022460938
0.6585700511932373
0.6795878410339355
0.7686657905578613
0.7656629085540771
0.5424706935882568
0.5478982925415039
0.5404942035675049
0.5369212627410889
0.5498867034912109
0.5518810749053955
0.5410187244415283
0.5368402004241943
0.5634210109710693
0.5484752655029297
0.5694935321807861
0.5354640483856201
0.5304601192474365
0.5324611663818359
0.5364656448364258
0.5389816761016846
0.5323553085327148
0.5373947620391846
0.5328943729400635
0.5349225997924805
0.5289809703826904
0.5434696674346924
0.5364646911621094
0.5284569263458252
0.544471263885498
0.5364649295806885
0.5394656658172607
0.5297229290008545
0.6549897193908691
0.6569991111755371
0.5649328231811523
0.5386612415313721
0.5394673347473145
0.5604848861694336
0.5464732646942139
0.5314605236053467
0.5304591655731201
0.533461332321167
0.5390403270721436
0.5323514938354492
0.5250003337860107
0.527998685836792
0.5579431056976318
0.530458927154541
0.5414690971374512
0.5334620475769043
0.5264561176300049
0.5704941749572754
0.5494754314422607
0.5477304458618164
0.5379312038421631
0.531461238861084
0.554603099822998
0.5484750270843506
0.539466381072998
0.5324618816375732
0.5274574756622314
0.538466215133667
0.5454721450805664
0.5760362148284912
0.8096425533294678
0.8344204425811768
0.5377707481384277
0.5300304889678955
0.5309176445007324
0.5371177196502686
0.5370550155639648
0.5502359867095947
0.5418999195098877
0.5414695739746094
0.5484745502471924
0.5534791946411133
0.5364649295806885
0.5444719791412354
0.5785009860992432
0.546473503112793
0.5269758701324463
0.5710048675537109
0.5419790744781494
0.5404689311981201
0.5404679775238037
0.532461404800415
0.5464732646942139
0.546473503112793
0.5564813613891602
0.5384664535522461
0.5394678115844727
0.5537021160125732
0.5533838272094727
0.5443172454833984
0.5374658107757568
0.5693228244781494
0.5608994960784912
0.540468692779541
0.5534796714782715
0.571495532989502
0.5554811954498291
0.546473503112793
0.5494754314422607
0.5895106792449951
0.570965051651001
0.5626769065856934
0.5420026779174805
0.5540866851806641
0.569998025894165
0.5410566329956055
0.5360698699951172
0.552478551864624
0.5694925785064697
0.5724976062774658
0.551478385925293
0.6025211811065674
0.5704941749572754
0.5646634101867676
0.5527057647705078
0.5530490875244141
0.5437443256378174
0.5421767234802246
0.5564815998077393
0.5895111560821533
0.5664916038513184
0.556481122970581
0.5464727878570557
0.5454716682434082
0.5539870262145996
0.5311083793640137
0.5735602378845215
0.53446364402771
0.5367636680603027
0.537860631942749
0.5267455577850342
0.5598087310791016
0.5584843158721924
0.5384657382965088
0.5434703826904297
0.5714948177337646
0.6005196571350098
0.5354640483856201
0.5324604511260986
0.525935173034668
0.5330822467803955
0.5284819602966309
0.5509459972381592
0.5404677391052246
0.5474746227264404
0.5474739074707031
0.5314602851867676
0.5284583568572998
0.5344631671905518
0.5630068778991699
0.5280406475067139
0.5339100360870361
0.5580174922943115
0.5364651679992676
0.8429052829742432
0.5328762531280518
0.5424702167510986
0.5404679775238037
0.5364649295806885
0.5344629287719727
0.5304598808288574
0.5274562835693359
0.5414690971374512
0.5520026683807373
0.5321943759918213
0.5421583652496338
0.525916576385498
0.541468620300293
0.5374641418457031
0.5414700508117676
0.5394678115844727
0.5384666919708252
0.5464727878570557
0.5394673347473145
0.532963752746582
0.5930328369140625
0.6295454502105713
0.6569387912750244
0.5394651889801025
0.5399484634399414
0.5559670925140381
0.525061845779419
0.5459690093994141
0.5338971614837646
0.541611909866333
0.5364644527435303
0.5534803867340088
0.5434713363647461
0.5604853630065918
0.5704939365386963
0.5409917831420898
0.5571644306182861
0.5521671772003174
0.535369873046875
0.5479798316955566
0.5284621715545654
0.5254549980163574
0.5364649295806885
0.5314595699310303
0.8467319011688232
0.8177089691162109
0.5363819599151611
0.5417478084564209
0.5404696464538574
0.5296313762664795
0.5319099426269531
0.5298879146575928
0.530947208404541
0.5329036712646484
0.538973331451416
0.5379807949066162
0.5239245891571045
0.5519397258758545
0.556894063949585
0.5438976287841797
0.5368893146514893
0.5379443168640137
0.5390000343322754
0.5368895530700684
0.5399644374847412
0.5458879470825195
0.5408935546875
0.5298738479614258
0.5390667915344238
0.5502946376800537
0.5374660491943359
0.5284574031829834
0.6075246334075928
0.5354635715484619
0.5454719066619873
0.5314602851867676
0.5314605236053467
0.5425517559051514
0.541680097579956
0.5294609069824219
0.5544803142547607
0.5235309600830078
0.535855770111084
0.5293416976928711
0.5374665260314941
0.5334620475769043
0.5464732646942139
0.5754988193511963
0.5324602127075195
0.5324623584747314
0.5389912128448486
0.5321147441864014
0.5297155380249023
0.5320005416870117
0.5274569988250732
0.5688211917877197
0.5333113670349121
0.5574831962585449
0.549476146697998
0.53946852684021
0.5404679775238037
0.5364639759063721
0.5374653339385986
0.5838463306427002
0.5348601341247559
0.5536501407623291
0.5414681434631348
0.5764994621276855
0.733635663986206
0.5374655723571777
0.5354645252227783
0.530975341796875
0.5480117797851562
0.5667810440063477
0.5482032299041748
0.5340144634246826
0.5279459953308105
0.5329306125640869
0.5339794158935547
0.5258495807647705
0.535954475402832
0.5309021472930908
0.5268657207489014
0.56048583984375
0.5454733371734619
0.5354640483856201
0.5544803142547607
0.5334618091583252
0.5359704494476318
0.5460643768310547
0.5505208969116211
0.5430407524108887
0.530947208404541
0.5653440952301025
0.5457119941711426
0.5788078308105469
0.6131231784820557
0.6898379325866699
0.7159931659698486
0.6482901573181152
0.6322200298309326
0.6061222553253174
0.6737110614776611
0.6294949054718018
0.6069552898406982
0.6227684020996094
0.5913200378417969
0.6576416492462158
0.5715157985687256
0.5919437408447266
0.574676513671875
0.5447452068328857
0.5554516315460205
0.5719213485717773
0.5994737148284912
0.5587155818939209
0.5725550651550293
0.5607388019561768
0.5628221035003662
0.5615525245666504
0.5727660655975342
0.5601916313171387
0.5481467247009277
0.5486981868743896
0.5738418102264404
0.5509779453277588
0.5716991424560547
0.5816352367401123
0.583453893661499
0.5757198333740234
0.5660433769226074
0.5629293918609619
0.5526845455169678
0.5977997779846191
0.5842273235321045
0.5563461780548096
0.5722026824951172
0.5418369770050049
0.5712828636169434
0.5561819076538086
0.5630900859832764
0.5652086734771729
0.5483617782592773
0.5530788898468018
0.5536885261535645
0.588308572769165
0.550452709197998
0.5878984928131104
0.5682260990142822
0.5479578971862793
0.5514938831329346
0.5489861965179443
0.563685417175293
0.5561575889587402
0.5627861022949219
0.5533289909362793
0.560142993927002
0.5440714359283447
0.5437436103820801
0.5618002414703369
0.5751087665557861
0.5636920928955078
0.5486512184143066
0.5603771209716797
0.5544071197509766
0.5379805564880371
0.5520567893981934
0.5438809394836426
0.5426955223083496
0.555304765701294
0.5348191261291504
0.5485188961029053
0.5546739101409912
0.5629928112030029
0.5439033508300781
0.5442655086517334
0.540447473526001
0.5390803813934326
0.5578916072845459
0.5540497303009033
0.548297643661499
0.5461194515228271
0.5694949626922607
0.5603642463684082
0.545947790145874
0.5601990222930908
0.5743899345397949
0.537689208984375
0.565014123916626
0.57057785987854
0.5611133575439453
0.5657720565795898
0.5550582408905029
0.585867166519165
0.549483060836792
0.5746486186981201
0.5554549694061279
0.544116735458374
0.5756349563598633
0.5620160102844238
0.591839075088501
0.5439863204956055
0.5527045726776123
0.5552728176116943
0.5567333698272705
0.5524907112121582
0.5837233066558838
0.5744948387145996
0.5411975383758545
0.563422441482544
0.5476527214050293
0.5549216270446777
0.5667095184326172
0.5517632961273193
0.5553195476531982
0.5495061874389648
0.5554635524749756
0.5816764831542969
0.5309975147247314
0.5622174739837646
0.5632848739624023
0.5487887859344482
0.5524454116821289
0.552109956741333
0.5576791763305664
0.5523970127105713
0.5446181297302246
0.5392301082611084
0.5360233783721924
0.5644915103912354
0.5425565242767334
0.5660886764526367
0.554711103439331
0.5754151344299316
0.5432348251342773
0.5493383407592773
0.5461421012878418
0.5484411716461182
0.5475327968597412
0.5526070594787598
0.5440399646759033
0.5433700084686279
0.5407083034515381
0.5427923202514648
0.5569472312927246
0.5515651702880859
0.5416579246520996
0.5554807186126709
0.5605592727661133
0.5509896278381348
0.5487287044525146
0.5563204288482666
0.556323766708374
0.5512940883636475
0.5705044269561768
0.5597915649414062
0.5657267570495605
0.5708639621734619
0.5500266551971436
0.5648548603057861
0.5382006168365479
0.5564219951629639
0.5559501647949219
0.5749092102050781
0.6379299163818359
0.6582820415496826
0.5763084888458252
0.5706067085266113
0.5619900226593018
0.5535159111022949
0.5744307041168213
0.548661470413208
0.5889661312103271
0.5500118732452393
0.5480198860168457
0.5770878791809082
0.5557219982147217
0.5502486228942871
0.559255838394165
0.5684463977813721
0.571037769317627
0.571364164352417
0.5592687129974365
0.5536348819732666
0.5494534969329834
0.5415887832641602
0.5494906902313232
0.568202018737793
0.5918269157409668
0.5849592685699463
0.5584244728088379
0.5510492324829102
0.5993411540985107
0.5667777061462402
0.5680983066558838
0.5558657646179199
0.5442233085632324
0.5650537014007568
0.5414695739746094
0.547119140625
0.5673606395721436
0.5457658767700195
0.5541954040527344
0.5557818412780762
0.5489041805267334
0.5383644104003906
0.5733163356781006
0.5432586669921875
0.5703868865966797
0.5392041206359863
0.5729250907897949
0.5427098274230957
0.5516808032989502
0.5865392684936523
0.541534423828125
0.5757808685302734
0.5920782089233398
0.5567483901977539
0.56307053565979
0.5543010234832764
0.5381462574005127
0.5397243499755859
0.5570495128631592
0.5407612323760986
0.5415098667144775
0.5487048625946045
0.5630919933319092
0.5483150482177734
0.5732026100158691
0.5780282020568848
0.5829362869262695
0.5468950271606445
0.556652307510376
0.5475404262542725
0.5553805828094482
0.5923590660095215
0.5462319850921631
0.5773117542266846
0.5628983974456787
0.5790631771087646
0.5718154907226562
0.5566425323486328
0.5626325607299805
0.5911135673522949
0.5888943672180176
0.5667462348937988
0.5520970821380615
0.5782985687255859
0.5415072441101074
0.5957796573638916
0.5720791816711426
0.5592305660247803
0.5548930168151855
0.5582284927368164
0.6104767322540283
0.5648524761199951
0.5657594203948975
0.5528647899627686
0.5578172206878662
0.5659854412078857
0.5690364837646484
0.580634355545044
0.5692577362060547
0.5478644371032715
0.536644697189331
0.5481419563293457
0.5729808807373047
0.5572924613952637
0.5735840797424316
0.536430835723877
0.5460324287414551
0.5589029788970947
0.5652759075164795
0.568744421005249
0.5553295612335205
0.5473835468292236
0.5448768138885498
0.576514482498169
0.5636858940124512
0.5890781879425049
0.5528526306152344
0.5475049018859863
0.5323147773742676
0.532825231552124
0.5599336624145508
0.5452404022216797
0.5516119003295898
0.5492105484008789
0.552654504776001
0.5470941066741943
0.5586962699890137
0.5429966449737549
0.5637209415435791
0.5539813041687012
0.5661206245422363
0.548067569732666
0.5519647598266602
0.5490946769714355
0.571143627166748
0.559065580368042
0.5570437908172607
0.5557336807250977
0.5590724945068359
0.5338554382324219
0.5619316101074219
0.5324745178222656
0.5584781169891357
0.5381591320037842
0.5328538417816162
0.5657393932342529
0.5483336448669434
0.5571908950805664
0.5640265941619873
0.5421600341796875
0.567979097366333
0.5699777603149414
0.545921802520752
0.5670289993286133
0.5590062141418457
0.5479772090911865
0.5596721172332764
0.5452914237976074
0.5546324253082275
0.5339224338531494
0.5720372200012207
0.5722241401672363
0.5557231903076172
0.565171480178833
0.5587546825408936
0.5708403587341309
0.5567800998687744
0.539339542388916
0.5382280349731445
0.5365982055664062
0.5338878631591797
0.5743260383605957
0.6683778762817383
0.6788713932037354
0.5746691226959229
0.5778272151947021
0.5583541393280029
0.5529453754425049
0.5936267375946045
0.5551958084106445
0.5544493198394775
0.5528464317321777
0.5649673938751221
0.5403091907501221
0.5647754669189453
0.5464894771575928
0.5414819717407227
0.5653634071350098
0.5395228862762451
0.5562682151794434
0.5496139526367188
0.5948567390441895
0.565087080001831
0.5562405586242676
0.5379478931427002
0.5583772659301758
0.5637049674987793
0.5458331108093262
0.5485224723815918
0.5630183219909668
0.5718264579772949
0.5325641632080078
0.5486421585083008
0.5528068542480469
0.5488510131835938
0.5480086803436279
0.5639476776123047
0.5768885612487793
0.5404555797576904
0.5454180240631104
0.5425808429718018
0.5414972305297852
0.5808887481689453
0.5680243968963623
0.5533452033996582
0.5527825355529785
0.5499866008758545
0.536557674407959
0.5554280281066895
0.5746068954467773
0.5482063293457031
0.551917552947998
0.5613651275634766
0.571197509765625
0.55399489402771
0.5628132820129395
0.558631420135498
0.5400588512420654
0.5708415508270264
0.5499286651611328
0.5515739917755127
0.5550155639648438
0.5365467071533203
0.5346684455871582
0.5507361888885498
0.580141544342041
0.5644569396972656
0.5519900321960449
0.5539796352386475
0.542762279510498
0.535999059677124
0.5518746376037598
0.5619635581970215
0.5769987106323242
0.555229663848877
0.5545010566711426
0.5550673007965088
0.5506641864776611
0.5666942596435547
0.5347719192504883
0.5448315143585205
0.5512425899505615
0.5453798770904541
0.572136402130127
0.5430128574371338
0.5450048446655273
0.5320959091186523
0.5583536624908447
0.5579349994659424
0.5532968044281006
0.546875
0.5699944496154785
0.5890753269195557
0.5589051246643066
0.5489342212677002
0.5539278984069824
0.5638082027435303
0.5649974346160889
0.5658774375915527
0.556710958480835
0.5405211448669434
0.5590176582336426
0.5650484561920166
0.5817675590515137
0.5499341487884521
0.5531899929046631
0.5599164962768555
0.5386364459991455
0.5422244071960449
0.5676310062408447
0.5447382926940918
0.5592055320739746
0.5662398338317871
0.5577569007873535
0.5774502754211426
0.5630700588226318
0.5438745021820068
0.5530471801757812
0.5647852420806885
0.562091588973999
0.5504741668701172
0.5471107959747314
0.5733580589294434
0.5399074554443359
0.5417909622192383
0.5608582496643066
0.5572290420532227
0.5592684745788574
0.5513365268707275
0.5596959590911865
0.5748870372772217
0.5621576309204102
0.5382418632507324
0.5676913261413574
0.5526666641235352
0.5631709098815918
0.5475761890411377
0.5307497978210449
0.5508756637573242
0.5647814273834229
0.591778039932251
0.5427742004394531
0.5470893383026123
0.5349783897399902
0.5554513931274414
0.5553078651428223
0.538027286529541
0.5489473342895508
0.5310721397399902
0.557999849319458
0.5554111003875732
0.5391442775726318
0.5736582279205322
0.5457220077514648
0.5477166175842285
0.5471320152282715
0.5510563850402832
0.5679218769073486
0.543114185333252
0.5454838275909424
0.5444507598876953
0.5792202949523926
0.5555765628814697
0.5461080074310303
0.5488994121551514
0.5368988513946533
0.5409963130950928
0.5662064552307129
0.5574758052825928
0.5520846843719482
0.5583875179290771
0.5479304790496826
0.570570707321167
0.5297067165374756
0.5359406471252441
0.5288596153259277
0.5496530532836914
0.5771191120147705
0.599806547164917
0.5511147975921631
0.5532286167144775
0.6139326095581055
0.5724568367004395
0.5448513031005859
0.5339405536651611
0.5361192226409912
0.5553507804870605
0.5725226402282715
0.5549476146697998
0.5359790325164795
0.5452747344970703
0.5669546127319336
0.5607514381408691
0.5299210548400879
0.5693798065185547
0.5541379451751709
0.5457413196563721
0.544224739074707
0.5549824237823486
0.5432732105255127
0.5539782047271729
0.552232027053833
0.5578451156616211
0.5826635360717773
0.5522749423980713
0.5465641021728516
0.554943323135376
0.5537679195404053
0.548295259475708
0.546053409576416
0.5698676109313965
0.5417943000793457
0.5517609119415283
0.5500385761260986
0.5633230209350586
0.5448338985443115
0.5597355365753174
0.5349640846252441
0.5726816654205322
0.5694468021392822
0.5599732398986816
0.5531260967254639
0.5641350746154785
0.5497047901153564
0.5514400005340576
0.5507702827453613
0.5373015403747559
0.552518367767334
0.5595910549163818
0.5320689678192139
0.5661633014678955
0.5436246395111084
0.5476939678192139
0.5259990692138672
0.5519466400146484
0.5621802806854248
0.5407590866088867
0.5502462387084961
0.5452451705932617
0.5663127899169922
0.5361461639404297
0.5389549732208252
0.5543272495269775
0.5479843616485596
0.5561215877532959
0.5545186996459961
0.5522480010986328
0.5481617450714111
0.5765421390533447
0.5533781051635742
0.5607264041900635
0.5429518222808838
0.5480961799621582
0.5370373725891113
0.5367512702941895
0.5407862663269043
0.5533251762390137
0.5422813892364502
0.5653495788574219
0.5626270771026611
0.5596544742584229
0.5403964519500732
0.5399882793426514
0.5767936706542969
0.5779359340667725
0.5541753768920898
0.5402169227600098
0.5725224018096924
0.5660336017608643
0.5627596378326416
0.5354528427124023
0.5450303554534912
0.5560023784637451
0.5550472736358643
0.5465619564056396
0.5535018444061279
0.6226005554199219
0.5805277824401855
0.5488524436950684
0.593111515045166
0.5910167694091797
0.5548593997955322
0.5629768371582031
0.5546936988830566
0.5430896282196045
0.5441594123840332
0.559699535369873
0.5483047962188721
0.5781874656677246
0.5404233932495117
0.5774097442626953
0.5493922233581543
0.581636905670166
0.5638914108276367
0.560969352722168
0.5519778728485107
0.5513384342193604
0.5581161975860596
0.5605721473693848
0.5331587791442871
0.5680761337280273
0.5660908222198486
0.5724160671234131
0.6214289665222168
0.5588350296020508
0.5458970069885254
0.5589029788970947
0.5779507160186768
0.5929570198059082
0.5529043674468994
0.5432326793670654
0.5436427593231201
0.5508079528808594
0.5606579780578613
0.5549366474151611
0.5416011810302734
0.5570039749145508
0.5438125133514404
0.5335896015167236
0.559579610824585
0.5800461769104004
0.5389435291290283
0.566885232925415
0.5550241470336914
0.5501244068145752
0.574486255645752
0.551236629486084
0.54551100730896
0.5545783042907715
0.5479118824005127
0.5479762554168701
0.5421068668365479
0.5613548755645752
0.563072681427002
0.5350568294525146
0.555286169052124
0.5487022399902344
0.5584218502044678
0.5425586700439453
0.5666866302490234
0.5700292587280273
0.5410869121551514
0.5463736057281494
0.5500187873840332
0.5618252754211426
0.5685009956359863
0.5754754543304443
0.5513632297515869
0.552513599395752
0.5695631504058838
0.5498759746551514
0.5837678909301758
0.5948727130889893
0.5592174530029297
0.5526540279388428
0.5731523036956787
0.5671255588531494
0.5555884838104248
0.5356640815734863
0.5590724945068359
0.560725212097168
0.5461947917938232
0.5620808601379395
0.5659570693969727
0.5601818561553955
0.5491206645965576
0.5535571575164795
0.5536134243011475
0.5423102378845215
0.5512750148773193
0.5524868965148926
0.559664249420166
0.5322632789611816
0.5704686641693115
0.5520932674407959
0.546858549118042
0.5386714935302734
0.5408706665039062
0.5642125606536865
0.5442273616790771
0.5759866237640381
0.5302743911743164
0.5540871620178223
0.5447547435760498
0.5449056625366211
0.5451474189758301
0.5549402236938477
0.5583696365356445
0.5402836799621582
0.5421783924102783
0.5292539596557617
0.5451357364654541
0.5547921657562256
0.5541079044342041
0.5318753719329834
0.5487737655639648
0.5307886600494385
0.5395934581756592
0.5480673313140869
0.5697472095489502
0.55184006690979
0.5686283111572266
0.5534968376159668
0.5786392688751221
0.5698728561401367
0.5503237247467041
0.5520229339599609
0.5449671745300293
0.5483996868133545
0.5460259914398193
0.5568289756774902
0.5619339942932129
0.5634841918945312
0.5550813674926758
0.5609898567199707
0.5637600421905518
0.5503640174865723
0.5626537799835205
0.5537774562835693
0.5456511974334717
0.5348594188690186
0.5778765678405762
0.5580403804779053
0.5439908504486084
0.5623064041137695
0.5473010540008545
0.5626978874206543
0.567939281463623
0.5533599853515625
0.5554020404815674
0.5575230121612549
0.5535969734191895
0.5589053630828857
0.5491316318511963
0.54618239402771
0.5429608821868896
0.5775606632232666
0.5655717849731445
0.563868522644043
0.5884222984313965
0.5376851558685303
0.5470006465911865
0.5426497459411621
0.564093828201294
0.5620682239532471
0.5881650447845459
0.5764105319976807
0.5513937473297119
0.5812475681304932
0.5437121391296387
0.5542991161346436
0.5429494380950928
0.5369424819946289
0.5595786571502686
0.5634512901306152
0.550506591796875
0.5730361938476562
0.5768094062805176
0.5682778358459473
0.5514123439788818
0.5688424110412598
0.5607807636260986
0.5449438095092773
0.564131498336792
0.5573484897613525
0.5815119743347168
0.5636711120605469
0.5731565952301025
0.5564265251159668
0.5409798622131348
0.5510594844818115
0.5477948188781738
0.5511136054992676
0.5553300380706787
0.5575137138366699
0.5861525535583496
0.5500602722167969
0.5548582077026367
0.5693717002868652
0.5507698059082031
0.5643796920776367
0.5568578243255615
0.5582852363586426
0.550915002822876
0.5785822868347168
0.5930120944976807
0.6110708713531494
0.534437894821167
0.5549938678741455
0.5761849880218506
0.5707664489746094
0.5511977672576904
0.5451428890228271
0.581627368927002
0.5615441799163818
0.5522522926330566
0.5381157398223877
0.5520076751708984
0.5430309772491455
0.5470490455627441
0.5530776977539062
0.5599932670593262
0.5465936660766602
0.5696732997894287
0.5569629669189453
0.5831916332244873
0.5456969738006592
0.5770282745361328
0.5652451515197754
0.5716397762298584
0.553900957107544
0.577078104019165
0.5739824771881104
0.5686030387878418
0.5754063129425049
0.5640244483947754
0.5803110599517822
0.5464110374450684
0.5681698322296143
0.5664353370666504
0.5531046390533447
0.5889766216278076
0.5454599857330322
0.5737793445587158
0.5906784534454346
0.544687032699585
0.5530879497528076
0.5671353340148926
0.558391809463501
0.5611143112182617
0.5758705139160156
0.5461604595184326
0.5664992332458496
0.5614209175109863
0.5459599494934082
0.535391092300415
0.5615830421447754
0.5454492568969727
0.5626351833343506
0.5517709255218506
0.5357041358947754
0.559837818145752
0.53554368019104
0.5541477203369141
0.5532548427581787
0.5630679130554199
0.5509247779846191
0.57706618309021
0.5409443378448486
0.5529346466064453
0.5790026187896729
0.5636255741119385
0.5593204498291016
0.5738694667816162
0.5349411964416504
0.552046537399292
0.5699913501739502
0.571641206741333
0.5399754047393799
0.5537543296813965
0.5426058769226074
0.5526597499847412
0.5474143028259277
0.5420598983764648
0.5709295272827148
0.6130595207214355
0.6562206745147705
0.5869085788726807
0.5781254768371582
0.5446679592132568
0.5576014518737793
0.5630521774291992
0.5301439762115479
0.673316240310669
0.642632246017456
