Timing log for each step:
0.02001667022705078
5.609100580215454
5.612102270126343
5.54804253578186
5.593084812164307
5.5170183181762695
5.60709810256958
5.626118898391724
5.637125492095947
5.639127492904663
5.559051275253296
5.569063425064087
5.6641504764556885
5.570065498352051
5.680164575576782
5.618108749389648
5.664150238037109
5.645132064819336
5.610100030899048
5.6511383056640625
5.615106105804443
5.593085289001465
5.615104913711548
5.6341235637664795
5.619109153747559
5.6371259689331055
5.586078405380249
5.525023460388184
5.644131183624268
5.582075834274292
5.647135019302368
5.581074476242065
5.636125087738037
5.596088409423828
5.627116441726685
5.596089124679565
5.6361260414123535
5.602093696594238
5.6821675300598145
5.575068235397339
5.629117965698242
5.6251137256622314
5.500001668930054
5.670154809951782
5.5780723094940186
5.578071594238281
5.736216068267822
5.488991022109985
5.541037321090698
5.64713454246521
5.590087175369263
5.786261320114136
5.586080312728882
5.583076238632202
5.627116680145264
5.612102508544922
5.706188678741455
5.5390355587005615
5.563058614730835
5.536034822463989
5.6000916957855225
5.606096982955933
5.669154405593872
5.5680625438690186
5.624114751815796
5.646135330200195
5.658144950866699
5.533030986785889
5.527027368545532
5.566061019897461
5.623111724853516
5.652139902114868
5.7131946086883545
5.627115726470947
5.58708119392395
5.631120204925537
5.633121967315674
5.680164575576782
5.671156406402588
5.870337724685669
5.620110750198364
5.585078239440918
5.602094411849976
5.598090887069702
5.645132780075073
5.653140306472778
5.689172029495239
5.5170159339904785
5.60709810256958
5.578071594238281
5.5970892906188965
5.6030943393707275
5.591084241867065
5.6651506423950195
5.60109281539917
5.623112201690674
5.630119800567627
5.695177793502808
5.543041467666626
5.671156883239746
5.600092172622681
5.6131041049957275
5.865332841873169
5.570065021514893
5.643131732940674
5.677161931991577
5.665151834487915
5.6181089878082275
5.564059019088745
5.567062616348267
5.615106582641602
5.595087766647339
5.639127492904663
5.572066783905029
5.53803563117981
5.647133827209473
5.583076477050781
5.587080240249634
5.5750696659088135
5.564059019088745
5.646133184432983
5.514013767242432
5.628117322921753
5.514013051986694
5.5600550174713135
5.724204778671265
5.588080406188965
5.596088409423828
5.716196775436401
5.598089933395386
5.706187725067139
5.60709810256958
5.585078001022339
5.612105846405029
5.604095220565796
5.609101057052612
5.53903603553772
5.69718074798584
5.569064617156982
5.663149118423462
5.590082883834839
5.541039228439331
5.656142711639404
5.6070990562438965
5.56205677986145
5.587081432342529
5.602093696594238
5.5350341796875
5.668154239654541
5.5970892906188965
5.684168338775635
5.559054136276245
5.713194847106934
5.511011123657227
5.575069189071655
5.641129493713379
5.678162574768066
5.671155691146851
5.657143831253052
5.685168504714966
5.620110273361206
5.539036512374878
5.67616081237793
5.6941773891448975
5.643131494522095
5.544041156768799
5.593085289001465
5.732212781906128
5.609099388122559
5.656141996383667
5.639127016067505
5.674159526824951
5.6090989112854
5.575069427490234
5.547043800354004
5.650137901306152
5.691174745559692
5.655142307281494
5.53803563117981
5.58407735824585
5.6271162033081055
5.723203659057617
5.619109869003296
5.551046848297119
5.564059257507324
5.686170816421509
5.604095697402954
5.642131090164185
5.577070474624634
5.664150238037109
5.660145998001099
5.6701555252075195
5.625114917755127
5.594087362289429
5.659146547317505
5.678164005279541
5.662147760391235
5.647134780883789
5.628117561340332
5.672157526016235
5.5880820751190186
5.669153928756714
5.6050965785980225
5.628117561340332
5.582075595855713
5.684168577194214
5.598090648651123
5.635124683380127
5.566060304641724
5.703186273574829
5.650137424468994
5.6221113204956055
5.722203016281128
5.683167219161987
5.765243291854858
5.9594175815582275
5.953412771224976
5.567062616348267
5.647135019302368
5.5200183391571045
5.7752509117126465
5.664150714874268
5.5660600662231445
5.737216472625732
5.682168006896973
5.7342143058776855
5.708191394805908
5.705187559127808
5.561056613922119
5.697180986404419
5.606097221374512
5.653140544891357
5.577071189880371
5.562057256698608
5.667152404785156
5.610100984573364
5.590082883834839
5.5970892906188965
5.642130613327026
5.9954516887664795
5.606097221374512
5.585078001022339
5.656142950057983
5.586082458496094
5.6351237297058105
5.595087051391602
5.628117561340332
5.5730671882629395
5.646133899688721
5.546041965484619
5.600090980529785
5.585078716278076
5.690174102783203
5.610100269317627
5.620110034942627
5.598090410232544
5.591084003448486
5.55905556678772
5.566060781478882
5.991448163986206
5.711193084716797
5.650136709213257
5.631120681762695
5.650137901306152
5.623112916946411
5.6631481647491455
5.585078477859497
5.642130613327026
5.641129493713379
5.605098009109497
5.680164813995361
5.627116918563843
5.618106842041016
5.653140068054199
5.602094411849976
5.7021849155426025
5.593085765838623
5.639127254486084
5.662147521972656
5.626115083694458
5.563058376312256
5.638126850128174
5.64012885093689
5.559054374694824
5.650137901306152
5.507006883621216
5.564059734344482
5.667152404785156
5.591083288192749
5.708190202713013
5.567062854766846
5.58808159828186
5.591084003448486
5.707189083099365
5.623112916946411
5.613103628158569
5.684168338775635
5.564059019088745
5.675160646438599
5.6681530475616455
5.577070951461792
5.624113321304321
5.588081121444702
5.590082406997681
5.613104343414307
5.633122205734253
5.568061351776123
5.593084812164307
5.685168743133545
5.648135662078857
5.6050965785980225
5.560055732727051
5.651138067245483
5.6431310176849365
5.602093458175659
5.942403078079224
5.924386739730835
5.519017457962036
5.5700647830963135
5.681166172027588
5.648135185241699
5.60509729385376
5.676161050796509
5.566060543060303
5.594085216522217
5.617107152938843
5.7612388134002686
5.623112201690674
5.6331212520599365
5.663149833679199
5.622112989425659
5.629118204116821
5.573066711425781
5.631120443344116
5.683168172836304
5.621112108230591
5.600092172622681
5.58808159828186
5.696179151535034
5.582076787948608
5.582075595855713
5.674159288406372
5.642131328582764
5.523021936416626
5.59108829498291
5.598090410232544
5.658144235610962
5.606097221374512
5.862329721450806
5.639127731323242
5.614105701446533
5.624113321304321
5.6791627407073975
5.643130779266357
5.622112989425659
5.694176435470581
5.721203088760376
5.604093551635742
5.668154001235962
5.68016505241394
5.632120370864868
5.747225284576416
5.712194204330444
5.597089767456055
5.651137828826904
5.605097532272339
5.616106271743774
5.682166814804077
5.5750720500946045
5.617106676101685
5.549045085906982
5.689172267913818
5.585078001022339
5.709191799163818
5.660147190093994
5.552049160003662
5.684169054031372
5.572066307067871
5.604095697402954
5.598089933395386
5.5750696659088135
5.6511390209198
5.644131898880005
5.634122848510742
5.639127016067505
5.680164337158203
5.609099626541138
5.650137186050415
5.61610746383667
5.688170433044434
5.966424942016602
6.002457857131958
5.6831676959991455
5.555050849914551
5.613104343414307
5.544041156768799
5.6891725063323975
5.619109153747559
5.645132303237915
5.677161693572998
5.711198329925537
5.651138067245483
5.644132137298584
5.601092338562012
5.5940868854522705
5.677161931991577
5.613103866577148
5.541036605834961
5.595088005065918
5.663148880004883
5.658144474029541
5.638126611709595
5.692174911499023
5.692176103591919
5.6541407108306885
5.644131898880005
5.69818115234375
5.623112916946411
5.539036750793457
5.633121967315674
5.65313982963562
5.608099460601807
5.605096817016602
5.608099699020386
5.652140140533447
5.599090814590454
5.933395147323608
5.67415976524353
6.062512159347534
5.618107795715332
5.653141260147095
5.885351896286011
5.812284231185913
5.620110034942627
5.631119966506958
5.6000916957855225
5.952411890029907
5.7212018966674805
5.516016483306885
5.593087911605835
5.890355587005615
5.800273656845093
5.692176818847656
6.3427674770355225
5.805277585983276
5.79026460647583
5.601092338562012
5.6171064376831055
5.791272401809692
5.766242980957031
5.5190184116363525
5.654140949249268
5.8102827072143555
5.743222236633301
5.6831676959991455
5.5350329875946045
5.680164337158203
5.7722485065460205
5.632122039794922
5.622112035751343
5.586079120635986
5.5750696659088135
5.538034915924072
5.685169696807861
5.699181795120239
5.674159526824951
5.678162336349487
5.575069427490234
5.609099626541138
5.566060543060303
5.65714430809021
5.5410377979278564
5.687170743942261
5.628116607666016
5.4789814949035645
5.74922776222229
5.707190275192261
5.987444877624512
5.854323148727417
5.663149356842041
5.522021293640137
5.796270370483398
5.7292094230651855
5.680164813995361
5.542039155960083
5.663149356842041
5.679163932800293
5.784259080886841
5.553048849105835
5.767242670059204
5.782257318496704
5.748226642608643
5.545041799545288
5.454960107803345
5.626115083694458
5.713194847106934
5.713194370269775
5.668154239654541
5.7472264766693115
5.782257556915283
5.606098413467407
5.886353492736816
5.802276134490967
5.690174102783203
5.491992950439453
5.7432215213775635
5.800273656845093
5.632122039794922
5.711193084716797
5.730210065841675
5.717199087142944
5.706188917160034
5.603094577789307
5.738216876983643
5.7512290477752686
5.704187393188477
5.549045562744141
5.67516016960144
5.7181994915008545
5.70819091796875
5.6731579303741455
5.767243385314941
5.610101699829102
5.715196132659912
5.550046443939209
5.773248672485352
5.677161455154419
5.692176103591919
5.502002239227295
5.782257795333862
5.773250102996826
5.72520637512207
5.593086242675781
5.711193084716797
5.765241384506226
5.7582361698150635
5.587080001831055
5.6511383056640625
5.65313982963562
5.739218235015869
5.573067903518677
5.878345727920532
5.901364803314209
5.641129016876221
5.641128778457642
5.821292877197266
5.78826379776001
5.7372167110443115
5.517016410827637
5.634122848510742
5.582075595855713
5.6040940284729
5.553048849105835
5.61210298538208
5.6411285400390625
5.714196681976318
5.575068950653076
5.609100818634033
5.489991188049316
5.5160157680511475
5.543039798736572
5.506006479263306
5.580073833465576
5.552048206329346
5.896361589431763
5.740219593048096
5.78325891494751
5.8473169803619385
5.790264844894409
5.791266441345215
5.894360303878784
5.719200611114502
5.758233547210693
5.7522292137146
5.780256032943726
5.6461334228515625
5.682166814804077
5.728208303451538
5.749228000640869
5.807281255722046
5.7582361698150635
5.76624321937561
5.698180675506592
5.874341249465942
5.717198848724365
5.73021125793457
5.708325147628784
5.757532596588135
5.801274299621582
5.797270774841309
5.837307929992676
5.763241291046143
5.701184511184692
5.834304571151733
5.715195894241333
5.84131121635437
5.906371355056763
5.67716121673584
5.662148475646973
5.724204778671265
6.163604497909546
5.684168815612793
5.7772533893585205
5.62811803817749
5.47998309135437
6.076526403427124
5.64713454246521
5.712193250656128
5.706187963485718
5.568063497543335
5.682166814804077
5.75823450088501
5.681782245635986
5.683167934417725
5.486988544464111
5.7482264041900635
5.583076000213623
5.575068712234497
5.693176031112671
5.746225118637085
5.7592246532440186
5.522021293640137
5.610100984573364
5.717198371887207
5.674158811569214
5.720201015472412
5.530026912689209
5.6271162033081055
5.676160573959351
5.71519660949707
5.591084957122803
5.58407735824585
5.477980852127075
5.5160157680511475
5.719200134277344
5.613104820251465
5.545042276382446
5.408918142318726
5.756233215332031
5.693176984786987
5.551048278808594
5.553049325942993
5.6161065101623535
5.615105390548706
5.655141592025757
5.54304051399231
5.4869890213012695
5.437944412231445
5.554050922393799
5.675159931182861
5.632120370864868
5.409919500350952
5.698180437088013
5.717198848724365
5.797271728515625
5.562057733535767
5.627115726470947
5.500000715255737
5.479993104934692
5.636124134063721
5.57106614112854
5.588080644607544
5.553048849105835
5.577072381973267
5.758235692977905
5.55605149269104
5.668153762817383
5.528026342391968
5.60309362411499
5.514015197753906
5.574068784713745
5.538035154342651
5.619548559188843
5.493997097015381
5.446952819824219
5.529028654098511
5.418928384780884
5.537034749984741
5.472977161407471
5.472976446151733
5.486989736557007
5.509008884429932
5.464883327484131
5.484987020492554
5.388899803161621
5.535032749176025
5.5000011920928955
5.49184775352478
5.495997190475464
5.335850954055786
5.507007837295532
5.584300756454468
5.547044038772583
5.536034107208252
5.530029058456421
5.579072713851929
5.405914545059204
5.535032510757446
5.718198537826538
5.631119966506958
5.963421583175659
6.035489320755005
5.810281276702881
5.862329483032227
5.7191996574401855
5.511011362075806
5.604095220565796
5.510010719299316
6.031707763671875
5.594086647033691
5.457964181900024
5.443949460983276
5.522021055221558
5.6611480712890625
5.480983257293701
5.4869890213012695
5.34786319732666
5.492994546890259
5.37288498878479
5.540037155151367
5.572066307067871
5.449956893920898
5.402913331985474
5.46496844291687
5.5380353927612305
5.506526947021484
5.595086574554443
5.546043157577515
5.7342143058776855
5.486988544464111
5.495997905731201
5.4939963817596436
5.497998476028442
5.5980894565582275
5.690173864364624
5.601093053817749
5.5250232219696045
5.694178104400635
5.462967872619629
5.50900936126709
5.679164171218872
5.580075025558472
5.518017768859863
5.733212232589722
5.814287185668945
5.4829864501953125
5.549084663391113
5.6431310176849365
5.523022651672363
5.700183868408203
5.944404602050781
5.5130133628845215
5.481984376907349
5.678163290023804
5.465970277786255
5.6111016273498535
5.648135423660278
5.407916307449341
6.0955424308776855
5.588080644607544
5.489990949630737
5.793268203735352
5.9343955516815186
5.747225999832153
5.6591455936431885
5.488990783691406
5.663149833679199
5.5880820751190186
5.552047491073608
5.692075729370117
5.731210947036743
5.6040942668914795
5.463968753814697
5.55505108833313
5.424932241439819
5.62211275100708
5.830301761627197
5.493995189666748
5.667152166366577
5.7272069454193115
5.779255151748657
5.8823487758636475
5.7672438621521
5.59809136390686
5.694178342819214
5.670155763626099
5.50600790977478
5.725209474563599
5.78525972366333
5.768678665161133
5.511011123657227
6.216652870178223
5.6401286125183105
5.4819841384887695
5.616106033325195
5.741219758987427
5.536033630371094
5.689809322357178
5.584076881408691
5.542038679122925
5.888792991638184
5.734213590621948
5.5270256996154785
5.783259153366089
5.5840771198272705
5.744302034378052
5.575069189071655
5.758235692977905
5.702615261077881
5.465971231460571
5.670377731323242
5.845314979553223
5.609099626541138
5.7602379322052
5.778254270553589
5.5520501136779785
5.728208780288696
5.811662912368774
5.5278236865997314
5.723203659057617
5.673160076141357
5.572065830230713
5.67415976524353
5.651139736175537
5.47397780418396
5.603094577789307
5.723203420639038
5.522021293640137
5.729210138320923
5.8012754917144775
5.660147190093994
5.504004001617432
5.44495153427124
5.559058904647827
5.507007598876953
5.313833951950073
5.534032821655273
5.537034034729004
5.59008264541626
5.531029462814331
5.463968276977539
5.534032344818115
5.628117322921753
5.44495153427124
5.473976373672485
5.587079763412476
5.480983734130859
5.486520528793335
5.436943054199219
5.514013290405273
5.472975730895996
5.54304051399231
5.577070951461792
5.437944173812866
5.534032106399536
5.547418832778931
5.573068618774414
5.438945055007935
5.564059257507324
5.547043800354004
5.511009693145752
5.444950103759766
5.447953701019287
5.51821494102478
5.533031225204468
5.613181829452515
5.482986211776733
5.473978042602539
5.472976922988892
5.943404197692871
5.795822381973267
5.7650861740112305
5.742219924926758
5.668154716491699
5.904369354248047
6.154596567153931
6.202639818191528
6.057506799697876
5.587079763412476
5.580073595046997
5.619109392166138
5.540037631988525
5.604095935821533
5.511010408401489
5.565059661865234
5.617108345031738
5.762239694595337
5.7972705364227295
5.609100103378296
5.555050373077393
5.574066638946533
5.619109630584717
5.629117727279663
5.525023937225342
5.538036346435547
5.634122133255005
5.557053089141846
5.531030178070068
5.585078239440918
5.5840771198272705
5.6101014614105225
5.518017768859863
5.562057971954346
5.545042276382446
5.589081525802612
5.613102912902832
5.556051015853882
5.568061590194702
5.675159692764282
5.559054613113403
5.581074237823486
5.55004620552063
5.496998310089111
5.54704475402832
5.590083837509155
5.613103866577148
5.507005929946899
5.5680623054504395
5.581074476242065
5.536033868789673
5.49299430847168
5.589082479476929
5.630118131637573
5.637124538421631
5.545041561126709
5.571065187454224
5.54203987121582
5.488990783691406
5.719199895858765
5.569063186645508
5.515015125274658
5.910373687744141
5.704187393188477
5.604096412658691
5.691174507141113
5.6731579303741455
5.502002239227295
5.612102746963501
5.64012885093689
5.57807183265686
5.533031463623047
5.606097221374512
5.560055732727051
5.522021293640137
5.664150714874268
5.611102104187012
5.628116130828857
5.5710649490356445
5.551046133041382
5.53703498840332
5.549046039581299
5.5810747146606445
5.590083360671997
5.5870795249938965
5.576070070266724
5.586078643798828
5.576068639755249
5.5360331535339355
5.591083765029907
5.612102508544922
5.5020036697387695
5.587080240249634
5.564058780670166
5.54604172706604
5.584077596664429
5.549046516418457
5.6070990562438965
5.589082956314087
5.555052757263184
5.529026031494141
5.563057899475098
5.5570526123046875
5.538036823272705
5.593085050582886
5.616105079650879
5.532031059265137
5.596088171005249
5.5460426807403564
5.5400378704071045
5.517016172409058
5.5250244140625
5.56506085395813
5.51901912689209
5.585078477859497
5.534031629562378
5.603094577789307
5.545042991638184
5.515013933181763
5.5700647830963135
5.491993427276611
5.516014099121094
5.566060781478882
5.581074476242065
5.5860795974731445
5.599090814590454
5.64713454246521
5.507007122039795
5.4709742069244385
5.5720672607421875
5.5920844078063965
5.6291186809539795
5.522021532058716
5.448954105377197
5.505005121231079
5.608098745346069
5.446951866149902
5.506006240844727
5.58407735824585
5.596087694168091
5.530029058456421
5.510009765625
5.480983257293701
5.571065902709961
5.581074476242065
5.529027462005615
5.55004620552063
5.551047086715698
5.609100818634033
5.792267322540283
5.70919132232666
5.65714430809021
5.537034273147583
5.611101865768433
5.555050849914551
5.540038347244263
5.588081359863281
5.548044204711914
5.530027627944946
5.568062782287598
5.66414999961853
5.968425750732422
5.638808250427246
5.6731579303741455
5.5430402755737305
5.611101388931274
5.5310282707214355
5.543040037155151
5.592084884643555
5.458963632583618
5.5230207443237305
5.51201319694519
5.564058780670166
5.49399471282959
5.606096982955933
5.484987497329712
5.5170207023620605
5.5630574226379395
5.525022983551025
5.4889912605285645
5.655142068862915
5.564058542251587
5.558053493499756
5.463967800140381
5.563058614730835
5.547043323516846
5.562058925628662
5.520018815994263
5.461966276168823
5.542039394378662
5.505005121231079
5.506006240844727
5.53403115272522
5.623112440109253
5.477980613708496
5.494995832443237
5.55004620552063
5.544041156768799
5.521019220352173
5.53102970123291
5.507010221481323
5.533030986785889
6.3037309646606445
5.754231691360474
6.493719100952148
