Timing log for each step:
0.01801753044128418
5.775724411010742
5.7094902992248535
5.947624206542969
5.8813560009002686
5.839292287826538
5.842746257781982
5.991789102554321
5.851152420043945
5.8794167041778564
5.891201972961426
5.845420837402344
5.973216533660889
6.0537965297698975
5.955562353134155
6.003322124481201
5.956129550933838
6.335954189300537
5.946121692657471
5.93280816078186
5.764147758483887
5.1845738887786865
5.015677213668823
5.238596677780151
5.835827827453613
5.659520149230957
6.004366874694824
5.574962615966797
5.813323736190796
5.423757553100586
5.966458082199097
5.7460479736328125
5.577376842498779
6.236987113952637
5.864264965057373
5.456458568572998
5.223078966140747
5.21866512298584
5.554032325744629
5.249724626541138
5.232754707336426
5.266240358352661
5.184746503829956
5.309422016143799
5.247011423110962
5.510892152786255
5.410789251327515
5.244904041290283
5.134487152099609
5.188106060028076
5.475160121917725
5.331591844558716
5.225761890411377
5.259131193161011
5.291893482208252
5.4875264167785645
5.337175607681274
5.2956223487854
5.235916376113892
5.176069974899292
5.387925386428833
5.386310338973999
5.328675270080566
5.301197290420532
5.308459758758545
5.454465389251709
5.388251781463623
5.309048414230347
5.359158277511597
5.953702211380005
5.435436487197876
5.26916766166687
5.187855958938599
5.361987113952637
5.8407063484191895
6.180789232254028
5.3296918869018555
5.460777997970581
5.509783506393433
5.585232496261597
5.245892524719238
5.7347941398620605
5.238094091415405
5.1936469078063965
5.259656667709351
5.416445255279541
5.1938254833221436
5.1680638790130615
5.645972728729248
5.278375625610352
5.266360521316528
5.608541965484619
5.206005096435547
5.325856685638428
5.683333873748779
5.232310771942139
5.268648386001587
5.302335262298584
5.361418962478638
5.222411870956421
5.353621482849121
5.185954570770264
5.326835870742798
5.167931795120239
5.337130784988403
5.305757522583008
5.3602166175842285
5.591853618621826
5.965685606002808
5.621707201004028
5.361526012420654
5.38506293296814
5.303287982940674
5.616556882858276
5.530585765838623
4.651888847351074
