Timing log for each step:
0.022018909454345703
8.183020830154419
5.782583236694336
5.7355427742004395
5.939581632614136
5.788303852081299
5.8716466426849365
5.4249560832977295
4.932286739349365
5.7454681396484375
5.075237989425659
5.089404582977295
5.308170557022095
5.17621636390686
5.143853425979614
4.911976337432861
4.790460824966431
4.86991548538208
4.769408226013184
4.797783136367798
4.663958549499512
4.768036127090454
4.658454179763794
4.78584361076355
4.738361835479736
4.730894327163696
4.659070253372192
4.803689241409302
4.8776280879974365
4.676569938659668
4.799643039703369
4.80938720703125
4.716601133346558
4.739047288894653
4.6646668910980225
4.753302335739136
4.841348648071289
4.8194661140441895
4.757913827896118
4.8854382038116455
4.774494171142578
4.757230281829834
4.804974794387817
4.8872644901275635
4.88489031791687
4.76302695274353
4.838730573654175
4.893303632736206
4.714244604110718
4.768935680389404
4.6406755447387695
4.769448280334473
4.736035108566284
4.775012254714966
4.7472944259643555
4.779406547546387
4.773597478866577
4.760104179382324
4.784533500671387
4.764978885650635
4.798487424850464
4.7795023918151855
4.830103158950806
4.731358289718628
4.804363965988159
4.828986167907715
4.665794134140015
4.699575424194336
4.632219076156616
4.705381393432617
4.857700824737549
4.812075614929199
4.766034364700317
4.785749912261963
4.696693181991577
4.753143072128296
4.825430870056152
4.820384740829468
4.726197004318237
4.835846662521362
4.848775386810303
4.911993741989136
4.927858591079712
4.869530200958252
4.966089248657227
4.705419063568115
4.803457260131836
4.823312282562256
4.864272356033325
4.706876993179321
4.884538173675537
4.934394359588623
4.7097649574279785
