Timing log for each step:
0.014014482498168945
5.2600953578948975
5.248832941055298
5.248043060302734
5.299561977386475
5.305532217025757
5.164055347442627
5.369438171386719
5.210427522659302
5.311413049697876
5.238175868988037
5.304633140563965
5.182522535324097
5.224237442016602
5.320917129516602
5.204407453536987
5.258819818496704
5.295971870422363
5.247381925582886
5.398738622665405
5.396804094314575
5.2559874057769775
5.2433390617370605
5.163132905960083
5.255268096923828
5.139392375946045
5.355968475341797
5.350502014160156
5.504956245422363
5.393835783004761
5.359072208404541
5.240820407867432
5.316878795623779
5.422012805938721
5.26635479927063
5.361056089401245
5.424678087234497
5.313980340957642
5.437091588973999
5.313271999359131
5.432886123657227
5.423933267593384
5.554563283920288
5.527079105377197
5.4202234745025635
5.390909671783447
5.382368564605713
5.34897255897522
5.398935317993164
5.36012077331543
5.492840051651001
5.291649341583252
5.386257886886597
5.341900587081909
5.338052749633789
5.414215564727783
5.320398330688477
5.3231520652771
5.474141359329224
5.409486293792725
5.371354579925537
5.373058080673218
5.229776620864868
5.395175218582153
5.346512317657471
5.344255685806274
5.335407257080078
5.366740942001343
5.398291826248169
5.441494464874268
5.32061243057251
5.352646827697754
5.39244270324707
5.221096038818359
5.533043622970581
5.379940986633301
5.413028955459595
5.409235715866089
5.475721836090088
5.34945011138916
5.343897819519043
5.413774490356445
5.452544212341309
5.348188400268555
5.279780149459839
5.444645643234253
5.336768865585327
5.451838493347168
5.2973761558532715
5.404963493347168
5.226266384124756
5.446531057357788
5.492066860198975
5.334411859512329
5.420516014099121
5.431802988052368
5.486242771148682
5.44844913482666
5.3818199634552
5.3792619705200195
5.2342047691345215
5.459003448486328
5.221564054489136
5.378220796585083
5.347381114959717
5.296374559402466
5.393994569778442
5.426945447921753
5.283751487731934
5.561111211776733
5.3569512367248535
5.290892124176025
5.512619733810425
5.525077819824219
5.384984970092773
5.447893857955933
5.294684410095215
5.4218714237213135
5.503218173980713
5.382235527038574
5.416859865188599
5.44619345664978
5.51755166053772
5.504278898239136
5.4285502433776855
5.432875871658325
5.488792657852173
5.39839768409729
5.5342254638671875
5.359208106994629
5.401800870895386
5.385585069656372
5.377368688583374
5.369327545166016
5.491540908813477
5.416414976119995
5.360870122909546
5.395041465759277
5.331427812576294
5.312814950942993
5.518913507461548
5.4505064487457275
5.388054847717285
5.504526853561401
5.5785887241363525
5.450232982635498
5.482040166854858
5.33446478843689
5.357438564300537
5.382268190383911
5.301171064376831
5.389141082763672
5.377405166625977
5.349939584732056
5.410123109817505
5.467015266418457
5.414469957351685
5.430411100387573
5.38104772567749
5.53860068321228
5.427698373794556
5.4863197803497314
5.365378379821777
5.31390905380249
5.469473838806152
5.391961336135864
5.551982164382935
5.467031717300415
5.445821285247803
5.496307134628296
5.314406633377075
5.568650245666504
5.571644306182861
5.301292419433594
5.421996355056763
5.56268835067749
5.292357921600342
5.446121454238892
5.468414306640625
5.386589050292969
5.348243474960327
5.456212043762207
5.3861284255981445
5.509350061416626
5.411376476287842
5.485384464263916
5.152617454528809
5.434031963348389
5.481586933135986
5.4496214389801025
5.516155242919922
5.351426601409912
5.368607521057129
5.354788541793823
5.44052529335022
5.497050762176514
5.43026328086853
5.501240491867065
5.315463304519653
5.275665760040283
5.418578624725342
5.23603367805481
5.438604116439819
5.4691877365112305
5.492922306060791
5.319328784942627
5.790768623352051
5.459126710891724
5.346790552139282
5.4798173904418945
5.4278528690338135
5.374649524688721
5.403170585632324
5.387077808380127
5.461007356643677
5.50711989402771
5.332496643066406
5.2637670040130615
5.4486119747161865
5.408015966415405
5.503811359405518
5.446333408355713
5.481685161590576
5.367061614990234
5.4852306842803955
5.8263258934021
5.587992429733276
5.368941068649292
5.485473871231079
5.259259223937988
5.220795631408691
5.411755800247192
5.3778767585754395
5.4980199337005615
5.351924896240234
5.52945613861084
5.3472371101379395
5.4035608768463135
5.344058990478516
5.380429744720459
5.4338929653167725
5.275815486907959
5.298784971237183
5.4899749755859375
5.477235555648804
5.446457147598267
5.372776508331299
5.461042165756226
5.308771133422852
5.295365810394287
5.398006916046143
5.471651792526245
5.429420471191406
5.374072551727295
5.449281215667725
5.416267395019531
5.54662561416626
5.510645627975464
5.325459241867065
5.337414026260376
5.4934351444244385
5.367464303970337
5.336807489395142
5.458031177520752
5.4033637046813965
5.347925424575806
5.517582416534424
5.360857963562012
5.428602457046509
5.420482397079468
5.268085956573486
5.4107279777526855
5.469485282897949
5.394183158874512
5.43849515914917
5.505985975265503
5.474181652069092
5.535387992858887
5.393131494522095
5.4855735301971436
5.657566785812378
5.490210771560669
5.2248194217681885
5.471246242523193
5.360446214675903
5.51352071762085
5.398301839828491
5.517521142959595
5.4818596839904785
5.445434808731079
5.429486274719238
5.339942216873169
5.5864057540893555
5.530338525772095
5.516589403152466
5.2581565380096436
5.4408934116363525
5.489081621170044
5.320127964019775
5.28834080696106
5.429303884506226
5.378319978713989
5.305368900299072
5.400587558746338
5.345578670501709
5.359760284423828
5.318181753158569
5.458303451538086
5.527809143066406
5.30996561050415
5.400944471359253
5.357954263687134
5.338779449462891
5.379472255706787
5.426427125930786
5.571234941482544
5.447990894317627
5.354916095733643
5.444351673126221
5.327300071716309
5.366304159164429
5.377082586288452
5.758747816085815
5.618537187576294
5.446054458618164
5.35714054107666
5.421169757843018
5.385998725891113
5.533614873886108
5.36882472038269
5.481369972229004
5.373039245605469
5.32538628578186
5.2987141609191895
5.283024549484253
5.4974658489227295
5.584129810333252
5.4134368896484375
5.494267702102661
5.369372844696045
5.511916399002075
5.35416054725647
5.4549195766448975
5.374984264373779
5.515786170959473
5.572094202041626
5.424469232559204
5.468693971633911
5.379707336425781
5.449676275253296
5.46314001083374
5.413483142852783
5.472591400146484
5.428028106689453
5.452721118927002
5.48479700088501
5.429448127746582
5.449355840682983
5.396965742111206
5.32177209854126
5.463511943817139
5.427026987075806
5.437798976898193
5.540006399154663
5.524181604385376
5.501460313796997
5.511076211929321
5.4922497272491455
5.4176881313323975
5.374993085861206
5.431435585021973
5.5005528926849365
5.4242918491363525
5.430723667144775
5.492537260055542
5.448331832885742
5.423546552658081
5.502557277679443
5.502115726470947
5.505068778991699
5.517301321029663
5.342204332351685
5.356248378753662
5.4413440227508545
5.233287572860718
5.338395833969116
5.333079099655151
5.369235515594482
5.391523122787476
5.474966526031494
5.4267168045043945
5.405860424041748
5.410945653915405
5.380845308303833
5.407839775085449
5.490212917327881
5.519049167633057
5.397603750228882
5.537071466445923
5.721280336380005
5.487544536590576
5.519538402557373
5.649235486984253
5.542938947677612
5.424225091934204
5.354876518249512
5.592622995376587
5.673413515090942
5.5425779819488525
5.288353443145752
5.504050016403198
5.5146989822387695
5.466993093490601
5.2754151821136475
5.351980447769165
5.604353666305542
5.56152081489563
5.521327972412109
5.54412055015564
5.47974419593811
5.696373224258423
5.813964605331421
5.573586463928223
5.508532285690308
5.4755167961120605
5.593346834182739
5.245018243789673
5.4630186557769775
5.363012313842773
5.663498401641846
5.872445106506348
5.728298902511597
5.884671211242676
5.371007442474365
5.3460705280303955
5.720027685165405
5.571295976638794
5.34409236907959
5.696368932723999
5.407960891723633
5.502290964126587
5.539693593978882
5.441096067428589
5.499701976776123
5.509415149688721
5.789763689041138
5.932734727859497
5.574421644210815
5.693253517150879
5.686527252197266
5.608739137649536
5.364347696304321
5.56715726852417
5.805581569671631
5.623529434204102
5.4940266609191895
5.464030981063843
5.742109537124634
5.70751166343689
5.334397077560425
5.410604953765869
5.566817760467529
5.844977140426636
5.400467395782471
5.5172119140625
5.791511297225952
5.85174298286438
5.385487079620361
5.488025426864624
6.09355354309082
5.837415933609009
5.295901775360107
5.526204586029053
5.859102964401245
5.684341907501221
5.510607957839966
5.460155010223389
5.657414674758911
5.413402795791626
5.384360074996948
5.860416650772095
5.738797426223755
5.646039962768555
5.596197128295898
5.363444566726685
5.498012542724609
5.654621839523315
5.7261998653411865
5.556178331375122
5.520129919052124
5.578556776046753
5.763070583343506
5.699207067489624
5.66173243522644
5.592067241668701
5.417534828186035
5.6034324169158936
5.745337724685669
5.585626840591431
5.755500316619873
5.496385335922241
5.523700475692749
5.793363809585571
5.795866250991821
5.349459171295166
5.4214136600494385
5.877484560012817
5.7973809242248535
5.646313667297363
5.321411609649658
5.430142879486084
5.454498767852783
5.822806119918823
5.393873453140259
5.419346809387207
5.460438251495361
6.024505615234375
5.756831407546997
5.318127155303955
5.828030347824097
5.9066431522369385
5.388339996337891
5.560328245162964
5.75553560256958
5.481478691101074
5.636565923690796
5.846143007278442
5.411865472793579
5.43996787071228
5.67093300819397
5.613621711730957
5.320802450180054
5.457448959350586
5.882448673248291
5.691555500030518
5.473019599914551
5.67743992805481
5.766010999679565
5.489304065704346
5.61446475982666
5.593426704406738
5.728246450424194
5.689355373382568
5.60809850692749
5.638124942779541
5.704624652862549
5.559440612792969
5.423616647720337
5.63279128074646
5.795809268951416
5.352801084518433
5.336332082748413
5.784637689590454
5.604227781295776
5.7921178340911865
5.51404881477356
5.449371576309204
5.709920644760132
5.611134767532349
5.477372646331787
5.6276795864105225
5.796126842498779
5.659536838531494
5.579635143280029
5.765920877456665
5.609926700592041
5.598404169082642
5.6004109382629395
5.5187647342681885
5.508544921875
5.738214731216431
5.7702929973602295
5.683183908462524
5.351325035095215
5.833275318145752
5.65427041053772
5.472394704818726
5.604038238525391
5.716365814208984
5.661534309387207
5.645823001861572
5.70120644569397
5.486009836196899
5.326866149902344
5.730232238769531
5.334872245788574
5.646156072616577
5.642153263092041
5.528048753738403
5.812307596206665
5.630141019821167
5.550069570541382
5.610124111175537
5.268811464309692
5.564082145690918
5.6261374950408936
5.12768292427063
5.453981161117554
5.781280755996704
5.613125562667847
5.610124349594116
5.512034893035889
5.384917497634888
5.61412787437439
5.32686448097229
5.4379661083221436
5.57509183883667
5.220767974853516
5.428958177566528
5.564082384109497
5.370904922485352
5.6571667194366455
5.547065734863281
5.639149904251099
5.478003978729248
5.444972038269043
5.635146141052246
5.561079263687134
5.281822681427002
5.571087837219238
5.4830076694488525
5.4329612255096436
5.450977802276611
5.682189226150513
5.505026578903198
5.452980279922485
5.641150951385498
5.769268035888672
5.730221748352051
5.5810956954956055
5.272814512252808
5.725228309631348
5.697202920913696
5.262805700302124
5.425954580307007
5.741243362426758
5.469996452331543
5.507029294967651
5.470996141433716
5.570086479187012
5.35889196395874
5.410942554473877
5.54306173324585
5.738240718841553
5.617130517959595
5.377910852432251
5.485008478164673
5.559075832366943
5.702207326889038
5.73723030090332
5.5100319385528564
5.490014553070068
5.684190511703491
5.470996856689453
5.3969292640686035
5.214761018753052
5.519040107727051
5.523043632507324
5.5851006507873535
5.409940242767334
5.6331446170806885
5.5640809535980225
5.413945198059082
6.67509651184082
5.866357326507568
5.7152159214019775
5.618129253387451
5.600926160812378
5.5770933628082275
5.543420314788818
5.960442781448364
6.086555480957031
5.435960292816162
5.496015548706055
5.408930778503418
5.5271689891815186
5.633138179779053
5.640143394470215
5.62613320350647
5.607115983963013
5.905389785766602
5.700201988220215
5.586097717285156
5.729228734970093
5.376906871795654
5.605113983154297
5.820310592651367
5.821312427520752
5.578089952468872
5.50902795791626
5.338958024978638
5.510027885437012
5.4529759883880615
5.3929219245910645
5.4940125942230225
5.687190294265747
5.743240594863892
5.581094264984131
5.597107887268066
5.701201677322388
5.47899866104126
5.834323883056641
5.84032940864563
5.5380539894104
5.802605152130127
5.799292802810669
5.412938833236694
5.496014595031738
5.451974630355835
6.155616521835327
5.650155782699585
5.833321809768677
5.632138967514038
5.503021240234375
5.7852795124053955
5.64515233039856
5.53705358505249
5.821310520172119
5.618127346038818
5.671175718307495
5.76526141166687
5.753248929977417
5.424949407577515
5.662168264389038
5.806297779083252
5.263803243637085
5.660163879394531
5.55562949180603
5.841965675354004
5.3698999881744385
5.322856664657593
5.513030529022217
5.74023699760437
5.387916088104248
5.855342149734497
5.715214967727661
5.711211204528809
5.541055917739868
5.822312355041504
5.696197986602783
5.403932332992554
5.759254217147827
5.600109815597534
5.341872930526733
5.503021001815796
5.4269514083862305
5.416942834854126
5.515032768249512
5.655158996582031
5.832322359085083
5.708208084106445
5.706206798553467
5.512030124664307
5.756253480911255
5.833322525024414
5.300845384597778
5.484004974365234
5.70220422744751
6.2026588916778564
5.475996732711792
5.462985515594482
5.464986801147461
5.635143280029297
5.635144233703613
5.645151138305664
5.577088117599487
5.5330493450164795
5.910391330718994
5.640146017074585
5.904389142990112
5.723222494125366
5.755252122879028
5.6851890087127686
5.682185888290405
5.625133037567139
5.523040294647217
5.624130964279175
5.758254766464233
5.651156902313232
5.404930353164673
5.676179885864258
5.926405429840088
5.335869312286377
5.496016263961792
5.548063278198242
5.578091382980347
5.694196462631226
5.584091663360596
5.342874526977539
5.697197675704956
5.725223779678345
5.83031964302063
5.717216491699219
5.714214563369751
5.36289381980896
5.58009147644043
5.741237640380859
5.907390117645264
5.727225303649902
5.515033483505249
5.467990159988403
5.562076568603516
5.681182861328125
5.767262935638428
5.755251169204712
5.652157783508301
5.5961058139801025
5.678179502487183
5.511029958724976
5.816307306289673
5.430956125259399
5.451975107192993
5.730228424072266
5.60811710357666
5.765260934829712
5.518034934997559
5.423950433731079
5.57508659362793
5.522040128707886
5.720221042633057
5.42795467376709
5.4669883251190186
5.414943218231201
5.848336935043335
5.811303615570068
5.563075542449951
5.672175645828247
5.701202392578125
5.546060562133789
5.69219446182251
5.812302827835083
5.461984395980835
5.527043104171753
5.371898889541626
5.619127035140991
5.554064512252808
5.702202320098877
5.398924112319946
6.532960653305054
5.970446825027466
5.791282892227173
5.52403712272644
5.6711742877960205
5.75324821472168
5.560073375701904
5.481001615524292
5.788281202316284
5.329862356185913
5.846333265304565
5.771265268325806
5.2287702560424805
5.6451497077941895
5.633138418197632
5.412939071655273
5.592101097106934
5.610116720199585
5.437960624694824
5.598106622695923
5.5200355052948
5.468989133834839
5.382910490036011
5.619125843048096
5.519033670425415
5.7852783203125
5.744240045547485
5.41393780708313
5.615122556686401
5.388916015625
5.394922494888306
5.4499711990356445
5.349880218505859
5.511027574539185
5.4419636726379395
5.459978103637695
5.464986562728882
5.468987464904785
5.4299538135528564
5.6361424922943115
5.4519736766815186
5.378906011581421
5.86034631729126
5.661165952682495
5.507025241851807
5.7332305908203125
5.563074827194214
5.546057939529419
5.418944835662842
5.618124723434448
5.662165641784668
5.5360493659973145
5.635140895843506
5.432958126068115
5.556069374084473
5.497015476226807
5.4299540519714355
5.525040864944458
5.973457336425781
5.509024620056152
5.58609676361084
5.73423171043396
5.5450592041015625
5.593101739883423
5.728226184844971
5.746241092681885
5.622128963470459
5.500017166137695
5.458981275558472
5.533046722412109
5.472992181777954
5.381911993026733
5.435967206954956
5.727225303649902
5.484003782272339
5.554066896438599
5.593102693557739
5.492008447647095
5.526041269302368
5.645149230957031
5.559072017669678
5.596105575561523
5.577089071273804
5.47299337387085
5.6401450634002686
5.6131203174591064
5.7852771282196045
5.517033100128174
5.89837908744812
5.316850900650024
5.707206964492798
5.475996494293213
5.4269514083862305
5.587096691131592
5.479999542236328
5.5380518436431885
5.681183338165283
5.515031576156616
5.378906488418579
5.558070182800293
5.53904914855957
5.516031980514526
5.240781545639038
5.80429482460022
5.791282415390015
5.342873811721802
5.656160116195679
5.447970151901245
5.397924900054932
5.711210489273071
5.456979274749756
5.435959100723267
5.59810733795166
5.460982322692871
5.466989278793335
5.411937475204468
5.636141538619995
5.396924018859863
5.50201940536499
5.515031337738037
5.444966793060303
5.509026765823364
5.2828192710876465
5.451974153518677
5.560072898864746
5.60411262512207
5.544057130813599
5.392920017242432
5.445968389511108
5.37990927696228
5.320854902267456
5.483002662658691
5.296832799911499
5.552065134048462
5.4669883251190186
5.371901512145996
5.378906726837158
5.71121072769165
5.492010831832886
5.403928995132446
5.456978797912598
5.5390520095825195
5.500017166137695
5.469990491867065
5.300835132598877
5.375904083251953
5.431953191757202
5.400927782058716
5.498016357421875
5.390920162200928
5.487003803253174
5.288825273513794
5.447969675064087
5.500017404556274
5.394922494888306
5.446970224380493
5.786279201507568
5.37690544128418
5.440963506698608
5.414938688278198
5.368896722793579
5.403927326202393
5.4149391651153564
5.453973770141602
5.499014854431152
5.414938449859619
5.433956146240234
5.487004518508911
5.347879409790039
5.378905773162842
5.318850994110107
5.45897912979126
5.383910179138184
5.343872547149658
5.418942451477051
5.471991300582886
5.494010925292969
5.4900062084198
5.444965362548828
5.513028144836426
5.225765705108643
5.286822319030762
5.510024785995483
5.476995229721069
5.523037672042847
5.386913537979126
5.476995468139648
5.458978652954102
5.460980415344238
5.391917705535889
5.354884147644043
5.306841135025024
5.367895603179932
5.372899770736694
5.465984582901001
5.367895126342773
5.420943737030029
5.366894483566284
5.25378942489624
5.416939973831177
5.410934209823608
5.462982416152954
5.321853160858154
5.546057939529419
5.415939092636108
5.300833702087402
5.461981773376465
5.445967674255371
5.34587550163269
5.453971862792969
5.367894172668457
5.4489686489105225
5.473992824554443
5.385910272598267
5.365894556045532
5.373900651931763
5.489006042480469
5.579088449478149
5.3108437061309814
5.375902891159058
5.427950143814087
5.2968316078186035
5.376903533935547
5.492009401321411
5.350880146026611
5.417939901351929
5.471990585327148
5.351881265640259
5.484001636505127
5.498013734817505
5.500017166137695
5.415937900543213
5.5050208568573
5.41493821144104
5.3708977699279785
5.392918586730957
5.294834613800049
5.383909463882446
5.234773397445679
5.4129369258880615
5.465985298156738
5.449970483779907
5.307841777801514
5.376904726028442
5.396921634674072
5.450972557067871
5.455974817276001
5.503019332885742
5.428950548171997
5.367895603179932
5.4419636726379395
5.507020950317383
5.4870054721832275
5.363889932632446
5.413938760757446
5.454973936080933
5.4359564781188965
5.458978891372681
5.521035194396973
5.518032789230347
5.356885194778442
5.479997634887695
5.385910749435425
5.434956312179565
5.410934686660767
5.386914014816284
5.411934852600098
5.393920421600342
5.454974889755249
5.299834966659546
5.476996183395386
6.072535753250122
5.52804160118103
5.667169094085693
5.713211536407471
5.389915943145752
5.479997873306274
5.446967601776123
5.370899200439453
5.464984178543091
5.377904891967773
5.403927803039551
5.42294454574585
5.459980010986328
5.410935640335083
5.344873905181885
5.455975770950317
5.447969198226929
5.51402735710144
5.383911371231079
5.341871976852417
5.342872619628906
5.553064584732056
5.470988750457764
5.409933567047119
5.334867000579834
5.4739930629730225
5.421944618225098
5.428950548171997
5.290825605392456
5.417942523956299
5.382908821105957
5.343873739242554
5.448969841003418
5.357888698577881
5.4219443798065186
5.351888418197632
5.301833868026733
5.332863807678223
5.438961505889893
5.394921541213989
5.431953430175781
5.504018545150757
5.229769229888916
5.470988988876343
5.455976963043213
5.541054010391235
5.370897054672241
5.413936614990234
5.322855472564697
5.343873739242554
5.308841943740845
5.4489662647247314
5.46598482131958
5.4559760093688965
5.451969861984253
5.4970104694366455
5.342871189117432
5.261797904968262
5.3608880043029785
5.419942140579224
5.388914108276367
5.429951429367065
5.385911703109741
5.406929969787598
5.3889124393463135
5.398920059204102
5.42694878578186
5.479996919631958
5.486002683639526
5.3298585414886475
5.386911630630493
5.3598878383636475
5.487003803253174
5.412935495376587
5.487003326416016
5.436956882476807
5.351879835128784
5.490006685256958
5.449970722198486
5.310843229293823
5.30183482170105
5.414936304092407
5.3308610916137695
5.475993871688843
5.347874402999878
5.458977699279785
5.350879430770874
5.414936780929565
5.4369566440582275
5.523034572601318
5.43795919418335
5.524036169052124
5.563072681427002
5.400924444198608
5.330861806869507
5.431953430175781
5.324854135513306
5.33185887336731
5.411933898925781
5.382907867431641
5.409932851791382
5.441961765289307
5.3708977699279785
5.3578855991363525
5.41493558883667
5.458977460861206
5.35988712310791
5.385910987854004
5.445966482162476
5.3228514194488525
5.286822557449341
5.407932281494141
5.282817363739014
5.441962718963623
5.429951190948486
5.474992275238037
5.4479663372039795
5.346875905990601
5.418941020965576
5.432952880859375
5.483999967575073
5.434953212738037
5.377903699874878
5.319851398468018
5.4729905128479
5.4199395179748535
5.495010614395142
5.457975625991821
5.433954954147339
5.450971364974976
5.490002870559692
5.364890813827515
5.341870069503784
5.453973293304443
5.372898817062378
5.349878549575806
5.367894887924194
5.35688591003418
5.29682993888855
5.426947593688965
5.470988512039185
5.411935806274414
5.325856447219849
5.523036956787109
5.363890647888184
5.401925563812256
5.32485556602478
5.362890005111694
5.468987464904785
5.511025428771973
5.466985702514648
5.436956405639648
5.508020401000977
5.424947023391724
5.419940948486328
5.306845664978027
5.493008613586426
5.4349541664123535
5.376902341842651
5.369896173477173
5.496006965637207
5.463982105255127
5.317848205566406
5.344874143600464
5.4419615268707275
5.434956312179565
5.392917156219482
5.486003160476685
5.344872713088989
5.410933494567871
5.42894983291626
5.400924444198608
5.385910987854004
5.524036884307861
5.467986106872559
5.453972578048706
5.3869123458862305
5.271805763244629
5.407931566238403
5.423941373825073
5.459977865219116
5.313842535018921
5.530042886734009
5.479997396469116
5.575084686279297
5.476993083953857
5.420943975448608
5.375901460647583
5.367894887924194
5.434955835342407
5.319850444793701
5.375901222229004
5.442962169647217
5.359888315200806
5.486003160476685
5.421945095062256
5.4749932289123535
5.384911298751831
5.531043291091919
5.4479663372039795
5.46097731590271
5.488004207611084
5.3538818359375
5.395920515060425
5.426947593688965
5.424942970275879
5.436957120895386
5.487003564834595
5.409932613372803
5.359887599945068
5.4649817943573
5.3759026527404785
5.427948713302612
5.393918514251709
5.439958810806274
5.505019664764404
5.493009567260742
5.403927564620972
5.506018400192261
5.853331804275513
5.4479660987854
5.425945997238159
5.461979627609253
5.393919467926025
5.365891456604004
5.562070369720459
5.317847013473511
5.28481650352478
5.358885288238525
5.476992845535278
5.42995023727417
5.348876476287842
5.378906726837158
5.414936065673828
5.469986200332642
5.332862615585327
5.443963050842285
5.506018877029419
5.463980197906494
5.298830509185791
5.424944639205933
5.464982032775879
5.433952808380127
5.452970266342163
5.3969199657440186
5.4189372062683105
5.2908265590667725
5.46197772026062
5.457975625991821
5.487997055053711
5.327855587005615
5.315847158432007
5.368894338607788
5.342870712280273
5.487002372741699
5.383907794952393
5.495009183883667
5.435956239700317
5.4699866771698
5.494008302688599
5.411933422088623
5.475992202758789
5.453972816467285
5.615119457244873
5.729221343994141
5.329859495162964
5.45897650718689
5.464983224868774
5.4299492835998535
5.463981628417969
5.342871904373169
5.455972671508789
5.392915964126587
5.51002311706543
5.3999223709106445
5.466984033584595
5.404926300048828
5.449968338012695
5.382907390594482
5.403924465179443
5.283816814422607
5.54405403137207
5.296829462051392
5.4499688148498535
5.343871831893921
5.3879101276397705
5.347875595092773
5.481998682022095
5.241777658462524
5.367895126342773
5.4559736251831055
5.531042575836182
5.381906270980835
5.394917249679565
5.435956954956055
5.508022308349609
5.390915870666504
5.407930850982666
5.494008302688599
5.306837797164917
5.3879125118255615
5.440960645675659
5.498011827468872
5.412935018539429
5.4259467124938965
5.25278902053833
5.351878881454468
5.509021043777466
5.5260374546051025
5.438957929611206
5.413934946060181
5.426947355270386
5.418941020965576
5.347875356674194
5.391914367675781
5.26580023765564
5.413934230804443
5.457974672317505
5.499011278152466
5.45397162437439
5.4950103759765625
5.511023283004761
5.355882167816162
5.390913248062134
5.417937517166138
5.531042814254761
5.4089319705963135
5.423941612243652
5.345876932144165
5.55506443977356
5.460977792739868
5.289822101593018
5.343873023986816
5.32685661315918
5.3668928146362305
5.448966979980469
5.509022235870361
5.424944877624512
5.475990533828735
5.419940948486328
5.354880094528198
5.514026880264282
5.312843322753906
5.333862543106079
5.498010873794556
5.412933826446533
5.532042026519775
5.5040178298950195
5.5040178298950195
5.487002372741699
5.5550642013549805
5.357883930206299
5.461979866027832
5.478992938995361
5.406929969787598
5.279813289642334
5.356881618499756
5.587093114852905
5.415937185287476
5.352880239486694
5.455974340438843
5.400923490524292
5.374899387359619
5.469986200332642
5.75524640083313
5.529038906097412
5.406928300857544
5.281813621520996
5.393917560577393
5.4709882736206055
5.5030176639556885
5.3028318881988525
5.307837247848511
5.410931348800659
5.417939901351929
5.420942544937134
5.4679834842681885
5.412934064865112
5.367893695831299
5.437957763671875
5.462981462478638
5.364890098571777
5.371889591217041
5.569077014923096
5.549056768417358
5.377901315689087
5.2968268394470215
5.347874641418457
5.413933992385864
5.460978269577026
5.461978912353516
5.475992202758789
5.413933753967285
5.414934158325195
5.392913818359375
5.382906198501587
5.430950403213501
5.569075345993042
5.508021354675293
5.507019281387329
5.452970504760742
5.412934064865112
5.484999179840088
5.363890886306763
5.535045623779297
5.460975170135498
5.464980840682983
5.530039548873901
5.664162635803223
5.495009422302246
5.453970909118652
5.440961122512817
5.299831867218018
5.43195104598999
5.370895624160767
5.387911081314087
5.510022878646851
5.375900030136108
5.4619786739349365
5.392915725708008
5.32285213470459
5.456974744796753
5.3558831214904785
5.382906913757324
5.335863828659058
5.402920484542847
5.461978435516357
5.400922775268555
5.457976341247559
5.382904767990112
5.301833152770996
5.418939590454102
5.388914108276367
5.378902196884155
5.452970027923584
5.412935018539429
5.3999223709106445
5.379903793334961
5.428948879241943
5.428948163986206
5.369894504547119
5.359885215759277
5.302833795547485
5.575081825256348
5.420942783355713
5.4639809131622314
5.308010816574097
