Timing log for each step:
0.016013622283935547
5.450425624847412
5.447502136230469
5.100169897079468
5.144147634506226
5.15315318107605
5.14454984664917
5.347807884216309
5.2603559494018555
5.061678647994995
5.214576244354248
5.237239360809326
5.575055122375488
5.338114500045776
5.195327043533325
5.1516759395599365
5.402453184127808
5.319189548492432
5.369784593582153
5.216267108917236
5.319024562835693
5.256033658981323
5.207750082015991
5.312587261199951
5.225083112716675
5.305061101913452
5.293534278869629
5.1865928173065186
5.268523454666138
5.2100324630737305
5.375016450881958
5.431795597076416
5.31156849861145
5.342638731002808
5.382126092910767
5.342422246932983
5.151138544082642
5.39842963218689
5.307424783706665
5.395374774932861
5.164061069488525
5.484509706497192
5.513046741485596
5.592752695083618
5.386322259902954
5.350080728530884
5.3270909786224365
5.332268238067627
5.506497144699097
5.2319605350494385
5.179602146148682
5.113670349121094
5.329118728637695
5.462492942810059
5.426880598068237
5.404348611831665
5.340738534927368
5.194164991378784
5.4007251262664795
5.28868842124939
5.190229892730713
5.386685848236084
5.384793281555176
5.322850227355957
5.250295639038086
5.367859125137329
5.495015382766724
5.372792959213257
5.306089401245117
5.434959411621094
5.338298320770264
5.461034059524536
5.34639835357666
5.327662706375122
5.371981859207153
5.411335468292236
5.368288516998291
5.425837993621826
5.32518458366394
5.4024786949157715
5.223608732223511
5.286815643310547
5.251010179519653
5.491811037063599
5.605836868286133
5.965428590774536
5.9480249881744385
5.893454313278198
5.863335371017456
5.823438882827759
5.695819854736328
5.874189138412476
5.82135009765625
5.931283235549927
5.626740217208862
5.512786388397217
5.322860240936279
5.39398455619812
5.31034779548645
5.302133560180664
5.3475518226623535
5.404996633529663
5.476367950439453
5.41542911529541
5.362536668777466
5.304826974868774
5.4710447788238525
5.41150164604187
5.3583924770355225
5.517709016799927
5.429114818572998
5.403805494308472
5.466004133224487
5.440115213394165
5.26731014251709
5.324517488479614
5.539960622787476
5.442468881607056
5.4809653759002686
5.237292289733887
5.389359951019287
5.4180521965026855
5.47310209274292
5.330160856246948
5.151464939117432
5.218532085418701
5.368167400360107
5.284415006637573
5.38769268989563
5.3050620555877686
5.4157490730285645
5.681663274765015
5.455671072006226
5.424022912979126
5.321270227432251
5.4687604904174805
5.313125371932983
5.489177942276001
5.516117811203003
5.433142423629761
5.398730278015137
5.39978814125061
5.377251863479614
5.400722026824951
5.353906154632568
5.321046829223633
5.423920392990112
5.548996686935425
5.4361982345581055
5.466681003570557
5.398017406463623
5.471005439758301
5.558892011642456
5.480877637863159
5.519207715988159
5.4783618450164795
5.317497730255127
5.348162412643433
5.511720418930054
5.527473449707031
5.5073347091674805
5.372203826904297
5.348387002944946
5.516221761703491
5.343673467636108
5.4823949337005615
5.471329689025879
5.492307424545288
5.301624298095703
5.493314743041992
5.455758094787598
5.342004299163818
5.416261672973633
5.4214348793029785
5.334140300750732
5.428171873092651
5.53622579574585
5.402643918991089
5.4290807247161865
5.448761224746704
5.467713356018066
5.482704162597656
5.442788600921631
5.37903904914856
5.463793754577637
5.448272705078125
5.486286401748657
5.551397323608398
5.509019374847412
5.357069253921509
5.349212884902954
5.656113862991333
5.407203912734985
5.399152755737305
5.453226804733276
5.536854028701782
5.488461971282959
5.586674451828003
5.38220739364624
5.488808870315552
5.310590982437134
5.30202054977417
5.574916839599609
5.370543718338013
5.327746868133545
5.449839353561401
5.451780319213867
5.498054504394531
5.252074718475342
5.412554025650024
5.5143914222717285
5.495269060134888
5.332679510116577
5.195371866226196
5.432084321975708
5.457820177078247
5.5117106437683105
5.504431962966919
5.489251136779785
5.482697010040283
5.527083873748779
5.33787202835083
5.502717018127441
5.38370156288147
5.354909658432007
5.374198913574219
5.653961896896362
5.6213860511779785
5.441033124923706
5.385708808898926
5.599358081817627
5.519634246826172
5.54970645904541
5.517126083374023
5.529607057571411
5.349576711654663
5.486101388931274
5.598376989364624
5.497101068496704
5.531095266342163
5.486658811569214
5.560235977172852
5.392721652984619
5.414325714111328
5.446856737136841
5.495035171508789
5.537755489349365
5.433171033859253
5.4980432987213135
5.3911662101745605
5.530930519104004
5.529084205627441
5.438975811004639
5.4296934604644775
5.436753273010254
5.412866115570068
5.547010898590088
5.3276755809783936
5.384870290756226
5.480240345001221
5.481425523757935
5.301999807357788
5.495595216751099
5.463862180709839
5.493256092071533
5.452600717544556
5.486827373504639
5.4879844188690186
5.438632249832153
5.534165859222412
5.426504373550415
5.532062768936157
5.472313165664673
5.461780786514282
5.470494031906128
5.432264804840088
5.421384811401367
5.504059076309204
5.642143487930298
5.496213436126709
5.463252305984497
5.396146535873413
5.491872549057007
5.398569107055664
5.493250370025635
5.468241453170776
5.3231360912323
5.543079376220703
5.250067472457886
5.552537202835083
5.397503137588501
5.47208309173584
5.56101655960083
5.511792182922363
5.4539875984191895
5.5265491008758545
5.381229877471924
5.475005626678467
5.52213978767395
5.448278903961182
5.457298040390015
5.4539475440979
5.493581533432007
5.426252126693726
5.324930191040039
5.572662115097046
5.452571868896484
5.61056661605835
5.380473375320435
5.443767309188843
5.583986043930054
5.372151136398315
5.474690914154053
5.449051380157471
5.361850738525391
5.420210361480713
5.460067987442017
5.486370325088501
5.420863389968872
5.450608968734741
5.335387229919434
5.3253819942474365
5.523238897323608
5.466691970825195
5.487944602966309
5.39299750328064
5.534323692321777
5.481038331985474
5.522672414779663
5.529706716537476
5.349106073379517
5.467452049255371
5.5871312618255615
5.49426531791687
5.50194787979126
5.423320531845093
5.470815896987915
5.4859778881073
5.434784889221191
5.4639058113098145
5.424304246902466
5.467318773269653
5.466024398803711
5.533217191696167
5.5506391525268555
5.509058475494385
5.495339870452881
5.427035093307495
5.432991981506348
5.4418745040893555
5.471983909606934
5.406580686569214
5.583561897277832
5.4390997886657715
5.2976603507995605
5.362255334854126
5.570647239685059
5.394952297210693
5.526022434234619
5.52251935005188
5.365972995758057
5.4751222133636475
5.455641031265259
5.422367811203003
5.417510986328125
5.461433410644531
5.456070423126221
5.558977127075195
5.519437074661255
5.368997573852539
5.416633129119873
5.506030559539795
5.468428373336792
5.524512052536011
5.5245680809021
5.659570693969727
5.460063695907593
5.460129976272583
5.470339059829712
5.5551817417144775
5.356063365936279
5.320695877075195
5.520634889602661
5.567024230957031
5.507261753082275
5.470438241958618
5.488079309463501
5.533920526504517
5.38699197769165
5.371967554092407
5.657684326171875
5.455383777618408
5.601410627365112
5.511692047119141
5.424602508544922
5.502726316452026
5.406322002410889
5.477421522140503
5.535470485687256
5.459581136703491
5.3489885330200195
5.5161521434783936
5.443950176239014
5.278249740600586
5.560246229171753
5.387294769287109
5.480612277984619
5.5056750774383545
5.5594398975372314
5.95041036605835
5.821282386779785
5.365466833114624
5.3738930225372314
5.269016265869141
5.477108955383301
5.534459114074707
5.498244762420654
5.449706792831421
5.477886199951172
5.620569705963135
5.71066951751709
5.597707986831665
5.477255582809448
5.6801862716674805
5.5085978507995605
5.636713266372681
5.506076097488403
5.535567283630371
5.494101524353027
5.364843130111694
5.528916835784912
5.405757427215576
5.385682106018066
5.5108184814453125
5.455420255661011
5.652033805847168
5.489048719406128
5.516065359115601
5.487569332122803
5.544020652770996
5.607712745666504
5.779184103012085
5.335605144500732
5.446459054946899
5.621250629425049
5.567235946655273
5.652657985687256
5.4205639362335205
5.464894533157349
5.577557325363159
5.815964460372925
5.4751811027526855
5.530090570449829
5.490841388702393
5.425036907196045
5.488895654678345
5.464227914810181
5.613013744354248
5.661034107208252
5.524859428405762
5.507287263870239
5.505609035491943
5.55427885055542
5.603043079376221
5.345160484313965
5.459993600845337
5.682519435882568
5.6932501792907715
5.680635452270508
5.429149389266968
5.453717947006226
5.569388151168823
5.541341781616211
5.6844868659973145
5.425516366958618
5.402741193771362
5.455001354217529
5.578171730041504
5.557815074920654
5.338499307632446
5.448976516723633
5.663091659545898
5.870116710662842
5.280545949935913
5.574983596801758
5.396709680557251
5.550414085388184
5.612433910369873
5.731014251708984
5.346909999847412
5.3541789054870605
5.564321994781494
5.59785795211792
5.418990850448608
5.596461534500122
5.566758871078491
5.491605281829834
5.671505451202393
5.587095260620117
5.718564987182617
5.469279766082764
5.394496202468872
5.578257083892822
5.859713077545166
5.569572925567627
5.339580774307251
5.262199401855469
5.439831733703613
5.635829925537109
5.772167682647705
5.391804218292236
5.501500129699707
5.546029090881348
5.6255621910095215
5.749882459640503
5.565924644470215
5.811994791030884
5.540851593017578
5.625521659851074
5.8821635246276855
6.017719745635986
5.9758360385894775
5.726868629455566
5.806898593902588
5.606895923614502
5.808732748031616
5.364524841308594
5.442248344421387
5.769472599029541
5.720046281814575
5.384046316146851
5.450888395309448
5.509901285171509
5.483316659927368
5.458899974822998
5.468779563903809
5.739579916000366
5.585016250610352
5.374682903289795
5.400042533874512
5.592902660369873
5.71509051322937
5.770636320114136
5.4717278480529785
5.562963247299194
5.503114700317383
5.697089910507202
5.6561195850372314
5.742584228515625
5.689654350280762
5.508915185928345
5.63632345199585
5.69864821434021
5.614445924758911
5.4889233112335205
5.4015772342681885
5.607966423034668
5.969456672668457
5.619751930236816
5.476922273635864
5.601681709289551
5.838691711425781
6.018852233886719
5.565764665603638
5.3888185024261475
5.676451921463013
5.767015695571899
5.395230531692505
5.482412099838257
5.361552715301514
5.676664113998413
5.836517333984375
5.768958330154419
5.253354072570801
5.487436056137085
5.620590448379517
5.77957010269165
5.643925428390503
5.507557153701782
5.713451623916626
5.523329019546509
5.6300787925720215
5.685534238815308
5.442535877227783
5.421862602233887
5.667158842086792
5.535506248474121
5.499171733856201
5.443373918533325
5.535043239593506
5.578630447387695
5.5643370151519775
5.853582859039307
5.491804122924805
5.489635229110718
5.390635251998901
5.443802833557129
5.443886041641235
5.431571960449219
5.539064168930054
5.517949819564819
5.552348375320435
5.610489368438721
5.468818426132202
5.314593315124512
5.473761796951294
5.629951238632202
5.583507537841797
5.470871925354004
5.676069736480713
5.4802961349487305
5.5022642612457275
5.689511060714722
5.441916227340698
5.739085674285889
5.427535057067871
5.505908966064453
5.434370279312134
5.605071783065796
5.779013156890869
5.423746585845947
5.460858583450317
5.831847190856934
5.62904953956604
5.422102928161621
5.46403169631958
5.455708265304565
5.706017017364502
5.53579044342041
5.58576512336731
5.437666416168213
5.520839691162109
5.638379096984863
5.708715438842773
5.638002872467041
5.565083265304565
5.618677616119385
5.68537163734436
5.439910888671875
5.628204345703125
5.5416553020477295
5.7048492431640625
5.424259901046753
5.552018165588379
5.522961378097534
5.5943121910095215
5.6432044506073
5.761038541793823
5.63364577293396
5.58456826210022
5.674349784851074
5.663739204406738
5.54457950592041
5.465147256851196
5.4817798137664795
5.897608041763306
5.752996206283569
5.412730693817139
5.456539630889893
5.822744131088257
5.815062522888184
5.701531887054443
5.3773252964019775
5.404082536697388
5.493572473526001
5.565706729888916
5.5015575885772705
5.501368999481201
5.613779067993164
5.593902587890625
5.613448143005371
5.794779062271118
5.8160929679870605
5.530540466308594
5.726528882980347
5.4407055377960205
5.498820543289185
5.43223762512207
5.833666563034058
5.817218065261841
5.741069078445435
5.529786109924316
5.367686986923218
5.557231664657593
5.716030120849609
5.441668272018433
5.527400732040405
5.731542110443115
5.411996841430664
5.544419765472412
5.764149904251099
5.5786755084991455
5.398725748062134
5.525403261184692
5.358144760131836
5.381531715393066
5.825899839401245
5.43104362487793
5.625741481781006
5.67544412612915
5.592371940612793
5.638481378555298
5.68164587020874
5.517047882080078
5.622725248336792
5.847154855728149
5.637997150421143
5.578967571258545
5.6179516315460205
5.674293041229248
5.628934621810913
5.625705718994141
5.56136417388916
5.587782144546509
5.658754348754883
5.732015609741211
5.542864799499512
5.4844958782196045
5.4249207973480225
5.4747583866119385
5.3886635303497314
5.504116058349609
5.522871971130371
5.411670684814453
5.721958637237549
5.581398963928223
5.419138431549072
5.609962463378906
5.545844554901123
5.54127311706543
5.601039409637451
5.517687797546387
5.479865550994873
5.815982103347778
5.752108097076416
5.4417009353637695
5.528570890426636
5.628638744354248
5.404415130615234
5.43582820892334
5.380384683609009
5.597915172576904
5.668041467666626
5.735996961593628
5.521759271621704
5.512253522872925
5.412550687789917
5.912805795669556
5.548810958862305
5.598414659500122
5.613727569580078
5.58834171295166
5.589869737625122
5.775062561035156
5.701613187789917
5.574806213378906
5.443651914596558
5.857550144195557
5.637189865112305
5.580737113952637
5.469158411026001
5.381704330444336
5.66727089881897
5.78023624420166
5.513597249984741
5.357676267623901
5.55778431892395
5.508402109146118
5.686635255813599
5.750182867050171
5.635774374008179
5.42532753944397
5.283483982086182
5.592233419418335
5.711960077285767
5.845957517623901
5.458405017852783
5.59183144569397
5.512866020202637
5.451463937759399
6.03626561164856
5.724390983581543
5.729187965393066
5.533334016799927
5.59924840927124
5.473207950592041
5.505616903305054
5.490087032318115
5.412195205688477
5.478530168533325
5.416585445404053
5.717497110366821
5.5406506061553955
5.475674867630005
5.502406597137451
5.6603662967681885
5.452858209609985
5.569961071014404
6.009444236755371
5.468982219696045
5.65594482421875
5.4476752281188965
5.61969780921936
5.642137289047241
5.653878688812256
6.1233437061309814
5.3638434410095215
5.5197014808654785
5.638391494750977
5.437234163284302
5.691875696182251
5.935851097106934
5.556549072265625
5.634279727935791
5.5777528285980225
5.5463056564331055
5.39452052116394
5.728510856628418
5.834104299545288
5.596712589263916
5.813699245452881
5.852485179901123
5.535080194473267
5.66284966468811
5.5072243213653564
5.583563327789307
5.882760047912598
5.754238128662109
5.661993503570557
5.551389694213867
5.570298433303833
5.707414627075195
5.778383016586304
5.730914831161499
5.602856397628784
5.361488103866577
5.504384756088257
5.703692674636841
5.672011852264404
5.498674154281616
5.600825309753418
5.671116828918457
5.83308219909668
5.5286712646484375
5.539909601211548
5.507592439651489
5.429739475250244
5.675895690917969
5.188689947128296
5.491184234619141
5.754597902297974
5.568676948547363
5.6892430782318115
5.754648208618164
5.601825952529907
5.555284023284912
5.759722471237183
5.446605920791626
5.472513675689697
5.782065153121948
5.826064109802246
5.416182041168213
5.577672958374023
5.609889268875122
5.798939943313599
5.693665027618408
5.581710577011108
5.430090427398682
5.569559097290039
5.563696384429932
5.527732849121094
5.5761919021606445
5.59920072555542
5.626337766647339
5.775373935699463
5.494767665863037
5.631729364395142
5.577564001083374
6.0054662227630615
5.694572448730469
5.863104820251465
5.4830405712127686
5.765070676803589
5.526142597198486
5.396914482116699
5.817209720611572
5.608590126037598
5.745978593826294
5.659457445144653
5.629817724227905
5.511775493621826
5.652326822280884
5.594749450683594
5.323565721511841
5.507757186889648
5.523159027099609
5.381526470184326
5.505237340927124
5.740436315536499
5.873372554779053
5.544347047805786
5.4366066455841064
5.471623182296753
5.542481899261475
5.526072263717651
5.489791393280029
6.019842624664307
5.725592374801636
5.734937429428101
5.6248602867126465
5.455009698867798
5.648381471633911
5.597100496292114
5.53412652015686
5.5791356563568115
5.734622478485107
5.629037380218506
5.975674152374268
5.498033285140991
5.605841875076294
5.66791558265686
5.803967237472534
5.367764234542847
5.5983099937438965
5.624711036682129
5.443585395812988
5.610738515853882
5.622093915939331
5.958862543106079
5.778863430023193
5.833460092544556
5.719514608383179
5.246851682662964
5.303147315979004
5.545435667037964
5.717053174972534
5.717912435531616
5.727452754974365
5.5952372550964355
5.458541631698608
5.5135369300842285
5.414573669433594
5.539168357849121
5.770251274108887
5.917659759521484
5.641244173049927
5.853819131851196
5.529336452484131
5.572869539260864
5.6782472133636475
5.350069046020508
5.506290674209595
5.517044544219971
5.719807147979736
5.430091381072998
5.725067138671875
5.492666244506836
5.530184745788574
5.621295690536499
5.378307819366455
5.7715229988098145
5.551275730133057
5.648905038833618
5.502306222915649
5.660849571228027
5.687753677368164
5.673421859741211
5.553212642669678
5.305352210998535
5.489237546920776
6.050502300262451
5.837838649749756
5.671906471252441
5.79710841178894
5.803941488265991
5.551072597503662
5.628544092178345
5.544728755950928
5.497567653656006
5.4662110805511475
5.911399602890015
5.960771083831787
5.7243499755859375
5.764404773712158
5.578685283660889
5.675887107849121
5.745483636856079
5.538435459136963
5.498230218887329
5.584523916244507
5.495674133300781
5.794436693191528
5.45247745513916
5.560092449188232
5.5956175327301025
5.544577121734619
5.559112071990967
5.511176586151123
5.749619007110596
5.36957859992981
5.596261262893677
5.912722587585449
5.779995441436768
5.717442512512207
5.677707195281982
5.534850120544434
5.7191736698150635
5.3220014572143555
5.5511109828948975
5.464999198913574
5.4013354778289795
5.76323127746582
5.572191953659058
5.413605451583862
5.6387834548950195
5.528668165206909
5.508381128311157
5.716315984725952
5.804923057556152
5.650697708129883
5.644031286239624
5.505673885345459
5.310862064361572
5.407830715179443
5.440753221511841
5.425968170166016
5.559608221054077
5.855502605438232
5.686460018157959
5.667757272720337
5.410651206970215
5.544897556304932
5.406529426574707
5.979417085647583
5.5515336990356445
5.473018407821655
5.47246789932251
5.528576612472534
5.437108039855957
5.405539512634277
5.406069040298462
5.2451701164245605
5.619176149368286
5.489566326141357
5.832047939300537
5.849205017089844
5.546206474304199
5.418945074081421
5.452318906784058
5.512923955917358
5.456529378890991
5.4359753131866455
5.773049831390381
5.760826349258423
5.678303241729736
5.737476587295532
5.4497971534729
5.752953290939331
5.56246280670166
5.694356918334961
5.482421875
5.488444089889526
5.590360164642334
5.7236247062683105
5.42659854888916
5.890641212463379
5.741209983825684
5.64172887802124
5.565885543823242
5.492784261703491
5.3884663581848145
5.961106061935425
5.5425779819488525
5.679393768310547
5.529695987701416
5.505169630050659
5.7982213497161865
5.901447772979736
5.496952295303345
5.512524366378784
5.614176988601685
5.79049825668335
5.819485902786255
5.751343250274658
5.646718263626099
5.866283416748047
5.724358081817627
5.675883054733276
5.648359775543213
5.497064828872681
5.7433202266693115
5.414589166641235
5.50867486000061
5.786333322525024
5.677374362945557
5.88051962852478
5.761315107345581
5.772228240966797
5.673877000808716
5.7980170249938965
5.4796648025512695
5.482043027877808
5.67119288444519
5.591295480728149
5.6296374797821045
6.013125419616699
5.74127197265625
5.7666175365448
5.659891128540039
5.55117392539978
5.436223983764648
6.053889989852905
5.9300336837768555
5.567602634429932
5.748995542526245
5.725714445114136
5.6666998863220215
5.8270697593688965
5.663626432418823
5.7983222007751465
5.6119983196258545
5.660733222961426
5.796794176101685
5.700707197189331
5.791352987289429
5.410547733306885
5.3704915046691895
5.849751949310303
5.939417123794556
5.8024139404296875
5.825342178344727
5.764880895614624
5.625848054885864
5.7450292110443115
5.666905641555786
5.528650522232056
5.659810543060303
5.69752836227417
5.660321235656738
5.8103721141815186
5.751246213912964
5.724426507949829
5.621672630310059
5.576199054718018
5.767873287200928
5.773963689804077
5.49505877494812
5.412956953048706
5.9811742305755615
5.801725387573242
5.8665931224823
5.366286277770996
5.7178685665130615
5.812868118286133
5.812714576721191
5.438269376754761
5.768743515014648
5.620883226394653
5.436049699783325
5.575621604919434
5.7728188037872314
5.738350868225098
5.87890362739563
5.608422756195068
5.300440073013306
5.4841697216033936
5.808047771453857
5.856409788131714
5.82766580581665
5.782272577285767
5.776491165161133
5.66068172454834
5.912520885467529
5.707175016403198
5.514551401138306
5.456519603729248
5.603702783584595
5.426471710205078
5.654622316360474
5.850400686264038
5.768688440322876
5.688504934310913
5.736181974411011
5.7203943729400635
5.591797113418579
5.4786012172698975
5.575080633163452
5.979082107543945
5.846400499343872
5.863976001739502
5.687429666519165
5.615111351013184
5.67279314994812
5.722232341766357
5.568052291870117
5.325468301773071
5.8295979499816895
5.46999454498291
5.910028457641602
5.536665439605713
6.040595769882202
5.679739713668823
5.719682931900024
5.707815408706665
5.524028539657593
5.423554420471191
5.6689276695251465
5.683979272842407
6.0437304973602295
5.714335680007935
5.851855278015137
5.8210625648498535
5.684314727783203
5.768027305603027
5.692906141281128
5.547981023788452
5.409214496612549
5.47150444984436
5.60660982131958
5.746204614639282
5.824695110321045
5.827087879180908
5.6765666007995605
5.762525320053101
5.531736612319946
5.867431640625
5.594141721725464
5.553631782531738
5.80105996131897
5.843469858169556
5.549490451812744
5.73391580581665
5.716328859329224
5.683183670043945
5.594310998916626
5.684844017028809
5.522809028625488
5.639122724533081
5.79514741897583
5.515827894210815
5.821838617324829
5.858705282211304
5.683584451675415
5.692192554473877
5.7540178298950195
5.664165258407593
5.50300407409668
5.469969034194946
5.84721040725708
6.119808673858643
5.810211420059204
5.92952299118042
5.744481563568115
5.787133455276489
5.7858521938323975
5.496067762374878
5.4614996910095215
5.5677125453948975
5.850779056549072
5.890611171722412
5.612632513046265
5.60711669921875
5.718513250350952
5.817447662353516
5.463150501251221
5.43075156211853
5.798876047134399
5.481935262680054
5.692948818206787
5.844291687011719
5.90448784828186
5.815912961959839
5.913649320602417
5.529536247253418
5.491509437561035
5.583163499832153
5.747906446456909
5.835291862487793
5.807278633117676
5.628841161727905
5.642263650894165
5.783895492553711
5.725631475448608
5.7641119956970215
5.684417724609375
5.588572263717651
5.660847425460815
5.6651341915130615
5.751900672912598
5.91187596321106
5.837434530258179
5.702967643737793
5.483528137207031
5.51399564743042
5.842408895492554
5.685821294784546
6.102871417999268
5.856417179107666
5.801283359527588
5.793258428573608
5.51446533203125
5.583120107650757
5.5648815631866455
5.398500680923462
5.768380641937256
5.5315680503845215
5.820319652557373
6.002546310424805
5.874804496765137
6.169503688812256
5.936491966247559
5.515227794647217
5.576506614685059
5.686858892440796
5.633105993270874
5.654355764389038
5.790430784225464
5.64966344833374
5.5726683139801025
5.631117105484009
5.521580219268799
5.825616359710693
5.777933359146118
5.916928291320801
5.715153932571411
5.550131797790527
5.514239549636841
5.715363025665283
5.399497032165527
5.6610822677612305
5.666673421859741
5.749364137649536
5.794743061065674
5.335415363311768
5.4628448486328125
5.469604253768921
5.719686269760132
5.723280429840088
5.854924201965332
5.706547498703003
5.607057332992554
5.6863319873809814
5.6697468757629395
5.369349718093872
5.942878484725952
5.788928508758545
5.8162617683410645
5.868070840835571
5.850769519805908
5.588055610656738
5.737722396850586
5.924229145050049
5.673818349838257
5.955681085586548
5.715490341186523
5.732002019882202
5.581586122512817
5.533263444900513
6.003983497619629
6.046047687530518
5.963517189025879
5.817054271697998
5.709574937820435
5.500089168548584
5.410202980041504
5.550936460494995
5.668492078781128
5.520954608917236
5.624901533126831
5.388226509094238
5.478698968887329
5.52314567565918
5.609963655471802
5.3938610553741455
5.602181911468506
5.733611583709717
5.475942373275757
5.560567378997803
5.77675461769104
6.362259149551392
5.5466532707214355
5.657232284545898
5.4480180740356445
5.475139379501343
5.62426233291626
5.573706150054932
5.756750822067261
5.79532265663147
5.6585400104522705
5.689192771911621
5.433414697647095
5.6875598430633545
5.587548732757568
5.372514009475708
5.637107849121094
5.733688592910767
5.459980249404907
6.102549076080322
5.930278062820435
5.946301698684692
5.705740690231323
5.535626649856567
5.530439853668213
5.599685907363892
5.5333170890808105
5.701196670532227
5.847406387329102
5.4233949184417725
5.48207950592041
5.589637279510498
5.672335386276245
5.932745456695557
5.849388122558594
5.305736303329468
5.493507385253906
5.602387189865112
5.837995290756226
5.76248025894165
5.929652452468872
5.521116733551025
5.516839027404785
5.537173271179199
5.64245867729187
5.8835837841033936
5.450917720794678
5.4059059619903564
5.835011959075928
5.4229466915130615
5.3516881465911865
5.601567268371582
5.698681831359863
5.455157279968262
5.729111194610596
5.729269742965698
5.442543029785156
5.691753625869751
5.9324469566345215
5.81877326965332
6.0508363246917725
5.500091552734375
5.490668535232544
5.449347019195557
5.531062841415405
5.87865424156189
6.223321199417114
5.655493497848511
5.548293113708496
5.340440988540649
5.616710186004639
5.698915004730225
5.841545581817627
5.881999969482422
5.536102771759033
5.660271644592285
5.606065988540649
5.636011123657227
5.550610542297363
5.651166915893555
5.819358587265015
5.970979928970337
6.084697008132935
5.985767364501953
5.638601064682007
5.592385768890381
5.595991134643555
5.540599346160889
5.930921316146851
5.821465730667114
5.553049802780151
5.807720184326172
5.792619943618774
5.683395624160767
5.642719984054565
5.629105806350708
5.505136966705322
5.60217809677124
5.812271356582642
5.908483505249023
6.0999767780303955
5.429072618484497
5.54423975944519
5.464540719985962
5.601396083831787
6.059533596038818
6.095589637756348
5.68752646446228
5.654765605926514
5.586122751235962
5.5144829750061035
5.820361375808716
5.763091802597046
5.685615062713623
5.797462463378906
5.8074259757995605
5.635575294494629
5.519535064697266
5.668982744216919
5.536145448684692
5.6417624950408936
5.90369439125061
5.726595878601074
5.593752384185791
5.541600465774536
5.6492133140563965
5.897033929824829
5.844719171524048
5.689749479293823
5.705936908721924
5.712203025817871
5.538980007171631
5.67920184135437
5.530087232589722
5.485151767730713
5.92806601524353
5.957395076751709
5.720151424407959
5.700312614440918
5.693449020385742
5.448412656784058
5.39647650718689
5.5373406410217285
5.374093294143677
5.636554002761841
5.685495376586914
5.861872673034668
5.670100212097168
5.506248474121094
5.589077949523926
5.654217481613159
5.557246685028076
5.608233451843262
5.409110069274902
5.72751259803772
5.594589710235596
5.3339619636535645
5.586029767990112
5.871918201446533
5.718120098114014
5.6666038036346436
5.563020467758179
5.62422251701355
5.748890399932861
5.668817758560181
5.727426528930664
5.495192766189575
5.558436393737793
5.732250690460205
5.44938850402832
5.575764894485474
5.749859809875488
5.465407609939575
5.5051186084747314
5.902979373931885
5.785529851913452
5.667086124420166
5.614027500152588
5.524601936340332
5.710266828536987
5.878985166549683
5.6727986335754395
5.636199474334717
5.621987342834473
5.70966649055481
5.7590296268463135
5.561748027801514
5.528059244155884
6.028380870819092
5.948369026184082
5.769345760345459
5.370340585708618
5.657712936401367
5.795195579528809
5.669909477233887
5.5366363525390625
5.6327338218688965
5.656805515289307
5.630602598190308
6.05558705329895
5.691348552703857
5.403177499771118
5.608220338821411
5.601170539855957
5.820783615112305
5.723411798477173
5.536290645599365
6.018425941467285
5.703155994415283
5.6208696365356445
5.598016738891602
5.722872972488403
5.715731143951416
5.942981958389282
5.570865631103516
5.610049247741699
5.781179189682007
5.846076965332031
5.9775731563568115
5.451210260391235
5.513092279434204
5.5424089431762695
5.446180820465088
5.59838342666626
5.534212589263916
5.781712055206299
5.66171407699585
5.660505533218384
5.690481901168823
5.580012559890747
5.729313373565674
6.023599863052368
5.8266143798828125
5.419022560119629
5.479543447494507
5.975522994995117
6.234808921813965
5.526342153549194
5.696730375289917
5.732839107513428
5.54601788520813
5.666254043579102
5.548768758773804
5.580564498901367
5.598399639129639
5.982423543930054
5.905910491943359
5.862910747528076
5.486049652099609
5.596027612686157
5.594890594482422
5.885326623916626
5.719802141189575
5.879563331604004
5.5220842361450195
5.518728017807007
5.708806037902832
6.03653883934021
5.707789897918701
6.201694488525391
5.517027854919434
5.388137340545654
5.526643514633179
5.548979997634888
5.904268741607666
5.806530475616455
5.70155668258667
5.470499753952026
5.544041395187378
5.764437437057495
6.203396320343018
5.910538196563721
5.83385705947876
5.781700611114502
5.6169350147247314
5.662381887435913
5.507064580917358
5.404736757278442
6.007406234741211
6.125670909881592
5.520925760269165
5.521068334579468
5.423486948013306
5.477656364440918
5.7048659324646
5.879988670349121
5.97631049156189
5.43566107749939
5.598601579666138
5.552825689315796
5.470619440078735
5.888346910476685
5.644120931625366
5.608145475387573
5.713155031204224
5.5575478076934814
5.428503513336182
5.553468942642212
5.601194620132446
5.856152534484863
5.764750719070435
6.175196170806885
5.973508596420288
5.693031311035156
5.615045547485352
5.657163858413696
5.683207750320435
5.833271741867065
5.625584602355957
5.831409931182861
5.687014579772949
5.409414291381836
5.479048252105713
5.655129432678223
5.657364130020142
5.675774097442627
5.775748014450073
5.554199934005737
5.576128721237183
5.6675498485565186
5.736307621002197
5.915388822555542
5.7368104457855225
5.586007595062256
5.703475475311279
5.546940088272095
5.622721433639526
5.688053369522095
5.446237087249756
5.564608573913574
5.55862832069397
5.477584362030029
5.744726657867432
5.768328905105591
5.6555938720703125
5.593030214309692
5.63404655456543
5.917135000228882
5.99543833732605
5.894450664520264
5.49186635017395
5.677625417709351
5.552618503570557
5.809354782104492
5.701995134353638
5.8087427616119385
5.607198715209961
5.533925533294678
5.671706676483154
5.5505688190460205
5.67945671081543
6.0493810176849365
5.676661491394043
5.440248250961304
5.802708148956299
5.752726793289185
5.809218645095825
5.593180179595947
5.437424421310425
5.5315635204315186
5.640669822692871
5.893961429595947
5.991119861602783
5.7710607051849365
5.776214361190796
5.659133434295654
5.512575387954712
5.4870970249176025
5.475889444351196
5.781803846359253
5.548374652862549
5.761384963989258
5.454883098602295
5.6103808879852295
5.810972452163696
5.506586074829102
5.569182395935059
5.807896375656128
5.794768810272217
5.5136330127716064
5.586237192153931
5.628616571426392
5.9923882484436035
5.9012298583984375
5.60104513168335
5.5516462326049805
6.09105372428894
5.720228910446167
5.68355393409729
5.714346170425415
5.767817497253418
5.695892572402954
5.521259069442749
5.710281133651733
5.466569900512695
5.679922819137573
5.80777382850647
5.876413583755493
5.841277360916138
5.740247964859009
5.509549856185913
5.552014589309692
5.642051458358765
5.640959024429321
5.729575157165527
5.586538791656494
5.597649574279785
5.746868371963501
5.682397842407227
5.76668119430542
5.501556634902954
5.707233905792236
5.7601423263549805
5.447122812271118
5.674706220626831
5.814509868621826
5.73855447769165
5.65241003036499
5.724786281585693
5.664423227310181
5.683544397354126
5.818317890167236
5.5321266651153564
5.534498691558838
5.421867609024048
5.318298578262329
5.516241073608398
5.851775884628296
6.0397303104400635
5.580142498016357
5.5354883670806885
5.6576995849609375
5.620659589767456
5.883467674255371
5.462888479232788
5.865534543991089
5.930938720703125
5.603610515594482
5.506428480148315
5.569589614868164
5.429368257522583
5.695217132568359
5.819996118545532
5.535966157913208
5.559008598327637
5.806329011917114
5.7199437618255615
5.874834775924683
5.728721857070923
5.569368362426758
5.50738000869751
5.550773620605469
5.551635026931763
5.954118967056274
5.607165575027466
5.520516872406006
5.665150165557861
5.710427522659302
5.653736114501953
5.614210367202759
5.731528282165527
5.726800203323364
6.038551092147827
5.66190505027771
5.649575471878052
5.668782472610474
5.874702215194702
5.473728656768799
5.577564477920532
5.559264183044434
5.631539344787598
5.687612533569336
5.54634690284729
5.597136974334717
5.846357822418213
5.687608003616333
5.4813454151153564
5.646527051925659
5.7261176109313965
5.942797660827637
5.6651856899261475
5.515059471130371
5.6706624031066895
5.556065082550049
5.666106939315796
5.462885618209839
5.553435564041138
5.617699384689331
5.770528316497803
5.781759262084961
5.873498916625977
5.689178943634033
5.646792411804199
5.423641681671143
5.645012617111206
5.924898624420166
5.652085781097412
5.891116619110107
5.552191495895386
5.650039196014404
5.619464159011841
5.493486642837524
5.713815212249756
5.819722890853882
5.766194105148315
5.582118272781372
5.645484209060669
5.802736759185791
5.8433520793914795
5.6764750480651855
5.56372857093811
5.695964097976685
5.75127387046814
5.789810657501221
5.695694208145142
5.309922218322754
5.5290687084198
6.001361608505249
5.5925750732421875
5.686733961105347
5.553881406784058
5.638623952865601
5.799422740936279
5.703099727630615
5.688654184341431
5.807748794555664
5.712232351303101
5.7570695877075195
5.819777011871338
5.454110860824585
5.498278856277466
5.60121750831604
5.638595104217529
5.70231032371521
5.754933595657349
5.756242990493774
5.58263087272644
5.692619323730469
5.7315332889556885
5.598369598388672
5.568283319473267
5.6509850025177
5.596243143081665
5.7564857006073
5.762347221374512
5.7542948722839355
5.745236396789551
6.047927379608154
5.8771514892578125
5.910823345184326
5.776886463165283
5.710638523101807
5.756558656692505
5.772748947143555
5.688488483428955
5.984614133834839
5.644570827484131
5.736671447753906
5.780604600906372
5.6980907917022705
5.73148250579834
5.758784055709839
5.747250556945801
5.748378753662109
5.720111608505249
5.643294334411621
5.634453535079956
5.716660499572754
5.757111072540283
5.691549777984619
5.704010963439941
5.663229703903198
5.689581632614136
6.043313503265381
5.693134307861328
5.785294532775879
5.644225835800171
5.663553953170776
5.6938865184783936
5.523112773895264
5.7074995040893555
5.722021579742432
5.67187237739563
5.514880895614624
5.687493324279785
5.647218227386475
5.557168483734131
5.709367752075195
5.724676132202148
5.723753452301025
5.63616943359375
5.709123611450195
5.737099885940552
5.596947431564331
5.752483606338501
5.712649583816528
5.501008749008179
5.562000513076782
5.735041618347168
5.580532073974609
5.675194025039673
5.691343069076538
5.696080446243286
5.5793538093566895
5.765773296356201
5.83426570892334
5.627786636352539
5.528444528579712
5.515020132064819
5.715129375457764
5.796340465545654
5.731044769287109
5.732640981674194
5.82779598236084
5.74237060546875
5.699836730957031
5.738248825073242
5.7211127281188965
5.550287961959839
5.858185291290283
5.5823047161102295
5.70038366317749
5.659808158874512
5.529277324676514
5.578470945358276
5.658043146133423
5.6226723194122314
5.7537007331848145
5.666135311126709
5.580128908157349
5.8385419845581055
5.747219085693359
5.5885584354400635
5.890289068222046
5.428130149841309
5.686638116836548
6.010101318359375
5.62656307220459
5.684336185455322
5.762127161026001
5.662774324417114
5.617952585220337
5.663528680801392
5.468533515930176
5.516043663024902
5.7455360889434814
5.699795484542847
5.618583679199219
5.553577423095703
5.671496391296387
5.86681342124939
5.495749473571777
5.816910982131958
5.6349098682403564
5.759706020355225
5.66423225402832
5.433487892150879
5.653057098388672
5.78871750831604
5.719923496246338
5.74968957901001
5.683192253112793
5.430387496948242
5.544022560119629
5.54285192489624
5.579865217208862
5.6796417236328125
5.439221382141113
5.619148015975952
5.53291654586792
5.632033586502075
5.638535976409912
5.9067957401275635
6.104255437850952
5.781237602233887
5.99712347984314
6.263878345489502
5.6111109256744385
5.799448251724243
5.553949356079102
5.5120530128479
5.7271728515625
5.840226173400879
5.510986328125
5.710525274276733
5.820021629333496
5.851158618927002
5.639661550521851
5.5726542472839355
5.773226499557495
5.77151346206665
5.5842814445495605
5.790187120437622
5.808325529098511
5.844862937927246
5.653170347213745
5.553950548171997
5.722027063369751
5.461017847061157
5.808055877685547
5.81315016746521
5.584256649017334
5.801743507385254
5.547077655792236
5.537613868713379
5.603116273880005
5.961857795715332
5.785326719284058
5.967396974563599
5.748668909072876
5.649632453918457
5.449657678604126
5.851934194564819
5.765777111053467
6.020804405212402
5.895884275436401
5.557331800460815
5.54207706451416
5.723221302032471
5.546584129333496
5.81831955909729
5.6888744831085205
5.784127473831177
5.392483949661255
6.15821099281311
5.886193752288818
5.619639873504639
5.8348472118377686
5.4666008949279785
5.43986439704895
5.914062976837158
5.920116901397705
5.722515344619751
5.622544288635254
5.454138517379761
5.606024265289307
5.840605735778809
5.484221696853638
5.8038506507873535
5.761130332946777
5.5506486892700195
5.5971081256866455
5.788430452346802
5.775803804397583
5.967577695846558
5.741387128829956
5.574786424636841
5.683715581893921
5.795145750045776
5.716693878173828
5.857118129730225
5.564974069595337
6.129120111465454
5.811192750930786
5.558084011077881
5.793902158737183
5.449850797653198
6.1576247215271
5.6922101974487305
6.053009748458862
5.805084466934204
5.510465860366821
6.25459361076355
6.015261888504028
5.629363775253296
5.7723612785339355
5.657304763793945
6.0856053829193115
5.970605850219727
5.6776227951049805
5.87209415435791
5.9512975215911865
5.786451578140259
5.8932929039001465
5.6215503215789795
5.964229345321655
5.855767726898193
5.5484020709991455
5.79421591758728
5.876856088638306
5.773100852966309
5.691182613372803
5.502528190612793
6.227080821990967
5.802637815475464
5.625228643417358
5.737366676330566
5.646022081375122
5.611907720565796
5.777904987335205
5.606044054031372
5.958161354064941
5.84430718421936
5.719484090805054
5.7592127323150635
5.820858001708984
5.616210699081421
5.759298086166382
5.614483594894409
5.721251010894775
5.841204404830933
5.694103956222534
5.99291205406189
5.8303542137146
5.7602527141571045
5.797875881195068
5.7889673709869385
6.170609474182129
5.531049728393555
5.863602876663208
6.173842668533325
5.882888078689575
5.6076319217681885
5.671348810195923
5.640034437179565
6.136392116546631
6.0010833740234375
5.6165771484375
5.745211839675903
5.699273347854614
5.596207141876221
5.539013624191284
5.6596152782440186
5.64434027671814
5.824928045272827
6.009316921234131
5.723738670349121
5.586106777191162
5.878852844238281
5.624036073684692
5.7157299518585205
5.692119121551514
5.785717010498047
5.671627998352051
5.5153868198394775
5.817957878112793
5.675382614135742
5.751097917556763
5.728937864303589
5.429833173751831
6.058515548706055
5.5129711627960205
6.005941152572632
5.57559609413147
5.558646202087402
5.559635400772095
5.800749063491821
5.520493745803833
5.987985372543335
6.049553394317627
5.4935901165008545
5.6822192668914795
5.662605285644531
5.699841260910034
6.050634384155273
5.502939224243164
5.783240795135498
5.892594337463379
5.634226560592651
5.731594800949097
5.501614332199097
6.122663736343384
6.089579820632935
5.709426403045654
6.136378526687622
5.816881418228149
5.925933599472046
5.814836740493774
5.519122362136841
5.537352085113525
5.879387378692627
5.679529905319214
5.897650957107544
5.993530988693237
5.730823040008545
5.538422584533691
5.411234378814697
5.973808765411377
5.636781692504883
5.95634651184082
5.951039552688599
5.758182048797607
5.392581462860107
5.609771966934204
5.9860734939575195
5.743102073669434
5.934255838394165
5.542550086975098
5.61816668510437
5.712676286697388
5.893915176391602
5.876425504684448
5.974150896072388
5.566384792327881
5.585174560546875
6.017009973526001
5.511057376861572
5.864457845687866
5.893747329711914
5.816701412200928
5.649023532867432
5.6352927684783936
5.617537260055542
5.925906181335449
5.706084966659546
5.763292551040649
5.871119976043701
5.629067420959473
6.150447607040405
5.791103363037109
5.730010986328125
5.850012540817261
5.895079612731934
5.569699764251709
5.466342926025391
5.925848007202148
5.8662309646606445
5.774289608001709
5.871198415756226
5.797193765640259
5.730751276016235
5.689610242843628
5.582548141479492
5.934381008148193
5.886226415634155
5.691988468170166
5.926324129104614
5.599528789520264
5.582468032836914
5.838289260864258
5.718724727630615
5.88978123664856
5.532451152801514
5.366512298583984
5.9621827602386475
5.670689344406128
5.764785528182983
5.701341867446899
5.69779634475708
5.606197834014893
6.067052602767944
5.908874273300171
5.955376625061035
6.055331707000732
5.5739829540252686
6.127493381500244
5.949007749557495
5.8193840980529785
5.715372085571289
5.631110429763794
6.1720311641693115
5.978481292724609
5.757478475570679
5.863600730895996
5.683089971542358
5.553820848464966
5.542317152023315
5.963799953460693
5.650610446929932
5.98302960395813
5.946099519729614
5.694005966186523
5.534112453460693
5.893632173538208
5.53422474861145
5.8807454109191895
5.645716905593872
5.499348402023315
5.815546989440918
5.695093154907227
5.728213548660278
5.7485151290893555
5.713728904724121
6.2277350425720215
5.801310300827026
5.746133804321289
5.897904396057129
5.773679733276367
5.537439346313477
5.485889196395874
5.950429916381836
5.478508710861206
5.731130599975586
5.795128583908081
5.586655378341675
6.215065956115723
5.7176690101623535
5.619636297225952
5.7788920402526855
5.416266918182373
6.0764195919036865
6.110061883926392
5.834762334823608
5.934143781661987
5.7397472858428955
5.615358114242554
5.396810293197632
5.816142320632935
5.661141872406006
5.973955154418945
5.808842658996582
5.716329574584961
5.630851984024048
6.013105869293213
5.683060646057129
5.783850193023682
5.714871644973755
5.609178304672241
5.4797868728637695
5.863501787185669
5.9933695793151855
5.883897542953491
5.660348892211914
5.559016704559326
6.063974618911743
5.769511699676514
5.534478187561035
5.886247634887695
5.951307535171509
5.735968112945557
5.613707542419434
6.0075483322143555
5.575029611587524
5.778811693191528
5.621110200881958
5.550299167633057
6.109482288360596
5.748626470565796
5.675699949264526
5.773269414901733
5.6025779247283936
5.56952166557312
5.560408353805542
5.714131832122803
5.814983129501343
5.697618246078491
5.933560609817505
5.401227712631226
5.414533376693726
5.679194211959839
5.857805490493774
5.982870101928711
5.800346374511719
5.5326783657073975
5.8284385204315186
5.61521053314209
5.535552978515625
5.690659999847412
5.775527000427246
5.559589862823486
5.470021963119507
6.136455297470093
5.695717096328735
5.706654787063599
6.028418064117432
5.770232677459717
5.820853233337402
5.559115409851074
5.507458448410034
5.72092604637146
5.7337486743927
5.530050992965698
5.685584545135498
5.555583477020264
6.1301820278167725
5.929983854293823
5.803467750549316
5.788311004638672
5.62791109085083
5.477341651916504
5.762886047363281
5.828561067581177
5.7968833446502686
5.679592132568359
5.594107389450073
6.208954811096191
5.6580491065979
5.6252281665802
5.610845565795898
6.046266317367554
5.849703788757324
5.663488864898682
5.595243453979492
5.79764723777771
5.658608913421631
5.414016246795654
5.8857715129852295
5.830373048782349
5.83521580696106
5.343089580535889
5.645039319992065
5.694075107574463
5.581886529922485
5.871321678161621
5.821213960647583
5.887021541595459
5.643770694732666
5.560912609100342
5.609055280685425
5.546020984649658
5.900159597396851
5.764055013656616
5.618631362915039
5.854363918304443
5.752025604248047
5.676292419433594
5.67542290687561
5.757268905639648
5.764521837234497
5.653172731399536
5.533795356750488
6.24344277381897
5.6079957485198975
5.872356653213501
5.690521240234375
5.540571212768555
6.050521373748779
5.942253828048706
5.829909801483154
5.5936949253082275
5.549790382385254
5.625080108642578
5.90859055519104
5.901615619659424
5.802175283432007
5.647174835205078
5.698803901672363
6.054040193557739
5.7400290966033936
5.925027132034302
5.946908473968506
5.75405478477478
5.580864429473877
5.519723415374756
5.789398193359375
5.80345892906189
5.719451904296875
5.894332647323608
5.604635238647461
5.647181272506714
5.97893762588501
6.440690517425537
5.693500757217407
5.965089321136475
5.651213645935059
5.762671232223511
5.5451648235321045
5.539441823959351
5.782790899276733
6.078153133392334
5.853627920150757
5.658819198608398
5.748381614685059
5.523467302322388
6.2296764850616455
5.579756736755371
5.797293186187744
5.753897190093994
5.73714017868042
6.192657232284546
5.826922416687012
5.80578088760376
5.64413857460022
5.761523962020874
5.977880001068115
5.739492654800415
5.785883665084839
5.479166269302368
6.154257774353027
5.717779159545898
5.723838806152344
5.794071435928345
5.530867338180542
5.831395626068115
5.744774103164673
5.758070468902588
5.699693202972412
5.713399410247803
6.077554225921631
5.841557264328003
5.83784294128418
5.623033761978149
5.641965866088867
6.207716226577759
5.875377416610718
5.698111057281494
5.559607028961182
5.991488933563232
5.928747892379761
5.796479940414429
5.656182050704956
5.480605363845825
6.142053842544556
5.911407709121704
5.601290941238403
5.551882028579712
6.088906288146973
5.730819225311279
5.631143808364868
5.732675313949585
5.911271810531616
5.73322606086731
5.62193751335144
5.685159206390381
5.653160810470581
5.816721677780151
5.790503740310669
5.6786253452301025
6.214945554733276
5.672001600265503
5.743825912475586
5.597438335418701
5.546813726425171
5.702363729476929
5.871661186218262
5.9052205085754395
5.541985273361206
5.7761194705963135
5.538465261459351
6.104112386703491
5.863594055175781
5.8311145305633545
5.69879412651062
5.5579328536987305
5.668875694274902
5.837450265884399
5.784265995025635
5.898388385772705
5.555343866348267
5.38478422164917
5.799170255661011
5.909906625747681
5.781694173812866
5.908419370651245
5.5564868450164795
5.530848979949951
5.416384935379028
5.69571852684021
5.752511501312256
5.943438768386841
5.741190195083618
5.616547107696533
5.605950832366943
5.732922315597534
5.604010581970215
5.884304523468018
5.863795280456543
5.819782018661499
5.604710340499878
6.11866307258606
5.678712606430054
5.79163932800293
5.6049840450286865
5.59619402885437
5.607585906982422
5.987143278121948
5.721355438232422
6.04165506362915
5.74762225151062
5.777258634567261
5.807389259338379
5.989552736282349
5.3619043827056885
5.769685506820679
5.845904111862183
5.488557815551758
5.528058767318726
5.629666566848755
5.485859155654907
5.533552646636963
5.763760566711426
5.8225133419036865
5.863004207611084
5.791094541549683
5.440192699432373
6.085666656494141
5.911372423171997
5.788794279098511
5.628738164901733
5.569477319717407
5.455159664154053
5.793829917907715
5.935991048812866
5.687551021575928
5.756914138793945
5.607365846633911
6.154105186462402
5.764037847518921
5.638386011123657
5.838850021362305
5.864777326583862
5.718865633010864
5.534351348876953
5.836233615875244
5.839277505874634
5.784211158752441
5.95598840713501
5.698479413986206
5.510351657867432
5.573806047439575
5.829900026321411
5.732755661010742
5.817860841751099
5.627791404724121
5.845872402191162
5.647149085998535
5.8104798793792725
5.873226642608643
5.698596239089966
5.678686141967773
5.616055011749268
5.68759822845459
5.731583595275879
5.49478554725647
5.7451112270355225
5.605070352554321
6.127989053726196
5.652272701263428
5.668684720993042
5.757014513015747
5.5147881507873535
5.486862659454346
5.8623175621032715
5.545345067977905
5.511892080307007
5.731055736541748
5.5553271770477295
5.65286660194397
5.904959440231323
5.6577370166778564
5.921284198760986
5.741355895996094
5.464485168457031
5.590451240539551
5.883938550949097
5.869793891906738
5.720737934112549
5.821608066558838
5.826282024383545
5.3987908363342285
5.408212184906006
5.715274333953857
5.962322950363159
5.9108617305755615
6.026566505432129
