Timing log for each step:
0.018017053604125977
5.436142683029175
5.206355333328247
5.443922281265259
5.18329381942749
5.213852167129517
5.061860084533691
5.3780436515808105
5.231092691421509
5.177298307418823
5.132582664489746
5.536254644393921
5.104122877120972
5.171386003494263
5.563149452209473
5.2123918533325195
5.20723819732666
5.171913385391235
5.569269895553589
5.280827522277832
5.254143714904785
5.243382930755615
5.45913553237915
5.215066432952881
5.15149712562561
5.289339780807495
5.333881378173828
5.503025054931641
5.337170124053955
5.151191234588623
5.4588141441345215
5.267914772033691
5.332391738891602
5.309718132019043
5.258105993270874
5.595362901687622
5.271015405654907
5.488217353820801
5.277441501617432
5.541287422180176
5.2645344734191895
5.131269454956055
5.665443420410156
5.237454891204834
5.1561439037323
5.147787809371948
5.696695804595947
5.014361619949341
5.289535045623779
5.601663589477539
5.309405088424683
5.206207275390625
5.353734016418457
5.396954774856567
5.582986116409302
5.342432975769043
5.37454080581665
5.491568565368652
5.3595123291015625
5.2836620807647705
5.158324956893921
5.582169055938721
5.3789098262786865
5.391162633895874
5.3360044956207275
5.284341096878052
5.343951463699341
5.313634157180786
5.3770670890808105
5.3323585987091064
5.27503514289856
5.241925001144409
5.504260540008545
5.395096063613892
5.41640830039978
5.322025775909424
5.234311580657959
5.345051288604736
5.406909942626953
5.351357698440552
5.532982349395752
5.293361186981201
5.347810983657837
5.26138162612915
5.233949899673462
5.47614049911499
5.404691457748413
5.3160059452056885
5.375485420227051
5.40736198425293
5.403063535690308
5.35140585899353
5.350043535232544
5.3946497440338135
5.3593409061431885
5.552744150161743
5.361407041549683
5.468623638153076
5.390533447265625
5.358135223388672
5.352914571762085
5.387508869171143
5.394315242767334
5.415209531784058
5.407287359237671
5.534614562988281
5.386304140090942
5.233543157577515
5.443847894668579
5.454855680465698
5.291087865829468
5.4004552364349365
5.34053635597229
5.403486728668213
5.28135871887207
5.382479667663574
5.396220922470093
5.2771947383880615
5.33385968208313
5.419366121292114
5.372997760772705
5.520394325256348
5.423532724380493
5.334493160247803
5.366961240768433
5.507547378540039
5.330340385437012
5.38908839225769
5.4467856884002686
5.3835530281066895
5.203787565231323
5.4746081829071045
5.331239938735962
5.4763007164001465
5.406587839126587
5.324066638946533
5.4127037525177
5.364782810211182
5.260989665985107
5.288545370101929
5.461648225784302
5.341333389282227
5.475698709487915
5.320353746414185
5.487272262573242
5.476809978485107
5.3040385246276855
5.433501482009888
5.489871025085449
5.5328288078308105
5.4883131980896
5.4159533977508545
5.461101293563843
5.487380504608154
5.448170900344849
5.422877311706543
5.4245545864105225
5.375848054885864
5.385529041290283
5.388288259506226
5.418007135391235
5.453561067581177
5.491726398468018
5.463616371154785
5.391939163208008
5.427950620651245
5.291230201721191
5.460142374038696
5.396540641784668
5.368364572525024
5.354646921157837
5.481256008148193
5.274986028671265
5.427189111709595
5.333405017852783
5.284456253051758
5.442415952682495
5.381507635116577
5.443298816680908
5.2884931564331055
5.3797993659973145
5.316241502761841
5.400651931762695
5.45914363861084
5.289984941482544
5.387557506561279
5.348296642303467
5.402270555496216
5.462396621704102
5.3484251499176025
5.473663330078125
5.587191820144653
5.3391640186309814
5.485220432281494
5.392246246337891
5.327107667922974
5.382516145706177
5.322213888168335
5.458144426345825
5.551525831222534
5.577655553817749
5.414529800415039
5.430416107177734
5.44103479385376
5.480021953582764
5.46745753288269
5.40185546875
5.471790790557861
5.406576633453369
5.272389888763428
5.428511142730713
5.383828401565552
5.404037237167358
5.497095584869385
5.358439683914185
5.371199369430542
5.435213804244995
5.417470693588257
5.349059343338013
5.414423942565918
5.345374822616577
5.379528522491455
5.430952310562134
5.482615947723389
5.389536142349243
5.436093330383301
5.411222457885742
5.431737422943115
5.35199236869812
5.439476728439331
5.428280353546143
5.437550067901611
5.551109790802002
5.323232889175415
5.541765928268433
5.440199136734009
5.479167938232422
5.3525073528289795
5.50385308265686
5.398613929748535
5.474923610687256
5.418586492538452
5.386685132980347
5.41340970993042
5.436736583709717
5.3633131980896
5.44701623916626
5.456705093383789
5.511518239974976
5.456873416900635
5.339935064315796
5.345256328582764
5.395016431808472
5.348347187042236
5.402023077011108
5.481249094009399
5.504285573959351
5.4792516231536865
5.408229351043701
5.358228921890259
5.427308082580566
5.547516822814941
5.487601041793823
5.322388410568237
5.430102109909058
5.4785919189453125
5.48280930519104
5.493310451507568
5.493247985839844
5.490221738815308
5.381698846817017
5.495767593383789
5.589961528778076
5.433732509613037
5.463127374649048
5.438402891159058
5.5229082107543945
5.425689935684204
5.394042253494263
5.432405710220337
5.529615163803101
5.405931234359741
5.393104076385498
5.654613971710205
5.547858953475952
