Timing log for each step:
0.016014814376831055
5.450961351394653
5.513017177581787
5.597093820571899
5.586082696914673
5.776256322860718
5.585082292556763
5.638131380081177
5.933398962020874
5.644136905670166
5.5870842933654785
5.675164222717285
5.622115850448608
5.67316198348999
5.728211879730225
5.6231162548065186
5.613107681274414
5.745227813720703
5.824300289154053
5.472980737686157
5.690177917480469
5.701188087463379
5.517021179199219
5.730214357376099
5.580079078674316
5.61010479927063
5.5620622634887695
5.581077575683594
5.708194255828857
5.84832239151001
5.531033039093018
5.91037917137146
5.6000964641571045
5.6020989418029785
5.579077482223511
5.373890399932861
5.530032396316528
5.9394049644470215
5.426938533782959
5.577074289321899
5.635127544403076
5.547047853469849
5.670159816741943
5.538039207458496
5.544044494628906
5.584080934524536
5.600096940994263
5.723207712173462
5.514017581939697
5.420935153961182
5.558058977127075
6.071524620056152
5.65214204788208
5.656146764755249
5.688175439834595
5.953417539596558
5.74923300743103
5.774254560470581
6.072525978088379
5.566064834594727
5.661151647567749
5.887357711791992
5.925391912460327
5.466974973678589
5.592088460922241
5.976438283920288
5.576074123382568
5.736219882965088
5.954418420791626
5.776257038116455
5.56706690788269
5.822298526763916
5.858331203460693
5.709195613861084
6.039496183395386
5.714199781417847
5.657148122787476
5.7061920166015625
5.703190803527832
5.5590598583221436
6.1435911655426025
5.7572386264801025
5.700186491012573
5.7011878490448
5.54404616355896
5.624118089675903
5.624118089675903
5.720206260681152
5.694181680679321
5.580078840255737
6.13959527015686
5.696183681488037
5.573070526123047
5.614108085632324
5.64513897895813
5.664154052734375
5.764245271682739
5.647137880325317
5.629121541976929
5.5550549030303955
5.624118328094482
5.578077077865601
5.548048257827759
5.470978260040283
5.605101585388184
5.5790770053863525
5.53703761100769
5.555054664611816
5.6221160888671875
5.693180322647095
5.613107919692993
5.541041851043701
5.996456861495972
5.728213787078857
5.4359471797943115
5.568065404891968
5.708194017410278
5.7242090702056885
5.768249273300171
5.762243270874023
5.670159578323364
5.656147003173828
5.780259847640991
5.6601502895355225
5.545046091079712
5.54604697227478
5.72921347618103
5.547047853469849
5.549050331115723
5.601097106933594
5.855328559875488
5.700185298919678
5.5990941524505615
5.574071884155273
5.697183609008789
5.591087579727173
5.570068836212158
5.93440055847168
5.647139072418213
5.5470476150512695
5.522024631500244
5.473981618881226
5.633126497268677
5.512015342712402
5.423935413360596
5.582079648971558
5.6251184940338135
5.6111063957214355
5.8162925243377686
5.655145645141602
5.588085651397705
5.532033920288086
5.54804801940918
5.575074195861816
5.6141088008880615
5.501005411148071
5.708193778991699
5.509012699127197
5.51702094078064
5.453963756561279
5.666147708892822
5.523025751113892
5.5630621910095215
5.678166389465332
5.733217477798462
5.74222469329834
5.762244462966919
5.678167819976807
5.73320746421814
5.5540547370910645
5.522024869918823
5.572071313858032
5.611106634140015
5.589085340499878
5.570067882537842
5.71019721031189
5.486992597579956
5.577075958251953
5.624116659164429
5.535035848617554
5.597092390060425
5.4659740924835205
5.536038398742676
5.5480475425720215
5.647139072418213
5.703189373016357
5.5390403270721436
5.516019105911255
5.541041374206543
5.43194317817688
5.421933174133301
5.585082530975342
5.538040637969971
5.605100631713867
5.572070360183716
5.439950227737427
5.532033920288086
5.50500750541687
5.554054498672485
5.5790770053863525
5.416201829910278
5.564061880111694
5.6091039180755615
5.4479570388793945
5.491997480392456
5.396911382675171
5.600095510482788
5.540040969848633
5.52402663230896
5.452962875366211
5.614108085632324
5.6111061573028564
5.635127305984497
5.625118732452393
5.647139549255371
5.568066596984863
5.688176393508911
5.7842628955841064
5.4459545612335205
5.765247106552124
6.178621530532837
5.642133474349976
5.682170629501343
5.599094390869141
5.65014123916626
5.615109920501709
5.637129783630371
5.821296691894531
5.589085817337036
5.5860841274261475
5.67716646194458
5.861332654953003
5.578075647354126
5.640131235122681
5.638131141662598
5.567066431045532
5.4419519901275635
5.669156312942505
6.146592855453491
5.472981214523315
5.657147169113159
5.501005411148071
5.755235910415649
5.6941819190979
5.378893852233887
5.565062761306763
6.020478248596191
5.3368566036224365
5.461971044540405
5.362881183624268
5.586082696914673
5.8373119831085205
5.412925720214844
5.7372212409973145
5.981442213058472
5.548048734664917
5.765246152877808
5.458966970443726
4.922479629516602
5.4179298877716064
5.456965923309326
5.330850839614868
5.505010604858398
5.4559645652771
5.553054332733154
5.514017820358276
5.423935413360596
5.515017986297607
5.388903617858887
5.376893043518066
5.376893520355225
5.3238444328308105
5.3989129066467285
5.800277471542358
5.613107919692993
5.397912263870239
5.6061015129089355
5.5100133419036865
5.358876466751099
5.457966327667236
5.488992929458618
5.686174154281616
5.317837715148926
5.328849792480469
5.208739995956421
5.463972806930542
5.470978260040283
5.42493748664856
5.474982261657715
5.4309422969818115
5.488995313644409
5.4439537525177
5.341861963272095
5.265791654586792
5.384899139404297
5.400914192199707
5.345865488052368
5.346865177154541
5.363881587982178
5.382898569107056
5.328848838806152
5.391906261444092
5.390906095504761
5.322844505310059
5.364883184432983
5.523023843765259
5.303826093673706
5.496002197265625
5.378894329071045
5.394909143447876
5.457966327667236
5.387901544570923
5.2527806758880615
5.165701389312744
5.15268874168396
5.28380823135376
5.318840742111206
5.245773553848267
5.265791177749634
5.455963611602783
5.407921075820923
5.41492772102356
5.360877752304077
5.372889280319214
5.281806468963623
5.338858127593994
5.6061012744903564
5.502007722854614
5.3068296909332275
5.339860200881958
5.354873895645142
5.4659743309021
5.380897521972656
5.2367658615112305
5.42793869972229
5.481987953186035
5.3228442668914795
5.410923719406128
5.429940700531006
5.3668835163116455
5.413926601409912
5.37489128112793
5.413927793502808
5.362879276275635
5.384900093078613
5.328848838806152
5.508013963699341
5.482988595962524
5.301825523376465
5.2377660274505615
5.3388588428497314
5.330850839614868
5.455964803695679
5.349869012832642
5.427939414978027
5.313835382461548
5.227758169174194
5.295818567276001
5.299822092056274
5.4459569454193115
5.321843147277832
5.5630621910095215
5.427939176559448
5.3668835163116455
5.330851316452026
5.337858438491821
5.327847480773926
5.409924268722534
5.248776197433472
5.26679253578186
5.298822402954102
5.318838834762573
5.519021272659302
5.449959993362427
5.304828405380249
5.2507781982421875
5.338857412338257
5.176711320877075
5.253782033920288
5.322843551635742
5.241770029067993
5.300823450088501
5.371886968612671
5.432944059371948
5.240769863128662
5.300824880599976
5.387903213500977
5.392907381057739
5.324846029281616
5.40992283821106
5.452961683273315
5.407921552658081
5.42693829536438
5.447957515716553
5.402917861938477
5.320841073989868
5.301825046539307
5.265791416168213
5.478986978530884
5.257785320281982
5.364881277084351
5.2958197593688965
5.489995956420898
5.319841384887695
5.301825046539307
5.273800373077393
5.373889684677124
5.343862295150757
5.284810781478882
5.268794298171997
5.455965995788574
5.298821926116943
5.377893447875977
5.478986024856567
5.468977451324463
5.247774839401245
5.337857246398926
5.349869012832642
5.719203948974609
5.411924123764038
5.298821926116943
5.340859889984131
5.27680230140686
5.258786678314209
5.356874704360962
5.291816234588623
5.50000524520874
5.403916358947754
5.423935413360596
5.375892877578735
5.355875015258789
5.248777389526367
5.428939342498779
5.282808065414429
5.322844505310059
5.37589168548584
5.435946464538574
5.349867343902588
5.235764503479004
5.29381799697876
5.572070121765137
5.519934415817261
5.356957912445068
