Timing log for each step:
0.006005048751831055
0.556504487991333
0.5902576446533203
0.5525023937225342
0.558506965637207
0.5440244674682617
0.54305100440979
0.567624568939209
0.5595076084136963
0.5387861728668213
0.5409224033355713
0.5499210357666016
0.5414910316467285
0.5484974384307861
0.5454943180084229
0.5775244235992432
0.5605082511901855
0.5525009632110596
0.54949951171875
0.562023401260376
0.5480756759643555
0.5404822826385498
0.5465307235717773
0.5354857444763184
0.5414910316467285
0.5515007972717285
0.5515005588531494
0.5454952716827393
0.5545027256011963
0.5895340442657471
0.7296643257141113
0.6646006107330322
0.593735933303833
0.5963671207427979
0.7526824474334717
0.7504031658172607
0.7256581783294678
0.6105537414550781
0.6305713653564453
0.6205623149871826
0.605039119720459
0.6876239776611328
0.6495873928070068
0.6355769634246826
0.6204254627227783
0.5655126571655273
0.5705199241638184
0.7626922130584717
0.604546070098877
0.6057748794555664
0.6245641708374023
0.5905354022979736
0.6105542182922363
0.642582893371582
0.608551025390625
0.6195633411407471
0.5915369987487793
0.557553768157959
0.594174861907959
0.5785372257232666
0.5519709587097168
0.5504992008209229
0.5745201110839844
0.6866230964660645
0.6375796794891357
0.600740909576416
0.5866472721099854
0.6355772018432617
0.6225652694702148
0.594538688659668
0.5815269947052002
0.6155579090118408
0.6145567893981934
0.6255669593811035
0.6286783218383789
0.6221323013305664
0.5985467433929443
0.6238038539886475
0.6225650310516357
0.6575980186462402
0.6595983505249023
0.6445837020874023
0.6245675086975098
0.7176511287689209
0.6372103691101074
0.655693531036377
0.6285703182220459
0.7576882839202881
0.6746182441711426
0.6713447570800781
0.669607400894165
0.6085526943206787
0.6435835361480713
0.5850279331207275
0.6145579814910889
0.6155586242675781
0.5845293998718262
0.6165597438812256
0.6055502891540527
0.5795261859893799
0.6185615062713623
0.5765581130981445
0.620067834854126
0.6025466918945312
0.5785238742828369
0.6279864311218262
0.6045475006103516
0.6295711994171143
0.6055493354797363
0.6145570278167725
0.5905354022979736
0.623565673828125
0.6355769634246826
0.6225647926330566
0.607550859451294
0.6045467853546143
0.5805258750915527
0.5915369987487793
0.5735197067260742
0.5916190147399902
0.58553147315979
0.5888514518737793
0.5835292339324951
0.6015450954437256
0.6015472412109375
0.5585072040557861
0.5665147304534912
0.5905351638793945
0.6165592670440674
0.5844547748565674
0.583763837814331
0.6065499782562256
0.5897223949432373
0.5705173015594482
0.5985426902770996
0.6035475730895996
0.6165590286254883
0.5855312347412109
0.5785248279571533
0.5875334739685059
0.5796806812286377
0.5988969802856445
0.611553430557251
0.6347784996032715
0.6325747966766357
0.6335747241973877
0.5755219459533691
0.583528995513916
0.5895349979400635
0.5755226612091064
0.5780367851257324
0.5835294723510742
0.591041088104248
0.5790035724639893
0.5695195198059082
0.5800662040710449
0.5873558521270752
0.6005449295043945
0.583528995513916
0.6035478115081787
0.5715184211730957
0.59053635597229
0.6235654354095459
0.5785248279571533
0.5715184211730957
0.5915360450744629
0.6098916530609131
0.6090874671936035
0.5724155902862549
0.5695705413818359
0.5719599723815918
0.5795302391052246
0.6075506210327148
0.5805268287658691
0.5835297107696533
0.5705156326293945
0.5915367603302002
0.5685164928436279
0.5838584899902344
0.5872185230255127
0.5615255832672119
0.5995442867279053
0.5817592144012451
0.6221058368682861
0.5772559642791748
0.5565061569213867
0.5845315456390381
0.586533784866333
0.5855302810668945
0.573519229888916
0.6115553379058838
0.6055493354797363
0.5775234699249268
0.6225645542144775
0.5900454521179199
0.5748255252838135
0.5835258960723877
0.5967953205108643
0.5745210647583008
0.5865330696105957
0.5845293998718262
0.5645110607147217
0.5685160160064697
0.5945394039154053
0.6055498123168945
0.5895349979400635
0.6045482158660889
0.5875339508056641
0.587043046951294
0.5860717296600342
0.6048171520233154
0.5995430946350098
0.5905358791351318
0.5735204219818115
0.5905365943908691
0.5765228271484375
0.5745224952697754
0.5815269947052002
0.5775237083435059
0.5595076084136963
0.5685162544250488
0.5955476760864258
0.5735247135162354
0.5905349254608154
0.5975792407989502
0.5799779891967773
0.6075518131256104
0.57452392578125
0.5825285911560059
0.5695173740386963
0.5965404510498047
0.587533712387085
0.5995445251464844
0.5707798004150391
0.6015911102294922
0.5815274715423584
0.5893166065216064
0.5833468437194824
0.5785238742828369
0.5805268287658691
0.5925378799438477
0.5835292339324951
0.5795252323150635
0.593538761138916
0.56709885597229
0.5775244235992432
0.5665152072906494
0.5755627155303955
0.5905358791351318
0.5596151351928711
0.6135568618774414
0.5885341167449951
0.5765230655670166
0.6145567893981934
0.5915350914001465
0.57552170753479
0.5705175399780273
0.5797863006591797
0.5798091888427734
0.5745217800140381
0.5786173343658447
0.6313645839691162
0.602546215057373
0.5785260200500488
0.632573127746582
0.5945391654968262
0.5745208263397217
0.5825293064117432
0.5875329971313477
0.5866641998291016
0.5520458221435547
0.5695161819458008
0.5706605911254883
0.5686070919036865
0.5955405235290527
0.5905370712280273
0.5825276374816895
0.5705177783966064
0.5655126571655273
0.6245672702789307
0.619804859161377
0.588050127029419
0.5540640354156494
0.5778543949127197
0.5765221118927002
0.5945391654968262
0.5765233039855957
0.5665140151977539
0.5725202560424805
0.5945405960083008
0.5785253047943115
0.5725913047790527
0.5755200386047363
0.5986251831054688
0.5753779411315918
0.5996370315551758
0.5909135341644287
0.5679688453674316
0.5889561176300049
0.6916277408599854
0.6696069240570068
0.6045494079589844
0.6135575771331787
0.6185615062713623
0.6031053066253662
0.6085519790649414
0.5840389728546143
0.6429996490478516
0.5962703227996826
0.5995867252349854
0.5948910713195801
0.5929536819458008
0.582528829574585
0.5795245170593262
0.5815272331237793
0.5915367603302002
0.6255664825439453
0.604548454284668
0.6095521450042725
0.6095542907714844
0.6095530986785889
0.6275694370269775
0.6192872524261475
0.6062870025634766
0.6006560325622559
0.603273868560791
0.6035487651824951
0.5955398082733154
0.5735189914703369
0.5925376415252686
0.6015448570251465
0.5795259475708008
0.5855305194854736
0.5962786674499512
0.5660712718963623
0.5884625911712646
0.5936150550842285
0.5810692310333252
0.6005444526672363
0.5745205879211426
0.5665137767791748
0.5865318775177002
0.6075506210327148
0.6455855369567871
0.5727171897888184
0.5828878879547119
0.5888938903808594
0.5765745639801025
0.5895349979400635
0.5995447635650635
0.5795259475708008
0.5785238742828369
0.5825285911560059
0.6075515747070312
0.5865321159362793
0.5765223503112793
0.5815272331237793
0.5829370021820068
0.5745201110839844
0.5715222358703613
0.5724096298217773
0.5786218643188477
0.5975406169891357
0.5785250663757324
0.5885348320007324
0.6035459041595459
0.5875322818756104
0.5795254707336426
0.5646884441375732
0.5950064659118652
0.56451416015625
0.6106209754943848
0.5625109672546387
0.6045477390289307
0.6395790576934814
0.5915374755859375
0.6075513362884521
0.5925376415252686
0.6175603866577148
0.5956542491912842
0.5810399055480957
0.5820815563201904
0.5678150653839111
0.5669646263122559
0.5815267562866211
0.5775249004364014
0.5715174674987793
0.583528995513916
0.5935382843017578
0.6215624809265137
0.5675151348114014
0.607551097869873
0.6005446910858154
0.6426410675048828
0.5864121913909912
0.7738766670227051
0.6220109462738037
0.6652402877807617
0.5738444328308105
0.5575065612792969
0.6245653629302979
0.5985426902770996
0.5635111331939697
0.7586884498596191
0.5779423713684082
0.5675156116485596
0.6656038761138916
0.5977306365966797
0.7217104434967041
0.6145627498626709
0.6545922756195068
0.7166519165039062
0.662959098815918
0.7066409587860107
0.7206587791442871
0.6722581386566162
0.5895354747772217
0.5805220603942871
0.7558586597442627
0.5959587097167969
0.5837891101837158
0.5789320468902588
0.5818877220153809
0.5880744457244873
0.5725193023681641
0.5855317115783691
0.5735204219818115
0.5795257091522217
0.591536283493042
0.5665132999420166
0.5845291614532471
0.5985426902770996
0.5905404090881348
0.7538983821868896
0.5808353424072266
0.567298412322998
0.6756129264831543
0.5955438613891602
0.570000410079956
0.6015450954437256
0.5835282802581787
0.560509443283081
0.60654616355896
0.5715188980102539
0.6105537414550781
0.5820589065551758
0.5805273056030273
0.5800354480743408
0.6005587577819824
0.5815274715423584
0.5578780174255371
0.5727827548980713
0.6595993041992188
0.5846807956695557
0.5782921314239502
0.5661303997039795
0.5666365623474121
0.5815284252166748
0.5675148963928223
0.5675153732299805
0.5935375690460205
0.588533878326416
0.5655136108398438
0.5765261650085449
0.5872809886932373
0.5670666694641113
0.5975446701049805
0.5899314880371094
0.5875318050384521
0.5695168972015381
0.5705175399780273
0.5905344486236572
0.5735211372375488
0.5815267562866211
0.558506965637207
0.5705175399780273
0.5935378074645996
0.582033634185791
0.5728716850280762
0.5665135383605957
0.5956935882568359
0.5765242576599121
0.5735208988189697
0.5905349254608154
0.5705175399780273
0.5865323543548584
0.5715186595916748
0.5605082511901855
0.5665140151977539
0.5765225887298584
0.5745213031768799
0.5800368785858154
0.5725448131561279
0.5855309963226318
0.5850155353546143
0.5694241523742676
0.5955395698547363
0.5795259475708008
0.5745210647583008
0.5865306854248047
0.5795249938964844
0.5985419750213623
0.6005442142486572
0.5825285911560059
0.5885350704193115
0.5660338401794434
0.5811128616333008
0.5795259475708008
0.5582401752471924
0.5856821537017822
0.5755233764648438
0.5885334014892578
0.579526424407959
0.5845305919647217
0.6005439758300781
0.5825283527374268
0.6024057865142822
0.5773453712463379
0.5590596199035645
0.5915365219116211
0.5755941867828369
0.5884425640106201
0.588533878326416
0.5945320129394531
0.563509464263916
0.5655121803283691
0.5885334014892578
0.5865325927734375
0.5865321159362793
0.5725193023681641
0.5955400466918945
0.5885231494903564
0.5705182552337646
0.5639810562133789
0.5860762596130371
0.5770647525787354
0.5965416431427002
0.5815274715423584
0.5685157775878906
0.5635111331939697
0.588533878326416
0.7817091941833496
0.790722131729126
0.6906256675720215
0.5795261859893799
0.5980536937713623
0.6091134548187256
0.6135563850402832
0.7415480613708496
0.7236559391021729
0.7086429595947266
0.5905349254608154
0.601546049118042
0.5815272331237793
0.5713753700256348
0.8253893852233887
0.723334789276123
0.6920254230499268
0.5715177059173584
0.5865323543548584
0.5955398082733154
0.715648889541626
0.7636933326721191
0.7086427211761475
0.5785250663757324
0.5655126571655273
0.5745208263397217
0.7021455764770508
0.8063311576843262
0.7518661022186279
0.809734582901001
0.5785257816314697
0.6335749626159668
0.7977261543273926
0.7992377281188965
0.7226560115814209
0.8282556533813477
0.5815277099609375
0.5991289615631104
0.7206532955169678
0.7150776386260986
0.7356669902801514
0.7306625843048096
0.8374714851379395
0.8247482776641846
0.5815277099609375
0.5940666198730469
0.7276608943939209
0.40387582778930664
0.38308286666870117
0.7116456031799316
0.8265361785888672
0.8267509937286377
0.8017268180847168
0.8227453231811523
0.5925376415252686
0.8129470348358154
0.3793454170227051
0.7117810249328613
0.8310415744781494
0.8023233413696289
0.8284296989440918
0.8357582092285156
0.8176913261413574
0.8712930679321289
0.8699038028717041
0.8109943866729736
0.816256046295166
0.8217451572418213
0.809734582901001
0.836759090423584
0.8247478008270264
0.7927191257476807
0.5084607601165771
0.47643566131591797
0.45141029357910156
0.47142720222473145
0.46193528175354004
0.4708435535430908
0.47943592071533203
0.46442151069641113
0.4703836441040039
0.4649646282196045
0.4754312038421631
0.4674239158630371
0.47342896461486816
0.4724295139312744
0.6075534820556641
0.5945401191711426
0.6035490036010742
0.6501109600067139
0.5855300426483154
0.603801965713501
0.6155617237091064
0.6185638904571533
0.6003627777099609
0.6135580539703369
0.6015458106994629
0.5825283527374268
0.6135573387145996
0.6426284313201904
0.5865340232849121
0.5755228996276855
0.5945403575897217
0.5995445251464844
0.6112308502197266
0.6112515926361084
0.584585428237915
0.5983595848083496
0.602545976638794
0.5665144920349121
0.5875341892242432
0.594202995300293
0.5822141170501709
0.5721516609191895
0.5877408981323242
0.661118745803833
0.5854983329772949
0.5695173740386963
0.58052659034729
0.5975422859191895
0.6005454063415527
0.5925378799438477
0.5955417156219482
0.5865342617034912
0.5835304260253906
0.5886783599853516
0.5966751575469971
0.5725207328796387
0.602832555770874
0.6085517406463623
0.577523946762085
0.69162917137146
0.7016355991363525
0.6265702247619629
0.6321408748626709
0.6746129989624023
0.5845482349395752
0.5745553970336914
0.5815322399139404
0.577523946762085
0.5845310688018799
0.5845303535461426
0.5835292339324951
0.5965425968170166
0.6175603866577148
0.5725200176239014
0.6325743198394775
0.5983295440673828
0.5661976337432861
0.5780284404754639
0.5999083518981934
0.6014540195465088
0.5855307579040527
0.5985434055328369
0.5815281867980957
0.5795254707336426
0.5895342826843262
0.618563175201416
0.58292555809021
0.5867259502410889
0.5885336399078369
0.5758397579193115
0.5895349979400635
0.589536190032959
0.6135575771331787
0.5995428562164307
0.5755226612091064
0.5845315456390381
0.5855329036712646
0.5737910270690918
0.5880444049835205
0.5975425243377686
0.6072995662689209
0.6165978908538818
0.6349365711212158
0.5935392379760742
0.5875349044799805
0.5775253772735596
0.578514814376831
0.618563175201416
0.592536211013794
0.5875325202941895
0.5985445976257324
0.5765237808227539
0.5795269012451172
0.5886342525482178
0.5715193748474121
0.5827946662902832
0.617013692855835
0.5830729007720947
0.5725200176239014
0.5655131340026855
0.5865330696105957
0.5835294723510742
0.5735220909118652
0.6155579090118408
0.5755226612091064
0.6035494804382324
0.6045486927032471
0.7266592979431152
0.5927715301513672
0.6624035835266113
0.6049027442932129
0.6109104156494141
0.6093583106994629
0.61592698097229
0.5945391654968262
0.5915367603302002
0.6455850601196289
0.627570629119873
0.6813745498657227
0.6002957820892334
0.5926897525787354
0.5785257816314697
0.6076319217681885
0.5955486297607422
0.6595978736877441
0.5855319499969482
0.6155581474304199
0.6155602931976318
0.6716103553771973
0.6145577430725098
0.5925381183624268
0.5835304260253906
0.5840399265289307
0.6130990982055664
0.5938971042633057
0.6175615787506104
0.6355772018432617
0.6846210956573486
0.6595983505249023
0.6435844898223877
0.6205534934997559
0.6485888957977295
0.6986343860626221
0.6385800838470459
0.6115555763244629
0.5810267925262451
0.6045544147491455
0.5854544639587402
0.6100058555603027
0.5745220184326172
0.5895333290100098
0.5865321159362793
0.6025476455688477
0.5905358791351318
0.5935397148132324
0.5755228996276855
0.58553147315979
0.5815281867980957
0.6145575046539307
0.573972225189209
0.5805268287658691
0.5705204010009766
0.5877001285552979
0.5995452404022217
0.5645129680633545
0.5765223503112793
0.5635120868682861
0.5935370922088623
0.5895340442657471
0.6185603141784668
0.5845301151275635
0.5775229930877686
0.5853066444396973
0.5893473625183105
0.5865340232849121
0.5709073543548584
0.5935382843017578
0.5735201835632324
0.5795247554779053
0.5765190124511719
0.563511848449707
0.571519136428833
0.6061363220214844
0.5975422859191895
0.6105551719665527
0.598595380783081
0.58953857421875
0.5870552062988281
0.5835301876068115
0.5945391654968262
0.5845305919647217
0.5905358791351318
0.5885355472564697
0.5755224227905273
0.6335752010345459
0.5715188980102539
0.5935482978820801
0.6115553379058838
0.6108982563018799
0.579526424407959
0.5855364799499512
0.5885331630706787
0.5875341892242432
0.5945408344268799
0.6005454063415527
0.5785253047943115
0.6175596714019775
0.5980703830718994
0.6200811862945557
0.6115546226501465
0.6138968467712402
0.6004986763000488
0.5855321884155273
0.6005451679229736
0.5755207538604736
0.588533878326416
0.6395800113677979
0.6085536479949951
0.6075515747070312
0.6135554313659668
0.5965416431427002
0.6010534763336182
0.5640895366668701
0.5795259475708008
0.5689239501953125
0.5915436744689941
0.5855324268341064
0.573521614074707
0.601546049118042
0.577523946762085
0.6055502891540527
0.6155648231506348
0.5952026844024658
0.5992693901062012
0.5925381183624268
0.5715184211730957
0.560509443283081
0.5615100860595703
0.569516658782959
0.5875344276428223
0.5645124912261963
0.5915372371673584
0.5855317115783691
0.5795421600341797
0.5710752010345459
0.6856222152709961
0.6658594608306885
0.6445846557617188
0.589836597442627
0.5925369262695312
0.5695173740386963
0.5875353813171387
0.5815279483795166
0.5965423583984375
0.565514087677002
0.5945403575897217
0.5763983726501465
0.5610151290893555
0.5807197093963623
0.611555814743042
0.5928599834442139
0.5712339878082275
0.5865330696105957
0.5915367603302002
0.5725207328796387
0.5955410003662109
0.5855319499969482
0.5805280208587646
0.5810067653656006
0.57708740234375
0.586775541305542
0.5855321884155273
0.5867092609405518
0.5729737281799316
0.5698738098144531
0.5815277099609375
0.56451416015625
0.5775241851806641
0.5785255432128906
0.5785257816314697
0.5845298767089844
0.5825300216674805
0.9378516674041748
0.5860528945922852
0.6015536785125732
0.5875339508056641
0.5808348655700684
0.5929887294769287
0.5668747425079346
0.5900800228118896
0.5988366603851318
0.5718798637390137
0.5712525844573975
0.56951904296875
0.5835294723510742
0.6045494079589844
0.5895357131958008
0.5685164928436279
0.5755228996276855
0.5948359966278076
0.5800380706787109
0.5915417671203613
0.6085529327392578
0.574007511138916
0.5800490379333496
0.5805270671844482
0.5705182552337646
0.5915360450744629
0.586533784866333
0.580528736114502
0.5575060844421387
0.5908331871032715
0.5748393535614014
0.5750389099121094
0.5865380764007568
0.6016960144042969
0.5995457172393799
0.6275689601898193
0.5735208988189697
0.6355764865875244
0.5625104904174805
0.5855312347412109
0.5795261859893799
0.5675153732299805
0.5675158500671387
0.5965409278869629
0.5993709564208984
0.5700869560241699
0.5899088382720947
0.5845301151275635
0.5815279483795166
0.5635125637054443
0.59053635597229
0.5875341892242432
0.5985434055328369
0.5860292911529541
0.588676929473877
0.5714571475982666
0.5979859828948975
0.5752079486846924
0.5785248279571533
0.6025469303131104
0.5915372371673584
0.5955402851104736
0.6285717487335205
0.6165604591369629
0.5715188980102539
0.5685157775878906
0.5775246620178223
0.5975425243377686
0.5851099491119385
0.5635111331939697
0.5625162124633789
0.606541633605957
0.5855317115783691
0.5955345630645752
0.5675153732299805
0.5765230655670166
0.5765228271484375
0.5975420475006104
0.5985443592071533
0.586533784866333
0.590630054473877
0.6040003299713135
0.5760252475738525
0.6055493354797363
0.5915355682373047
0.5935394763946533
0.6275515556335449
0.6075470447540283
0.6185612678527832
0.5955407619476318
0.5855319499969482
0.6105556488037109
0.6555957794189453
0.5670285224914551
0.6181159019470215
0.59039306640625
0.5999891757965088
0.5674896240234375
0.577523946762085
0.5605068206787109
0.5725207328796387
0.58553147315979
0.5925381183624268
0.607550859451294
0.5935401916503906
0.5811495780944824
0.5930726528167725
0.5595083236694336
0.5815315246582031
0.568110466003418
0.6069393157958984
0.6079826354980469
0.5828897953033447
0.576974630355835
0.5719704627990723
0.5859827995300293
0.584233283996582
0.6098580360412598
0.5749659538269043
0.5749459266662598
0.5768766403198242
0.5850820541381836
0.5755236148834229
0.6025466918945312
0.5965430736541748
0.5905373096466064
0.622565507888794
0.5875332355499268
0.5885341167449951
0.6155588626861572
0.5875365734100342
0.5975427627563477
0.5935637950897217
0.5945413112640381
0.6699914932250977
0.5886497497558594
0.6129992008209229
0.6025464534759521
0.678617000579834
0.5695180892944336
0.584531307220459
0.59053635597229
0.5885348320007324
0.58052659034729
0.5945401191711426
0.5960872173309326
0.6221024990081787
0.5865387916564941
0.5875561237335205
0.5785257816314697
0.6085529327392578
0.6185619831085205
0.6005449295043945
0.5965421199798584
0.579526424407959
0.5955407619476318
0.618560791015625
0.6212036609649658
0.6070675849914551
0.6055505275726318
0.5925416946411133
0.5923986434936523
0.580521821975708
0.5815293788909912
0.5885353088378906
0.6055498123168945
0.5935413837432861
0.6325747966766357
0.59053635597229
0.6035478115081787
0.5875341892242432
0.6255676746368408
0.6026105880737305
0.5858914852142334
0.5905370712280273
0.6195640563964844
0.5935401916503906
0.5825300216674805
0.6185605525970459
0.5875349044799805
0.6005470752716064
0.5705161094665527
0.5830938816070557
0.5680239200592041
0.588036060333252
0.5893757343292236
0.613835334777832
0.6025469303131104
0.6045489311218262
0.5955400466918945
0.5855324268341064
0.5865340232849121
0.5795266628265381
0.5825283527374268
0.5785250663757324
0.6008110046386719
0.5930681228637695
0.625572919845581
0.5878229141235352
0.5995452404022217
0.5895354747772217
0.59053635597229
0.6005454063415527
0.6045496463775635
0.5815274715423584
0.5735206604003906
0.5705187320709229
0.6015462875366211
0.5965428352355957
0.6101284027099609
0.5990464687347412
0.6185619831085205
0.6005458831787109
0.6085517406463623
0.5945401191711426
0.628570556640625
0.5725195407867432
0.5885331630706787
0.578519344329834
0.5975360870361328
0.6147689819335938
0.5835292339324951
0.594851016998291
0.5815281867980957
0.5935397148132324
0.5785260200500488
0.5795252323150635
0.6165604591369629
0.5665137767791748
0.5895347595214844
0.5865325927734375
0.6115553379058838
0.6265692710876465
0.5750362873077393
0.5860214233398438
0.5601217746734619
0.6025469303131104
0.5835299491882324
0.592538595199585
0.6749608516693115
0.5975425243377686
0.5975432395935059
0.6085920333862305
0.5856723785400391
0.6135561466217041
0.6000106334686279
0.6023519039154053
0.6059789657592773
0.5949041843414307
0.5825283527374268
0.6435854434967041
0.6265690326690674
0.6015462875366211
0.579526424407959
0.5795261859893799
0.563511848449707
0.5685174465179443
0.5945398807525635
0.5850365161895752
0.5848603248596191
0.6155600547790527
0.5757014751434326
0.6108529567718506
0.5791163444519043
0.6111874580383301
0.5955417156219482
0.5975425243377686
0.5715186595916748
0.5885343551635742
0.5885360240936279
0.5995452404022217
0.5845317840576172
0.5755236148834229
0.584531307220459
0.5795254707336426
0.5966277122497559
0.6305735111236572
0.6038281917572021
0.6326878070831299
0.5825293064117432
0.574521541595459
0.5885334014892578
0.59554123878479
0.5885353088378906
0.6035475730895996
0.5905368328094482
0.6926295757293701
0.6285717487335205
0.6225650310516357
0.6068563461303711
0.6051101684570312
0.5975484848022461
0.5855700969696045
0.5905361175537109
0.5645112991333008
0.6005449295043945
0.5765233039855957
0.5515003204345703
0.5503678321838379
0.5611200332641602
0.5438737869262695
0.5563216209411621
0.561509370803833
0.5655138492584229
0.5505001544952393
0.5625107288360596
0.5525012016296387
0.5394892692565918
0.588533878326416
0.5607631206512451
0.5700383186340332
0.5700316429138184
0.54449462890625
0.5545027256011963
0.5575063228607178
0.5474979877471924
0.562511682510376
0.5815284252166748
0.5615098476409912
0.5735208988189697
0.5676150321960449
0.5510737895965576
0.565528154373169
0.5593051910400391
0.5519161224365234
0.5547888278961182
0.560906171798706
0.5638673305511475
0.555504560470581
0.5645136833190918
0.5795269012451172
0.5555040836334229
0.5705182552337646
0.5545039176940918
0.5695176124572754
0.5550215244293213
0.559434175491333
0.5570509433746338
0.5879900455474854
0.5518922805786133
0.5655136108398438
0.5665140151977539
0.5725209712982178
0.5484981536865234
0.5535032749176025
0.5494987964630127
0.5835292339324951
0.556053638458252
0.5842006206512451
0.5670804977416992
0.5575354099273682
0.5564279556274414
0.5619065761566162
0.6035470962524414
0.5515005588531494
0.5625109672546387
0.5955407619476318
0.5515005588531494
0.5474972724914551
0.5645129680633545
0.553239107131958
0.5749990940093994
0.545393705368042
0.5529730319976807
0.5709054470062256
0.5549838542938232
0.5548903942108154
0.5555059909820557
0.5625109672546387
0.5615096092224121
0.5655138492584229
0.5494990348815918
0.571519136428833
0.5434939861297607
0.559053897857666
0.5460336208343506
0.5610713958740234
0.5905485153198242
0.5529255867004395
0.5688595771789551
0.5418903827667236
0.5518865585327148
0.560509443283081
0.5434930324554443
0.5494983196258545
0.5685162544250488
0.5575060844421387
0.6025471687316895
0.5737192630767822
0.5601344108581543
0.5495069026947021
0.5816850662231445
0.5469667911529541
0.560509204864502
0.5555050373077393
0.5615100860595703
0.5805273056030273
0.5424933433532715
0.5615103244781494
0.5625102519989014
0.5537819862365723
0.5682551860809326
0.5535008907318115
0.5515179634094238
0.5663883686065674
0.5484981536865234
0.5725197792053223
0.5555059909820557
0.5645129680633545
0.5585074424743652
0.5525021553039551
0.5420198440551758
0.5409917831420898
0.5399503707885742
0.5424931049346924
0.5719537734985352
0.5575072765350342
0.5414917469024658
0.564511775970459
0.5885355472564697
0.5685155391693115
0.5424923896789551
0.5710442066192627
0.5460522174835205
0.5480566024780273
0.5595231056213379
0.5547072887420654
0.5959761142730713
0.5389142036437988
0.5390958786010742
0.5529441833496094
0.5429151058197021
0.5648655891418457
0.5545046329498291
0.5615103244781494
0.5494990348815918
0.550499439239502
0.5354862213134766
0.5575056076049805
0.5474975109100342
0.5522940158843994
0.5710494518280029
0.5625176429748535
0.5417702198028564
0.5505001544952393
0.5585072040557861
0.5474967956542969
0.5695161819458008
0.5484979152679443
0.5645127296447754
0.5729033946990967
0.5560300350189209
0.5465919971466064
0.5384888648986816
0.5577545166015625
0.5668284893035889
0.5573527812957764
0.5414917469024658
0.5535023212432861
0.5625109672546387
0.5484976768493652
0.5785257816314697
0.5785255432128906
0.5610220432281494
0.5380332469940186
0.5635817050933838
0.5384893417358398
0.5698328018188477
0.5579490661621094
0.5639996528625488
0.5525007247924805
0.5454957485198975
0.553502082824707
0.5474975109100342
0.5414919853210449
0.593538761138916
0.5895359516143799
0.5520000457763672
0.5395674705505371
0.6155588626861572
0.5625283718109131
0.5409972667694092
0.5558536052703857
0.5613875389099121
0.5525014400482178
0.5905361175537109
0.5464942455291748
0.5625109672546387
0.5484969615936279
0.5725207328796387
0.5780723094940186
0.5710532665252686
0.549924373626709
0.5565145015716553
0.5469021797180176
0.565514326095581
0.555504560470581
0.5825300216674805
0.5675163269042969
0.5535025596618652
0.5414915084838867
0.5324833393096924
0.536851167678833
0.5598151683807373
0.5540456771850586
0.5385947227478027
0.5599977970123291
0.5529789924621582
0.5949890613555908
0.6105556488037109
0.5645132064819336
0.5975427627563477
0.5545034408569336
0.5414919853210449
0.5585076808929443
0.5625088214874268
0.5607852935791016
0.5518667697906494
0.5740525722503662
0.565514326095581
0.5535523891448975
0.5675144195556641
0.5494990348815918
0.5625104904174805
0.5645136833190918
0.5655138492584229
0.5645115375518799
0.547497034072876
0.5770530700683594
0.559107780456543
0.5885336399078369
0.5526130199432373
0.5809063911437988
0.558140754699707
0.5459871292114258
0.5818774700164795
0.5470025539398193
0.5528788566589355
0.5730085372924805
0.5509870052337646
0.5649714469909668
0.5598978996276855
0.5790505409240723
0.5529501438140869
0.5612332820892334
0.5665149688720703
0.5545034408569336
0.5555047988891602
0.5494990348815918
0.5484981536865234
0.5525021553039551
0.5445921421051025
0.556786060333252
0.539426326751709
0.5494999885559082
0.5457282066345215
0.5639169216156006
0.5449299812316895
0.5699138641357422
0.5669200420379639
0.5579657554626465
0.5689389705657959
0.5459756851196289
0.5548906326293945
0.5590622425079346
0.552976131439209
0.5550010204315186
0.5409700870513916
0.552889347076416
0.5400218963623047
0.557506799697876
0.5595076084136963
0.5575065612792969
0.5885348320007324
0.6115553379058838
0.5535037517547607
0.5555038452148438
0.5529778003692627
0.5560400485992432
0.5495576858520508
0.5474979877471924
0.5668735504150391
0.5414919853210449
0.5615100860595703
0.5414912700653076
0.5665144920349121
0.5414927005767822
0.5545029640197754
0.5525009632110596
0.5775244235992432
0.5565638542175293
0.5362927913665771
0.5543746948242188
0.5674266815185547
0.5500423908233643
0.5525016784667969
0.5424928665161133
0.560509204864502
0.54949951171875
0.5575063228607178
0.5464966297149658
0.5515000820159912
0.5481867790222168
0.5448050498962402
0.5625112056732178
0.5846107006072998
0.5602951049804688
0.5675146579742432
0.5765233039855957
0.5645127296447754
0.5535030364990234
0.5474977493286133
0.5575063228607178
0.5474977493286133
0.5483090877532959
0.5618195533752441
0.5434935092926025
0.565554141998291
0.5419325828552246
0.5599315166473389
0.5463147163391113
0.5595073699951172
0.5474972724914551
0.5715193748474121
0.5494992733001709
0.5474975109100342
0.5785253047943115
0.5545034408569336
0.5475845336914062
0.5467443466186523
0.5591742992401123
0.5655205249786377
0.5755422115325928
0.5595076084136963
0.5655133724212646
0.5484986305236816
0.543494701385498
0.5525033473968506
0.5565049648284912
0.5570499897003174
0.5926666259765625
0.573040246963501
0.5625107288360596
0.6216974258422852
0.5959827899932861
0.5995454788208008
0.5815291404724121
0.5705184936523438
0.6065506935119629
0.575523853302002
0.5810716152191162
0.5497627258300781
0.5568571090698242
0.552584171295166
0.5777552127838135
0.5775251388549805
0.5665137767791748
0.5895349979400635
0.5505013465881348
0.568516731262207
0.5505008697509766
0.5735211372375488
0.5597493648529053
0.5580224990844727
0.5560481548309326
0.5555047988891602
0.5455758571624756
0.5585064888000488
0.5545034408569336
0.5394892692565918
0.5855309963226318
0.5855312347412109
0.552501916885376
0.5735208988189697
0.5418858528137207
0.5457794666290283
0.5490627288818359
0.5595090389251709
0.5735208988189697
0.5535035133361816
0.5505001544952393
0.5494999885559082
0.5705170631408691
0.5605089664459229
0.5535025596618652
0.5484976768493652
0.5615553855895996
0.5469365119934082
0.5470273494720459
0.5665292739868164
0.5864944458007812
0.5743231773376465
0.5575060844421387
0.5464961528778076
0.5404908657073975
0.5605087280273438
0.5444953441619873
0.5650191307067871
0.5520551204681396
0.5498592853546143
0.552788496017456
0.5599963665008545
0.5615110397338867
0.5585062503814697
0.5545041561126709
0.5454950332641602
0.5565052032470703
0.5785248279571533
0.5500509738922119
0.5447773933410645
0.6010875701904297
0.5425019264221191
0.5565042495727539
0.5715351104736328
0.552501916885376
0.58553147315979
0.5424935817718506
0.5515007972717285
0.5605089664459229
0.6307642459869385
0.5710299015045166
0.5620460510253906
0.5495162010192871
0.5505251884460449
0.5555038452148438
0.5665152072906494
0.5795266628265381
0.5705187320709229
0.5605103969573975
0.5675156116485596
0.5745971202850342
0.5438220500946045
0.5620367527008057
0.5535025596618652
0.5793149471282959
0.5444951057434082
0.5444939136505127
0.5775234699249268
0.587533712387085
0.5535025596618652
0.5695168972015381
0.5625121593475342
0.5528137683868408
0.5580189228057861
0.5510401725769043
0.5595083236694336
0.5496587753295898
0.54449462890625
0.5645120143890381
0.5444929599761963
0.5645124912261963
0.5725197792053223
0.5545036792755127
0.5575060844421387
0.5569884777069092
0.6090090274810791
0.6025524139404297
0.5544238090515137
0.578432559967041
0.5595073699951172
0.5505001544952393
0.5675148963928223
0.5494985580444336
0.5635120868682861
0.5490496158599854
0.5450284481048584
0.5408172607421875
0.5485126972198486
0.5579488277435303
0.5625107288360596
0.5454959869384766
0.566514253616333
0.5474975109100342
0.551501989364624
0.5625109672546387
0.5740475654602051
0.5481412410736084
0.5955026149749756
0.5409677028656006
0.5695173740386963
0.5545039176940918
0.543494701385498
0.5775244235992432
0.5454950332641602
0.555504560470581
0.5530195236206055
0.5592217445373535
0.5569086074829102
0.5585219860076904
0.5446114540100098
0.5575065612792969
0.5565052032470703
0.5895349979400635
0.5439534187316895
0.555499792098999
0.5515003204345703
0.5765237808227539
0.5785253047943115
0.5464954376220703
0.5545034408569336
0.5734446048736572
0.5615100860595703
0.5566694736480713
0.5408298969268799
0.5659112930297852
0.5545039176940918
0.5645124912261963
0.601546049118042
0.5575063228607178
0.5515012741088867
0.5645124912261963
0.5555047988891602
0.5525734424591064
0.5565123558044434
0.5855321884155273
0.5466187000274658
0.5399215221405029
0.5715229511260986
0.5575065612792969
0.5404918193817139
0.5605099201202393
0.5505008697509766
0.5615098476409912
0.5745213031768799
0.5590188503265381
0.5450491905212402
0.5559368133544922
0.5575065612792969
0.547713041305542
0.5609490871429443
0.5549793243408203
0.5675153732299805
0.5515007972717285
0.5625107288360596
0.5875341892242432
0.563511848449707
0.5484981536865234
0.5515007972717285
0.5448164939880371
0.548161506652832
0.580965518951416
0.5505216121673584
0.5444047451019287
0.5404913425445557
0.5535025596618652
0.5414915084838867
0.5484983921051025
0.614558219909668
0.555504322052002
0.6045494079589844
0.5619425773620605
0.5556762218475342
0.5645124912261963
0.5578925609588623
0.5689685344696045
0.5419900417327881
0.5643272399902344
0.546497106552124
0.5515058040618896
0.5444939136505127
0.5514991283416748
0.563511848449707
0.5515007972717285
0.5535025596618652
0.5395536422729492
0.5618648529052734
0.5582897663116455
0.5519702434539795
0.5474975109100342
0.5805275440216064
0.541492223739624
0.54949951171875
0.5755226612091064
0.5505008697509766
0.560509204864502
0.5585074424743652
0.5653500556945801
0.5520298480987549
0.5820415019989014
0.5917990207672119
0.5625100135803223
0.5555047988891602
0.5424926280975342
0.5454952716827393
0.576524019241333
0.551501989364624
0.5725202560424805
0.5482823848724365
0.5668046474456787
0.5404903888702393
0.5788204669952393
0.5759596824645996
0.5855329036712646
0.5665137767791748
0.5444943904876709
0.5515010356903076
0.565514087677002
0.588533878326416
0.5515005588531494
0.5448546409606934
0.5448591709136963
0.5431602001190186
0.5515010356903076
0.5496032238006592
0.5585074424743652
0.5505003929138184
0.5384891033172607
0.5424928665161133
0.558506965637207
0.5484974384307861
0.5725200176239014
0.5690171718597412
0.5491137504577637
0.54270339012146
0.5605084896087646
0.5525016784667969
0.5515005588531494
0.5404913425445557
0.5374884605407715
0.5725202560424805
0.542492151260376
0.5630340576171875
0.5500490665435791
0.558967113494873
0.548532247543335
0.5642759799957275
0.5575060844421387
0.5535039901733398
0.5454943180084229
0.5535039901733398
0.5484988689422607
0.5575060844421387
0.5695173740386963
0.5460183620452881
0.5392141342163086
0.5425031185150146
0.5715785026550293
0.5895347595214844
0.55450439453125
0.5695168972015381
0.5494990348815918
0.587533712387085
0.5825295448303223
0.5615103244781494
0.5604450702667236
0.5525007247924805
0.5519561767578125
0.5474998950958252
0.5459911823272705
0.5454964637756348
0.5484979152679443
0.5645127296447754
0.5414924621582031
0.5885343551635742
0.5575063228607178
0.5474975109100342
0.5800871849060059
0.5420749187469482
0.5440847873687744
0.5525023937225342
0.5975990295410156
0.5499238967895508
0.5609617233276367
0.5434927940368652
0.5424935817718506
0.5484983921051025
0.5635125637054443
0.5695185661315918
0.5515010356903076
0.5780766010284424
0.5534207820892334
0.5475325584411621
0.5409619808197021
0.5458810329437256
0.5710270404815674
0.5707926750183105
0.5699024200439453
0.5535027980804443
0.5655136108398438
0.5545027256011963
0.5555047988891602
0.565514326095581
0.5555038452148438
0.5394909381866455
0.5740671157836914
0.5590832233428955
0.603339433670044
0.5670347213745117
0.5550103187561035
0.5478765964508057
0.550499439239502
0.5595078468322754
0.5575072765350342
0.5775256156921387
0.561509370803833
0.5464951992034912
0.5464961528778076
0.5510883331298828
0.5533273220062256
0.5350301265716553
0.5505177974700928
0.5813612937927246
0.569882869720459
0.549393892288208
0.5755231380462646
0.5745217800140381
0.5404913425445557
0.5625109672546387
0.5825290679931641
0.5464968681335449
0.5767407417297363
0.5440127849578857
0.5434932708740234
0.5437898635864258
0.5619258880615234
0.5439183712005615
0.5598945617675781
0.5555047988891602
0.5484986305236816
0.5484974384307861
0.5695168972015381
0.5785250663757324
0.5464968681335449
0.5454940795898438
0.5624730587005615
0.54449462890625
0.5992379188537598
0.6065516471862793
0.5519261360168457
0.5580496788024902
0.55999755859375
0.5475022792816162
0.5635116100311279
0.5735206604003906
0.5505001544952393
0.5565061569213867
0.5645124912261963
0.5575053691864014
0.5530452728271484
0.5380897521972656
0.5435090065002441
0.5434932708740234
0.5606663227081299
0.5839695930480957
0.5615103244781494
0.5434939861297607
0.5645132064819336
0.5414915084838867
0.543494701385498
0.5675144195556641
0.5444924831390381
0.547081708908081
0.5378437042236328
0.5523276329040527
0.5730268955230713
0.5514106750488281
0.5595083236694336
0.5545034408569336
0.5555050373077393
0.5454955101013184
0.5454967021942139
0.5595083236694336
0.5490190982818604
0.5582191944122314
0.5435049533843994
0.5504992008209229
0.5691511631011963
0.5565047264099121
0.5515015125274658
0.5615103244781494
0.5595085620880127
0.5615110397338867
0.5710587501525879
0.5448117256164551
0.5573470592498779
0.5545139312744141
0.5615091323852539
0.5546987056732178
0.5454952716827393
0.576524019241333
0.5595083236694336
0.5414919853210449
0.5484988689422607
0.5505003929138184
0.5676085948944092
0.5527739524841309
0.5595085620880127
0.5767471790313721
0.555412769317627
0.5605084896087646
0.5885350704193115
