Timing log for each step:
0.014013290405273438
5.244808197021484
5.303025722503662
5.33027458190918
5.272115230560303
5.702579498291016
5.496634483337402
5.454957962036133
5.276820182800293
5.328807353973389
5.381567478179932
5.258741855621338
4.953511953353882
5.348889589309692
5.182138681411743
5.275205612182617
5.325000286102295
5.3749940395355225
5.190164566040039
5.25900936126709
5.302001476287842
5.292776584625244
5.282336473464966
5.301166534423828
5.513285875320435
5.288015127182007
5.241815567016602
5.23352575302124
5.305327892303467
5.243577003479004
5.32355523109436
5.339135646820068
5.315699100494385
5.258349895477295
5.352330684661865
5.2931530475616455
5.231883764266968
5.30694580078125
5.493138551712036
5.315469741821289
5.281066417694092
5.344300031661987
5.329630136489868
5.324701309204102
5.3565568923950195
5.327912092208862
5.334704637527466
5.28786039352417
5.366750240325928
5.319821357727051
5.326255798339844
5.2722389698028564
5.402536869049072
5.5786144733428955
5.388159990310669
5.369488000869751
5.3950159549713135
5.399349689483643
5.484525680541992
5.39128303527832
5.41208815574646
5.361312627792358
5.322483539581299
5.377689361572266
5.35092306137085
5.40447473526001
5.371482610702515
5.357054948806763
5.366690158843994
5.318944215774536
5.3634443283081055
5.332073211669922
5.321547269821167
5.410765171051025
5.402804851531982
5.314652919769287
5.3426878452301025
5.343453407287598
5.376335620880127
5.363619804382324
5.479987621307373
5.382784366607666
5.317028045654297
5.357130289077759
5.2958598136901855
5.361117601394653
5.323608875274658
5.3182525634765625
5.357838153839111
5.2889790534973145
5.294365167617798
5.3897387981414795
5.359902620315552
5.361579656600952
5.326476812362671
5.293110370635986
5.418365716934204
5.337822675704956
5.383055686950684
5.311752796173096
5.334882974624634
5.379164218902588
5.331786394119263
5.330059289932251
5.247915983200073
5.405404806137085
5.350001573562622
5.376960515975952
5.332006931304932
5.392109632492065
5.379409074783325
5.350120544433594
5.360752105712891
5.277806043624878
5.355798244476318
5.301419973373413
5.385243892669678
5.311724901199341
5.345283269882202
5.28602147102356
