Timing log for each step:
0.01601386070251465
5.386574745178223
5.840114593505859
6.4303202629089355
6.420965909957886
5.9244256019592285
5.830719947814941
5.7450852394104
5.717452764511108
5.889103651046753
5.672827959060669
5.796598196029663
5.796113967895508
6.067925214767456
6.025377035140991
5.671923875808716
5.631003141403198
5.580742597579956
5.666755437850952
5.715024709701538
5.8314208984375
6.006459951400757
5.708681106567383
5.679069519042969
5.638014793395996
5.675963401794434
5.654797554016113
6.055806875228882
6.101955413818359
6.0060577392578125
5.911642074584961
5.836921453475952
5.806655168533325
5.660907506942749
6.2318010330200195
5.7304675579071045
5.689802408218384
5.4537458419799805
5.573426008224487
5.77775502204895
5.4238104820251465
5.394303560256958
5.280333518981934
5.479863882064819
5.376593828201294
5.381513595581055
5.503036022186279
5.422573566436768
5.33330512046814
5.391494989395142
5.719689607620239
5.520917177200317
5.605337619781494
5.656250715255737
5.607465982437134
5.654484272003174
5.640579700469971
5.540048599243164
5.966391086578369
5.658466100692749
5.659595727920532
5.627884149551392
5.635839939117432
5.596788167953491
5.616021633148193
5.6236841678619385
5.613707780838013
5.6218581199646
5.650431156158447
5.9411444664001465
5.7722251415252686
5.713019371032715
5.648146152496338
5.729189872741699
5.6888439655303955
5.94730019569397
5.954226493835449
6.050802230834961
6.307056665420532
6.028002738952637
5.76703667640686
5.865685224533081
5.724179029464722
5.7978479862213135
5.691577672958374
5.751093149185181
5.737270832061768
5.7375969886779785
5.7040114402771
5.729190826416016
5.677292585372925
5.711462736129761
5.69915509223938
5.683185577392578
5.716692686080933
5.741045236587524
5.754669189453125
5.749614477157593
5.7253193855285645
5.773272752761841
5.7396399974823
5.709843873977661
5.767897844314575
5.739423990249634
5.786498308181763
5.688554763793945
5.698392629623413
6.113470792770386
6.2930848598480225
5.863522291183472
5.758324861526489
5.946482419967651
5.842222213745117
5.852563381195068
6.137171268463135
6.3509743213653564
6.147282838821411
6.291666269302368
5.831990003585815
5.958070516586304
6.176695108413696
5.914862632751465
5.793348789215088
5.873480796813965
5.919050216674805
6.492738246917725
5.991976976394653
5.97663688659668
6.222852468490601
6.561773777008057
6.411252975463867
6.136252164840698
5.841395854949951
5.861640691757202
5.75829291343689
5.745905160903931
5.757527112960815
5.79545259475708
5.718116283416748
5.745102643966675
5.703269958496094
5.7552878856658936
5.751904249191284
6.083855152130127
6.176800966262817
6.107597351074219
5.764447212219238
5.822362661361694
5.626672267913818
5.550157785415649
5.441559314727783
5.610548734664917
5.954226970672607
6.122259140014648
5.844144821166992
5.85276198387146
5.5001609325408936
5.727144718170166
6.425710439682007
6.054089546203613
5.546298503875732
