Timing log for each step:
0.010009050369262695
10.639124393463135
10.692569494247437
10.299474239349365
10.541361808776855
11.65498399734497
10.939963817596436
10.610673904418945
11.051093339920044
10.953516244888306
11.043820858001709
10.537972688674927
10.810978174209595
10.515966176986694
11.292126655578613
11.180855512619019
10.693428754806519
10.890791654586792
11.2842698097229
10.8746337890625
10.710246562957764
11.48202109336853
11.697918176651001
11.110963106155396
11.089256763458252
11.034491300582886
11.0767240524292
11.238378286361694
11.260238885879517
11.151392459869385
11.064975023269653
11.582505941390991
11.513756513595581
11.520780324935913
11.28583312034607
11.10252070426941
11.126847982406616
11.141560792922974
11.149985790252686
11.143383026123047
11.106378078460693
11.170034170150757
11.067964315414429
11.135486841201782
11.230262279510498
11.447142124176025
11.186132192611694
11.259622573852539
11.19844675064087
11.17391061782837
11.15562915802002
11.216050148010254
11.179630517959595
12.026489734649658
11.650018215179443
11.926843643188477
11.775736808776855
11.214308738708496
10.885541439056396
11.309285640716553
10.745084285736084
10.887386083602905
10.756784677505493
11.440270185470581
10.885361909866333
10.82749080657959
10.924952268600464
11.055911540985107
10.619967937469482
10.95964002609253
10.939115285873413
10.77957820892334
10.80216360092163
10.954549312591553
11.339092254638672
11.356590270996094
10.653659343719482
10.9834463596344
10.901250123977661
11.168224334716797
11.318372964859009
11.390949726104736
11.041510581970215
11.051182746887207
11.874155759811401
11.464237451553345
11.168071985244751
10.892068862915039
11.941275119781494
11.655691623687744
11.040592670440674
10.966530561447144
10.770195484161377
11.054645538330078
10.823884010314941
11.154916286468506
10.978025674819946
10.656438827514648
11.073217868804932
10.73351263999939
10.726473808288574
10.642069578170776
10.881957292556763
10.791760683059692
10.776235103607178
10.705252647399902
10.534068584442139
10.629310131072998
10.797852039337158
10.781062602996826
10.744403600692749
10.564996719360352
10.627227544784546
10.653273820877075
10.649514198303223
10.72237229347229
10.651676893234253
10.649169206619263
10.794573545455933
10.769804954528809
10.739327192306519
10.672703504562378
10.651813268661499
10.701068878173828
10.868920803070068
11.31640076637268
10.615489959716797
10.613451719284058
10.694534540176392
10.672462701797485
10.599914312362671
10.676218748092651
10.681376934051514
10.64134693145752
10.891800880432129
10.746143579483032
10.879984378814697
10.771401166915894
10.74698257446289
10.538753271102905
10.630198955535889
10.631538391113281
10.850595235824585
11.956894159317017
13.156242609024048
13.165324449539185
13.125751972198486
13.148638486862183
13.016873836517334
13.224744319915771
12.880402565002441
13.306062936782837
13.16641116142273
13.31240963935852
13.116435766220093
13.047579526901245
13.242355585098267
12.853002548217773
13.721259117126465
13.47853398323059
13.030107975006104
11.339126348495483
10.936321496963501
10.848474264144897
10.674348831176758
10.596442937850952
10.896731853485107
10.910967350006104
11.255301713943481
10.702374696731567
10.777483940124512
10.85289978981018
10.694762468338013
10.800843954086304
10.739910125732422
11.482378721237183
12.443796873092651
12.032191753387451
11.631715059280396
11.274863958358765
11.409413576126099
11.363276481628418
11.388404130935669
11.365914344787598
11.30284070968628
11.292069673538208
11.485336780548096
11.906407833099365
11.6665620803833
12.457383394241333
13.713883876800537
13.44938588142395
13.405304908752441
13.478049516677856
13.59474515914917
13.3084716796875
13.769487380981445
13.378077268600464
13.448102951049805
13.100510597229004
13.669698238372803
13.82681679725647
13.81286358833313
13.633264303207397
13.16175651550293
13.657536745071411
13.099864959716797
13.57524847984314
13.089844703674316
12.836457252502441
13.034500122070312
13.456890344619751
13.237709999084473
12.904899597167969
11.523275136947632
11.107834339141846
11.375787258148193
11.286641597747803
11.31356954574585
11.251901626586914
11.286227941513062
11.258040428161621
11.26371455192566
11.229958295822144
11.335840225219727
11.270838499069214
11.260594606399536
11.300607681274414
11.24222207069397
11.256250858306885
11.251055240631104
11.30682635307312
11.228049516677856
11.286298751831055
11.188526630401611
11.294344186782837
11.310531854629517
11.419580459594727
11.24986720085144
11.289528608322144
11.919378519058228
11.261395931243896
11.214390516281128
11.306459188461304
11.403369188308716
11.243922472000122
11.272278070449829
11.253342390060425
11.25122857093811
11.231463193893433
11.204049348831177
11.254820585250854
11.16925048828125
11.212880611419678
11.207321405410767
11.201414823532104
11.657382488250732
11.308130741119385
11.237131595611572
11.350842714309692
11.291411638259888
11.372004985809326
11.288733959197998
11.541622877120972
11.237907409667969
11.188343048095703
11.201666116714478
11.146504640579224
11.211193323135376
11.229288578033447
11.375896453857422
11.231611013412476
11.200701236724854
11.184784173965454
11.237207174301147
11.161703109741211
11.18787169456482
11.221818923950195
11.18710446357727
11.184460878372192
11.179378747940063
11.169720649719238
11.178690195083618
11.150129795074463
11.137390375137329
11.133133172988892
11.110259771347046
11.221498250961304
11.144986391067505
11.098628997802734
11.142278671264648
11.286811113357544
11.210237503051758
11.202703475952148
11.198363780975342
11.42981505393982
11.197726964950562
11.258014917373657
11.13348937034607
11.13895034790039
12.355001211166382
12.84249997138977
11.667747497558594
10.990322828292847
11.310405492782593
11.706640243530273
10.906953811645508
11.435221910476685
11.4065101146698
11.803969383239746
11.19825029373169
11.202245950698853
11.306536197662354
11.303588628768921
11.266559839248657
11.095728397369385
12.406253337860107
12.074819326400757
12.03700876235962
12.012843370437622
12.074374914169312
12.265536308288574
12.338231563568115
12.548484802246094
12.517439842224121
12.411782503128052
12.217825174331665
12.150175333023071
12.154716730117798
12.051966428756714
12.217436790466309
12.429447650909424
12.094143152236938
11.408358097076416
12.371336221694946
12.48485255241394
11.907913208007812
12.26964545249939
12.285540103912354
12.382565975189209
12.511534452438354
12.063746929168701
11.821056365966797
12.338392972946167
12.419304847717285
12.337448358535767
11.781183958053589
11.821966886520386
12.300069093704224
12.35079550743103
12.299107789993286
12.267646551132202
12.27086877822876
11.946140050888062
11.808721542358398
11.892017841339111
12.34766435623169
12.455662488937378
12.396581649780273
12.431737661361694
12.252464056015015
12.183743000030518
12.30689787864685
12.109282493591309
12.45934009552002
12.213639497756958
12.400174140930176
12.292817115783691
12.114424467086792
12.029252529144287
12.211397886276245
11.857986688613892
12.072171211242676
11.746126413345337
11.7141695022583
12.136119365692139
12.26975679397583
11.67158579826355
12.255970478057861
12.294842720031738
12.444935321807861
12.003087282180786
11.72180438041687
11.547979593276978
11.576250553131104
11.35453462600708
10.717773199081421
10.832399606704712
11.3379065990448
11.369940280914307
10.738386631011963
11.329720735549927
11.355761528015137
10.72269082069397
10.826014995574951
11.352967500686646
11.320806741714478
10.753408670425415
10.7966148853302
11.289482355117798
11.337133884429932
10.721477270126343
11.327246904373169
11.239844799041748
11.450625658035278
11.344364404678345
11.325645208358765
11.426218032836914
11.340839624404907
11.365838527679443
11.31937861442566
11.252012252807617
11.328757286071777
11.319332361221313
11.363536834716797
11.384122371673584
11.372138738632202
11.292574644088745
11.338169813156128
11.323989868164062
11.410414695739746
10.94914197921753
11.350254774093628
10.785215854644775
10.826230764389038
10.765491962432861
11.3510160446167
11.332881212234497
10.720281839370728
10.711487054824829
11.321449279785156
10.825666427612305
10.7194344997406
11.271973609924316
11.31144404411316
10.767890453338623
10.781058549880981
11.262290716171265
10.565151453018188
11.157402753829956
10.697381734848022
10.829713106155396
11.271855115890503
11.321275472640991
10.73423719406128
10.826414585113525
11.24348521232605
11.339413404464722
10.82698369026184
10.821317911148071
11.264726161956787
11.27109408378601
10.640287637710571
10.758463382720947
11.283737421035767
11.329751968383789
10.581046104431152
10.72001338005066
10.751575708389282
11.329010725021362
11.351301431655884
10.767432928085327
10.961939096450806
11.290243864059448
10.73245358467102
10.73718786239624
11.26933240890503
10.891489028930664
10.784571886062622
11.389771699905396
11.399791479110718
10.872504949569702
10.850282669067383
11.346021175384521
11.336139678955078
11.372429132461548
10.864633798599243
10.720440149307251
11.28381896018982
10.826209306716919
10.740195512771606
11.340821981430054
11.472195625305176
10.823413610458374
10.75668978691101
11.24722695350647
10.7331862449646
10.774824619293213
11.287172317504883
10.780693054199219
10.848992824554443
11.368457794189453
10.73173975944519
10.640488862991333
10.766764402389526
10.862947463989258
11.308783292770386
11.424359798431396
10.713404417037964
11.323500156402588
11.297267436981201
10.732444286346436
10.839789628982544
11.339613914489746
10.809879064559937
10.878765344619751
11.421815395355225
11.2963707447052
11.511107683181763
12.184324979782104
11.236955642700195
11.244058847427368
11.29988694190979
11.292937755584717
11.891275405883789
12.044854402542114
11.38336443901062
11.557571649551392
11.931989431381226
11.386419773101807
11.48143720626831
12.265988111495972
11.679811954498291
11.350799798965454
12.072962045669556
11.615609884262085
11.572117328643799
11.687608242034912
11.969532251358032
11.30387020111084
10.90027928352356
11.627203702926636
11.889830112457275
11.450464487075806
11.447667360305786
12.097140550613403
11.131509065628052
10.94570517539978
11.730602502822876
11.221878290176392
11.139770269393921
12.025426387786865
11.445174217224121
11.537790298461914
12.08896017074585
11.794907093048096
11.980784893035889
10.904515504837036
11.165036916732788
11.53771448135376
11.893839836120605
11.44861626625061
11.399327516555786
11.793967247009277
11.98285722732544
10.733116865158081
11.371727705001831
11.88315463066101
11.394940376281738
11.379606485366821
11.680946826934814
11.516349077224731
11.395975351333618
12.229701519012451
11.741519212722778
11.428536653518677
11.550612926483154
11.547281980514526
12.145892858505249
11.597731828689575
11.605207920074463
12.105356216430664
11.48413372039795
11.568966627120972
12.049275636672974
11.518131017684937
11.449482679367065
11.54518437385559
11.001358032226562
11.594254970550537
11.982258081436157
12.014128684997559
11.781118392944336
11.658502578735352
11.47409701347351
12.480605602264404
11.403737306594849
10.857381343841553
11.5540771484375
12.147913455963135
11.75591254234314
12.512484312057495
12.20745062828064
11.853939294815063
11.807234525680542
11.741395235061646
11.854452133178711
12.19071364402771
12.223999261856079
12.019371509552002
11.106553554534912
11.13527512550354
11.754043817520142
11.914740085601807
11.779018640518188
11.627618312835693
11.981903314590454
11.428012371063232
11.213411092758179
12.108997821807861
11.575804710388184
11.732537269592285
12.236440181732178
11.480499267578125
11.74616003036499
11.502955913543701
11.34728741645813
11.61960506439209
12.072227001190186
11.468256711959839
11.353805541992188
11.974732637405396
11.619638681411743
11.065338850021362
10.988349914550781
12.006913423538208
11.475956201553345
11.04315972328186
11.005743026733398
12.1269371509552
11.623695611953735
10.769582509994507
10.683735370635986
12.050634384155273
10.969071865081787
10.357820510864258
10.49398922920227
12.01066255569458
11.083892345428467
10.309553384780884
9.693666219711304
10.098992586135864
10.629061937332153
10.263758897781372
10.223196029663086
10.490882635116577
10.17680311203003
9.572916746139526
10.245178461074829
11.539984226226807
10.917034387588501
11.363300323486328
11.711361169815063
11.774690866470337
11.798908710479736
11.141451120376587
11.641243696212769
12.005913972854614
11.690505266189575
11.752805948257446
11.727462530136108
10.961374282836914
11.252493858337402
11.445877313613892
11.66627049446106
11.231725454330444
11.198995351791382
11.574127197265625
12.054139375686646
10.727370023727417
10.985740661621094
11.14333176612854
11.922118902206421
11.924796342849731
11.988586902618408
10.728219985961914
11.587551832199097
11.527171611785889
12.047550201416016
12.16231918334961
11.687040567398071
11.585203886032104
11.664592504501343
11.926055908203125
12.100183248519897
11.625219583511353
11.401513576507568
11.30008578300476
12.205727100372314
11.85040020942688
11.631115913391113
11.498363256454468
11.110796689987183
11.98288631439209
11.152193546295166
11.537466049194336
11.887614965438843
11.227374792098999
10.990870237350464
11.607017517089844
11.752678871154785
11.1421377658844
11.036807298660278
11.5221107006073
11.915541410446167
10.6510488986969
10.623081922531128
11.01317834854126
11.324548482894897
11.926775455474854
11.286547183990479
11.013577938079834
10.879610061645508
10.402198314666748
10.667709827423096
11.160310506820679
11.225011825561523
10.198846340179443
10.648821115493774
11.557591438293457
11.829776048660278
11.516062498092651
10.521830081939697
10.659142971038818
10.986879587173462
11.336957693099976
12.011741638183594
10.978207349777222
10.401071071624756
10.336441278457642
10.88988733291626
11.408992767333984
11.069091081619263
10.444552898406982
11.016335487365723
11.364995956420898
10.723248958587646
10.648807287216187
11.336739540100098
10.739547729492188
11.264485836029053
12.37595796585083
11.605812311172485
10.784846067428589
10.28887128829956
11.325369834899902
10.346232891082764
10.152570247650146
10.798295736312866
10.732666254043579
11.354506969451904
10.350411415100098
10.219754457473755
11.121152877807617
11.004394769668579
10.984168291091919
11.646598100662231
10.327207565307617
10.7869553565979
11.079914808273315
10.887891054153442
10.628806591033936
10.68816065788269
11.34324026107788
10.369143962860107
10.364114046096802
10.921107769012451
11.086881160736084
11.025204181671143
11.235491514205933
10.397356986999512
10.46521782875061
11.424703359603882
10.475113153457642
10.592502117156982
10.81545901298523
10.801307201385498
10.85191559791565
11.51108169555664
10.234022378921509
10.579801321029663
10.951834917068481
11.364675760269165
10.863746166229248
10.970344543457031
10.364970445632935
12.025105237960815
10.81656002998352
11.069559574127197
10.941922903060913
10.693013668060303
10.731452703475952
11.250043869018555
10.240127801895142
11.150258302688599
10.009477376937866
12.589126586914062
11.56146502494812
11.246333122253418
10.005440473556519
9.867947578430176
10.458817958831787
10.968915700912476
9.50736141204834
9.985291004180908
9.92617392539978
10.916973114013672
9.685416460037231
9.870814561843872
9.47842025756836
10.108330011367798
11.38869023323059
10.886046171188354
10.90408205986023
10.374263048171997
10.288527488708496
11.297109365463257
11.2780601978302
10.258406639099121
10.20563554763794
11.280764102935791
10.312495470046997
11.240784883499146
10.345989227294922
11.597630262374878
10.344069242477417
11.339147567749023
10.41562533378601
11.438941955566406
10.93405795097351
10.773447275161743
11.296774625778198
10.823049783706665
10.89927053451538
11.316140413284302
10.331339120864868
10.87770700454712
10.887534379959106
11.412143230438232
11.231039047241211
11.077308416366577
10.854685544967651
11.511028051376343
11.513793706893921
11.591553926467896
11.593017339706421
11.36716103553772
11.162484169006348
11.036539077758789
11.128369331359863
11.111434698104858
10.952495098114014
10.854585409164429
10.933942079544067
11.149039030075073
11.223209619522095
10.96983027458191
10.501094579696655
10.95619797706604
11.062948942184448
10.488458156585693
11.025455474853516
11.095933675765991
10.47314453125
10.961833477020264
10.975935459136963
11.080750465393066
10.643067836761475
10.216886043548584
10.295250177383423
10.906179666519165
11.104098081588745
9.931456804275513
11.011044263839722
11.253756761550903
11.079221725463867
11.77807092666626
11.423014640808105
10.26533579826355
11.062158346176147
11.127342224121094
10.777796745300293
10.72755742073059
10.655104160308838
10.688819646835327
10.645683288574219
10.18372893333435
10.123730659484863
10.795886993408203
10.880586624145508
10.251185655593872
11.009536027908325
11.232321977615356
10.7768235206604
11.033867120742798
11.11522126197815
10.982414722442627
10.995832920074463
11.743241310119629
10.94623327255249
10.996430158615112
11.163192749023438
10.985261917114258
10.614435195922852
9.657243967056274
10.282326221466064
10.912164449691772
11.045687198638916
10.868133306503296
11.057657718658447
11.487282752990723
11.049419164657593
11.015484809875488
11.04223918914795
10.985400199890137
11.01561427116394
10.976913928985596
11.00196623802185
10.941327095031738
11.256356239318848
