Timing log for each step:
0.019017457962036133
5.298907279968262
5.335525989532471
5.310103416442871
5.320355176925659
5.3094117641448975
5.378801107406616
5.31371545791626
5.392712354660034
5.477888107299805
5.273926258087158
5.228701591491699
5.4328954219818115
5.2900238037109375
5.709637880325317
5.383492708206177
5.2711546421051025
5.379945993423462
5.3534040451049805
5.323951959609985
5.3782806396484375
5.27616286277771
5.366759300231934
5.411308288574219
5.717875242233276
5.262749910354614
5.4198572635650635
5.610637664794922
5.62795615196228
5.683742046356201
5.781588792800903
5.630279064178467
5.670884132385254
5.610544681549072
5.649278402328491
5.597221612930298
5.6620073318481445
5.643341779708862
5.654882907867432
5.661780118942261
5.579269886016846
5.5454864501953125
5.592073440551758
5.528811693191528
5.581104755401611
5.538768291473389
5.380486011505127
5.376729726791382
5.3710243701934814
5.385674715042114
5.354349851608276
5.308017253875732
5.3616204261779785
5.350417375564575
5.398136377334595
5.37395167350769
5.377537965774536
5.396144151687622
5.456037521362305
5.399631023406982
5.325366735458374
5.355273008346558
5.362391471862793
5.297806978225708
5.3246848583221436
5.3833653926849365
5.311940908432007
5.2836220264434814
5.401846885681152
5.337963819503784
5.365643501281738
5.300808668136597
5.420273303985596
5.370823860168457
5.3604490756988525
5.317335367202759
5.412370204925537
5.388902902603149
5.374064922332764
5.38659930229187
5.33246374130249
5.368220329284668
5.391268968582153
5.3263702392578125
5.333523750305176
5.403984308242798
5.401252269744873
5.353294372558594
5.370933294296265
5.429053783416748
5.445829391479492
5.369091987609863
5.373762607574463
5.359424591064453
5.3575263023376465
5.39443302154541
5.407055377960205
5.382301330566406
5.3048787117004395
5.294146776199341
5.474447965621948
5.397549152374268
5.407244682312012
5.451274871826172
5.35439133644104
5.36803412437439
5.465195894241333
5.352828502655029
5.331316232681274
5.429774284362793
5.395348072052002
5.442698240280151
5.4656665325164795
5.40354061126709
5.372486352920532
5.373430252075195
5.386881589889526
5.342912673950195
5.402560472488403
5.4297099113464355
5.417419672012329
5.451390027999878
5.440597295761108
5.3711371421813965
5.486238479614258
5.450963020324707
5.44027042388916
5.4592578411102295
5.585878133773804
5.546443223953247
5.272730588912964
5.409561395645142
5.481221437454224
5.866156339645386
5.558945655822754
5.501019239425659
5.324938058853149
5.424781084060669
5.494014739990234
5.3652849197387695
5.453821182250977
5.425610542297363
5.317427635192871
5.479702949523926
5.433789491653442
5.445207595825195
5.47402286529541
5.540760278701782
5.449046611785889
5.485536098480225
5.4680140018463135
5.443325757980347
5.5080201625823975
5.471050500869751
5.409992456436157
5.338079929351807
5.523111820220947
5.390671014785767
5.392218351364136
5.504785060882568
5.4745213985443115
5.577041864395142
5.443568468093872
5.397080898284912
5.527862071990967
5.330782890319824
5.495440244674683
5.4200005531311035
5.4753172397613525
5.512723684310913
5.494828701019287
5.529031753540039
5.4389002323150635
5.535109281539917
5.457711696624756
5.5513715744018555
5.47860860824585
5.6389241218566895
5.357080698013306
5.515330076217651
5.376912355422974
5.350356817245483
5.40457010269165
5.382914304733276
5.303886651992798
5.51815128326416
5.438472747802734
5.495254993438721
5.455356597900391
5.447457790374756
5.47623872756958
5.439288377761841
5.476934194564819
5.489739656448364
5.3699328899383545
5.523849964141846
5.30071234703064
5.390628337860107
5.376573801040649
5.4072136878967285
5.379851818084717
5.417790651321411
5.420091390609741
5.3928587436676025
5.424821138381958
5.486753702163696
5.446657657623291
5.388882398605347
5.444449186325073
5.428650379180908
5.4659130573272705
5.366712808609009
5.646282196044922
5.402561902999878
5.319833993911743
5.491224765777588
5.398037910461426
5.390401124954224
5.323200941085815
5.358248233795166
5.349404573440552
5.408515214920044
5.410582542419434
5.462468147277832
5.400075912475586
5.395916700363159
5.3143181800842285
5.385241508483887
5.366449594497681
5.400757551193237
5.422203540802002
5.472703218460083
5.466191530227661
5.420465469360352
5.424935817718506
5.462622404098511
5.40548300743103
5.466510534286499
5.341711521148682
5.396639823913574
5.4540605545043945
5.355628252029419
5.453073024749756
5.3887059688568115
5.407261848449707
5.437705039978027
5.3591978549957275
5.369762897491455
5.567782878875732
5.606122970581055
5.427614450454712
5.351728916168213
5.351757526397705
5.385446786880493
5.3677122592926025
5.414423704147339
5.480820178985596
5.465891122817993
5.467936754226685
5.526645183563232
5.271429538726807
