Timing log for each step:
0.021019697189331055
6.032649993896484
5.572741985321045
5.571165323257446
5.50860857963562
5.8282575607299805
5.4738171100616455
5.480727910995483
5.576072454452515
5.524592876434326
5.522049188613892
5.572559118270874
5.148903846740723
5.981438636779785
5.46420955657959
5.103219270706177
6.034592628479004
5.818914175033569
5.597257137298584
5.639085292816162
5.905226707458496
5.5678932666778564
6.005335330963135
6.862868547439575
6.5794677734375
6.698721408843994
6.644864082336426
7.128923654556274
6.492725849151611
5.742444753646851
5.755352020263672
5.97971510887146
5.7131829261779785
6.323531627655029
6.216295480728149
6.860582590103149
6.642800331115723
6.567247152328491
6.180729866027832
7.188093900680542
5.792157411575317
5.6936750411987305
