Timing log for each step:
0.010009527206420898
1.9267537593841553
1.8576884269714355
1.870053768157959
1.8337063789367676
1.862694501876831
1.9099643230438232
1.8316667079925537
1.9005813598632812
1.9247503280639648
2.001894235610962
1.9388062953948975
1.891721487045288
1.7949609756469727
1.8306934833526611
1.8376729488372803
1.9890251159667969
1.9447686672210693
1.8485817909240723
1.8927226066589355
1.8349542617797852
1.973747968673706
1.8827128410339355
1.8550302982330322
1.834669828414917
1.8822767734527588
1.9123752117156982
1.972794771194458
1.8370845317840576
1.9367620944976807
1.8770086765289307
1.9406940937042236
1.9247503280639648
1.8786189556121826
2.124932050704956
1.8998610973358154
2.1545655727386475
2.114924669265747
2.0332753658294678
2.1209287643432617
1.8064031600952148
1.9788007736206055
1.829716682434082
1.8880531787872314
1.8897185325622559
1.7955975532531738
1.884714126586914
1.8295583724975586
1.7646048069000244
1.8677799701690674
1.8506827354431152
1.9522967338562012
1.840813159942627
1.9217476844787598
1.8419365882873535
1.9317560195922852
1.8652410507202148
1.7791688442230225
1.8536865711212158
1.8570458889007568
1.929755687713623
1.8160946369171143
1.8632385730743408
1.8066439628601074
1.8111207485198975
1.7786176204681396
1.8576722145080566
1.8402862548828125
1.845679759979248
1.8288733959197998
1.7816200256347656
1.9112133979797363
1.839672565460205
1.7701194286346436
1.8387079238891602
1.788628101348877
1.844008445739746
1.8506839275360107
1.9018495082855225
1.8209400177001953
1.7966344356536865
2.024259090423584
2.0424869060516357
1.8670451641082764
1.708552598953247
1.7973499298095703
1.8276622295379639
1.9802310466766357
1.9190094470977783
1.8426742553710938
1.819108009338379
1.8031494617462158
1.8486809730529785
1.8329782485961914
1.9107375144958496
1.8699824810028076
1.8036394119262695
1.8563616275787354
1.888719081878662
1.8759572505950928
1.8731093406677246
1.8676977157592773
1.810797929763794
1.8386704921722412
1.890176773071289
1.75089693069458
1.8026392459869385
1.8398606777191162
1.8827118873596191
1.8973033428192139
1.8238246440887451
1.9297559261322021
1.8310925960540771
1.7686102390289307
1.8168933391571045
1.7766168117523193
1.7907228469848633
1.821657419204712
1.8337185382843018
1.8759703636169434
1.7996361255645752
1.8496148586273193
1.8186547756195068
1.7922039031982422
1.8406386375427246
1.8206567764282227
1.9018244743347168
1.8476810455322266
1.8471007347106934
1.7079298496246338
1.808645248413086
1.7842011451721191
1.9137425422668457
1.8611359596252441
1.7865698337554932
1.7956337928771973
1.8209879398345947
1.8637053966522217
1.8612172603607178
1.9280872344970703
1.796635389328003
1.789048671722412
1.9485793113708496
1.7886271476745605
1.8388950824737549
1.8646972179412842
1.813826084136963
1.8875303268432617
1.8446762561798096
1.828037977218628
1.8286652565002441
1.9187428951263428
1.909346103668213
1.8727035522460938
1.8338122367858887
1.848109483718872
1.7826201915740967
1.83475661277771
1.869701623916626
1.8411240577697754
1.8266618251800537
1.8288042545318604
1.847764015197754
1.835669994354248
1.8947913646697998
1.7866227626800537
1.9878878593444824
1.850069284439087
1.8556880950927734
1.930762529373169
1.7906274795532227
1.8540635108947754
1.8907198905944824
1.8997724056243896
1.8606915473937988
1.8320953845977783
1.8831689357757568
1.8737053871154785
1.8089728355407715
1.8226573467254639
1.8317186832427979
1.7981030941009521
1.854687213897705
1.8652150630950928
1.8362338542938232
1.7856228351593018
1.875079870223999
1.9467711448669434
1.952221393585205
1.8246855735778809
1.880711317062378
1.8642117977142334
1.8303933143615723
1.8847146034240723
1.8475894927978516
1.9317567348480225
1.7366561889648438
1.8495471477508545
1.9187448024749756
1.8864257335662842
1.7956900596618652
1.9157440662384033
1.8494713306427002
1.8620493412017822
1.8616929054260254
1.8845264911651611
1.7976353168487549
1.8978865146636963
1.8786225318908691
1.9127416610717773
1.8891372680664062
1.8326668739318848
1.8917229175567627
1.8050949573516846
1.8717021942138672
1.9488279819488525
1.7721498012542725
2.0518665313720703
2.012341022491455
1.7736127376556396
1.832751989364624
1.8254573345184326
2.000819206237793
1.766876459121704
2.0238399505615234
1.9809019565582275
1.9029350280761719
1.8176531791687012
1.9707646369934082
1.7656092643737793
1.8056421279907227
1.91688871383667
1.9407658576965332
1.8333148956298828
1.865046739578247
1.9908106327056885
1.8976433277130127
1.869056224822998
1.8562037944793701
1.8773467540740967
1.844677448272705
1.973196029663086
1.84476900100708
1.8436768054962158
1.9490816593170166
1.9294869899749756
1.9177465438842773
1.8409414291381836
1.805643081665039
1.790628433227539
1.9108617305755615
1.8907208442687988
1.8127543926239014
1.9193639755249023
1.9017305374145508
1.8461260795593262
1.9911081790924072
2.0338504314422607
1.9261910915374756
1.8556883335113525
2.0031580924987793
1.9140923023223877
1.8296644687652588
1.9432640075683594
1.8168926239013672
1.8416733741760254
1.9758706092834473
1.9597830772399902
1.8622539043426514
1.8605597019195557
1.9627866744995117
1.8538308143615723
1.8579761981964111
1.8276619911193848
1.9352145195007324
1.8406739234924316
1.8947231769561768
1.9706125259399414
1.8807101249694824
1.8629460334777832
1.8427703380584717
1.9427680969238281
1.850095510482788
1.9537596702575684
1.8406717777252197
1.854128122329712
1.828662633895874
1.801208257675171
1.8351993560791016
1.8576898574829102
1.8762028217315674
1.9778292179107666
1.852687120437622
1.8458502292633057
1.8867175579071045
1.8682334423065186
1.8704893589019775
1.9027280807495117
1.8803930282592773
1.8106694221496582
1.9667890071868896
2.028630018234253
1.793630838394165
1.8026401996612549
1.998321294784546
1.9527757167816162
1.8589541912078857
1.8610897064208984
1.8486812114715576
1.8896653652191162
1.9378538131713867
1.8727035522460938
1.9147613048553467
1.9992396831512451
1.8697006702423096
1.888169288635254
1.8156518936157227
1.8768386840820312
1.921675682067871
1.8056416511535645
1.8781728744506836
1.8476333618164062
1.8606927394866943
1.9019920825958252
1.8173024654388428
1.8757057189941406
1.8231799602508545
1.8447372913360596
1.952775239944458
1.8648622035980225
1.9935481548309326
1.9287545680999756
1.8817951679229736
1.853837013244629
1.935760736465454
1.7979273796081543
2.022844076156616
1.8306660652160645
1.8676316738128662
2.051866292953491
1.8698229789733887
1.909576416015625
1.8887176513671875
1.9002199172973633
1.9690184593200684
1.9107387065887451
1.8613176345825195
1.8930668830871582
1.8817126750946045
1.9844629764556885
1.8646950721740723
1.9313759803771973
1.8941175937652588
1.9097371101379395
1.9514846801757812
1.9224152565002441
1.8707027435302734
1.8101797103881836
1.8656299114227295
1.935760498046875
1.8613629341125488
1.969825029373169
1.8827130794525146
1.8741679191589355
1.8995141983032227
2.0058252811431885
1.887110710144043
1.8659236431121826
1.975797414779663
1.8806369304656982
1.8486809730529785
1.8692431449890137
1.866351842880249
1.9087352752685547
1.8658950328826904
1.8948369026184082
1.846679925918579
1.9777922630310059
1.8516039848327637
1.8096458911895752
1.8712077140808105
1.7986364364624023
1.953777551651001
1.8582415580749512
1.825660228729248
1.952629804611206
1.832728385925293
1.8697025775909424
1.8478705883026123
1.8857581615447998
1.9477710723876953
2.041074514389038
2.025843858718872
1.8867168426513672
