Timing log for each step:
0.023025989532470703
10.458965063095093
10.078870296478271
10.196011066436768
10.015783786773682
10.177226066589355
10.14880919456482
10.153741121292114
10.119043827056885
10.362936973571777
10.252282857894897
10.15299391746521
10.228243827819824
10.218478918075562
10.002349615097046
10.222575902938843
10.201042175292969
10.126611709594727
10.31576681137085
10.176156997680664
10.131970405578613
9.978989362716675
10.179406642913818
10.276628971099854
9.385439395904541
8.82583212852478
9.376405954360962
9.780922412872314
10.128055572509766
10.177925825119019
9.887740135192871
10.165266513824463
10.103817224502563
10.133280992507935
10.32475757598877
10.363385438919067
10.311273097991943
10.278353214263916
10.132713794708252
10.312849998474121
10.074273586273193
10.129298686981201
10.048331260681152
10.210389375686646
10.052568912506104
9.964113473892212
10.064865827560425
10.15272045135498
10.185593843460083
9.770333290100098
10.128543853759766
10.31813645362854
10.05721139907837
10.235248565673828
10.28298044204712
10.091248750686646
9.703917264938354
10.061039209365845
9.85352635383606
9.75438666343689
9.701006412506104
9.899372577667236
9.629003047943115
9.931984663009644
9.84505319595337
9.805240392684937
9.737720251083374
9.771727561950684
9.726099252700806
9.716100215911865
9.679704666137695
9.623991966247559
9.76107144355774
9.651319742202759
9.695006370544434
9.717693328857422
9.731608390808105
9.69260549545288
9.784252166748047
9.819293737411499
9.699979782104492
9.69641399383545
9.565759420394897
9.682544469833374
9.751396417617798
9.71293568611145
9.661790370941162
9.87341856956482
9.639468908309937
9.77666425704956
9.7102952003479
9.751176118850708
9.63763689994812
9.768603086471558
9.828385829925537
9.935410499572754
9.66686749458313
9.72190546989441
9.763935327529907
9.618854522705078
9.914650678634644
9.724066972732544
9.845035314559937
9.781861782073975
9.926294803619385
9.661151647567749
9.808475255966187
9.864259004592896
9.773810863494873
9.91152548789978
9.893133640289307
9.70291805267334
9.722414016723633
9.831756114959717
9.842918157577515
9.719196081161499
9.801708221435547
9.662225246429443
9.674213647842407
9.78621792793274
9.847591161727905
9.832298040390015
9.782801389694214
9.719493389129639
9.931800842285156
9.908962726593018
9.857116460800171
9.800979375839233
9.898519515991211
9.9134521484375
9.946495056152344
9.973896503448486
9.805528402328491
9.853642702102661
9.761308431625366
9.845419883728027
9.90895962715149
9.894767045974731
9.917333364486694
9.733637809753418
9.875966787338257
9.634273052215576
9.861694812774658
9.745428323745728
9.860011100769043
9.846450090408325
9.890448808670044
10.263706922531128
10.347537279129028
10.247930526733398
10.377124309539795
10.232288360595703
10.429046154022217
10.161131143569946
10.245537519454956
9.678142070770264
10.265990734100342
10.190807580947876
10.323460340499878
9.836475133895874
10.383139610290527
10.30949878692627
10.320407390594482
10.296770811080933
10.313095808029175
10.293965101242065
10.381015300750732
10.534337997436523
10.4010169506073
10.513887166976929
10.301954746246338
10.241212844848633
10.417388200759888
10.254131078720093
10.328742980957031
10.470176696777344
10.28487253189087
10.307269811630249
10.346492052078247
10.325834035873413
10.290998458862305
10.352085590362549
10.380027532577515
10.357725620269775
10.37500286102295
10.610199689865112
10.30150842666626
10.3243567943573
10.490609407424927
10.507906436920166
10.339807748794556
10.15056324005127
10.45430588722229
10.459557294845581
10.49657416343689
10.340453147888184
10.359329223632812
10.54965353012085
10.31362533569336
10.233068943023682
9.650053024291992
10.407195568084717
10.341400146484375
10.178994178771973
10.455204486846924
10.66228199005127
10.333964347839355
10.244337797164917
10.423083066940308
10.494568824768066
10.594964742660522
10.34637713432312
10.336066007614136
10.546327114105225
10.46457314491272
10.388818264007568
10.55936861038208
10.252059936523438
10.466880083084106
10.338376760482788
10.352258443832397
10.368871927261353
10.193918704986572
10.44498896598816
10.399986028671265
10.325268983840942
10.308051586151123
10.300557136535645
10.282143354415894
10.387772798538208
10.140968322753906
10.29960012435913
10.505855321884155
10.335719585418701
10.30696153640747
10.508284091949463
10.373625993728638
10.430687427520752
10.510861158370972
10.807212591171265
10.441022396087646
10.4019296169281
10.562532186508179
10.268286228179932
10.260202407836914
10.374516487121582
10.420605897903442
10.145858526229858
10.40174674987793
10.308479070663452
10.418796300888062
10.380536317825317
10.6932053565979
10.19732403755188
10.172449827194214
10.295722246170044
10.31932258605957
10.417270183563232
10.250199556350708
10.259270668029785
10.348074674606323
10.180662155151367
10.372065782546997
10.163098335266113
10.358417510986328
10.315433025360107
10.521197319030762
10.30176067352295
10.577654600143433
10.454939126968384
