Timing log for each step:
0.01301264762878418
10.280195236206055
10.219979524612427
10.047732591629028
10.121998071670532
10.275383710861206
10.04948353767395
10.224002361297607
9.331771850585938
7.872011423110962
9.271456480026245
9.41671085357666
9.349355220794678
9.626174688339233
8.951987028121948
9.348154544830322
8.171171188354492
9.476768255233765
10.308949947357178
10.14847207069397
10.143982410430908
10.146589517593384
10.098359823226929
10.223147869110107
10.203264236450195
10.054880380630493
10.437938451766968
10.18453598022461
10.251262664794922
10.23369836807251
10.323233127593994
10.248887777328491
10.181597709655762
10.229256629943848
10.424328565597534
10.421171426773071
10.009367227554321
10.528684377670288
10.15193247795105
10.362216234207153
10.429348945617676
10.253803491592407
10.460143804550171
10.450106382369995
10.295618295669556
10.492289304733276
10.295197486877441
