Timing log for each step:
0.012010812759399414
5.7167747020721436
5.450636148452759
5.491489410400391
5.508051156997681
5.49207067489624
5.569535970687866
5.5903613567352295
5.73689866065979
5.802180290222168
5.451297760009766
5.641098976135254
5.740788221359253
5.49923038482666
5.337450265884399
5.293285846710205
5.388516902923584
5.351395130157471
5.464703559875488
5.753884315490723
5.305851936340332
5.333385467529297
5.333104372024536
5.365786790847778
5.377857446670532
5.372421503067017
5.332190990447998
5.439067840576172
5.382901906967163
5.373295545578003
5.388778448104858
5.355067729949951
5.420044660568237
5.409883975982666
5.47664999961853
5.395719528198242
5.403026342391968
5.438153505325317
5.304161071777344
5.382440805435181
5.345130205154419
5.3570168018341064
5.358964204788208
5.3975019454956055
5.347670555114746
5.399883985519409
5.425144672393799
5.371608018875122
5.49435019493103
5.391202926635742
5.365067958831787
5.411585330963135
5.364442348480225
5.436984300613403
5.446189880371094
5.448192834854126
5.517035961151123
5.38843035697937
5.4767844676971436
5.4577271938323975
5.48035740852356
5.4463725090026855
5.440468072891235
5.447580337524414
5.4940831661224365
5.663767099380493
5.480439186096191
5.576320648193359
5.486573934555054
5.436758041381836
4.8539886474609375
4.778875827789307
5.085466623306274
5.06890344619751
5.49259352684021
5.62357234954834
5.658019065856934
5.481593132019043
5.619897365570068
5.423671007156372
5.461479425430298
5.431747913360596
5.45595383644104
5.496147632598877
5.505948781967163
5.532121181488037
5.514214038848877
5.512527942657471
5.474285364151001
5.6832115650177
5.608541965484619
5.504633188247681
5.4638848304748535
5.503222703933716
5.451496839523315
5.51828670501709
5.626101732254028
5.669738054275513
5.528905153274536
5.633655548095703
5.638264417648315
5.465688943862915
5.624954700469971
5.4832375049591064
5.66444206237793
5.660607099533081
5.679220676422119
5.753463268280029
5.695414781570435
5.686256170272827
5.693158864974976
5.6407151222229
5.700374364852905
5.651774168014526
5.5882227420806885
5.655701398849487
5.669327735900879
5.697257041931152
5.6643407344818115
5.657988786697388
5.752017974853516
5.6847124099731445
6.018838167190552
5.4508867263793945
5.6855549812316895
5.713757038116455
5.4478371143341064
5.7428295612335205
5.470578670501709
5.446097135543823
5.7067272663116455
5.525923490524292
5.666714429855347
5.527347087860107
5.494650840759277
5.443924427032471
5.522028684616089
5.479170083999634
5.44548773765564
5.474995374679565
5.439680337905884
5.183261394500732
5.323955774307251
5.3202478885650635
5.278048992156982
5.409488677978516
5.48260760307312
5.31806206703186
5.457050561904907
5.351045370101929
5.336670398712158
5.445380926132202
5.566990375518799
5.47859525680542
5.6075217723846436
6.049010992050171
5.3453052043914795
5.465719938278198
6.122771739959717
6.076642036437988
5.36214542388916
5.396374225616455
5.6665894985198975
5.830547332763672
5.942384719848633
5.650503873825073
5.493122100830078
5.272623777389526
5.244705677032471
5.565573453903198
6.364513635635376
6.353165864944458
6.821120977401733
5.718101263046265
5.740918159484863
5.7234885692596436
5.828860282897949
5.470809459686279
6.41291069984436
6.010617017745972
6.313282489776611
6.074114799499512
6.061131477355957
6.016586542129517
6.317473888397217
6.006541967391968
5.91361665725708
6.2595531940460205
6.44219708442688
6.024471759796143
5.767946004867554
5.613818407058716
5.679433584213257
6.030890226364136
6.216212272644043
5.661666631698608
5.714653015136719
5.815833806991577
5.852866888046265
5.9788291454315186
6.115028381347656
6.096285581588745
5.954248428344727
5.61861252784729
5.613614082336426
5.6335155963897705
5.5989086627960205
5.77974796295166
6.54650354385376
6.061393976211548
6.029938220977783
5.993154287338257
5.9895501136779785
5.606322526931763
5.893153667449951
5.591440916061401
5.562128305435181
5.887739419937134
5.826888084411621
6.299859046936035
5.825517892837524
5.842648506164551
6.088618755340576
6.062176942825317
5.841606855392456
6.180858850479126
6.679730653762817
5.749108791351318
5.495548486709595
6.4409143924713135
6.403435230255127
5.815739393234253
5.814446926116943
5.823537588119507
5.670084714889526
5.999951362609863
6.081943511962891
5.927032232284546
5.993136882781982
5.6986000537872314
5.666646957397461
5.855778455734253
5.722071886062622
5.797754764556885
5.7521116733551025
5.821707725524902
5.80142879486084
5.8222270011901855
5.853835105895996
5.733376502990723
5.764660120010376
5.828017473220825
5.723885774612427
5.746643304824829
5.767950057983398
5.769120454788208
5.684188365936279
5.80646824836731
5.7480309009552
5.791390419006348
5.77711820602417
5.789653539657593
5.764756679534912
5.778614044189453
5.798744440078735
6.598080158233643
6.365771293640137
6.008038520812988
5.921799898147583
5.899755239486694
6.255730390548706
6.329821825027466
6.191975831985474
6.061423301696777
5.7515952587127686
5.709352254867554
5.716593027114868
5.804265975952148
5.689847469329834
5.822354078292847
5.672779560089111
5.694896221160889
5.6765875816345215
5.7291460037231445
5.860964298248291
5.707105398178101
5.71860408782959
5.749286413192749
5.68738865852356
5.662718296051025
5.6562864780426025
5.697955846786499
5.638620853424072
5.653252840042114
5.706629037857056
5.670090913772583
5.694324493408203
5.613438129425049
5.454319953918457
5.493602991104126
5.501450300216675
5.445529460906982
5.4854936599731445
5.610624074935913
5.963268041610718
6.039034843444824
5.669142484664917
5.662824630737305
5.4583985805511475
5.450614929199219
5.413058042526245
5.483280658721924
5.4960198402404785
5.509073734283447
5.54116153717041
5.609171390533447
5.49763298034668
5.514950513839722
5.454188108444214
5.464396715164185
5.473843574523926
5.4714696407318115
5.600584030151367
5.782938480377197
5.48613429069519
5.384396076202393
5.521894454956055
5.463087320327759
5.5083746910095215
5.532529354095459
5.417372226715088
5.51238226890564
5.4999330043792725
5.489373207092285
5.520529270172119
5.485467433929443
5.574304103851318
5.535450458526611
5.645052671432495
5.73669171333313
5.709813833236694
5.698937177658081
5.65059757232666
5.698534250259399
6.086706161499023
5.569461107254028
5.544100999832153
5.3848607540130615
