Timing log for each step:
0.013012409210205078
1.9007525444030762
1.8621799945831299
2.072871446609497
2.0724740028381348
1.9668774604797363
1.8927087783813477
1.9337446689605713
1.9074857234954834
1.9257378578186035
1.846665620803833
1.8976397514343262
1.9503729343414307
1.908724069595337
1.746574878692627
1.7990670204162598
1.6968636512756348
1.7465755939483643
1.8326530456542969
1.7561085224151611
1.744783639907837
1.7555856704711914
1.7896146774291992
1.7595608234405518
1.7937657833099365
1.750579833984375
1.8436658382415771
1.7621831893920898
1.7615916728973389
1.749579906463623
1.9841864109039307
1.7836692333221436
1.810652256011963
1.8366589546203613
1.8007137775421143
1.7538244724273682
1.8686881065368652
1.9307434558868408
1.803269863128662
1.8077967166900635
1.859677791595459
1.722555160522461
1.8476707935333252
1.74471116065979
1.764594316482544
1.781163215637207
1.7771601676940918
1.8127920627593994
1.7836103439331055
1.874290943145752
1.740109920501709
1.8237473964691162
1.7846107482910156
1.8461954593658447
1.796100378036499
1.7657833099365234
1.7766051292419434
1.8543727397918701
1.7943980693817139
1.8109312057495117
1.9407520294189453
1.7982587814331055
1.8257107734680176
1.8416619300842285
1.8927087783813477
1.9583477973937988
1.8589832782745361
1.8716890811920166
1.8251888751983643
1.779097557067871
1.8447613716125488
1.752580165863037
1.7942099571228027
1.814854621887207
1.7816102504730225
1.7821741104125977
1.7880854606628418
1.9399421215057373
1.9367473125457764
1.7956881523132324
1.8206820487976074
1.8687210083007812
1.8316590785980225
1.8141570091247559
1.7716715335845947
1.7506251335144043
1.8076355457305908
1.7657084465026855
1.871342658996582
1.8016295433044434
1.8486731052398682
1.7897403240203857
1.825216293334961
1.9567701816558838
1.9032056331634521
1.8093695640563965
1.761613130569458
1.9257423877716064
1.8521878719329834
1.8240621089935303
1.7716004848480225
1.8016302585601807
1.8090229034423828
1.8073699474334717
1.7966244220733643
1.7996292114257812
1.9073364734649658
1.8047711849212646
1.857680320739746
1.8066341876983643
1.8504455089569092
1.8407702445983887
1.8456687927246094
1.828195333480835
1.8981986045837402
1.9248578548431396
1.804633617401123
1.8031995296478271
1.7960736751556396
1.7537660598754883
1.9157333374023438
1.818643569946289
1.852797269821167
1.7977161407470703
1.7706034183502197
1.7884454727172852
1.856804370880127
1.7926228046417236
1.819305181503296
1.760394811630249
1.791621208190918
1.8847064971923828
1.8398597240447998
1.834796667098999
1.8186473846435547
1.7876183986663818
1.800215721130371
1.818938970565796
1.7415742874145508
1.7722043991088867
1.8191702365875244
1.919161081314087
1.7946231365203857
1.844179630279541
1.9087498188018799
2.1188838481903076
1.962895393371582
1.8151640892028809
1.8615436553955078
1.877896785736084
1.7595899105072021
1.779228687286377
1.8163173198699951
1.8766965866088867
1.8076367378234863
1.7912828922271729
1.82952880859375
1.7776086330413818
1.839665174484253
1.8021562099456787
1.94203519821167
1.851675271987915
1.9693076610565186
1.7951624393463135
1.8818562030792236
1.7605915069580078
1.8316566944122314
1.8758516311645508
1.7947421073913574
1.8096387386322021
1.8486723899841309
2.0058186054229736
1.786921739578247
1.7976257801055908
1.819645881652832
1.898054838180542
1.9248807430267334
1.7746031284332275
1.8376622200012207
1.890944004058838
1.8465898036956787
1.806633710861206
1.7636957168579102
1.7326691150665283
1.7385737895965576
1.8862411975860596
1.952820062637329
1.835878849029541
1.9958057403564453
1.9235517978668213
1.8475863933563232
1.7682271003723145
1.8246517181396484
1.7856826782226562
1.7362186908721924
1.7786097526550293
1.8276541233062744
1.9422929286956787
1.7736973762512207
1.795623540878296
1.8486735820770264
1.7970945835113525
1.8170642852783203
1.7966256141662598
1.7971842288970947
1.824692964553833
1.8567297458648682
1.8336575031280518
1.8342530727386475
1.8255772590637207
1.8407142162322998
1.8396646976470947
1.8021554946899414
1.8065054416656494
2.0768773555755615
1.803633689880371
1.8531880378723145
1.9349441528320312
1.8626861572265625
1.8246510028839111
1.7622077465057373
1.824901819229126
1.8656890392303467
1.8016300201416016
1.9833378791809082
1.8616845607757568
1.899718999862671
1.7539689540863037
2.0160415172576904
1.9577715396881104
1.9257423877716064
1.7961640357971191
1.8117001056671143
1.7696027755737305
1.9382376670837402
1.843395709991455
1.8646869659423828
1.8026306629180908
1.7858355045318604
1.797722339630127
1.9907994270324707
1.8352513313293457
1.8446946144104004
1.8477535247802734
1.7926216125488281
1.7677218914031982
1.864772081375122
1.7675988674163818
1.79762601852417
1.8731770515441895
1.7392475605010986
1.8977165222167969
1.8396649360656738
1.8122828006744385
1.8899078369140625
1.8066353797912598
1.8628263473510742
1.780141830444336
1.786707878112793
1.89971923828125
1.7992870807647705
1.8875818252563477
1.8540983200073242
1.8106367588043213
1.7766141891479492
1.7858154773712158
1.7415759563446045
1.8116402626037598
1.917341947555542
1.7857282161712646
1.9007210731506348
1.7585883140563965
1.8288586139678955
1.8548166751861572
1.7696011066436768
1.7846155166625977
1.885315179824829
1.8517065048217773
1.8827033042907715
1.8292806148529053
1.8077681064605713
1.9568240642547607
1.8336586952209473
1.86920166015625
1.839799165725708
1.8646864891052246
1.7675988674163818
1.845069169998169
1.8247880935668945
1.8176450729370117
1.8146426677703857
1.8912241458892822
1.8087098598480225
1.7585902214050293
1.7886180877685547
1.869370698928833
1.8284409046173096
1.7896184921264648
1.784614086151123
1.8065826892852783
1.829833984375
1.8246517181396484
1.8382675647735596
1.8080387115478516
1.8046314716339111
1.8036303520202637
1.7871923446655273
1.79709792137146
1.8058764934539795
1.8706912994384766
1.8287739753723145
1.7835073471069336
1.851675033569336
1.87969970703125
1.812105417251587
1.8307490348815918
1.8256514072418213
1.7906184196472168
1.803635835647583
1.803809642791748
1.841665506362915
1.8346595764160156
1.8036220073699951
1.8628480434417725
1.7786076068878174
1.7395753860473633
1.8573172092437744
1.8172638416290283
1.7856159210205078
1.8626747131347656
1.8243796825408936
1.9257428646087646
1.8676905632019043
1.8780410289764404
1.7600152492523193
1.8046376705169678
1.7816112041473389
1.781123161315918
1.7707653045654297
1.7816126346588135
1.7761178016662598
1.8269836902618408
1.9628608226776123
1.8386635780334473
1.8351788520812988
1.7745230197906494
1.7776472568511963
1.7926216125488281
1.7789373397827148
1.7747251987457275
1.7645976543426514
1.8756966590881348
1.8134183883666992
1.8658034801483154
1.782613754272461
1.8412199020385742
1.8537914752960205
1.7537362575531006
1.8957140445709229
1.8483102321624756
1.8647336959838867
1.8657913208007812
1.8346598148345947
1.7789013385772705
1.8897063732147217
1.8676903247833252
1.809636116027832
1.7701053619384766
1.8500983715057373
1.9037206172943115
1.7936220169067383
1.8487269878387451
1.7878196239471436
1.7766063213348389
1.831657886505127
1.8467535972595215
1.7757749557495117
1.8006274700164795
1.8056344985961914
1.850769281387329
1.873826265335083
1.8026301860809326
1.8266520500183105
1.8234493732452393
1.8628921508789062
1.8186452388763428
1.7675981521606445
1.840756893157959
1.7788612842559814
1.8606832027435303
1.864687204360962
1.7671277523040771
1.814044713973999
1.8666894435882568
1.8876886367797852
1.799806833267212
1.803633213043213
1.8216488361358643
1.820138692855835
1.8307685852050781
1.7255618572235107
1.894714593887329
1.7902343273162842
1.8427557945251465
1.8066351413726807
1.8406634330749512
1.7981364727020264
1.806776523590088
1.8336577415466309
1.8582000732421875
1.831615686416626
1.7907373905181885
1.8166439533233643
1.7971291542053223
1.8536772727966309
1.8378090858459473
1.8807005882263184
1.8868377208709717
1.8102977275848389
1.8147001266479492
1.9107286930084229
1.8502273559570312
1.877781867980957
1.9017207622528076
1.8766984939575195
1.8132531642913818
1.8597679138183594
1.8356599807739258
1.8316566944122314
1.851247787475586
1.7747695446014404
1.8106369972229004
1.805633306503296
1.793299674987793
1.8748281002044678
1.793623685836792
1.7741456031799316
1.9949193000793457
1.8428473472595215
1.8867056369781494
1.8812851905822754
1.867189645767212
1.7488317489624023
1.7625937461853027
1.7798011302947998
1.8863096237182617
1.7986280918121338
1.8746943473815918
1.8101608753204346
1.8867921829223633
1.9827933311462402
1.8807032108306885
1.8012230396270752
1.8257622718811035
1.8536784648895264
1.9253270626068115
1.7704715728759766
1.790093183517456
1.7916209697723389
1.9370086193084717
1.7827284336090088
1.9517662525177002
1.7495815753936768
1.9752705097198486
1.7826461791992188
1.8376622200012207
1.8176429271697998
1.8100357055664062
1.8154478073120117
1.7746069431304932
1.8286538124084473
1.8158364295959473
1.8008873462677002
1.8236486911773682
1.8186466693878174
1.7698500156402588
1.8068079948425293
1.760591983795166
1.8046307563781738
1.7721669673919678
1.7915692329406738
1.858680248260498
1.9162476062774658
1.7820756435394287
1.8607134819030762
1.7896184921264648
1.8438739776611328
1.8517680168151855
1.8316569328308105
1.827653169631958
1.8441717624664307
1.7576909065246582
1.89471435546875
1.7921247482299805
1.8321619033813477
1.8417327404022217
1.8076355457305908
1.8126404285430908
1.7395098209381104
1.8476769924163818
1.8056349754333496
1.8046090602874756
1.8223378658294678
1.8456690311431885
1.804633617401123
1.8490324020385742
1.8276963233947754
1.8526756763458252
1.7986268997192383
1.8015518188476562
1.791736364364624
1.8176443576812744
1.8526747226715088
1.8113207817077637
1.7797257900238037
1.8236496448516846
1.8266527652740479
1.839442253112793
1.7887680530548096
1.8766975402832031
1.8142335414886475
1.826690673828125
1.830878734588623
1.817645788192749
1.8185994625091553
1.9088318347930908
1.7826933860778809
1.8106377124786377
1.9663069248199463
1.7436962127685547
1.8486716747283936
1.8211555480957031
1.8134706020355225
1.8137261867523193
1.8746967315673828
1.8747501373291016
1.7597553730010986
1.850672721862793
1.8636870384216309
1.757380485534668
1.8448588848114014
1.8176438808441162
1.8416669368743896
1.8632168769836426
1.868992567062378
1.8847074508666992
1.858435869216919
1.8833918571472168
1.906769037246704
1.8356640338897705
1.760826587677002
1.893404245376587
1.9057269096374512
1.8977196216583252
1.8672709465026855
1.7698137760162354
1.7525873184204102
1.8026342391967773
1.7455401420593262
1.8217227458953857
1.7916247844696045
1.9049065113067627
1.8844850063323975
1.7834978103637695
1.8426682949066162
1.7850754261016846
1.7472906112670898
1.8246519565582275
1.7665998935699463
1.923410415649414
1.907064437866211
1.8937153816223145
1.7931385040283203
1.7514927387237549
1.8326618671417236
1.9167366027832031
1.8340857028961182
1.8568992614746094
1.8857083320617676
1.7906208038330078
1.753922939300537
1.8215389251708984
1.8887100219726562
1.8316614627838135
1.7562382221221924
1.776780128479004
1.9287478923797607
1.8052525520324707
1.7686350345611572
1.7475838661193848
1.906728744506836
1.9231879711151123
1.7928025722503662
1.7605955600738525
1.7986297607421875
1.7921743392944336
1.7807915210723877
1.80763840675354
1.886709451675415
1.8156793117523193
1.9908769130706787
1.750586986541748
1.8348665237426758
1.9115750789642334
1.894716501235962
1.8156445026397705
1.7585644721984863
1.8467833995819092
1.804636001586914
1.9117317199707031
1.8319101333618164
1.8107337951660156
1.794626235961914
1.7726061344146729
1.8161661624908447
1.787848711013794
1.7786102294921875
1.8242590427398682
1.8198096752166748
1.820777416229248
1.899721622467041
1.7962687015533447
1.7654881477355957
1.8787007331848145
1.8396666049957275
1.8193104267120361
1.899923324584961
1.8646888732910156
1.8421728610992432
1.8706858158111572
1.7986676692962646
1.8106422424316406
1.8296210765838623
1.8066456317901611
1.7996289730072021
1.8142619132995605
1.942857265472412
1.7635977268218994
1.8356635570526123
1.865241289138794
1.754725694656372
1.8656909465789795
1.8631916046142578
1.8301703929901123
1.809790849685669
1.7766108512878418
1.8311655521392822
1.8278515338897705
1.850677490234375
1.8496756553649902
1.8274364471435547
1.8388614654541016
1.7696034908294678
1.7655997276306152
1.8426883220672607
1.7693665027618408
1.8396673202514648
1.8692035675048828
1.7793762683868408
1.8406684398651123
1.7575931549072266
1.7936367988586426
1.8048040866851807
1.8436713218688965
1.7996292114257812
1.890756607055664
1.8127906322479248
1.8206486701965332
1.765599250793457
1.761228322982788
1.857753038406372
1.9657809734344482
1.8261351585388184
1.7956805229187012
1.8686938285827637
1.7505853176116943
1.947500467300415
1.8587820529937744
1.8116397857666016
1.80216383934021
1.8907599449157715
1.8378417491912842
1.8686935901641846
1.7887680530548096
1.8458466529846191
1.8817062377929688
1.8696949481964111
1.7764887809753418
1.7388372421264648
1.7826154232025146
1.8797039985656738
1.805340051651001
1.7827324867248535
1.7565927505493164
1.7891607284545898
1.823699951171875
1.8366644382476807
1.7385759353637695
1.8112311363220215
1.8158338069915771
1.86869215965271
1.8586835861206055
1.9288077354431152
1.787703275680542
1.9307494163513184
1.8178186416625977
1.823807716369629
1.7846980094909668
1.8656902313232422
1.8353099822998047
1.7806906700134277
1.8429970741271973
1.7766077518463135
1.8473877906799316
1.8152732849121094
1.8386659622192383
1.7791204452514648
1.7764575481414795
1.8777344226837158
1.789621353149414
1.8257250785827637
1.8137314319610596
1.8226509094238281
1.8136444091796875
1.7202682495117188
1.8538849353790283
1.7355725765228271
1.778611183166504
1.8782215118408203
1.8519597053527832
1.8296570777893066
1.86527681350708
1.8221890926361084
1.7427561283111572
1.883707046508789
1.826174259185791
1.7783095836639404
1.8591022491455078
1.829657793045044
1.7931792736053467
1.870758295059204
1.9558141231536865
1.7906217575073242
1.819350242614746
1.879500150680542
1.8756990432739258
1.8056368827819824
1.8124237060546875
1.834252119064331
1.846672773361206
1.7240667343139648
1.803023099899292
1.8858819007873535
1.7595946788787842
1.8912878036499023
1.765216588973999
1.823697566986084
1.8216509819030762
1.8232848644256592
1.9808719158172607
1.7405767440795898
1.9172706604003906
1.812574863433838
1.7706124782562256
1.8196489810943604
1.873579978942871
1.8127739429473877
1.818647861480713
1.7906215190887451
1.818267822265625
1.791715145111084
1.7716052532196045
1.8696939945220947
1.7924158573150635
1.8107562065124512
1.8346624374389648
1.802180528640747
1.7789969444274902
1.952878475189209
1.8146450519561768
1.8472723960876465
1.7873079776763916
1.8207004070281982
1.8516762256622314
1.8242838382720947
1.7472634315490723
1.872697114944458
1.8236525058746338
1.8241405487060547
1.9296083450317383
1.8456716537475586
1.782613754272461
1.836083173751831
1.7547273635864258
1.766601800918579
1.756117820739746
1.8583710193634033
1.9598891735076904
1.770604133605957
1.7612817287445068
1.7705192565917969
1.8798530101776123
1.8016314506530762
1.796163558959961
1.9398233890533447
1.7886369228363037
1.80263352394104
1.7810490131378174
1.849256992340088
1.8236520290374756
1.8346619606018066
1.7580366134643555
1.8403127193450928
1.8636887073516846
1.7956268787384033
1.8141143321990967
1.798177719116211
1.7645988464355469
1.779127836227417
1.8050193786621094
1.827657699584961
1.886244773864746
1.8011622428894043
1.7800211906433105
1.8246541023254395
1.795865535736084
1.7723424434661865
1.8406693935394287
1.8536794185638428
1.925351858139038
1.8215420246124268
2.0158259868621826
1.7956266403198242
1.7808423042297363
1.8157222270965576
2.0368449687957764
1.8172481060028076
1.8417174816131592
1.8708038330078125
1.8596856594085693
1.8221728801727295
1.775585651397705
1.880692481994629
1.7505848407745361
1.824652910232544
1.7873010635375977
1.9331252574920654
1.787618637084961
1.8562309741973877
2.037482738494873
1.8576836585998535
1.7796120643615723
1.7982752323150635
1.7827441692352295
1.8186497688293457
1.7335705757141113
1.8582136631011963
1.8468143939971924
2.119920492172241
1.7868118286132812
1.7992839813232422
1.789621114730835
1.8596856594085693
1.8260221481323242
1.8983783721923828
1.8877098560333252
1.7615973949432373
1.9163494110107422
1.8278965950012207
1.7906222343444824
1.811159610748291
1.8710665702819824
1.8036329746246338
1.8586833477020264
1.8231678009033203
1.7591943740844727
1.8396682739257812
1.837665319442749
1.8262624740600586
1.7508370876312256
1.797628402709961
1.849205732345581
1.837700366973877
1.8617188930511475
1.9007232189178467
1.9042460918426514
1.7633728981018066
1.8496758937835693
1.829658031463623
1.810373067855835
1.8347492218017578
1.8526790142059326
1.8081841468811035
1.8783397674560547
1.790654182434082
1.7796111106872559
1.813786506652832
1.91156005859375
1.787628173828125
1.7515881061553955
1.8790967464447021
1.7844431400299072
1.9337520599365234
2.0028154850006104
1.8464155197143555
1.8802874088287354
1.8386657238006592
1.823242425918579
1.796776533126831
1.830657958984375
1.7956273555755615
1.8190083503723145
1.8078653812408447
1.8216490745544434
1.7796125411987305
1.8223752975463867
1.7847909927368164
1.7806141376495361
1.8241653442382812
1.8700370788574219
1.7706043720245361
1.8346621990203857
1.7693681716918945
1.8248395919799805
1.8276560306549072
1.8336620330810547
1.7801513671875
2.0570054054260254
1.8756988048553467
1.9397587776184082
1.832207202911377
1.884838342666626
1.82265043258667
1.9331810474395752
1.7947566509246826
1.8496766090393066
1.8146443367004395
1.7758681774139404
1.7668190002441406
1.823652982711792
1.7961316108703613
1.8502206802368164
1.7967329025268555
1.9287476539611816
1.840261697769165
1.854308843612671
1.8797523975372314
1.8096401691436768
1.8442213535308838
1.7976727485656738
1.872795581817627
1.896718978881836
1.8706941604614258
1.8485243320465088
1.830862045288086
1.8106403350830078
1.793276071548462
1.7866227626800537
2.012824535369873
1.9827966690063477
1.8627455234527588
1.8508021831512451
1.7946255207061768
1.835662603378296
1.7740402221679688
1.8518133163452148
1.8486745357513428
1.8261833190917969
1.8447012901306152
2.1150100231170654
1.8226518630981445
1.7701666355133057
1.903254508972168
1.8567874431610107
1.8186490535736084
1.934297800064087
1.8258845806121826
1.8566813468933105
1.7986297607421875
1.7404000759124756
1.8237104415893555
1.8106422424316406
1.8792319297790527
1.9564926624298096
1.9668331146240234
1.8296589851379395
1.7792608737945557
1.811863660812378
1.7535884380340576
1.7746076583862305
1.8044767379760742
1.746713638305664
1.9507663249969482
1.7736783027648926
1.7547602653503418
1.9317498207092285
1.8226525783538818
1.837719440460205
1.8728573322296143
1.8446710109710693
1.8371737003326416
1.7828824520111084
1.828730821609497
1.8236510753631592
1.852792501449585
1.8809185028076172
1.8046362400054932
1.8526825904846191
1.815675973892212
1.819861650466919
1.9958112239837646
1.8586852550506592
1.791224718093872
1.9789543151855469
1.7716081142425537
1.7782177925109863
1.8125293254852295
1.8556830883026123
1.9557747840881348
1.808244228363037
1.8517096042633057
1.804638147354126
2.0143816471099854
1.802363634109497
1.7816152572631836
1.7415783405303955
1.799299955368042
1.7874927520751953
1.8547999858856201
1.7866206169128418
1.8307485580444336
1.8334088325500488
1.7726078033447266
1.7706050872802734
1.7319221496582031
1.7626848220825195
1.802635669708252
1.8326632976531982
1.8383934497833252
1.8198723793029785
1.8316607475280762
1.7761468887329102
1.768495798110962
1.7485992908477783
1.798633337020874
1.933337926864624
1.7546281814575195
1.7816154956817627
1.8026349544525146
1.8091518878936768
1.843369960784912
1.7936275005340576
1.7916250228881836
1.8617568016052246
1.8147108554840088
1.801633596420288
1.7931411266326904
1.9166288375854492
1.759645700454712
2.0018157958984375
1.772170066833496
1.8062901496887207
1.8179004192352295
1.822652816772461
1.7515277862548828
1.8397789001464844
1.802635669708252
1.858098030090332
1.8221614360809326
1.792696237564087
1.8306589126586914
1.7906246185302734
1.9397709369659424
1.7977468967437744
1.8286571502685547
1.7701356410980225
1.8448238372802734
1.7747273445129395
1.7966318130493164
1.772019386291504
1.766801357269287
1.8306610584259033
1.8236536979675293
1.8255670070648193
1.8008301258087158
1.7395787239074707
1.912337303161621
1.8096272945404053
1.8577630519866943
1.7145540714263916
1.8538181781768799
1.8162055015563965
1.7535905838012695
1.8366661071777344
1.8562378883361816
1.8288414478302002
1.7996325492858887
1.8228299617767334
1.8414347171783447
1.7846269607543945
1.8006322383880615
1.7997658252716064
1.808394432067871
1.8586862087249756
1.7686049938201904
1.8342351913452148
1.7531282901763916
1.8499085903167725
1.8466758728027344
1.7652678489685059
1.8709049224853516
1.816648244857788
1.8666942119598389
1.8237624168395996
1.7688021659851074
1.7846179008483887
1.764601707458496
1.8231511116027832
1.7637083530426025
1.7896223068237305
1.9843568801879883
1.8191735744476318
1.8851168155670166
1.7686054706573486
1.803196668624878
1.8197784423828125
1.906686544418335
1.7736079692840576
1.8490917682647705
1.9955220222473145
1.8626904487609863
1.8596866130828857
1.746612548828125
1.8928537368774414
1.7876205444335938
1.877704381942749
1.765794038772583
1.8518555164337158
1.8196511268615723
1.8532462120056152
1.8356616497039795
1.945946216583252
1.7646002769470215
1.8092005252838135
1.8160953521728516
1.7977311611175537
1.9157369136810303
1.8363251686096191
1.763066053390503
1.8217856884002686
1.8276588916778564
1.7931690216064453
1.7585248947143555
1.8036718368530273
1.7615983486175537
1.8288366794586182
1.8851492404937744
1.813645839691162
1.8511850833892822
1.8038458824157715
1.7866137027740479
1.7656009197235107
1.87269926071167
1.8232605457305908
1.9139361381530762
1.8777031898498535
1.8502020835876465
1.8186161518096924
1.7717130184173584
1.7636010646820068
1.8742749691009521
1.9416954517364502
1.7676639556884766
1.7425811290740967
1.8371548652648926
1.8279109001159668
1.7896227836608887
2.122927188873291
1.9223864078521729
2.0999529361724854
1.9517719745635986
1.866337776184082
1.8467209339141846
1.865692377090454
1.7585959434509277
1.7660157680511475
1.8185255527496338
1.7956304550170898
1.8036370277404785
1.7591466903686523
1.8146469593048096
1.7806155681610107
1.8612327575683594
1.9373242855072021
1.8356654644012451
1.8368258476257324
1.8607308864593506
1.8927984237670898
1.7906231880187988
1.8489384651184082
1.84145188331604
1.8046367168426514
1.8246550559997559
1.7738854885101318
1.9128968715667725
1.7866203784942627
1.8316619396209717
1.797708511352539
1.9078400135040283
1.7716071605682373
1.8708279132843018
1.9419376850128174
1.7495887279510498
1.7906243801116943
1.7696456909179688
1.8438282012939453
1.819650650024414
1.8191535472869873
1.852111577987671
1.791625738143921
1.813645601272583
1.8371226787567139
1.767310619354248
1.8176493644714355
1.8266592025756836
1.8061225414276123
1.8698420524597168
2.0488576889038086
1.9352765083312988
1.83308744430542
1.835815668106079
1.8226542472839355
1.8001689910888672
1.7684326171875
1.8030905723571777
1.906728982925415
1.7837672233581543
1.7928338050842285
1.8626885414123535
1.781615972518921
1.8662588596343994
1.8357253074645996
1.8807058334350586
1.828660488128662
1.9041426181793213
1.8106865882873535
1.7455837726593018
1.8342089653015137
1.8250830173492432
1.7766506671905518
1.8226540088653564
1.8670508861541748
1.8588695526123047
1.8877127170562744
1.9677860736846924
1.8248131275177002
1.8057260513305664
1.7515888214111328
1.8626904487609863
1.8553283214569092
1.8618381023406982
1.8466768264770508
1.820784091949463
1.9258790016174316
1.908731460571289
1.8056387901306152
1.7831454277038574
1.9528717994689941
1.8046379089355469
1.8897159099578857
1.7702276706695557
1.8463945388793945
1.8226537704467773
1.8016357421875
1.8171088695526123
1.8537943363189697
1.8436710834503174
1.808640480041504
1.8337044715881348
1.7916288375854492
1.8186485767364502
1.8656928539276123
1.8600537776947021
1.9827985763549805
1.8726990222930908
1.7752914428710938
1.816391944885254
1.8076398372650146
1.8096411228179932
1.7960569858551025
1.8099806308746338
1.8226542472839355
1.7886226177215576
1.7932138442993164
1.8157477378845215
1.7706072330474854
1.8892724514007568
2.0331153869628906
1.9058260917663574
1.9637815952301025
1.7911784648895264
1.9699010848999023
1.8016347885131836
1.8396685123443604
1.8306267261505127
1.863851547241211
1.7445809841156006
1.9767944812774658
1.766784906387329
1.7967841625213623
1.8907127380371094
1.9672985076904297
1.781569480895996
1.8176984786987305
1.9647817611694336
1.7993073463439941
1.8323419094085693
1.8577322959899902
1.9417617321014404
1.8084280490875244
1.8638076782226562
1.8386683464050293
1.8402094841003418
1.822709083557129
1.778735876083374
1.8286571502685547
1.8133089542388916
1.8357203006744385
1.819808006286621
1.7916252613067627
1.831162929534912
1.7970459461212158
1.851679801940918
1.8031458854675293
1.8787939548492432
1.756593942642212
1.8026344776153564
1.7970783710479736
1.9509294033050537
1.9287502765655518
1.7916250228881836
1.7772769927978516
1.8416717052459717
2.048858404159546
1.754873275756836
1.8387184143066406
1.8426711559295654
1.8016345500946045
1.852081537246704
1.7997519969940186
1.831662654876709
1.789269208908081
1.7760884761810303
1.8287534713745117
1.8446733951568604
1.9813110828399658
1.8447256088256836
1.8300259113311768
1.788621425628662
1.8682010173797607
1.8516230583190918
1.9128568172454834
1.7976322174072266
1.9183638095855713
2.0188961029052734
1.8176493644714355
1.9052486419677734
1.8008403778076172
1.8157026767730713
1.8236539363861084
1.7826838493347168
1.8237097263336182
1.8096413612365723
1.8166475296020508
1.906872272491455
1.8968749046325684
1.8917160034179688
1.8747003078460693
1.7696278095245361
1.8066887855529785
1.8126451969146729
1.8020713329315186
1.8684272766113281
1.905729055404663
1.871696949005127
1.8634109497070312
1.8158624172210693
1.784618616104126
1.963782787322998
1.8371844291687012
1.9317924976348877
1.8186490535736084
1.8106422424316406
1.8571298122406006
1.7666795253753662
1.800633430480957
1.8252286911010742
1.8018035888671875
1.8467402458190918
1.815648078918457
1.9201958179473877
1.78080415725708
1.8346636295318604
1.7946288585662842
1.9473187923431396
1.784773588180542
1.860687494277954
1.8336639404296875
1.8052053451538086
1.8458287715911865
1.8026349544525146
1.8316619396209717
1.839148998260498
1.9789693355560303
1.8686952590942383
1.836665153503418
1.820439100265503
1.7895758152008057
1.9337563514709473
1.7889392375946045
1.7683088779449463
1.9027273654937744
1.8006336688995361
1.8987782001495361
1.7977619171142578
1.8516793251037598
1.7936286926269531
1.8177251815795898
1.876805067062378
1.856684923171997
1.7856192588806152
1.8982620239257812
1.8618743419647217
1.8706989288330078
1.797630786895752
1.9548232555389404
1.8982667922973633
1.8216526508331299
1.795140027999878
1.8050909042358398
1.8008713722229004
1.758596658706665
1.792170763015747
1.7770683765411377
1.897918939590454
1.8416709899902344
1.928342342376709
1.8121755123138428
1.8098301887512207
1.8456742763519287
1.906233549118042
1.8182120323181152
1.8128316402435303
1.795630931854248
1.960780382156372
1.8147757053375244
1.788724660873413
1.8526792526245117
1.8076388835906982
1.8198390007019043
1.8838281631469727
1.7906243801116943
1.8666942119598389
1.8683323860168457
1.8781352043151855
1.7776141166687012
1.7751193046569824
1.7885701656341553
1.8296608924865723
1.911736011505127
1.8473842144012451
1.8458061218261719
1.8066401481628418
1.8076398372650146
1.774226427078247
1.868574857711792
1.813645601272583
1.8606889247894287
1.7391068935394287
1.768972396850586
2.002819299697876
1.777613639831543
2.0544116497039795
1.9107720851898193
1.8326640129089355
1.8342413902282715
1.9008162021636963
1.9527721405029297
1.8486785888671875
1.8182182312011719
1.8277256488800049
1.8777058124542236
1.8322148323059082
1.8766133785247803
1.8006587028503418
1.8666942119598389
1.9513230323791504
1.8133056163787842
1.853684425354004
1.9327549934387207
1.854806661605835
1.8447997570037842
1.84767746925354
1.839672327041626
1.822786808013916
1.8221909999847412
1.8156499862670898
1.8672733306884766
1.913456678390503
1.7686049938201904
1.8737013339996338
1.8353612422943115
1.9128077030181885
1.915738582611084
1.8116426467895508
1.8782896995544434
1.812734842300415
1.8276586532592773
1.860689401626587
1.7956900596618652
1.9298412799835205
1.8326635360717773
1.8773105144500732
1.7953081130981445
1.8716983795166016
1.8316640853881836
1.856609582901001
1.846541404724121
1.8727002143859863
1.8086421489715576
1.8426191806793213
1.8974275588989258
1.7926287651062012
1.8787057399749756
1.7871026992797852
1.9849581718444824
1.8266592025756836
1.8326637744903564
1.8972845077514648
1.8912270069122314
1.823655366897583
1.9303858280181885
1.8051483631134033
1.823051929473877
1.8827087879180908
1.8072588443756104
1.866919755935669
1.8526825904846191
1.9237475395202637
1.8303394317626953
1.9158685207366943
1.9447660446166992
1.7881383895874023
1.789686679840088
2.0298423767089844
1.8516809940338135
1.85929274559021
1.927401065826416
1.7816221714019775
1.8526818752288818
1.7962446212768555
1.8697071075439453
1.8426716327667236
1.7876231670379639
1.8801875114440918
1.7867324352264404
1.8706979751586914
2.0098249912261963
1.8358044624328613
1.793820858001709
1.8006350994110107
1.8456735610961914
1.8187587261199951
1.8220679759979248
1.8626904487609863
1.863814353942871
1.7305796146392822
1.8356668949127197
1.7706067562103271
1.898498773574829
1.8788650035858154
1.865692377090454
1.801152229309082
1.861614465713501
1.8407609462738037
1.8997251987457275
1.809098243713379
1.7825133800506592
1.8486783504486084
1.880706787109375
1.907412052154541
1.803680658340454
2.089897394180298
1.7982399463653564
1.8208208084106445
1.8817079067230225
1.880220890045166
1.85044264793396
1.880718469619751
1.817650318145752
1.8149363994598389
1.8789637088775635
1.9427642822265625
1.8016357421875
1.9414341449737549
1.916886329650879
1.8877143859863281
1.8708391189575195
1.8678438663482666
1.8236558437347412
1.9637830257415771
1.9544639587402344
1.8667387962341309
1.8256583213806152
1.830188274383545
1.8107047080993652
1.8957698345184326
1.9557747840881348
1.8142213821411133
1.9653265476226807
2.0218358039855957
1.9167401790618896
2.038285732269287
2.089930772781372
1.9587795734405518
1.9678635597229004
2.038900136947632
1.990344762802124
1.918271780014038
1.9678635597229004
2.041853904724121
1.8594965934753418
1.8347506523132324
1.9547767639160156
1.8636937141418457
1.9222640991210938
1.954244613647461
1.8526818752288818
1.932368516921997
1.8604471683502197
1.9727919101715088
1.8306612968444824
1.9113054275512695
1.9098925590515137
1.7686052322387695
1.8817076683044434
1.8833537101745605
1.8817081451416016
1.806640386581421
1.878601312637329
1.9019181728363037
1.9307529926300049
1.7886219024658203
1.9229373931884766
1.8648302555084229
1.7595973014831543
1.9939141273498535
1.8615891933441162
1.8666965961456299
1.8610074520111084
1.8279008865356445
1.945892095565796
1.927445411682129
1.786775827407837
1.760599136352539
1.8282279968261719
1.8451638221740723
1.8106536865234375
1.8682706356048584
1.7882990837097168
1.931755542755127
1.9167389869689941
1.761214256286621
1.9409892559051514
1.9732728004455566
1.9013516902923584
1.855456829071045
1.7928757667541504
1.9247474670410156
1.88822603225708
1.8127703666687012
1.9307537078857422
1.8937201499938965
1.867213249206543
1.8778722286224365
1.8326630592346191
1.8111536502838135
1.977872371673584
1.8076403141021729
1.9127368927001953
1.9309468269348145
1.8366663455963135
2.03039813041687
1.9662246704101562
1.8087754249572754
1.875701904296875
1.9502010345458984
1.806936502456665
1.9267504215240479
1.8506803512573242
1.8178772926330566
1.872864007949829
1.8683171272277832
1.8828425407409668
1.9717893600463867
1.879286289215088
1.8751704692840576
1.9628112316131592
1.9477674961090088
1.9092903137207031
2.0041542053222656
1.9147381782531738
1.8924586772918701
1.8036725521087646
1.9537723064422607
1.8143353462219238
1.9380342960357666
1.864696979522705
1.974792718887329
1.8845345973968506
1.9801445007324219
1.8626902103424072
2.0056440830230713
1.8608589172363281
1.8156490325927734
1.9212651252746582
1.822176218032837
1.8187556266784668
1.997814416885376
1.797774076461792
1.8928523063659668
1.8857128620147705
1.7950448989868164
1.9118928909301758
1.863691806793213
1.9504210948944092
1.9922068119049072
1.9503450393676758
1.8385374546051025
1.8894498348236084
1.752718448638916
1.8516812324523926
1.791271686553955
1.9260518550872803
2.0088248252868652
1.9312801361083984
1.9698734283447266
1.8276586532592773
1.8276596069335938
2.0245373249053955
2.131989002227783
1.949770450592041
1.924729347229004
1.9058048725128174
1.9017281532287598
1.8835773468017578
1.882432460784912
2.0268404483795166
1.8897149562835693
1.9811127185821533
2.0160021781921387
1.8817079067230225
1.8461153507232666
1.8797576427459717
1.8239939212799072
1.9333558082580566
1.941762924194336
1.8592500686645508
1.8208808898925781
1.8476762771606445
1.9652986526489258
1.8281664848327637
1.8636541366577148
1.9701488018035889
1.909236192703247
1.9308314323425293
1.9236886501312256
1.8777241706848145
1.8706989288330078
1.8082494735717773
1.8020565509796143
1.8220312595367432
1.9597809314727783
1.8852481842041016
1.8756210803985596
1.8237364292144775
1.9827990531921387
1.898127794265747
1.777294635772705
1.8777046203613281
1.891716718673706
1.842212200164795
1.973982572555542
1.819653034210205
1.9514594078063965
1.8815829753875732
1.9096832275390625
1.751084327697754
1.9092297554016113
1.8057489395141602
1.9007267951965332
1.8396697044372559
1.807560920715332
1.8547587394714355
1.8556852340698242
1.7898688316345215
1.9141945838928223
1.7936289310455322
1.828200340270996
1.920469045639038
1.9317550659179688
1.9077324867248535
1.8633019924163818
1.8957068920135498
2.0808897018432617
1.8584942817687988
1.8116438388824463
1.7996337413787842
1.9417319297790527
1.7997632026672363
1.7776131629943848
1.8792455196380615
1.8431520462036133
1.8747014999389648
1.8024187088012695
1.7653172016143799
1.761599063873291
1.776611089706421
1.8583920001983643
1.820791244506836
1.8106436729431152
2.040996551513672
1.7967352867126465
1.937758445739746
1.8096435070037842
1.99922513961792
1.8207471370697021
1.8506793975830078
1.8338277339935303
1.9538276195526123
1.7806472778320312
1.802635908126831
1.8313302993774414
2.0368499755859375
1.8716979026794434
1.8642396926879883
1.806779384613037
1.8997244834899902
1.936812162399292
1.867182970046997
1.9195265769958496
1.9106957912445068
2.032750368118286
1.9073779582977295
1.8092093467712402
1.8670146465301514
1.8316638469696045
1.8341870307922363
1.8123836517333984
1.744089126586914
1.8871345520019531
1.8828177452087402
1.9807984828948975
1.8051536083221436
1.782193899154663
1.8687772750854492
1.9687871932983398
2.0762505531311035
1.9158921241760254
1.8106443881988525
1.814173698425293
1.8771374225616455
1.8638780117034912
1.8426728248596191
1.858250379562378
1.8603229522705078
1.9067296981811523
1.772996187210083
1.8499009609222412
1.8292782306671143
1.9674046039581299
1.8797070980072021
1.8857123851776123
1.8862402439117432
1.878831148147583
1.947768211364746
1.866802453994751
1.8373570442199707
1.7696070671081543
1.851682424545288
1.8051869869232178
1.881824016571045
1.9767959117889404
1.9354188442230225
1.940298318862915
1.8297674655914307
1.835667610168457
1.969313144683838
1.8798298835754395
1.9217445850372314
1.8422832489013672
1.982713222503662
1.8346657752990723
1.922745704650879
1.8191282749176025
1.8707826137542725
1.833662986755371
1.908278226852417
1.76981782913208
1.8767051696777344
2.034381866455078
1.8152379989624023
1.9148447513580322
1.8396711349487305
1.7961735725402832
1.8248560428619385
1.923638105392456
1.8402156829833984
2.0598721504211426
1.793665885925293
1.8066413402557373
1.8472096920013428
1.7847368717193604
1.8626916408538818
1.8586890697479248
2.04321026802063
1.863872766494751
1.8256580829620361
1.898268222808838
1.8856968879699707
2.0702085494995117
1.8723149299621582
1.9297256469726562
1.936873197555542
1.9617812633514404
1.8632447719573975
1.8466072082519531
1.7766129970550537
2.0063793659210205
1.9266126155853271
1.7956304550170898
1.9463038444519043
1.928046464920044
1.9277520179748535
1.766603946685791
1.9318244457244873
1.9168121814727783
1.8076434135437012
2.0389223098754883
1.90134859085083
1.9667861461639404
2.085894823074341
1.985994815826416
1.879542350769043
2.024203062057495
2.0504000186920166
1.982466697692871
2.09134840965271
2.0495057106018066
2.0285239219665527
2.084742784500122
2.0848939418792725
2.057358980178833
1.9061920642852783
1.8737027645111084
1.8421721458435059
1.9378702640533447
1.9157397747039795
1.7686054706573486
1.8636910915374756
1.7637825012207031
1.8426740169525146
1.9433250427246094
1.8437247276306152
1.7916278839111328
1.8176510334014893
1.8681864738464355
1.9368994235992432
1.9077348709106445
1.9663293361663818
1.8836255073547363
1.8967607021331787
1.9237473011016846
1.836261510848999
1.907120704650879
1.8276607990264893
1.8186516761779785
1.9027321338653564
1.8027853965759277
1.9667870998382568
2.0234289169311523
1.7823798656463623
1.815664529800415
1.8126468658447266
1.936213731765747
1.9373362064361572
1.874704122543335
1.801201581954956
1.973794937133789
1.888810634613037
1.8916652202606201
1.9549179077148438
2.0668764114379883
1.9283881187438965
2.0419743061065674
2.0674471855163574
2.04178786277771
2.0068233013153076
1.9928271770477295
1.8666260242462158
1.8251402378082275
1.864419937133789
1.8620929718017578
1.8496766090393066
1.9171903133392334
1.7517411708831787
1.8236560821533203
1.8607959747314453
1.8473081588745117
1.92274808883667
1.920743703842163
1.8456571102142334
1.8358278274536133
1.9097344875335693
1.8652489185333252
1.7667937278747559
1.8797075748443604
1.9627833366394043
1.9298300743103027
1.8516831398010254
1.8166494369506836
1.8561744689941406
1.8999507427215576
1.7696080207824707
1.8773269653320312
1.8967931270599365
1.840766429901123
1.8716998100280762
1.8223168849945068
2.0124855041503906
1.8146469593048096
1.774609088897705
1.8993761539459229
1.9350523948669434
1.8686988353729248
1.9723761081695557
1.9079222679138184
1.894103765487671
1.880708932876587
1.8191120624542236
1.832869052886963
1.7956311702728271
1.8181583881378174
1.8087611198425293
1.9477696418762207
1.8272309303283691
1.9764800071716309
1.8306632041931152
1.9527738094329834
1.8456881046295166
1.8948183059692383
1.8737025260925293
1.81571626663208
1.8032550811767578
1.8947219848632812
1.9717912673950195
1.8704333305358887
1.8527841567993164
1.9177436828613281
1.9753749370574951
1.8485286235809326
1.8347275257110596
1.8586881160736084
1.960162878036499
1.8338687419891357
1.801638126373291
1.8962435722351074
1.8377015590667725
1.8617448806762695
1.9317545890808105
1.820183515548706
1.8779280185699463
1.8827104568481445
1.8276586532592773
1.9443233013153076
1.9138762950897217
1.8436729907989502
1.8113505840301514
1.8892555236816406
1.8056395053863525
1.8758108615875244
1.8396375179290771
1.8998169898986816
1.8146471977233887
1.8032310009002686
1.827775239944458
1.9537773132324219
1.8636910915374756
1.8276500701904297
1.8723108768463135
1.8186531066894531
1.8252151012420654
1.8369052410125732
1.8696975708007812
1.8156499862670898
1.7795963287353516
1.8547043800354004
1.9097356796264648
1.8090806007385254
1.9543969631195068
1.9437665939331055
1.915740728378296
1.7787232398986816
1.9178826808929443
1.8506813049316406
1.871203899383545
1.8157579898834229
1.8788418769836426
1.879706859588623
1.8977241516113281
2.0975091457366943
1.9205374717712402
2.005821466445923
2.059934377670288
2.0360476970672607
2.093902349472046
1.9580180644989014
1.9124531745910645
1.9350605010986328
1.9228687286376953
1.9147393703460693
1.9151015281677246
2.123732328414917
2.042855978012085
1.8717479705810547
1.8870830535888672
2.0191760063171387
1.9787969589233398
1.8867406845092773
1.9238901138305664
1.9287528991699219
1.8693406581878662
1.9390058517456055
1.9735543727874756
1.9009044170379639
1.8821218013763428
1.9013335704803467
1.9350395202636719
1.8817088603973389
1.9082579612731934
1.8766098022460938
1.8985297679901123
1.8861489295959473
1.839672565460205
1.8867146968841553
1.9984126091003418
1.8408079147338867
1.9437658786773682
1.9258198738098145
2.0247607231140137
1.855684518814087
1.9411756992340088
1.923802137374878
1.908733606338501
1.9218294620513916
1.948859453201294
1.9347565174102783
1.8616907596588135
1.9718449115753174
1.9148280620574951
1.9406728744506836
2.0228381156921387
1.8489272594451904
1.9253873825073242
1.894721269607544
1.9153177738189697
1.9367873668670654
1.9017245769500732
1.932755470275879
2.00464129447937
1.9512665271759033
1.91426420211792
2.0095396041870117
1.9412472248077393
1.9423320293426514
1.8917181491851807
1.8819301128387451
1.8506743907928467
1.985408067703247
1.9983184337615967
2.026841163635254
2.0269598960876465
1.9001851081848145
1.9447658061981201
1.9555950164794922
1.846724510192871
1.8874964714050293
1.8007307052612305
1.9377613067626953
1.8963594436645508
1.9447236061096191
1.8909037113189697
1.8721976280212402
1.8777053356170654
1.9460480213165283
1.9372234344482422
1.9056520462036133
1.9652540683746338
1.9661328792572021
1.8947205543518066
1.9557769298553467
1.9577863216400146
1.9797987937927246
1.9387199878692627
1.9329135417938232
1.9617748260498047
1.8976430892944336
2.034987211227417
1.9647862911224365
1.9516355991363525
1.8707528114318848
1.976797103881836
1.881711721420288
1.9553980827331543
1.933755874633789
2.048079252243042
1.9298114776611328
1.8983948230743408
1.8586125373840332
1.9126994609832764
1.9499421119689941
1.9027280807495117
1.908961296081543
2.0632104873657227
1.9683353900909424
1.9346983432769775
1.8721675872802734
1.8912644386291504
1.9161100387573242
2.0088255405426025
1.9528255462646484
1.8942129611968994
1.8708758354187012
1.8877148628234863
1.9282162189483643
1.9567735195159912
1.8762085437774658
1.9128131866455078
1.945739507675171
1.8937194347381592
2.034773349761963
2.0390141010284424
1.904731035232544
1.903529167175293
2.004819631576538
1.9735679626464844
1.879784345626831
1.8366684913635254
1.8737950325012207
2.0138962268829346
1.9197440147399902
2.033414602279663
1.890692949295044
1.9908075332641602
1.985489845275879
1.9961285591125488
1.946768045425415
1.8535382747650146
1.86336088180542
1.9920761585235596
1.9273662567138672
1.877350091934204
1.8349127769470215
1.828139066696167
1.8828458786010742
1.975794792175293
1.9787988662719727
1.9671227931976318
2.038745641708374
1.8787059783935547
1.9759087562561035
1.99908447265625
1.8104324340820312
1.9263763427734375
1.9186606407165527
1.8637776374816895
1.9397625923156738
1.8812353610992432
2.0068979263305664
1.9507715702056885
1.9250895977020264
1.9592700004577637
1.911940574645996
2.0383429527282715
1.9329907894134521
1.9177520275115967
1.824657678604126
2.0033857822418213
1.9529051780700684
1.969897985458374
1.8856639862060547
1.9397614002227783
2.0168323516845703
1.9038143157958984
1.921745777130127
1.9207441806793213
1.8629708290100098
1.9114487171173096
1.8787057399749756
1.9183459281921387
1.924748182296753
1.8615515232086182
1.919968843460083
1.8850467205047607
1.915919303894043
2.0738840103149414
1.866201400756836
1.8868794441223145
1.8917183876037598
1.916062593460083
1.881091833114624
1.8732953071594238
1.8335597515106201
1.8817098140716553
1.9546818733215332
1.9517731666564941
1.899193525314331
2.0301249027252197
1.9474167823791504
1.893721580505371
1.9660170078277588
1.9138953685760498
1.9497709274291992
2.083940267562866
2.093035936355591
1.85368013381958
2.0013339519500732
1.9247474670410156
1.9217419624328613
1.930150032043457
1.9272539615631104
1.9447684288024902
1.9498581886291504
1.9630804061889648
1.9457647800445557
1.8416731357574463
1.8216257095336914
2.012995958328247
1.9157404899597168
1.997248888015747
1.8759803771972656
1.9948124885559082
1.9143211841583252
1.8993752002716064
1.9077341556549072
1.895723581314087
1.9094243049621582
1.9567153453826904
2.013829469680786
1.9263324737548828
1.9887256622314453
1.9041471481323242
2.060495138168335
1.8596899509429932
1.9257495403289795
1.9819762706756592
1.9718761444091797
1.972792625427246
1.8722479343414307
1.9048357009887695
1.9707911014556885
1.9297540187835693
1.9559259414672852
1.8661830425262451
1.919745922088623
1.9068520069122314
2.0437560081481934
2.0939037799835205
1.9588632583618164
1.8491766452789307
1.9287528991699219
1.93375563621521
1.8382892608642578
1.8848671913146973
2.021838665008545
2.1500189304351807
1.9946141242980957
1.9357600212097168
1.8832485675811768
2.0301973819732666
1.8496806621551514
1.9718809127807617
1.9367611408233643
1.981774091720581
2.150937557220459
1.9607832431793213
