Timing log for each step:
0.013012409210205078
10.99095106124878
10.3971586227417
10.585897445678711
10.992449283599854
10.924368381500244
10.94728970527649
10.929832220077515
10.889647722244263
10.843262195587158
10.965566873550415
10.962893009185791
10.945169448852539
10.812402725219727
10.508750915527344
10.65559697151184
10.489430904388428
10.434099912643433
10.560988664627075
10.542242527008057
10.543853759765625
10.515469789505005
10.705200433731079
10.581113815307617
10.41245436668396
10.558318853378296
10.533272504806519
10.757132291793823
10.597131490707397
10.561858177185059
10.573768854141235
10.536801099777222
10.605609655380249
10.609631061553955
10.612449645996094
10.585721492767334
10.623543739318848
10.67314338684082
11.294458627700806
10.873785257339478
10.574363708496094
10.687687635421753
10.628788471221924
10.538299560546875
10.667319297790527
11.671016216278076
11.709452629089355
10.8416907787323
11.391489505767822
11.103260517120361
10.924848318099976
10.69919753074646
10.663872957229614
10.754795789718628
10.60922884941101
10.705944776535034
10.673703908920288
10.687663793563843
10.65581750869751
10.736680269241333
10.73688530921936
10.791894674301147
10.705697774887085
10.755444049835205
10.69141435623169
10.668511390686035
10.669137001037598
10.635828256607056
10.712918758392334
10.692815780639648
10.677555799484253
10.637183904647827
10.575801610946655
10.722896337509155
10.748344421386719
10.7964448928833
10.613313913345337
10.71392560005188
10.664543151855469
10.744163274765015
10.8222177028656
10.752923250198364
10.777436017990112
10.807040452957153
10.779266834259033
10.747716188430786
10.691234827041626
10.671116828918457
10.748142957687378
10.80573058128357
10.75137448310852
10.908246278762817
10.682647466659546
10.676912784576416
10.839758396148682
10.942600011825562
10.835841655731201
10.77613615989685
11.371704816818237
10.95840311050415
10.974740505218506
10.724797010421753
10.78754472732544
10.862502336502075
10.935312747955322
10.84501600265503
10.619852542877197
10.76130723953247
10.784304857254028
10.850452184677124
10.884383201599121
10.860617399215698
11.843478441238403
10.844803810119629
11.491041660308838
11.072307109832764
11.078636646270752
10.792795658111572
10.557868003845215
10.7051260471344
10.717942714691162
10.619927644729614
10.728779077529907
10.703190326690674
10.686004877090454
10.918587684631348
10.827603578567505
10.648327112197876
10.935156106948853
10.921102523803711
10.788604497909546
10.827976942062378
10.780243158340454
10.832284450531006
10.743744134902954
10.746659994125366
10.657540321350098
11.104829788208008
10.80841588973999
10.888392210006714
10.78858470916748
10.664610862731934
10.627689361572266
11.233341217041016
11.140286207199097
10.828082084655762
10.885907173156738
10.979930400848389
11.455217123031616
11.086196660995483
11.038505792617798
10.937331438064575
11.143989562988281
11.02413821220398
10.972403764724731
10.941380262374878
10.599454641342163
10.760239839553833
10.743302822113037
10.761363506317139
10.892894268035889
10.846565246582031
10.772413730621338
11.013444185256958
10.792148113250732
10.956252098083496
10.928683996200562
11.04744291305542
10.85763144493103
10.868615627288818
10.912570238113403
10.904097080230713
10.752046823501587
10.91102147102356
10.885931253433228
11.00986385345459
10.729243755340576
10.756614208221436
10.79827356338501
10.785276651382446
10.889369010925293
10.801862478256226
10.794043779373169
10.939770698547363
10.79508924484253
10.8665771484375
10.878851175308228
10.809083700180054
10.797879695892334
11.10654878616333
11.299270868301392
11.158657789230347
10.811973333358765
10.877122402191162
10.73349404335022
10.710692167282104
10.867374897003174
10.836600065231323
10.721373558044434
10.702576160430908
10.714473009109497
10.816861867904663
10.780699014663696
10.704823732376099
10.763840198516846
10.714278221130371
10.699421167373657
10.83496642112732
10.719397068023682
10.701929092407227
10.844719171524048
10.939871072769165
10.957069158554077
10.761472225189209
10.897949695587158
10.84155821800232
10.754279851913452
10.870667219161987
10.879414558410645
10.901669979095459
10.94610047340393
10.952291011810303
10.851497411727905
10.889538526535034
10.843151092529297
10.891169548034668
10.964197397232056
10.840091466903687
10.728998899459839
10.855478048324585
10.948463678359985
10.814937114715576
10.736780643463135
10.92843508720398
10.862923622131348
10.250389337539673
10.80322003364563
10.917869806289673
10.764395475387573
10.675153970718384
10.62468695640564
10.727357149124146
10.820957660675049
10.27995753288269
10.520605325698853
10.492763996124268
10.373929500579834
11.09796142578125
10.752034187316895
10.382699728012085
10.781485319137573
10.913039684295654
10.432542085647583
10.771958589553833
10.874856233596802
10.49242091178894
10.932047128677368
10.793248176574707
10.516551494598389
10.757161617279053
10.374986410140991
10.18632984161377
10.730819702148438
10.834312438964844
9.692557096481323
10.486076354980469
10.738778352737427
11.032798290252686
10.985472202301025
10.899132490158081
10.395138502120972
10.40185832977295
10.64055347442627
10.887983560562134
10.526245355606079
10.877467393875122
10.293195009231567
11.09592604637146
10.302826166152954
10.918962478637695
10.883275270462036
10.354244947433472
10.794050216674805
10.407857894897461
10.79362678527832
10.379209995269775
10.655107498168945
10.768351554870605
11.106122016906738
10.858112812042236
11.56357192993164
11.092113494873047
10.25670337677002
9.526859521865845
10.507445335388184
10.669059753417969
10.610140800476074
9.978502988815308
10.066340923309326
10.74678373336792
10.608690023422241
9.511680364608765
10.972846984863281
10.741976499557495
9.5957772731781
10.65831184387207
10.116044282913208
10.667908430099487
10.636794090270996
9.57160758972168
10.09189748764038
10.777920722961426
10.624767780303955
10.123736143112183
10.15880560874939
10.833902835845947
10.591918706893921
10.67972731590271
10.850419759750366
10.044193267822266
9.939076662063599
10.66344952583313
10.180661678314209
10.705109596252441
10.215609312057495
10.211935997009277
10.51217770576477
10.010827779769897
10.184891939163208
10.638708591461182
10.11517071723938
10.255727529525757
10.565624952316284
10.131553411483765
10.381848096847534
10.677910327911377
10.36281442642212
10.068409442901611
10.637353420257568
10.259151935577393
10.748615026473999
10.614033937454224
10.328693389892578
10.603874206542969
10.664271593093872
10.118124008178711
10.667945861816406
10.681602478027344
10.185920715332031
10.670893907546997
8.871970891952515
9.946913719177246
10.531896352767944
10.600813150405884
10.200124025344849
10.238015413284302
10.538930892944336
10.285615921020508
11.093705654144287
11.661365509033203
9.890132904052734
10.319892644882202
11.766966342926025
10.664130926132202
9.703627586364746
10.14892840385437
10.255995035171509
10.695258617401123
10.349884986877441
10.684979677200317
10.124611139297485
10.236010074615479
10.320934772491455
10.634714603424072
10.65121078491211
10.712965965270996
10.174272060394287
10.317196607589722
10.223073482513428
10.605871677398682
10.671959638595581
10.254928350448608
10.197323322296143
10.741210460662842
11.48863673210144
11.255233526229858
9.988466501235962
10.687454462051392
10.282291650772095
10.766202449798584
10.980247497558594
10.315210103988647
10.075559854507446
10.540613412857056
10.880605459213257
11.654712200164795
10.695992946624756
11.010727643966675
10.646207809448242
11.186350584030151
11.162365674972534
10.855015516281128
10.681192636489868
11.07752251625061
11.27273416519165
11.017706871032715
10.595773458480835
11.087820768356323
10.653963565826416
11.44761061668396
11.384390830993652
10.108041048049927
10.763675928115845
11.192080974578857
11.08391523361206
10.403722524642944
10.740002393722534
10.802618503570557
11.312423706054688
11.245256185531616
10.553157806396484
10.595964670181274
10.835092306137085
11.12264633178711
10.691409349441528
9.491441488265991
9.453329086303711
10.778363704681396
11.218109369277954
