Timing log for each step:
0.01701498031616211
5.769249439239502
5.381898880004883
5.667156457901001
5.7031896114349365
5.6411333084106445
5.4279398918151855
5.691179275512695
5.766248464584351
5.548048973083496
5.469979286193848
5.5530524253845215
5.663152694702148
5.547048091888428
5.469977855682373
5.608101844787598
5.5790770053863525
5.669158458709717
5.512016296386719
5.556055545806885
5.808285236358643
5.6040990352630615
5.6281208992004395
6.010469675064087
5.505009412765503
5.851325273513794
5.647138833999634
5.6471381187438965
5.758240222930908
5.40191650390625
5.825300693511963
5.669160604476929
5.611099004745483
5.744227409362793
5.5950915813446045
5.688176393508911
5.7111968994140625
5.807284355163574
5.729212522506714
5.702188014984131
5.571069240570068
5.623116970062256
5.592088937759399
5.763244390487671
5.57607364654541
5.406919956207275
5.54004168510437
5.774254322052002
5.555055618286133
5.681169748306274
5.74622917175293
5.575074195861816
5.61611008644104
5.80328106880188
5.702188014984131
5.831306457519531
5.697185516357422
5.6751649379730225
5.623117208480835
5.66715669631958
5.659149646759033
5.604100227355957
5.686174154281616
5.787266254425049
5.580077886581421
5.679167747497559
5.63612961769104
5.7482311725616455
5.694181680679321
5.582080602645874
5.681170701980591
5.740224123001099
5.759240627288818
5.8333070278167725
5.703189373016357
5.6010963916778564
5.813290119171143
5.889358758926392
5.89035964012146
5.525035381317139
5.826301336288452
5.428940057754517
5.873344421386719
5.580077171325684
5.672161102294922
5.516020059585571
5.701188087463379
5.762243986129761
5.9854466915130615
5.745228052139282
5.626118183135986
5.651142120361328
5.853327035903931
5.6901772022247314
6.148595333099365
5.892362594604492
5.9344000816345215
5.654144048690796
5.966428995132446
5.670160293579102
5.657147169113159
5.497002363204956
5.543043613433838
5.606100797653198
5.844317436218262
5.777257204055786
5.656145095825195
5.699187278747559
5.719205617904663
5.722207069396973
5.80928635597229
5.682171106338501
5.829306125640869
5.7212066650390625
5.660151243209839
5.686173439025879
5.646137237548828
5.630122900009155
5.77625584602356
5.6871747970581055
5.795273542404175
5.641133785247803
5.629121780395508
5.590087652206421
5.6211159229278564
5.664155006408691
5.602097511291504
5.6491405963897705
5.565064430236816
5.536037921905518
5.433945417404175
5.76424503326416
5.666155576705933
5.801278829574585
5.598094463348389
5.578075170516968
5.689177989959717
6.0655200481414795
5.667156934738159
5.531033039093018
5.7702507972717285
5.825301647186279
5.7382214069366455
5.636127710342407
5.700187921524048
5.493999004364014
5.609105110168457
5.631125211715698
5.6631529331207275
5.678167104721069
5.775256633758545
5.678166627883911
5.515019178390503
5.744227409362793
5.503008127212524
5.732216835021973
5.62511944770813
5.826298713684082
5.641133069992065
5.682170391082764
5.676156282424927
5.680169582366943
5.575073480606079
5.64313530921936
5.562061786651611
5.6301233768463135
5.756237268447876
5.586084604263306
5.578066349029541
5.752235174179077
5.673161029815674
5.644137144088745
5.591087818145752
5.6010963916778564
5.679167032241821
5.690179109573364
5.6431357860565186
5.555055856704712
5.695181846618652
5.4339439868927
5.769248962402344
5.3658833503723145
5.768249034881592
5.529031038284302
5.797274589538574
5.56406307220459
5.69818639755249
5.479987621307373
5.484990358352661
5.555054664611816
5.37589168548584
5.555055141448975
5.787264585494995
5.522024154663086
5.598095178604126
5.595091342926025
5.5650634765625
5.510012865066528
5.485992193222046
5.306828260421753
5.592361927032471
5.54904842376709
5.377893924713135
5.739222049713135
5.327848672866821
5.5440452098846436
5.431942701339722
5.436947584152222
5.555055618286133
5.474982738494873
5.408921480178833
5.463971138000488
5.4139275550842285
5.444956064224243
5.352870941162109
5.4950010776519775
5.390905857086182
5.218747615814209
5.548047304153442
5.427939414978027
6.041498184204102
5.498002290725708
5.461970090866089
5.465973138809204
5.459967851638794
5.483989953994751
5.618112564086914
5.425937652587891
5.520024061203003
5.4609692096710205
5.341861963272095
5.415926933288574
5.518022537231445
5.544043779373169
5.596092939376831
5.4960010051727295
5.418931007385254
5.681167364120483
5.445956230163574
5.680169343948364
5.389904260635376
5.411924839019775
5.42193341255188
5.465975284576416
5.593088626861572
5.407920837402344
5.46797513961792
5.426939964294434
5.4549643993377686
5.539041519165039
5.413925886154175
5.450960159301758
5.560059309005737
5.4209325313568115
5.516018867492676
5.466974973678589
5.498003959655762
5.33585524559021
5.472980260848999
5.511014938354492
5.464972972869873
5.533035755157471
5.3458662033081055
5.410923957824707
5.41492772102356
5.545045614242554
5.276801824569702
5.417929410934448
5.647138595581055
5.468977928161621
5.503008604049683
5.661152362823486
5.402916193008423
5.520022392272949
5.565062999725342
5.471979379653931
5.486993074417114
5.398912668228149
5.412925958633423
5.401915550231934
5.456964492797852
5.656146764755249
5.380895137786865
5.398913621902466
5.412926435470581
5.382899045944214
5.411923885345459
5.202735424041748
5.23976731300354
5.292816400527954
5.554053783416748
5.325846910476685
5.3398597240448
5.228758096694946
5.405919075012207
5.354872226715088
5.428939580917358
5.332850694656372
5.399913311004639
5.236765146255493
5.35787558555603
5.373890399932861
5.496000528335571
5.444955825805664
5.427940368652344
5.316836595535278
5.420932769775391
5.261788368225098
5.407921552658081
5.426937818527222
5.297820329666138
5.3138344287872314
5.403918504714966
5.355872869491577
5.396911144256592
5.442953586578369
5.387903690338135
5.371888637542725
5.199731111526489
5.329849481582642
5.43194317817688
5.314835786819458
5.399913311004639
5.4179298877716064
5.4679765701293945
5.248776912689209
5.482989549636841
5.268793106079102
5.259786128997803
5.154690265655518
5.256783485412598
5.418931245803833
5.311833620071411
5.3248450756073
5.41392707824707
5.435946226119995
5.430941343307495
5.381897211074829
5.2707953453063965
5.262788772583008
5.372889041900635
5.330850601196289
5.257785320281982
5.419931888580322
5.51301646232605
5.3318517208099365
5.390906810760498
5.277801990509033
5.39290714263916
5.200733423233032
5.36288046836853
5.264790296554565
5.190724611282349
5.42093300819397
5.369886636734009
5.204737663269043
5.232762575149536
5.23976731300354
5.302824974060059
5.216748476028442
5.439950227737427
5.336856842041016
5.347867250442505
5.4319422245025635
5.253781318664551
5.225756406784058
5.369886636734009
5.469977378845215
5.415928363800049
5.269795179367065
5.416928768157959
5.30883002281189
5.391907215118408
5.447957277297974
5.401916742324829
5.303826093673706
5.462970495223999
5.427940607070923
5.351869821548462
5.470978260040283
5.386901140213013
5.308830738067627
5.3298492431640625
5.4609692096710205
5.325845956802368
5.268795967102051
5.400914192199707
5.37589168548584
5.219749927520752
5.366884708404541
5.391906023025513
5.324846029281616
5.235764265060425
5.382898569107056
5.346866607666016
5.331851959228516
5.364882230758667
5.355873107910156
5.297821998596191
5.397912979125977
5.26779317855835
5.21574592590332
5.35787558555603
5.347866535186768
5.435946464538574
5.495000600814819
5.3078293800354
5.192725658416748
5.326848030090332
5.255782604217529
5.211744070053101
5.340859651565552
5.220752000808716
5.42693829536438
5.485992670059204
5.305827617645264
5.377893447875977
5.183717250823975
5.681169509887695
5.397912979125977
5.339859485626221
5.257785081863403
5.289813995361328
5.3528711795806885
5.309831142425537
5.327848434448242
5.385900497436523
5.30582857131958
5.337857007980347
5.380897760391235
5.2898149490356445
5.4319422245025635
5.328848361968994
5.2447731494903564
5.233763933181763
5.184719085693359
5.213745355606079
5.419931173324585
5.059603929519653
5.208739519119263
5.70218825340271
5.404829978942871
5.2428529262542725
