Timing log for each step:
0.022018909454345703
8.028813362121582
5.839633464813232
5.753559827804565
6.004640817642212
5.8123252391815186
5.703330755233765
5.440971374511719
5.4562695026397705
6.158841371536255
5.134291410446167
5.297593116760254
6.031219959259033
5.3753955364227295
5.5852532386779785
5.9083545207977295
5.304210901260376
5.287315845489502
4.684394121170044
5.2438483238220215
5.619207143783569
5.368558406829834
5.387492895126343
5.3127710819244385
5.4023277759552
5.337388753890991
5.259065628051758
5.25468373298645
5.329704284667969
5.320555925369263
5.414578914642334
5.267368793487549
5.449946641921997
5.370620012283325
5.380728006362915
5.334467887878418
5.446465253829956
5.494009494781494
5.45787501335144
5.44964861869812
5.429490089416504
5.4313812255859375
5.451075792312622
5.4982686042785645
5.447401285171509
5.399599552154541
5.508769750595093
5.460726261138916
5.39685845375061
5.4019153118133545
5.448666334152222
5.351725101470947
5.4004130363464355
5.4990808963775635
5.511343240737915
5.368535757064819
5.5001115798950195
5.442137002944946
5.500177383422852
5.557918548583984
5.544444561004639
5.510538578033447
5.459109306335449
5.558366060256958
5.433765649795532
5.5071306228637695
5.471587419509888
5.483585596084595
5.607227802276611
5.485085725784302
5.554328441619873
5.522440433502197
5.5441179275512695
5.539437770843506
5.376927614212036
5.507167100906372
5.56309700012207
5.568377494812012
5.485883474349976
5.410500764846802
5.5198352336883545
5.357944965362549
5.592459201812744
5.527472734451294
5.635082006454468
5.518526077270508
5.567489147186279
5.509324550628662
5.425776243209839
5.53463888168335
5.575160503387451
5.6870739459991455
5.552390098571777
