Timing log for each step:
0.011010408401489258
10.458901166915894
10.399413347244263
10.506699323654175
10.51353669166565
10.507686376571655
10.467602014541626
10.547557830810547
10.515471458435059
10.514824867248535
10.515867233276367
10.516767740249634
10.48921513557434
10.608550786972046
10.503848314285278
10.453707456588745
10.589832782745361
10.552760362625122
10.6235511302948
10.512691736221313
10.654291868209839
10.519915103912354
10.59640121459961
10.635474681854248
10.614781141281128
10.575030088424683
10.593044996261597
10.542959213256836
10.63863730430603
10.741445302963257
10.641280889511108
10.65454888343811
10.636375427246094
10.69504976272583
10.730250835418701
10.696686506271362
10.606456279754639
10.606588125228882
10.413795232772827
10.18499493598938
9.928206205368042
10.510656833648682
10.665295839309692
10.676764726638794
10.339375495910645
9.970362186431885
10.632115364074707
10.529129981994629
10.667425155639648
10.73217487335205
10.33249020576477
10.47089672088623
10.60285472869873
10.787132740020752
10.76352572441101
10.80457615852356
10.768627166748047
10.666191816329956
10.636895895004272
10.718063116073608
10.795593500137329
10.115192174911499
10.735862970352173
10.803781509399414
10.640530586242676
10.691026210784912
10.446244716644287
10.659910440444946
10.704668998718262
10.768085718154907
10.726266145706177
10.682144165039062
10.627314329147339
10.741005659103394
10.683071851730347
10.626913785934448
10.12759280204773
10.596178770065308
10.130880117416382
10.581180095672607
10.678271055221558
10.692044019699097
10.601945638656616
10.56988263130188
10.560757398605347
10.574811220169067
10.007799625396729
9.415184497833252
10.567530870437622
9.716046333312988
10.5604727268219
9.453874826431274
10.50412130355835
9.648197412490845
9.921424627304077
10.576282262802124
9.711349964141846
10.296584129333496
10.577466249465942
10.043381214141846
10.026499271392822
10.637386798858643
9.937113046646118
10.054299354553223
10.447619199752808
9.997205972671509
10.666717767715454
10.608962059020996
10.534762859344482
10.525861501693726
10.568355560302734
9.981438398361206
10.568244218826294
10.557209968566895
10.632041215896606
10.65263032913208
10.664750337600708
10.667896032333374
10.08871579170227
10.631909847259521
10.669176816940308
10.814716577529907
10.534197807312012
10.658889293670654
10.627572774887085
10.511797428131104
10.079674482345581
10.567429065704346
10.643324851989746
10.485250473022461
10.574330568313599
10.633700609207153
10.549261569976807
10.60563850402832
10.076552629470825
10.561569213867188
10.520090579986572
10.554216623306274
10.578568935394287
10.562179803848267
10.539870023727417
10.530264854431152
10.573716163635254
10.640456676483154
10.594973087310791
10.645888328552246
10.62232756614685
10.63472604751587
10.766542673110962
10.100192308425903
10.7713463306427
10.615615606307983
10.636726140975952
10.326583623886108
10.160017251968384
10.153210163116455
10.224674701690674
10.26797080039978
10.238972663879395
10.153386354446411
10.168002605438232
10.126810550689697
10.188780307769775
10.193812370300293
10.248788595199585
9.52920126914978
10.130900621414185
10.184489250183105
10.166281700134277
10.170224666595459
10.247185468673706
10.116014242172241
10.201419591903687
10.184098720550537
10.127745866775513
10.108109712600708
10.212613344192505
10.130926847457886
10.129295825958252
10.185341835021973
10.118625164031982
10.140966892242432
10.113009452819824
10.200438976287842
10.016014575958252
10.176414489746094
10.16370701789856
10.162694454193115
10.149564266204834
10.141108274459839
10.157886505126953
10.087839603424072
10.122049808502197
10.171680927276611
10.220767259597778
10.090423107147217
10.128477096557617
10.120322942733765
10.17681097984314
10.071499347686768
10.21452283859253
10.158675909042358
10.69756817817688
9.708037614822388
10.281996488571167
10.082996368408203
10.197494983673096
10.01917815208435
10.115892887115479
10.134526491165161
10.155091047286987
10.641526460647583
10.287134885787964
10.132165431976318
10.096944808959961
10.168422937393188
10.071909427642822
10.135640144348145
10.086013078689575
10.209796905517578
10.043829441070557
10.661603927612305
10.581088542938232
10.700284957885742
9.948521137237549
10.64941668510437
10.626050233840942
10.629829406738281
10.776079654693604
10.626171350479126
10.675374984741211
10.680525064468384
10.656278610229492
10.679240465164185
10.693569421768188
10.672866344451904
10.65182089805603
10.639070749282837
10.625312089920044
10.649553298950195
10.622279644012451
10.533825874328613
10.621587038040161
10.57703185081482
10.609287023544312
10.691124677658081
10.69498085975647
10.704440593719482
10.630948066711426
10.79632019996643
10.83437442779541
10.616795539855957
10.922839403152466
10.67077112197876
10.784960985183716
10.713187217712402
10.862129926681519
10.793135404586792
10.746217966079712
10.778072357177734
10.798442840576172
10.331671237945557
10.671559810638428
10.716007232666016
10.812427520751953
10.685083389282227
10.634833335876465
10.699379682540894
10.583542585372925
10.65026330947876
10.669496774673462
10.64367151260376
10.733734607696533
10.76473331451416
