Timing log for each step:
0.010009527206420898
1.7891581058502197
1.7456815242767334
1.8126916885375977
1.7687389850616455
1.7035503387451172
1.7942798137664795
1.94376802444458
1.7950966358184814
1.741584062576294
1.7839906215667725
1.771611213684082
1.7960004806518555
1.8526849746704102
1.709092617034912
1.8301784992218018
1.7985153198242188
1.8237814903259277
1.7666068077087402
1.7766895294189453
1.7545967102050781
1.8921599388122559
1.743586778640747
1.7755422592163086
1.7681796550750732
1.7979013919830322
1.7506616115570068
1.77561616897583
1.8471412658691406
1.817655086517334
1.7831130027770996
1.8777079582214355
1.8903453350067139
1.78062105178833
1.8145508766174316
1.7957823276519775
1.8056426048278809
1.793886661529541
1.7355799674987793
1.7852599620819092
1.7105562686920166
1.8247153759002686
1.7295751571655273
1.8447582721710205
1.8146510124206543
1.739959716796875
1.8522655963897705
1.8376710414886475
1.8002495765686035
1.870701789855957
1.8280887603759766
1.884714126586914
1.9561524391174316
1.8296642303466797
1.8219327926635742
1.8386738300323486
1.7704830169677734
1.750591516494751
1.9386341571807861
1.827662706375122
1.9372437000274658
1.8136498928070068
1.8347866535186768
1.870701551437378
1.7590606212615967
2.0138325691223145
1.846090316772461
1.7435863018035889
1.8136911392211914
1.8346693515777588
1.826209306716919
1.8456783294677734
1.690023422241211
2.02384090423584
1.8180828094482422
1.9107367992401123
1.8495676517486572
1.8877167701721191
1.8438355922698975
1.8126490116119385
1.7970349788665771
1.853686809539795
1.7751185894012451
1.7946326732635498
1.8732306957244873
1.7901670932769775
1.705552101135254
1.9470300674438477
1.7856237888336182
1.8241324424743652
1.7846226692199707
1.8693907260894775
1.7816214561462402
1.8820478916168213
1.7345798015594482
1.7938110828399658
1.8376712799072266
1.8390872478485107
1.8446779251098633
1.7547273635864258
1.7735378742218018
1.852226734161377
1.91121244430542
1.9002995491027832
1.7636041641235352
1.7778589725494385
2.0348517894744873
1.7612998485565186
1.8136498928070068
1.7419004440307617
1.8611743450164795
1.9553682804107666
1.881711721420288
1.942791223526001
1.9137420654296875
1.7524464130401611
1.8666985034942627
1.9647295475006104
1.9667892456054688
1.796123743057251
1.862694263458252
1.9246737957000732
1.8625316619873047
1.8042118549346924
1.8076460361480713
1.87115478515625
1.8266634941101074
1.7700092792510986
1.7155609130859375
1.8045904636383057
1.9047327041625977
1.9085397720336914
1.818655014038086
1.7898240089416504
1.8026401996612549
1.8749122619628906
1.7836225032806396
1.770979404449463
1.8442184925079346
1.854356050491333
2.0019078254699707
1.9047348499298096
1.79679274559021
1.7836239337921143
1.7519810199737549
1.7325773239135742
2.0117101669311523
1.8086457252502441
1.8797268867492676
1.7245690822601318
1.9363293647766113
1.9733080863952637
1.795865535736084
1.929572582244873
1.8687000274658203
1.8476154804229736
1.8536860942840576
1.9972572326660156
1.917745590209961
1.7719790935516357
1.8777086734771729
1.7109901905059814
1.8812179565429688
1.729583501815796
1.8547923564910889
1.8787102699279785
1.866147518157959
1.738581895828247
1.7747740745544434
1.8016386032104492
1.7685527801513672
1.8717012405395508
1.9973881244659424
1.800640344619751
1.8213696479797363
1.8516845703125
1.7355985641479492
1.9198555946350098
1.744530439376831
1.97879958152771
1.8409759998321533
1.7721199989318848
1.882612943649292
1.8566904067993164
1.8446786403656006
1.8781824111938477
1.7926311492919922
1.8790125846862793
1.779618740081787
1.8331103324890137
1.9077353477478027
1.8555114269256592
1.7906291484832764
1.748051643371582
1.804642677307129
1.9249601364135742
1.7135603427886963
1.8419699668884277
1.750594139099121
1.8411810398101807
1.8171796798706055
1.8899683952331543
1.8061788082122803
1.9011869430541992
1.75960111618042
1.874925136566162
1.8451919555664062
1.8326668739318848
1.8548851013183594
1.799638032913208
1.8771705627441406
1.7345783710479736
1.8011364936828613
1.813650369644165
1.7441086769104004
1.7786180973052979
1.9134175777435303
1.7796196937561035
1.7835333347320557
1.7505929470062256
1.7084956169128418
1.7666082382202148
1.7778501510620117
1.7956345081329346
1.8576908111572266
1.8509974479675293
1.770064353942871
1.8662049770355225
1.9470880031585693
1.7641172409057617
1.8266856670379639
1.7967875003814697
1.7465882301330566
1.8286199569702148
1.8897197246551514
1.7709896564483643
1.8186542987823486
1.768003225326538
1.8416755199432373
1.826202392578125
1.8242385387420654
1.7467782497406006
1.9032292366027832
1.7690966129302979
1.7551193237304688
1.8098585605621338
1.837235689163208
1.824847936630249
1.813650369644165
1.8136498928070068
1.8213748931884766
1.8366715908050537
1.8085479736328125
1.8997302055358887
1.8824858665466309
1.879711389541626
1.8541631698608398
1.854687213897705
1.8602092266082764
1.8350937366485596
1.956779956817627
1.8278131484985352
2.0138323307037354
1.7909152507781982
1.8376808166503906
1.8417603969573975
1.8486888408660889
1.7997372150421143
1.8436779975891113
1.7728700637817383
1.8737056255340576
1.867201328277588
1.7706105709075928
1.8987805843353271
1.7976362705230713
1.8116466999053955
1.8401730060577393
1.8777084350585938
1.843043565750122
1.821657419204712
1.8359646797180176
1.8351948261260986
1.7932095527648926
1.8772284984588623
1.7990186214447021
1.9653384685516357
1.8406736850738525
1.8207826614379883
1.8136498928070068
1.9521174430847168
1.8827128410339355
1.804720401763916
1.9297561645507812
1.7277297973632812
1.7646055221557617
1.805173635482788
1.7976348400115967
1.8159639835357666
1.8076436519622803
1.8081467151641846
1.8066437244415283
1.8053431510925293
1.782621145248413
1.8629636764526367
1.8206562995910645
1.7424445152282715
1.8757076263427734
1.7819297313690186
1.931267499923706
1.9056367874145508
1.8436768054962158
1.9336156845092773
1.6835312843322754
1.7621874809265137
1.8262250423431396
1.8848307132720947
1.8448092937469482
1.7971599102020264
1.783158540725708
1.8751747608184814
1.8508028984069824
1.95377779006958
1.9311943054199219
1.8206562995910645
1.8554744720458984
1.8907203674316406
1.8004205226898193
1.8206562995910645
1.826512098312378
1.8236589431762695
1.877596139907837
1.9187440872192383
1.852628231048584
1.8336682319641113
1.8050463199615479
1.8386714458465576
1.745044469833374
1.9067344665527344
1.887153148651123
1.7680118083953857
1.8895540237426758
1.851754903793335
1.8176546096801758
1.806119680404663
1.7285726070404053
1.8071033954620361
1.9928126335144043
1.8896782398223877
1.8787097930908203
1.950430154800415
1.8406744003295898
1.8746874332427979
1.7716119289398193
1.940640926361084
1.9727954864501953
1.9383776187896729
1.9427673816680908
2.0231873989105225
1.9988186359405518
1.9112718105316162
2.000819444656372
1.899686574935913
1.943265438079834
