Timing log for each step:
0.015014171600341797
5.114964962005615
5.0458083152771
5.2285850048065186
5.054236888885498
5.034606695175171
5.1068642139434814
5.067927598953247
5.087233304977417
5.094195365905762
5.126783609390259
5.043903589248657
5.087737798690796
5.112412214279175
5.009001731872559
5.162102937698364
5.110039234161377
5.110949277877808
5.0778326988220215
5.100266456604004
5.22606897354126
5.165477991104126
5.251986742019653
5.816139459609985
5.582878589630127
5.1851043701171875
5.246811628341675
5.140817880630493
5.134264707565308
5.045762300491333
5.139154434204102
5.102659463882446
5.196186065673828
5.082997798919678
5.209100723266602
5.130485534667969
5.072791576385498
5.053987741470337
5.129171371459961
5.130404472351074
5.026245355606079
5.10428261756897
5.163708209991455
5.1832287311553955
5.1311962604522705
5.207929372787476
5.218241453170776
5.133337497711182
5.198511600494385
5.071427583694458
5.112459659576416
5.00594425201416
5.163782596588135
5.18898868560791
5.202553749084473
5.209211349487305
5.1750547885894775
5.1729090213775635
5.195276737213135
5.286405563354492
5.306797981262207
5.258492708206177
5.261401891708374
5.1542723178863525
5.207605838775635
5.284363746643066
5.151137113571167
5.262871503829956
5.302065372467041
5.2291154861450195
5.207774639129639
5.226279973983765
5.23693323135376
5.2002272605896
5.234504699707031
5.423199653625488
5.139659643173218
5.26936674118042
5.2660605907440186
5.277354955673218
5.374249219894409
5.227159738540649
5.084635972976685
5.2394187450408936
5.202727317810059
5.31272292137146
5.376925945281982
5.2231926918029785
5.31057333946228
5.264801263809204
5.288737773895264
5.240253686904907
5.15120267868042
5.227583408355713
5.225289583206177
5.34890341758728
5.255279541015625
5.3902199268341064
5.265174150466919
5.1342222690582275
5.275762319564819
5.2202253341674805
5.272336483001709
5.344888925552368
5.252346515655518
5.228331804275513
5.3299243450164795
5.246470212936401
5.1560986042022705
5.225764513015747
5.20050311088562
5.380283832550049
5.235676050186157
5.164559602737427
5.256184816360474
5.231388807296753
5.291114568710327
5.3133862018585205
5.184531927108765
5.268436670303345
5.301258563995361
5.199692964553833
5.3395164012908936
5.352164030075073
5.330426216125488
5.213693618774414
5.25940728187561
5.182641983032227
5.30557656288147
5.1093363761901855
5.206143379211426
5.375891447067261
5.34337854385376
5.381223440170288
5.16953182220459
5.270436763763428
5.420375823974609
5.304398775100708
5.21849799156189
5.2613747119903564
5.316354274749756
5.32970666885376
5.300343036651611
5.171602010726929
5.278554677963257
5.337433576583862
5.33879828453064
5.295475482940674
5.302411317825317
5.275330305099487
5.213508129119873
5.170220851898193
5.222372531890869
5.30141282081604
5.397345066070557
5.342559576034546
5.24039101600647
5.243523836135864
5.293956756591797
5.319049835205078
5.187291860580444
5.324464797973633
5.282694339752197
5.333289384841919
5.381223201751709
5.248833894729614
5.275874376296997
5.238749265670776
5.344250917434692
5.350203275680542
5.314337730407715
5.220367908477783
5.181023120880127
5.130114555358887
5.571650981903076
5.193422555923462
5.089490175247192
5.173813343048096
5.296960830688477
5.361559629440308
5.277266025543213
5.250787019729614
5.294270753860474
5.2006518840789795
5.258514165878296
5.326840400695801
5.221216917037964
5.380435466766357
5.28351902961731
5.3834686279296875
5.2535011768341064
5.344369888305664
5.334650278091431
5.302165985107422
5.167208909988403
5.26066517829895
5.32019829750061
5.1640944480896
5.347040891647339
5.169520616531372
5.287982225418091
5.204345226287842
5.250275135040283
5.298096656799316
5.274886846542358
5.381178140640259
5.3664538860321045
5.194137096405029
5.181340217590332
5.406990051269531
5.238068342208862
5.303702116012573
5.3587868213653564
5.312095642089844
5.23704195022583
5.255202770233154
5.181235074996948
5.294227838516235
5.334106683731079
5.128676176071167
5.1749138832092285
5.26390814781189
5.2506983280181885
5.380324840545654
5.38043999671936
5.154202938079834
5.194913148880005
5.132296562194824
5.304458141326904
5.313924789428711
5.283687114715576
5.227224826812744
5.3648600578308105
5.315235376358032
5.246668100357056
5.310785531997681
5.1488893032073975
5.376330852508545
5.269480466842651
5.186467170715332
5.289122104644775
5.243647336959839
5.326355695724487
5.2253642082214355
5.287229061126709
5.2645814418792725
5.397862672805786
5.294203519821167
5.329746723175049
5.226046323776245
5.403386831283569
5.390082836151123
5.398355007171631
5.359917402267456
5.286535978317261
5.283410549163818
5.566845893859863
5.318173885345459
5.187814474105835
5.271214962005615
5.1462249755859375
5.277472496032715
5.260383605957031
5.200067520141602
5.2413952350616455
5.33537220954895
5.250359773635864
5.304515600204468
5.3830931186676025
5.396392583847046
5.252234697341919
5.285330295562744
5.2728447914123535
5.332667589187622
5.352048873901367
5.254752159118652
5.268961668014526
5.189463376998901
5.365002870559692
5.31153416633606
5.356394529342651
5.283844709396362
5.262761831283569
5.265289783477783
5.201184988021851
5.298938274383545
5.297794580459595
5.4136247634887695
5.304239511489868
5.168245792388916
5.3476243019104
5.2903406620025635
5.327214956283569
5.2883710861206055
5.176251411437988
5.218856334686279
5.325086832046509
5.314116954803467
5.28636360168457
5.254554986953735
5.298969507217407
5.299352407455444
5.3587727546691895
5.229830503463745
5.299604177474976
5.23253059387207
5.300157070159912
5.368530511856079
5.328537702560425
5.3105268478393555
5.19423770904541
5.442720174789429
5.242694616317749
5.312034606933594
5.2620227336883545
5.331578016281128
5.328555107116699
5.33241868019104
5.198217391967773
5.207260847091675
5.29309868812561
5.287625312805176
5.20343804359436
5.304457664489746
5.192873239517212
5.311103820800781
5.325689315795898
5.339740037918091
5.233487367630005
5.21188497543335
5.314099550247192
5.3194427490234375
5.335397005081177
5.2910380363464355
5.223382234573364
5.376636266708374
5.2112579345703125
5.362472057342529
5.201146841049194
5.2150444984436035
5.380908250808716
5.492256164550781
5.770814657211304
5.337475538253784
5.277105331420898
5.35638427734375
5.282245874404907
5.2218852043151855
5.234256982803345
5.286168098449707
5.219694137573242
5.34696102142334
5.35241436958313
5.39336895942688
5.174453258514404
5.211270809173584
5.333465576171875
5.207329511642456
5.309183120727539
5.273783445358276
5.185152530670166
5.249215126037598
5.297365188598633
5.2213454246521
5.386672496795654
5.376611232757568
5.355330944061279
5.289098739624023
5.41368556022644
5.146959066390991
5.411990642547607
5.338897705078125
5.334852457046509
5.278050899505615
5.284520626068115
5.249216556549072
5.3370680809021
5.240232467651367
5.392307996749878
5.3331873416900635
5.476116180419922
5.233994722366333
5.232293605804443
5.27845573425293
5.296572923660278
5.252227306365967
5.222746849060059
5.35130763053894
5.310826301574707
5.2108447551727295
5.382826089859009
5.354337930679321
5.284205675125122
5.289782762527466
5.259241104125977
5.232172012329102
5.246922492980957
5.322901487350464
5.424993276596069
5.357303857803345
5.2222840785980225
5.350515365600586
5.284990549087524
5.28931188583374
5.3073952198028564
5.327167510986328
5.340844392776489
5.318868160247803
5.691518545150757
5.298581123352051
5.3261754512786865
5.2454986572265625
5.275319814682007
5.189006805419922
5.293703317642212
5.355132102966309
5.327616214752197
5.249415636062622
5.3198535442352295
5.3621461391448975
5.2912514209747314
5.351792335510254
5.294451951980591
5.311378717422485
5.263779401779175
5.314704656600952
5.280933380126953
5.406882047653198
5.2041707038879395
5.189894199371338
5.2666590213775635
5.299178838729858
5.215019464492798
5.2522132396698
5.274576902389526
5.290818929672241
5.253331184387207
5.367537975311279
5.345671892166138
5.288010120391846
5.259217262268066
5.243234872817993
5.322271108627319
5.2358198165893555
5.295340538024902
5.295162200927734
5.253890752792358
5.3512609004974365
5.349613189697266
5.1364147663116455
5.267020225524902
5.300368309020996
5.2768189907073975
5.215924501419067
5.372582912445068
5.254298686981201
5.04959511756897
5.182755708694458
5.381089448928833
5.289345979690552
5.354264974594116
5.20102071762085
5.249195575714111
5.237302541732788
5.345437526702881
5.334044456481934
5.1174657344818115
5.098361492156982
5.4104979038238525
5.4053871631622314
5.18924355506897
5.3090620040893555
5.299921751022339
5.346563100814819
5.174578905105591
5.409058094024658
5.291638612747192
5.296826362609863
5.352548122406006
5.357483625411987
5.302340984344482
5.430353164672852
5.23653244972229
5.324058532714844
5.347672939300537
5.2604875564575195
5.302373170852661
5.344409465789795
5.385295391082764
5.3820483684539795
5.323572874069214
5.376925945281982
5.184748888015747
5.166313648223877
5.319411277770996
5.331916570663452
5.215149402618408
5.415395975112915
5.108970403671265
5.2870635986328125
5.270359039306641
5.127282619476318
5.304584264755249
5.05626916885376
5.109166145324707
5.252138376235962
5.28250789642334
5.427109479904175
5.23294734954834
5.293929576873779
5.27459192276001
5.325899600982666
5.272487163543701
5.342900514602661
5.199138402938843
5.250269889831543
5.338878631591797
5.242871284484863
5.401374816894531
5.328245401382446
5.393829822540283
5.2748939990997314
5.271806478500366
5.229469299316406
5.434133529663086
5.19543719291687
5.330399036407471
5.231884956359863
5.295111656188965
5.392670154571533
5.241323947906494
5.316399574279785
5.326083421707153
5.164728164672852
5.276959419250488
5.190489292144775
5.308347463607788
5.335193634033203
5.244570016860962
5.30365777015686
5.30271053314209
5.376493453979492
5.392059087753296
5.298910856246948
5.468423366546631
5.290802478790283
5.348401784896851
5.254302501678467
5.33702540397644
5.255635738372803
5.269017219543457
5.268340110778809
5.324210166931152
5.272636890411377
5.32424783706665
5.241327285766602
5.234644889831543
5.337632417678833
5.361269950866699
5.464338779449463
5.659642696380615
5.302667856216431
5.294891357421875
5.370938301086426
5.2710607051849365
5.177360773086548
5.295986652374268
5.2716333866119385
5.377178430557251
5.3134636878967285
5.242401123046875
5.3894569873809814
5.382979154586792
5.283978700637817
5.273083209991455
5.287450551986694
5.309368133544922
5.229053974151611
5.300262689590454
5.264539480209351
5.262877941131592
5.46738600730896
5.253607988357544
5.2737953662872314
5.345004081726074
5.261371850967407
5.334384202957153
5.2855753898620605
5.271739959716797
5.36523962020874
5.250787019729614
5.188862323760986
5.219208240509033
5.30177903175354
5.348681211471558
5.290424585342407
5.266263723373413
5.287538290023804
5.301376819610596
5.365525484085083
5.256541013717651
5.363405227661133
5.371207237243652
5.3594372272491455
5.34388542175293
5.32143235206604
5.283694505691528
5.3629677295684814
5.3322272300720215
5.23898720741272
5.280879735946655
5.166711330413818
5.269975900650024
5.384229898452759
5.330316066741943
5.335924386978149
5.263983726501465
5.285714387893677
5.1232945919036865
5.347573280334473
5.254547595977783
5.291484832763672
5.296427965164185
5.284497022628784
5.321936845779419
5.336295127868652
5.265514373779297
5.229524612426758
5.368743181228638
5.280409574508667
5.152681827545166
5.338226556777954
5.167073965072632
5.3017003536224365
5.371470212936401
5.3357508182525635
5.3624794483184814
5.278019189834595
5.2523980140686035
5.383000612258911
5.472458362579346
5.1320905685424805
5.27230429649353
5.2452943325042725
5.308863878250122
5.2100749015808105
5.265911102294922
5.30637264251709
5.43446946144104
5.424947023391724
5.143689870834351
5.072625398635864
5.427947521209717
5.1146626472473145
5.202744960784912
5.318847894668579
5.268805265426636
5.114662408828735
5.2407777309417725
5.164708375930786
5.15570068359375
5.175719738006592
5.414937257766724
5.194737434387207
5.345873832702637
5.133681058883667
5.296828508377075
5.306148052215576
5.205746650695801
5.119668960571289
5.227766036987305
5.4079296588897705
5.175718784332275
5.400922775268555
5.141687393188477
5.442961692810059
5.452971458435059
5.279813766479492
5.264800310134888
5.241778373718262
5.200740814208984
5.258794546127319
5.165709972381592
5.278813362121582
5.1967384815216064
5.377901554107666
5.252789735794067
5.177720785140991
5.273808002471924
5.147693157196045
5.046600818634033
5.212751626968384
5.172717332839966
5.1496946811676025
5.329859018325806
5.324854850769043
5.197738885879517
5.299832105636597
5.243234872817993
5.1446897983551025
5.600104331970215
5.234773397445679
5.1657092571258545
5.063617706298828
5.229766845703125
5.079849004745483
5.03058648109436
5.199739694595337
4.885455369949341
5.30984091758728
5.221759796142578
5.029583930969238
5.2067482471466064
5.2397780418396
5.338868618011475
5.150697231292725
5.240778923034668
5.19073224067688
5.238774061203003
5.276810884475708
5.405928373336792
5.273274183273315
5.38290810585022
5.137685060501099
5.610116004943848
5.424945831298828
5.110817909240723
5.258794784545898
5.285820484161377
5.251788139343262
5.125672817230225
5.2447829246521
5.145691394805908
5.257793664932251
5.2587950229644775
5.341870546340942
5.438957929611206
5.152698993682861
5.298832178115845
5.038593292236328
5.118667125701904
5.226765394210815
5.225764751434326
5.291825532913208
5.232770681381226
5.2928245067596436
5.078630685806274
5.411933898925781
5.169713258743286
5.228766918182373
5.2097508907318115
5.29282546043396
5.06862211227417
5.199739933013916
5.263799428939819
5.105654954910278
5.3528783321380615
4.99755597114563
5.2187581062316895
5.346875190734863
5.2427802085876465
5.160705089569092
5.0606138706207275
5.2347731590271
5.212853908538818
5.079630613327026
5.181724786758423
5.297830104827881
5.335864782333374
5.166711091995239
5.351358413696289
5.3128437995910645
5.211752891540527
5.272806882858276
5.033588647842407
5.166710376739502
5.278813123703003
5.178596019744873
5.340869426727295
5.262462854385376
5.422942399978638
5.2798144817352295
5.309840679168701
5.382907867431641
5.080631494522095
5.275810718536377
5.4219419956207275
5.1116602420806885
5.439958572387695
5.219759702682495
5.106655597686768
5.216392755508423
5.1086585521698
5.136683464050293
5.207748889923096
5.330858945846558
5.330859899520874
5.129677772521973
5.321851968765259
5.227767467498779
5.2327721118927
5.130677700042725
5.291825532913208
5.283817768096924
5.229767560958862
5.075628280639648
5.15470027923584
5.0744640827178955
5.438958644866943
5.295828104019165
5.198739290237427
5.224762439727783
5.301832914352417
5.203742980957031
5.27480936050415
5.287821054458618
5.039594650268555
5.32685661315918
5.075626850128174
5.332862615585327
5.174724817276001
5.226766586303711
5.169714689254761
5.1667094230651855
5.205746412277222
5.120669841766357
5.259796619415283
5.264801263809204
5.088639974594116
5.152698993682861
5.279812335968018
5.226766586303711
5.127676248550415
5.279621124267578
5.335575103759766
5.148694038391113
5.370896816253662
5.453973054885864
5.42194390296936
5.222761631011963
5.299829483032227
5.214754104614258
5.24177885055542
5.297831296920776
5.112662315368652
5.214754343032837
5.193735361099243
5.1897313594818115
5.301831483840942
5.357885360717773
5.373899698257446
5.335864305496216
5.352880239486694
5.282815933227539
4.953825235366821
5.170713663101196
5.367894172668457
5.403926610946655
5.2247633934021
5.190732955932617
5.227766036987305
5.317849159240723
5.333863735198975
5.260797500610352
5.086637258529663
5.309841632843018
5.488003253936768
5.244781970977783
5.194735765457153
5.264799356460571
5.469735622406006
5.2778120040893555
5.46398138999939
5.169713020324707
5.267803907394409
5.307840585708618
5.424946546554565
5.2067482471466064
5.233772277832031
5.401599168777466
5.71021580696106
5.189725160598755
4.988009929656982
5.294827938079834
5.149696111679077
5.5850913524627686
5.3428709506988525
5.139686822891235
5.192735195159912
5.318848609924316
5.619131326675415
5.200742483139038
5.390914678573608
5.348877429962158
5.022580146789551
5.2557923793792725
5.147692918777466
5.352880239486694
5.210752010345459
5.243780851364136
5.3658928871154785
5.002559185028076
5.2226176261901855
5.397922515869141
5.38791298866272
5.340078115463257
5.3718976974487305
5.240777969360352
5.580321311950684
5.468984365463257
5.2708046436309814
5.281815528869629
5.184728145599365
5.432953357696533
5.341870307922363
5.618131875991821
5.242779970169067
5.264800071716309
5.4629809856414795
5.5280396938323975
5.353882312774658
5.30483603477478
5.439960956573486
5.296828031539917
5.624128580093384
5.099650144577026
5.264800786972046
5.246784448623657
5.393919229507446
5.3859100341796875
5.213752508163452
5.245783567428589
5.231769800186157
5.271806716918945
5.123671054840088
5.376901865005493
5.115664958953857
5.25278902053833
5.274810552597046
5.3368659019470215
5.391915559768677
5.5720813274383545
5.161705255508423
5.348873138427734
5.346874952316284
5.446967363357544
5.5300421714782715
5.4789958000183105
5.13167929649353
5.293826580047607
5.4549736976623535
5.4910054206848145
5.087639570236206
5.308839321136475
5.17772102355957
5.34587287902832
5.133680820465088
5.367895126342773
5.403926134109497
5.217756748199463
5.134680986404419
5.439959526062012
5.289822578430176
5.400924205780029
5.6351377964019775
5.5680763721466064
5.55374813079834
5.448967933654785
5.090642213821411
5.142688512802124
5.410932540893555
5.6681671142578125
5.340869426727295
5.37790322303772
5.268805027008057
5.395919561386108
5.676184177398682
5.3540003299713135
5.242779970169067
5.357884883880615
5.422945022583008
5.490004301071167
5.3668928146362305
5.301833629608154
5.318849086761475
5.226764917373657
5.48600172996521
5.357884645462036
5.465984106063843
5.119668245315552
5.28181529045105
5.101651430130005
5.344872951507568
5.251788139343262
4.9995644092559814
5.191734552383423
5.508031129837036
5.406930685043335
5.398922443389893
5.235774278640747
5.219759941101074
5.313844442367554
5.2457826137542725
5.487002372741699
5.382459878921509
5.146691560745239
5.206746816635132
5.202744483947754
5.25879430770874
5.5591490268707275
5.1506969928741455
5.1917338371276855
5.46898627281189
5.337866306304932
5.175718307495117
5.2317705154418945
5.284818172454834
5.3849098682403564
5.395076274871826
5.465553283691406
5.3829076290130615
5.249786853790283
5.201742887496948
5.258793592453003
5.666135787963867
5.093644618988037
5.235773324966431
5.083634853363037
5.305837154388428
5.383909463882446
5.489004135131836
5.259793758392334
5.150695323944092
4.965527296066284
5.525036573410034
5.4289491176605225
5.214303970336914
5.282813549041748
5.253789663314819
5.513026237487793
5.604109048843384
5.077629327774048
5.125673532485962
5.309840679168701
5.351879358291626
5.552062511444092
5.419694185256958
5.24778413772583
5.092642307281494
5.300834655761719
5.160049200057983
5.17371678352356
5.3088414669036865
5.206747770309448
5.191734552383423
5.314846515655518
5.491007328033447
5.590096950531006
5.230768203735352
5.268803358078003
5.466983079910278
5.298830270767212
5.419942140579224
5.2247631549835205
5.144691467285156
5.141686677932739
5.429950952529907
5.504016160964966
5.227766990661621
5.194736480712891
5.375901222229004
5.520032644271851
5.606110095977783
5.377902507781982
5.012571334838867
5.275811195373535
5.2718071937561035
5.657157897949219
5.257794618606567
5.320852279663086
5.192734718322754
5.271806478500366
5.528039932250977
5.318849802017212
5.4529712200164795
5.222762584686279
5.0956456661224365
5.461979389190674
5.563072204589844
5.486001491546631
5.267802715301514
5.21875786781311
5.207058906555176
5.31584620475769
5.275807857513428
5.352880477905273
5.161706924438477
5.3448731899261475
5.545056581497192
5.14068603515625
5.267803907394409
4.980370283126831
5.457977771759033
5.633136034011841
5.281815052032471
5.243780136108398
4.919483423233032
5.319850444793701
5.625128746032715
5.262798070907593
5.2087485790252686
5.1066575050354
4.930495023727417
5.132680892944336
5.555063962936401
5.337866544723511
5.175718784332275
5.331859588623047
5.079631567001343
5.372899055480957
5.272125720977783
5.406294345855713
5.2457826137542725
5.38390851020813
5.126674652099609
5.3348634243011475
5.469987154006958
5.241520881652832
5.1246724128723145
5.21074914932251
5.385910511016846
5.501014947891235
5.358886241912842
5.234772443771362
5.1256725788116455
5.319851398468018
5.408931732177734
5.477994441986084
5.41593861579895
5.396919012069702
5.185727834701538
5.364890098571777
5.356884002685547
5.119668006896973
5.432953357696533
5.123671770095825
5.297829627990723
5.315846920013428
5.317849159240723
5.315847396850586
5.042597532272339
5.513025760650635
5.504015684127808
5.340870141983032
5.219759464263916
5.403927803039551
5.5080225467681885
5.140687465667725
5.389913320541382
5.165709733963013
5.274808168411255
5.30086874961853
5.3819074630737305
5.473989963531494
5.241778612136841
5.268803358078003
5.211751937866211
5.5910985469818115
5.012568950653076
5.199740171432495
5.30108904838562
5.321851968765259
5.332863807678223
5.31684684753418
5.381192445755005
5.208749532699585
5.18873143196106
5.158702611923218
5.023579835891724
5.232770681381226
5.322853088378906
5.48800253868103
5.690310716629028
5.158703565597534
5.303934335708618
5.258795499801636
5.366894245147705
5.694688081741333
5.280815839767456
5.322623252868652
4.942508220672607
5.314845323562622
5.587093830108643
5.427948474884033
5.237776041030884
5.141688823699951
5.120668649673462
5.536047458648682
5.622125864028931
5.4659833908081055
5.162703514099121
5.13768458366394
5.243781328201294
5.397921085357666
5.501014232635498
5.187730073928833
5.209750652313232
5.348876476287842
5.4699866771698
5.521033525466919
5.359886407852173
5.346874237060547
4.8365912437438965
5.275810241699219
5.415938138961792
5.358886480331421
5.318849325180054
5.12767481803894
5.392917156219482
5.033588409423828
5.653155565261841
5.537048101425171
5.407931804656982
5.080631732940674
5.189732789993286
5.4870030879974365
5.671170473098755
5.183727025985718
5.195737600326538
5.372413635253906
5.541052579879761
5.3799049854278564
5.5010151863098145
5.055609226226807
5.215898036956787
5.313844919204712
5.44696569442749
5.227386951446533
5.36789345741272
5.4549736976623535
5.2698047161102295
5.2237629890441895
5.2237632274627686
5.311843156814575
5.192734718322754
5.535046339035034
5.373899936676025
5.604109287261963
5.292825222015381
5.201742172241211
5.143688678741455
5.475993394851685
5.593099117279053
5.612116575241089
4.982542037963867
5.262798309326172
5.536047458648682
5.555063962936401
5.677176475524902
5.3738977909088135
5.117666482925415
5.090641498565674
5.479995965957642
5.2507874965667725
5.479996681213379
5.228766441345215
5.2027435302734375
5.490005254745483
5.721216201782227
5.148694753646851
5.43895697593689
5.296773195266724
5.225765943527222
5.433953285217285
5.341871500015259
5.291824817657471
5.2988317012786865
5.246784687042236
5.287820816040039
5.269805431365967
5.342872381210327
5.143689870834351
5.044600248336792
5.09064245223999
5.293827295303345
5.436957120895386
5.374900579452515
5.329859256744385
5.115663766860962
5.188730955123901
5.056610584259033
5.453972578048706
5.295828342437744
5.317849397659302
5.19874119758606
5.179722309112549
5.36689305305481
5.413935661315918
5.4519712924957275
5.505680561065674
5.547057151794434
5.531628608703613
5.308839797973633
5.4980127811431885
5.380905628204346
5.277811527252197
5.408931255340576
5.486001014709473
5.218757629394531
5.340869426727295
5.252789258956909
5.578605651855469
5.40993332862854
5.350878715515137
5.1697142124176025
5.278812885284424
5.431949138641357
5.670170068740845
5.304835557937622
5.307839870452881
5.187470436096191
5.415937185287476
5.522819757461548
5.392916917800903
5.1597044467926025
5.287820816040039
5.25979471206665
5.627131938934326
5.294828653335571
5.572080612182617
5.356884717941284
5.32785701751709
5.444963455200195
5.492007255554199
5.380905866622925
5.238776206970215
5.522033929824829
5.5010154247283936
5.5020153522491455
5.433597564697266
5.360888242721558
5.430950164794922
5.587094783782959
5.6011061668396
5.325855255126953
5.213752746582031
5.25579047203064
5.544054746627808
5.584089517593384
5.684183835983276
5.272806644439697
5.399920701980591
5.284818172454834
5.366892099380493
5.508058071136475
5.433953523635864
5.228766441345215
5.2207605838775635
5.387913227081299
5.59740138053894
5.5540618896484375
5.306837797164917
5.333864212036133
5.261796474456787
5.450968980789185
5.569077730178833
5.475993871688843
5.2878217697143555
5.381906986236572
5.39792275428772
5.645147085189819
5.275811195373535
5.452971696853638
5.364892244338989
5.3128437995910645
5.2968292236328125
5.451969385147095
5.359886169433594
5.6591596603393555
5.338868141174316
5.207748174667358
5.24177885055542
5.398922443389893
5.459977149963379
5.578084707260132
5.504019498825073
5.360886573791504
5.285818576812744
5.564074277877808
5.300832271575928
5.423944473266602
5.379903793334961
5.5330445766448975
5.39291787147522
5.054608106613159
5.458976984024048
5.318849086761475
5.480996608734131
5.384909152984619
5.587094306945801
5.391916036605835
5.210751533508301
5.415937900543213
5.90638542175293
5.598103046417236
5.293827533721924
5.378903150558472
5.4319539070129395
5.175723075866699
5.382908582687378
5.451970815658569
5.559067964553833
5.391916275024414
5.412365198135376
5.28682017326355
5.2637999057769775
5.3278584480285645
5.613117694854736
5.4779932498931885
5.324854373931885
5.348876476287842
5.417940855026245
5.492006540298462
5.514026880264282
5.577084541320801
5.16671085357666
5.4039270877838135
5.494009494781494
5.203744888305664
5.312844276428223
5.468985319137573
5.382906913757324
5.4629809856414795
5.487002611160278
5.3128440380096436
5.155700922012329
5.648150444030762
5.70620322227478
5.507020473480225
5.317847728729248
5.184727191925049
5.520032167434692
5.469985485076904
5.664165258407593
5.182725429534912
5.440962314605713
5.209749937057495
5.534046173095703
5.71921443939209
5.6001060009002686
5.513025760650635
5.439959526062012
5.436958074569702
5.465984106063843
5.615118503570557
5.473991394042969
5.4589762687683105
5.278813600540161
5.359886407852173
5.4659833908081055
5.528041124343872
5.583089828491211
5.3528807163238525
5.311842679977417
5.246783971786499
5.472991466522217
5.638248443603516
5.629741668701172
5.25979471206665
5.330858945846558
5.392917156219482
5.649150133132935
5.511024713516235
5.540050745010376
5.303834676742554
5.285818338394165
5.370896577835083
5.601108074188232
5.515027761459351
5.585091590881348
5.1867289543151855
5.317848205566406
5.252788782119751
5.653154373168945
5.472506761550903
5.67417311668396
5.342870473861694
5.3989222049713135
5.212753057479858
5.396991491317749
5.361889123916626
5.302835702896118
5.2898242473602295
5.6891865730285645
5.588094711303711
5.382907867431641
5.291824102401733
5.250787019729614
5.632136106491089
5.566074848175049
5.336864948272705
5.312522649765015
5.298831939697266
5.61211633682251
5.556066036224365
5.452971935272217
5.3558831214904785
5.469987869262695
5.482999086380005
5.787275791168213
5.611115455627441
5.337867498397827
5.311305522918701
5.22176194190979
5.576084136962891
5.590097665786743
5.706202983856201
5.2627973556518555
5.388911962509155
5.243781805038452
5.468986749649048
5.4579761028289795
5.412935733795166
5.3558831214904785
5.206808567047119
5.398921966552734
5.5650739669799805
5.428950548171997
5.253791093826294
5.2998316287994385
5.262798309326172
5.528040647506714
5.716211795806885
5.518030643463135
5.374898195266724
5.219758987426758
5.292826175689697
5.607112407684326
5.62713098526001
5.481997966766357
5.3548829555511475
5.300832748413086
5.221760988235474
5.504017114639282
5.705201864242554
5.403926372528076
5.284818172454834
5.346874952316284
5.347875356674194
5.644147157669067
5.447968006134033
5.481997966766357
5.245782136917114
5.3108415603637695
5.294790506362915
5.608113765716553
5.545056104660034
5.544574022293091
5.248786449432373
5.308840036392212
5.385910511016846
5.66816782951355
5.674172401428223
5.457974910736084
5.288822412490845
5.3098413944244385
5.231770277023315
5.571078777313232
5.692190170288086
5.566075086593628
5.28982400894165
5.358885765075684
5.458976984024048
5.4299516677856445
5.367542505264282
5.163708209991455
5.47399115562439
5.713209629058838
5.391955375671387
5.591097831726074
5.309840679168701
5.343872308731079
5.477996110916138
5.506595611572266
5.4669835567474365
5.285819053649902
5.306838750839233
5.237776279449463
5.579110860824585
5.4970104694366455
5.168712615966797
5.510023832321167
5.296827793121338
5.3388671875
5.538623571395874
5.590096473693848
5.271806478500366
5.1888203620910645
5.31689715385437
5.630274057388306
5.6973371505737305
5.539188623428345
5.209880352020264
5.271674871444702
5.325989484786987
5.76139760017395
5.6282713413238525
5.426083564758301
5.225895881652832
5.3149778842926025
5.266935110092163
5.444100379943848
5.444099426269531
5.5201709270477295
5.260927200317383
5.360021591186523
5.507159471511841
5.386045217514038
5.571219205856323
5.187859535217285
5.468122720718384
5.348009824752808
5.2168872356414795
5.357018232345581
5.800434350967407
5.357017278671265
5.444098472595215
5.311976432800293
5.287954568862915
5.278945207595825
5.548196792602539
5.535185813903809
5.497148036956787
5.1918628215789795
5.329993009567261
5.252920627593994
5.662303686141968
5.361021995544434
5.50715970993042
5.25214958190918
5.318983554840088
5.577224254608154
5.404063940048218
5.477130651473999
5.331996440887451
5.460115194320679
5.48613977432251
5.264931917190552
5.618263006210327
5.327990293502808
5.4581139087677
5.471123695373535
5.325988531112671
5.216887712478638
5.4601149559021
5.69133186340332
5.426081418991089
5.458113193511963
5.392051935195923
5.242911338806152
5.276943683624268
5.615260362625122
5.511162519454956
5.455110788345337
5.334997653961182
5.223894357681274
5.612256765365601
5.729367017745972
5.530180215835571
5.313977003097534
5.263932704925537
5.429086208343506
5.90753436088562
5.534184694290161
5.385044813156128
5.418075084686279
5.391049861907959
5.351012706756592
5.268936395645142
5.753389596939087
5.422080755233765
5.473127365112305
5.334998846054077
5.3289923667907715
5.462116718292236
5.652294635772705
5.57522177696228
5.428085088729858
5.170843601226807
5.364024877548218
5.463118553161621
5.79744029045105
5.548197269439697
5.40506386756897
5.320984601974487
5.180853366851807
5.545194387435913
5.6332783699035645
5.367383718490601
5.307973623275757
5.4090681076049805
5.308974504470825
5.361021995544434
5.2849509716033936
5.303729295730591
5.401060104370117
5.420077085494995
5.5512003898620605
5.308974266052246
5.4931464195251465
5.801435232162476
5.653294563293457
5.515171766281128
5.486138343811035
5.310974597930908
5.378038167953491
5.409066915512085
5.592238903045654
5.663305759429932
5.372031927108765
5.385044574737549
5.330995082855225
5.231900930404663
5.271939039230347
5.413194894790649
5.345008850097656
5.414071798324585
5.365027904510498
5.42007851600647
5.338001251220703
5.423080921173096
5.836467504501343
5.403062343597412
5.426083326339722
5.383042573928833
5.248918294906616
5.5211708545684814
5.794428825378418
5.7864296436309814
5.489142179489136
5.201873302459717
5.350012302398682
5.201872825622559
5.7253639698028564
5.6923322677612305
5.621265888214111
5.533182621002197
5.398056745529175
5.357018232345581
5.291958332061768
5.569217681884766
5.381040811538696
5.895522594451904
5.417075157165527
5.367028713226318
5.364023923873901
5.384044885635376
5.2879533767700195
5.654296875
6.155766487121582
5.699339151382446
5.405063152313232
5.3770365715026855
5.478132486343384
5.338000059127808
5.388047456741333
5.853484392166138
5.489142417907715
5.4571123123168945
5.388047933578491
5.309947729110718
5.290920734405518
5.6142213344573975
5.495109558105469
5.485018014907837
5.23286771774292
5.581190347671509
5.4070281982421875
5.210845947265625
5.381955623626709
5.666270017623901
5.666269302368164
5.37199592590332
5.39301609992981
5.222857236862183
5.2889182567596436
5.184822082519531
5.552163600921631
5.57618522644043
5.620226144790649
5.354981422424316
5.241874694824219
5.311938762664795
6.062639474868774
5.663266897201538
5.289918661117554
5.337964296340942
5.3169450759887695
5.6172239780426025
5.517130374908447
5.371995449066162
5.363988876342773
5.293923616409302
5.6952972412109375
5.5361487865448
5.525136709213257
5.325951337814331
5.283914804458618
5.255888223648071
5.550161361694336
5.65526008605957
5.490105628967285
5.336961984634399
5.220854997634888
5.233855962753296
5.395017623901367
5.661264657974243
5.392014503479004
5.590198993682861
5.3569817543029785
5.23586893081665
5.112753629684448
5.5181334018707275
5.790385484695435
5.493781089782715
5.036684513092041
5.197833061218262
5.215851783752441
6.119699716567993
5.668529748916626
5.300928354263306
5.323951959609985
5.154794692993164
5.4180378913879395
5.344970464706421
5.2869179248809814
5.450068712234497
5.295925617218018
5.178816795349121
5.345973014831543
5.344970941543579
5.448066234588623
5.165382623672485
5.1527934074401855
5.300929069519043
5.5441553592681885
5.493109703063965
5.367779731750488
5.265897750854492
5.211846828460693
5.313941478729248
5.399021625518799
5.594202518463135
5.6239564418792725
5.240875244140625
5.285915851593018
5.53214430809021
5.514128684997559
5.447065830230713
5.463080644607544
5.289919853210449
5.213848829269409
5.2158520221710205
5.503108501434326
5.539151668548584
5.495110273361206
5.63323974609375
5.5671775341033936
5.527139663696289
5.270902156829834
5.468085527420044
5.451068639755249
5.430352687835693
5.3677978515625
5.315944194793701
5.423042297363281
5.427046537399292
5.668270826339722
5.487103462219238
5.29092001914978
5.242876052856445
5.4410600662231445
5.430049419403076
5.405027389526367
5.463080406188965
5.293924331665039
5.258890867233276
5.43905782699585
5.624232053756714
5.204839468002319
5.493108034133911
5.367992639541626
5.44406270980835
5.510124206542969
5.369994163513184
5.2308642864227295
5.358983039855957
5.238872051239014
5.373335838317871
5.2889204025268555
5.549160957336426
5.449067115783691
5.181819438934326
5.335961580276489
5.471088409423828
5.849439382553101
5.585193872451782
5.3940160274505615
5.259908676147461
5.117759943008423
5.454071044921875
5.46708345413208
5.410030364990234
5.263939380645752
5.324753522872925
5.127769470214844
5.46608304977417
5.277908086776733
5.682432651519775
5.363987684249878
5.249882698059082
5.331958770751953
5.23586893081665
5.521131753921509
5.359986066818237
5.156456232070923
5.152791500091553
5.274906635284424
5.43808650970459
5.328435659408569
5.378001928329468
5.513497829437256
5.074721097946167
5.219855070114136
5.5141282081604
5.588197469711304
5.188823223114014
5.582190275192261
5.209711313247681
5.2358691692352295
5.342968940734863
5.332959175109863
5.669272422790527
5.234388113021851
5.214118957519531
5.091709852218628
5.318919897079468
5.501089572906494
5.249180555343628
5.422322750091553
5.741311073303223
5.331932544708252
5.384981632232666
5.286891222000122
5.317920207977295
5.196940183639526
4.963590145111084
5.3845860958099365
5.142759561538696
5.069691181182861
5.328929901123047
5.4830732345581055
5.29790186882019
5.699927806854248
5.468555688858032
5.369659185409546
5.296900510787964
5.2878923416137695
5.237867116928101
5.440033197402954
5.372972249984741
5.5271148681640625
5.44403600692749
5.232620477676392
5.18880033493042
5.33793830871582
5.407001733779907
5.505093574523926
5.303908348083496
5.222831964492798
5.485074043273926
5.3560450077056885
5.108726978302002
5.285890579223633
5.257864236831665
5.484076738357544
4.940571308135986
5.35795783996582
5.3703718185424805
5.277511119842529
5.41701078414917
5.213822841644287
5.238847255706787
5.406000852584839
5.450042247772217
5.318920850753784
5.521840810775757
5.369966745376587
5.576396942138672
5.20629358291626
5.370969533920288
5.265871286392212
5.599075794219971
5.304539680480957
5.303170442581177
5.219829082489014
5.1667799949646
5.491079568862915
5.413008213043213
5.378976345062256
5.129746675491333
5.436029434204102
5.478068590164185
5.453197002410889
4.9300501346588135
5.135751247406006
5.567160367965698
5.315597772598267
5.312915325164795
5.306910276412964
5.310243368148804
5.341924667358398
5.113731622695923
5.048671245574951
5.373972415924072
5.29790186882019
5.337939023971558
5.368966579437256
5.57215428352356
5.585166931152344
5.500089645385742
5.1938042640686035
4.682332515716553
5.42001485824585
5.316919565200806
5.304908514022827
5.180792570114136
5.076323986053467
4.877513647079468
5.1717846393585205
5.280885696411133
5.3139166831970215
5.496084928512573
5.441736459732056
5.631210088729858
5.380978584289551
5.399732351303101
5.226836204528809
5.3279290199279785
5.2678749561309814
5.115732908248901
5.140756368637085
4.944177865982056
5.242852210998535
5.2248334884643555
5.302906036376953
4.866502285003662
5.1978089809417725
5.152478933334351
5.073835134506226
4.793434381484985
5.378976583480835
5.172785758972168
4.845452785491943
5.130746364593506
5.352501392364502
5.469059944152832
5.22883677482605
5.05467677116394
5.201812505722046
5.3219239711761475
5.356954097747803
5.2478554248809814
4.8710057735443115
4.993619203567505
5.389987230300903
5.199811220169067
5.276882886886597
5.11673378944397
5.735305309295654
5.368967294692993
5.235843658447266
5.198809385299683
5.318922281265259
5.459048509597778
5.478068113327026
5.650226831436157
5.430023193359375
5.295900344848633
5.745315313339233
5.440033674240112
5.478066444396973
5.455046892166138
5.291895866394043
5.5030906200408936
5.467057228088379
5.472062110900879
5.25486159324646
5.428023099899292
4.860496997833252
5.409003734588623
5.393989562988281
5.466056823730469
5.2588653564453125
5.419014930725098
5.358957767486572
5.470061540603638
5.516103029251099
5.225836277008057
5.200813055038452
5.390987873077393
5.279884576797485
5.349948883056641
5.327929735183716
5.352953910827637
5.29790186882019
5.32892918586731
5.557137727737427
5.324207305908203
5.394972562789917
5.38096022605896
5.70926308631897
5.581144332885742
5.604165554046631
5.555119752883911
5.427001476287842
5.406984806060791
5.405980825424194
5.36794638633728
5.323550462722778
5.211804151535034
5.356937646865845
5.377957105636597
5.333917140960693
5.399977207183838
5.311896324157715
5.68123722076416
5.548113107681274
5.328953742980957
5.169763803482056
5.388967990875244
5.649206638336182
5.530096769332886
5.272859811782837
5.3848793506622314
5.404982566833496
5.418996334075928
5.289875030517578
5.443016052246094
5.437010765075684
5.509078741073608
5.371951103210449
5.287874698638916
5.314666748046875
5.753303050994873
5.4680399894714355
5.333914756774902
5.436010360717773
5.460032939910889
5.4280030727386475
5.228819847106934
5.278865098953247
5.606177091598511
5.559124231338501
5.551117420196533
5.379957675933838
