Timing log for each step:
0.014012336730957031
5.373014211654663
5.271866798400879
5.058632135391235
5.160817623138428
5.2148213386535645
5.241172552108765
5.352081298828125
5.220880508422852
5.154366970062256
5.1539061069488525
5.225262403488159
5.23322057723999
5.236315727233887
5.119951963424683
5.127045631408691
5.2662763595581055
5.162355661392212
5.200329065322876
5.176215410232544
5.161827564239502
5.180612087249756
5.244166851043701
5.180906772613525
5.091564893722534
5.164827585220337
5.182795763015747
5.265944004058838
5.223855972290039
5.198748350143433
5.164819002151489
5.2303783893585205
5.260549783706665
5.186911344528198
5.242059707641602
5.26630711555481
5.1786558628082275
5.194679260253906
5.255062103271484
5.265108346939087
5.180981874465942
5.296228408813477
5.1772425174713135
5.304104804992676
5.2471044063568115
5.326796770095825
5.298571586608887
5.252097129821777
5.222135782241821
5.2968833446502686
5.249428749084473
5.1852357387542725
5.1662468910217285
5.327472925186157
5.2328431606292725
5.22831392288208
5.318485498428345
5.26313042640686
5.172801971435547
5.251698970794678
5.244383335113525
5.362467527389526
5.210840463638306
5.210394620895386
5.251469373703003
5.41508674621582
5.2663514614105225
5.242686986923218
5.194594144821167
5.258801460266113
5.340219736099243
5.255393981933594
5.275273561477661
5.178750276565552
5.285952568054199
5.237507581710815
5.332160472869873
5.253783941268921
5.248398065567017
5.242363929748535
5.353695392608643
5.244889974594116
5.18946099281311
5.178924798965454
5.258929491043091
5.203268766403198
5.235680103302002
5.297382116317749
5.2058186531066895
5.291363000869751
5.203298807144165
5.2748613357543945
5.247292757034302
5.206906318664551
5.2863609790802
5.192237854003906
5.312260866165161
5.18449068069458
5.250443458557129
5.2568359375
5.271684169769287
5.2492828369140625
5.22832179069519
5.284143686294556
5.217702865600586
5.345309495925903
5.220802545547485
5.2463014125823975
5.298519849777222
5.294266700744629
5.290938138961792
5.280932664871216
5.276163816452026
5.302852153778076
5.20388126373291
5.30131196975708
5.322412967681885
5.302255392074585
5.2513487339019775
5.308056831359863
5.283107280731201
5.306933403015137
5.295063257217407
5.289824962615967
5.315215349197388
5.32425594329834
5.2800538539886475
5.246047019958496
5.346385955810547
5.233153820037842
5.199879169464111
5.352301359176636
5.217782974243164
5.273413181304932
5.425528049468994
5.171926975250244
5.168917179107666
5.324814319610596
5.27589750289917
5.21485710144043
5.216934680938721
5.253785133361816
5.39316201210022
5.382081031799316
5.267420053482056
5.266790151596069
5.317214488983154
5.2779340744018555
5.212402820587158
5.247096300125122
5.242142677307129
5.249878168106079
5.173872947692871
5.298322916030884
5.239168882369995
5.239238500595093
5.244845628738403
5.291151523590088
5.254282712936401
5.255847692489624
5.252890110015869
5.2448890209198
5.2453696727752686
5.193033933639526
5.336051940917969
5.153964042663574
5.302631378173828
5.321974039077759
5.308367729187012
5.445164442062378
5.335343837738037
5.264808893203735
5.214939594268799
5.32176947593689
5.323058843612671
5.239102602005005
5.2664875984191895
5.206716775894165
5.220586061477661
5.2349772453308105
5.293287038803101
5.246708393096924
5.5866687297821045
5.3837080001831055
5.293962717056274
5.240838289260864
5.2788920402526855
5.31136155128479
5.303905963897705
5.238246440887451
5.21592378616333
5.28589653968811
5.210781812667847
5.300025463104248
5.259498834609985
5.266951560974121
5.250094652175903
5.192431449890137
5.261950492858887
5.269394159317017
5.266598701477051
5.319762706756592
5.256192445755005
5.3343963623046875
5.20105504989624
5.262579917907715
5.275744438171387
5.250264883041382
5.312859535217285
5.296664237976074
5.275390148162842
5.189867973327637
5.213364362716675
5.348329544067383
5.217879772186279
5.343495607376099
5.2563464641571045
5.261219024658203
5.278899669647217
5.314507722854614
5.334951162338257
5.2012038230896
5.211986541748047
5.269225597381592
5.219909429550171
5.48151969909668
5.302059173583984
5.193058013916016
5.156195640563965
5.270265817642212
5.298188209533691
5.156574487686157
5.2483134269714355
5.2531774044036865
5.355013132095337
5.2351531982421875
5.252863645553589
5.26209568977356
5.268982887268066
5.227827548980713
5.2568700313568115
5.374112606048584
5.3049633502960205
5.229501962661743
5.342965126037598
5.307762384414673
5.268245220184326
5.233812570571899
5.269835710525513
5.294833660125732
5.283022165298462
5.285023212432861
5.268188714981079
5.394172191619873
5.332082271575928
5.357423543930054
5.188310623168945
5.4165685176849365
5.3659443855285645
5.223607540130615
5.2535998821258545
5.287873983383179
5.300374746322632
5.256909132003784
5.219041585922241
5.311950445175171
5.368544340133667
5.269887685775757
5.348434209823608
5.290919542312622
5.326512813568115
5.315432071685791
5.299386024475098
5.259325981140137
5.27492094039917
5.2482686042785645
5.196594953536987
5.222886562347412
5.229862689971924
5.347236633300781
5.313236474990845
5.295870304107666
5.340273380279541
5.283104658126831
5.252326011657715
5.253333568572998
5.23328971862793
5.357017755508423
5.270256996154785
5.3486058712005615
5.20828652381897
5.27726674079895
5.292377471923828
5.21742844581604
5.375099182128906
5.287042856216431
5.579131841659546
5.353451728820801
5.200127363204956
5.313044548034668
5.212837219238281
5.252966403961182
5.282334566116333
5.337290287017822
5.3225085735321045
5.25511908531189
5.193373441696167
5.281922817230225
5.276311874389648
5.312224864959717
5.326008319854736
5.242868423461914
5.302397966384888
5.306312799453735
5.294512987136841
5.698093891143799
5.364458322525024
5.284868001937866
5.281929016113281
5.277663946151733
5.24068284034729
5.329226016998291
5.308523893356323
5.297983884811401
5.300879716873169
5.231862306594849
5.199988842010498
5.186967372894287
5.242457389831543
5.327378273010254
5.2659382820129395
5.436039924621582
5.301528692245483
5.454059839248657
5.2079856395721436
5.310597896575928
5.266353368759155
5.306320428848267
5.389719247817993
5.262045621871948
5.301913499832153
5.319597482681274
5.310319185256958
5.409176588058472
5.288928031921387
5.333938360214233
5.2934393882751465
5.268902063369751
5.298310995101929
5.343826532363892
5.363890647888184
5.34290885925293
5.313356399536133
5.369792938232422
5.206185579299927
5.286885499954224
5.378923416137695
5.279061317443848
5.377458333969116
5.260315895080566
5.213743209838867
5.301980495452881
5.252259731292725
5.295933961868286
5.31523060798645
5.188761472702026
5.13968563079834
5.356838226318359
5.8393731117248535
5.919450283050537
5.191252946853638
5.333607912063599
5.237916469573975
5.313988924026489
5.332233190536499
5.236618280410767
5.317001581192017
5.320112705230713
5.32185173034668
5.291929721832275
5.528749942779541
5.183881521224976
5.321645498275757
5.640773773193359
5.466162919998169
5.305025339126587
5.335024833679199
5.335470914840698
5.520121097564697
5.515622138977051
5.322815418243408
5.291184425354004
5.378001689910889
5.469247341156006
5.303739309310913
5.544391632080078
5.310026407241821
5.208897829055786
5.266836404800415
5.52243185043335
5.273406744003296
5.302988529205322
5.622831106185913
5.530665397644043
5.318610429763794
5.533203840255737
5.32207465171814
5.245280027389526
5.605324745178223
5.368468284606934
5.300193786621094
5.688269376754761
5.331955909729004
5.3204686641693115
5.609237194061279
5.1811957359313965
5.4013354778289795
5.650686740875244
5.336834192276001
5.227862358093262
5.40864634513855
5.599066495895386
5.259927988052368
5.51434063911438
5.205832481384277
5.256961822509766
5.233001470565796
5.6423585414886475
5.597217559814453
5.283061742782593
5.338109016418457
5.277022361755371
5.6755900382995605
5.570224046707153
5.259711980819702
5.2348291873931885
5.1866655349731445
5.662259817123413
5.50241756439209
5.4372718334198
5.2178497314453125
5.275139808654785
5.279623031616211
5.493453025817871
5.576267719268799
5.327425956726074
5.32446551322937
5.732686519622803
5.313153266906738
5.456058979034424
5.2701756954193115
5.298969268798828
5.6267290115356445
5.272871732711792
5.249673843383789
5.604863166809082
5.259204149246216
5.730309963226318
5.580290079116821
5.33511209487915
5.295016765594482
5.455224514007568
5.342131614685059
5.493644714355469
5.299331426620483
5.388372421264648
5.6654651165008545
5.523740291595459
5.272624969482422
5.3334386348724365
5.619023323059082
5.509929895401001
5.19299840927124
5.260258197784424
5.3593363761901855
5.81358003616333
5.458932876586914
5.370005130767822
5.226824760437012
5.34606671333313
5.32806134223938
5.688287973403931
5.511356592178345
5.340875625610352
5.326428174972534
5.696603775024414
5.539388179779053
5.3792853355407715
5.277340650558472
5.71670126914978
5.556312084197998
5.351422548294067
5.526357889175415
5.380311965942383
5.440051317214966
5.674657106399536
5.251411199569702
5.268787145614624
5.424391746520996
5.457073926925659
5.364659070968628
5.1607441902160645
5.232359170913696
5.562778949737549
5.453284740447998
5.303910732269287
5.366131544113159
5.487777233123779
5.469048976898193
5.3369622230529785
5.57124662399292
5.8766844272613525
5.3973400592803955
5.495218276977539
5.327386140823364
5.321906805038452
5.528178453445435
5.540157318115234
5.192873001098633
5.342546701431274
5.689631462097168
5.479050874710083
5.300206422805786
5.363070487976074
5.35835862159729
5.695424556732178
5.261154890060425
5.477108001708984
5.341019868850708
5.525580883026123
5.549135684967041
5.2738356590271
5.310024261474609
5.572529077529907
5.407951831817627
5.372718811035156
5.377391815185547
5.486212730407715
5.472106218338013
5.33896017074585
5.3435750007629395
5.683351278305054
5.615176439285278
5.255784511566162
5.187866687774658
5.719339847564697
5.498559236526489
5.523426294326782
5.486726522445679
5.46877121925354
5.317426443099976
5.394856214523315
5.425231218338013
5.55991005897522
5.41015887260437
5.406130075454712
5.552575349807739
5.423048973083496
5.392051458358765
5.393348217010498
5.245904445648193
5.508584976196289
5.627360105514526
5.318176507949829
5.624635934829712
5.582290172576904
5.497994661331177
5.3358471393585205
5.2909018993377686
5.288719892501831
5.816516876220703
5.52284049987793
5.626469135284424
5.253276586532593
5.187084674835205
5.631042957305908
5.6263587474823
5.362513065338135
5.392505168914795
5.7700583934783936
5.543447494506836
5.5696492195129395
5.407465934753418
5.475036382675171
5.291086912155151
5.742951154708862
5.503490924835205
5.318192005157471
5.464947700500488
5.437364816665649
5.388121604919434
5.746784210205078
5.6026153564453125
5.27881383895874
5.000560283660889
5.642145156860352
5.35888671875
5.386912107467651
5.149693965911865
5.0305869579315186
5.528039932250977
5.42294454574585
5.348876953125
5.216756343841553
5.271805047988892
5.222761869430542
5.055609464645386
5.236774444580078
5.1977386474609375
5.2928266525268555
5.242781162261963
5.307840347290039
5.07963228225708
5.236774444580078
5.204745531082153
5.422942876815796
5.069621801376343
5.2838170528411865
5.073626279830933
5.2527875900268555
5.429950714111328
5.304837942123413
5.051606893539429
5.638139247894287
5.214755296707153
5.067620515823364
5.0916430950164795
5.472989559173584
5.328858137130737
5.321853160858154
5.0596137046813965
5.217756748199463
5.258794784545898
5.027584791183472
5.716211557388306
5.427949905395508
5.4229443073272705
5.313846111297607
5.252788782119751
5.223763942718506
5.078631162643433
5.404927015304565
5.615119457244873
5.455973863601685
4.901468515396118
5.246784687042236
5.429950714111328
5.502017021179199
5.446965932846069
5.366893291473389
5.141688823699951
5.315847873687744
5.243781089782715
5.209749937057495
5.326855421066284
5.7222185134887695
5.300832986831665
5.207748174667358
5.342871189117432
5.4699859619140625
5.446967124938965
5.2227606773376465
5.168712854385376
5.1657092571258545
5.642143487930298
5.292826175689697
5.400924444198608
5.1937360763549805
5.19874119758606
5.3889124393463135
5.2768120765686035
5.009568214416504
5.3879125118255615
5.48700213432312
4.934499263763428
5.006564617156982
5.414936780929565
5.261796474456787
5.593099355697632
5.524036884307861
5.042597055435181
5.590096473693848
5.625128269195557
5.308840751647949
5.211751699447632
5.294827699661255
5.638139963150024
5.420942544937134
5.213753700256348
5.213754177093506
5.4369566440582275
5.107656717300415
5.593099594116211
5.353881359100342
5.442962169647217
5.442962408065796
5.662172317504883
5.183725357055664
5.130677938461304
5.561070203781128
5.316848039627075
5.068620920181274
5.314846515655518
5.425947427749634
5.3168487548828125
5.192734241485596
5.441961765289307
5.379904747009277
5.523036003112793
5.202743768692017
5.332861661911011
5.4749915599823
5.498013257980347
5.270806312561035
5.032588720321655
5.063616037368774
5.545055627822876
5.379904508590698
5.346873998641968
5.385910511016846
5.192734479904175
5.318848609924316
5.339867830276489
5.550060272216797
5.354883670806885
5.269805669784546
5.267803430557251
5.2277672290802
5.218757152557373
5.354882001876831
5.282817125320435
5.567076206207275
5.08563756942749
5.777266979217529
5.437958240509033
5.134680986404419
5.495009899139404
5.471988916397095
5.43495512008667
5.096645832061768
5.6271302700042725
5.235773086547852
5.536047458648682
5.454973459243774
5.264800071716309
5.231770038604736
6.210663080215454
5.43996000289917
5.570078611373901
5.550059080123901
5.192735433578491
5.720215320587158
5.471989154815674
5.329860210418701
5.193735361099243
5.20074200630188
5.139686584472656
5.263800144195557
5.245782852172852
5.184728384017944
5.7562477588653564
5.451971530914307
5.245783567428589
5.145691871643066
5.078630447387695
5.23577356338501
5.359886407852173
5.239777326583862
5.554062843322754
5.424947023391724
5.246783494949341
5.163707256317139
5.407931566238403
5.360887050628662
5.23176908493042
5.127675533294678
5.258793830871582
5.385911703109741
5.118667125701904
5.506019830703735
5.751243829727173
5.173717021942139
4.947511911392212
5.410933494567871
5.43095064163208
5.602107286453247
5.109658718109131
5.295828580856323
4.970531225204468
5.27280592918396
5.244783163070679
5.626129150390625
5.392916679382324
5.126673936843872
5.110659837722778
5.571079969406128
5.787285804748535
5.197739362716675
5.162707090377808
5.1897313594818115
5.079632043838501
5.43996000289917
5.208750009536743
5.1156651973724365
5.10965895652771
5.321852684020996
5.29682993888855
5.302834987640381
4.95051383972168
5.551061391830444
5.240777969360352
5.145691394805908
5.151697397232056
5.649150609970093
5.683181285858154
5.091641426086426
5.369896650314331
5.372898101806641
5.199741840362549
5.138686418533325
5.111661672592163
5.2107508182525635
5.037592887878418
5.345873117446899
5.062616586685181
5.54805850982666
5.073626756668091
5.164708614349365
5.2327721118927
5.203744173049927
4.9795427322387695
5.2557923793792725
5.3148438930511475
5.644145727157593
5.216756820678711
5.313844442367554
5.373899698257446
5.32886004447937
5.343871831893921
5.141687631607056
5.341870546340942
5.302835941314697
5.2257654666900635
5.151696681976318
5.293826341629028
5.221760511398315
5.327857494354248
5.3739001750946045
5.163707971572876
5.458977937698364
5.51002311706543
5.266801834106445
5.04960298538208
5.048603057861328
5.167712450027466
5.096648216247559
5.07662558555603
5.026583909988403
5.217757225036621
5.113663196563721
5.2317705154418945
5.163708925247192
5.096646308898926
5.3178486824035645
5.220759868621826
5.133681774139404
5.192734956741333
5.4299516677856445
5.340869188308716
5.317848205566406
5.151696681976318
5.233771562576294
5.179722547531128
5.152697563171387
5.267801761627197
5.28782057762146
5.2287681102752686
5.2247633934021
5.168712615966797
5.198739051818848
5.053607940673828
5.190732955932617
5.048603296279907
5.1967387199401855
5.191733121871948
5.304837226867676
5.238776445388794
5.321852445602417
5.128676176071167
5.112661123275757
5.147692680358887
5.194735765457153
5.122671127319336
5.1256725788116455
5.280814170837402
5.413935661315918
5.014572620391846
5.4789958000183105
5.182725667953491
4.9685304164886475
5.226764917373657
5.365891933441162
5.308840274810791
5.3078391551971436
5.446965932846069
5.292825698852539
5.235774278640747
5.160706281661987
5.286819696426392
5.19273567199707
5.057612657546997
5.1006505489349365
5.049604892730713
5.286820411682129
5.236774921417236
5.236774444580078
5.282816410064697
5.248785018920898
5.13768458366394
5.333863258361816
5.266801595687866
5.4109344482421875
5.651152610778809
5.323853254318237
4.9805402755737305
5.030587434768677
5.151696443557739
5.1867289543151855
5.252790212631226
5.346875190734863
5.228766918182373
5.331860542297363
5.319849967956543
5.1506969928741455
5.204745292663574
5.173717260360718
5.110661029815674
5.059613943099976
5.288822650909424
5.40592885017395
5.541051387786865
5.237775802612305
5.0896406173706055
4.913479566574097
5.193734407424927
5.264800071716309
5.122670412063599
5.052607536315918
5.219759225845337
5.1567018032073975
5.182725191116333
5.133681774139404
5.2868218421936035
5.240777969360352
5.1997411251068115
5.2247631549835205
5.262799024581909
5.445964813232422
5.411932945251465
5.252790451049805
5.0526063442230225
5.1356823444366455
5.2347731590271
5.120668649673462
5.050605297088623
5.301833629608154
5.165709733963013
5.208750009536743
5.180724620819092
5.049604415893555
5.278812885284424
5.123671770095825
5.122671127319336
5.133680582046509
5.390916109085083
5.571079730987549
5.196738243103027
5.185728073120117
5.263798713684082
5.152697801589966
5.068620920181274
5.182724714279175
5.2267656326293945
5.0816330909729
5.132680654525757
5.048603057861328
5.029585599899292
5.158703804016113
5.324855089187622
5.261797189712524
5.120667934417725
4.949512958526611
5.508021354675293
5.498013019561768
4.971531629562378
5.168712139129639
5.142688512802124
5.3648905754089355
5.271806478500366
5.240778923034668
5.231769800186157
5.136683225631714
5.220760345458984
4.937502145767212
5.0926432609558105
5.209749221801758
5.288821220397949
5.093644380569458
5.302833557128906
5.243780851364136
5.361888647079468
5.466984272003174
5.230769157409668
4.930495262145996
5.131679534912109
5.113661766052246
5.067620277404785
5.149696588516235
5.057612419128418
5.311843156814575
4.7963738441467285
5.351879835128784
5.247784376144409
5.044599294662476
5.236774921417236
5.224763631820679
5.068621397018433
5.245784044265747
5.2537901401519775
5.600106477737427
5.115665435791016
5.26279878616333
5.256792306900024
5.076629161834717
5.1506969928741455
4.997556447982788
5.284818649291992
5.152697801589966
5.170713663101196
5.320852041244507
5.188730478286743
5.279813766479492
5.198739767074585
5.112660884857178
5.074626922607422
5.106656074523926
5.260796308517456
5.396920442581177
5.114663124084473
5.141687631607056
5.1146628856658936
5.126673698425293
5.05360746383667
5.1246726512908936
5.0736260414123535
5.17572021484375
4.967529058456421
5.155701637268066
5.239778280258179
4.94851279258728
5.3198511600494385
4.910477161407471
5.303835868835449
4.8904595375061035
5.325855731964111
5.55306339263916
4.9545183181762695
5.149693489074707
4.887455940246582
5.207748174667358
5.1466920375823975
5.0756285190582275
5.166711807250977
5.246783494949341
5.193735599517822
5.2287678718566895
4.980542182922363
5.112662076950073
5.109658241271973
5.113662004470825
5.14469051361084
5.043598175048828
5.319851636886597
5.124671936035156
5.2517876625061035
5.219758987426758
5.011569023132324
5.18973183631897
5.2798144817352295
5.1086578369140625
5.1667115688323975
5.230768442153931
5.23076868057251
5.084637403488159
5.198740720748901
5.117666006088257
5.342871427536011
4.915481328964233
5.167712211608887
5.113662242889404
5.333863019943237
5.298831224441528
5.137685298919678
5.208748817443848
5.163707494735718
4.921487092971802
4.952516794204712
5.155700445175171
5.10465407371521
5.214754343032837
5.230769395828247
5.177720546722412
5.269804000854492
5.258794546127319
5.202742576599121
4.992552280426025
5.129676818847656
5.207747936248779
5.233771800994873
4.983544588088989
5.1787214279174805
4.986546039581299
5.195737361907959
5.258795261383057
5.2557923793792725
5.159703493118286
5.038594484329224
5.1316797733306885
5.345874071121216
4.903470993041992
5.1386847496032715
5.448967933654785
5.187729835510254
5.136683225631714
5.0936439037323
5.0526063442230225
5.271806478500366
5.0466015338897705
5.160704612731934
5.182725191116333
5.180723667144775
5.174717664718628
5.193735599517822
5.15069580078125
5.195738315582275
5.097648859024048
5.271806716918945
5.250786304473877
5.018578052520752
5.134681463241577
5.082635402679443
5.240777969360352
5.143689155578613
4.993553876876831
5.148694276809692
5.0325868129730225
5.328858375549316
5.103653430938721
5.32085108757019
5.285820007324219
4.956520080566406
5.0546088218688965
5.0456013679504395
5.213753700256348
5.154698848724365
5.205747365951538
5.127674102783203
5.012571573257446
5.272807836532593
5.142688512802124
5.131680011749268
5.2217607498168945
5.045600175857544
5.022578954696655
5.273808240890503
5.225764274597168
5.188730955123901
5.220760107040405
5.049605131149292
5.231770753860474
5.087638854980469
4.9775390625
5.214755058288574
5.116664886474609
5.246782541275024
5.270805835723877
5.269804000854492
5.184727907180786
5.211752653121948
5.206747055053711
5.166710138320923
5.1346821784973145
5.204745292663574
5.336865186691284
5.151696681976318
5.259795427322388
5.028585433959961
5.06561803817749
5.207747936248779
5.046602249145508
5.224764108657837
5.211751699447632
5.304836750030518
5.183726072311401
5.2197585105896
5.122670888900757
5.120669364929199
5.279813289642334
5.36188817024231
5.301833868026733
5.181724309921265
5.190731763839722
5.044599294662476
5.119667291641235
5.2297682762146
5.257793664932251
5.059613227844238
5.102650165557861
5.203744649887085
5.180723190307617
5.0295867919921875
5.098648309707642
4.95751953125
5.1597044467926025
5.137685537338257
5.059613466262817
4.976536989212036
5.173717021942139
5.2788121700286865
5.267801761627197
5.154700756072998
5.136683225631714
4.9735352993011475
5.168713569641113
5.431951999664307
5.188730239868164
5.20874810218811
5.076629400253296
5.206748008728027
5.196737289428711
4.996554613113403
5.256793260574341
5.1436896324157715
5.120668411254883
5.235773324966431
5.26980447769165
5.1266748905181885
5.086637258529663
5.150696516036987
5.17772102355957
5.274809837341309
5.210750579833984
5.1236724853515625
5.01857590675354
5.272807598114014
5.27080512046814
4.974535703659058
5.236774682998657
5.296829462051392
5.196737766265869
5.290823698043823
5.098649501800537
4.9194865226745605
5.114661455154419
5.018576383590698
5.036592721939087
5.116666316986084
5.05861234664917
5.3028342723846436
4.921485900878906
5.053608417510986
4.997556924819946
5.248785972595215
5.096646785736084
5.151697397232056
5.148693323135376
5.249786138534546
5.25278902053833
5.268803358078003
4.835408926010132
5.007565021514893
5.215754508972168
5.351879835128784
5.137685060501099
5.242780685424805
5.160704851150513
5.206746578216553
4.805381536483765
5.2287681102752686
5.220761060714722
5.221760511398315
5.317848443984985
5.198740005493164
5.186730146408081
5.180724382400513
5.182725429534912
5.070624113082886
5.1757190227508545
5.151697635650635
4.995555877685547
5.049603700637817
5.099649429321289
5.039594650268555
5.010568141937256
5.197738409042358
5.214755058288574
4.899468421936035
5.09964919090271
5.150696277618408
5.189732551574707
5.0566112995147705
5.2137532234191895
5.27080512046814
5.2227623462677
5.230768442153931
5.293827056884766
5.184726715087891
5.3128437995910645
5.069623231887817
5.192734479904175
4.978539943695068
5.175718784332275
5.021579265594482
5.138685464859009
5.030587673187256
5.20074200630188
5.268803596496582
5.2708048820495605
5.208749294281006
5.2647998332977295
5.287822008132935
5.155700922012329
5.164708852767944
5.089641094207764
5.140686273574829
5.216756820678711
5.194736003875732
5.209749698638916
5.177721738815308
5.258794546127319
5.299831390380859
5.117666006088257
5.203744411468506
4.839411973953247
5.182724952697754
5.033589839935303
5.168713808059692
5.1867287158966064
5.148694276809692
5.2778098583221436
5.1867287158966064
5.041596174240112
5.120669841766357
5.201742172241211
5.165709972381592
5.152698993682861
5.234772682189941
5.208749055862427
5.153698444366455
5.235773086547852
5.12967586517334
5.137685298919678
4.9324963092803955
5.1366822719573975
5.17371678352356
5.224762201309204
5.135680675506592
5.199740409851074
5.169713973999023
5.267802953720093
5.023579835891724
5.108658075332642
5.713209390640259
5.204744815826416
5.2137532234191895
5.246782302856445
5.180722713470459
5.255791187286377
5.198739767074585
5.270805597305298
5.149695634841919
5.146692276000977
5.078627824783325
5.209750413894653
5.032588481903076
5.1546995639801025
5.121668815612793
5.352880477905273
5.20474648475647
5.130677700042725
5.1146626472473145
5.272807598114014
4.977538824081421
5.191734075546265
5.110659599304199
5.200741767883301
5.224762201309204
5.166712045669556
5.140686988830566
5.2698047161102295
5.048603534698486
5.2457826137542725
5.192734479904175
5.1146628856658936
5.274808645248413
5.030585765838623
5.188731908798218
5.150697231292725
5.2137532234191895
5.112661600112915
5.114664316177368
5.315845727920532
5.2437803745269775
5.233772039413452
5.188730478286743
5.213754177093506
5.1366822719573975
5.22376275062561
5.11065936088562
4.934499502182007
5.253789901733398
5.242779493331909
5.197740316390991
4.933499336242676
5.144690752029419
5.13668417930603
5.18272590637207
5.154700994491577
5.254791021347046
5.2277655601501465
5.051605939865112
5.025583028793335
5.2167558670043945
5.200743198394775
5.13368034362793
5.367893934249878
5.373899221420288
5.167713165283203
5.0946455001831055
5.141688346862793
5.295828819274902
5.284818172454834
5.234761476516724
5.149695634841919
5.263799428939819
5.105654716491699
5.064617395401001
4.9605231285095215
5.155700922012329
5.141687870025635
5.1577019691467285
5.130677700042725
5.294827461242676
5.192734003067017
5.318848609924316
5.100650072097778
4.917483329772949
5.100651025772095
5.077630519866943
5.160706520080566
5.2147536277771
5.027583599090576
5.06962251663208
5.2177581787109375
5.228766918182373
5.036592245101929
5.026582717895508
5.134681463241577
5.100651025772095
5.213753700256348
5.1256725788116455
5.062617063522339
5.256793260574341
4.974535942077637
4.991551876068115
5.133681535720825
5.269804000854492
5.182724952697754
5.190731763839722
5.08263373374939
5.2067484855651855
5.213753700256348
5.2117531299591064
5.078631639480591
5.129678010940552
5.348877191543579
5.152697801589966
5.073626756668091
5.216756105422974
5.0045623779296875
5.1306774616241455
5.223762512207031
4.826400279998779
5.2027435302734375
5.1647093296051025
5.0496039390563965
5.266802549362183
5.254791975021362
5.232770919799805
5.173717260360718
4.990549564361572
5.300832271575928
5.2838170528411865
5.18172550201416
5.105654716491699
5.153700113296509
5.128676176071167
5.172715425491333
5.253788471221924
4.934499740600586
5.2027435302734375
5.065619468688965
5.061614990234375
5.018575668334961
5.160704612731934
5.254791021347046
5.1546995639801025
5.024580955505371
5.11966872215271
5.296829462051392
5.183727264404297
5.100651502609253
5.133681774139404
5.216755390167236
5.176720142364502
5.208748817443848
5.149695158004761
5.1817240715026855
5.007565498352051
5.159704685211182
5.080632209777832
4.853425741195679
5.111660718917847
5.29783034324646
5.2077476978302
5.210751533508301
5.197738885879517
5.387914180755615
5.117665529251099
5.2728071212768555
5.069623231887817
5.197738409042358
4.990548372268677
4.839412689208984
5.047601222991943
5.057612180709839
5.148694038391113
5.381906509399414
5.075627088546753
5.209749460220337
5.179723739624023
5.233772039413452
5.123669147491455
5.236775159835815
5.109659194946289
5.2117509841918945
5.278812646865845
5.200741291046143
4.903470993041992
5.006565570831299
5.198739767074585
5.227766275405884
5.2758095264434814
4.983543872833252
5.215755224227905
4.90247106552124
5.207747936248779
5.229769229888916
5.318849325180054
5.088639736175537
5.084635972976685
5.0305867195129395
4.950514554977417
5.224763870239258
5.112660646438599
5.1817240715026855
4.870443344116211
5.377902030944824
5.282816648483276
5.259795665740967
5.282816410064697
5.2858192920684814
5.067620277404785
5.140686988830566
5.245782136917114
5.163707733154297
5.237776517868042
4.863434314727783
5.231770277023315
5.211750745773315
5.2517876625061035
5.188731670379639
5.239777326583862
5.057611465454102
4.959521532058716
5.100650787353516
5.199740648269653
5.1757190227508545
5.103654384613037
5.101650953292847
5.220761060714722
4.969530820846558
5.257793188095093
5.056609153747559
5.254791021347046
5.22376275062561
5.219758749008179
5.24678373336792
5.071625232696533
5.1877288818359375
5.266802072525024
5.115664482116699
5.230767011642456
5.012570142745972
5.071623802185059
5.195736885070801
4.904471397399902
5.259795427322388
5.310841798782349
5.22376275062561
5.11766505241394
5.082634449005127
5.1386847496032715
5.128675699234009
5.1817238330841064
5.145691156387329
5.028585195541382
5.12767481803894
5.181725740432739
5.151695966720581
5.224764347076416
5.263798475265503
5.004563331604004
5.073625564575195
5.145692825317383
5.067620277404785
5.330860614776611
5.222761392593384
5.270805597305298
4.989550352096558
5.267802953720093
5.071625232696533
5.15069580078125
5.132679224014282
5.147692918777466
5.111661434173584
5.270805835723877
5.026582956314087
5.262797117233276
5.233771800994873
5.256793022155762
5.0986480712890625
5.048604249954224
5.115664720535278
5.1997411251068115
5.174717664718628
5.142688274383545
5.169713973999023
4.992550849914551
5.208748817443848
5.200741529464722
5.089641571044922
5.323853254318237
5.106655597686768
5.111660003662109
5.183727264404297
5.213752746582031
5.1997411251068115
5.046599626541138
5.202743291854858
5.097647666931152
5.215755462646484
5.040595769882202
4.9955549240112305
5.239777565002441
5.1056554317474365
5.181724309921265
5.171713829040527
5.1536993980407715
5.26079535484314
5.213754177093506
5.122670650482178
5.285818338394165
5.106657028198242
4.934499502182007
4.898467302322388
5.122670888900757
5.185728073120117
5.202743053436279
4.979540824890137
4.881451845169067
5.204744815826416
5.068620920181274
5.25178861618042
5.387912273406982
5.048603773117065
4.952515602111816
5.0916428565979
4.978538990020752
5.151696681976318
5.071623802185059
5.109659910202026
5.085636854171753
5.272808790206909
5.214755058288574
5.209750175476074
5.1536993980407715
4.996555328369141
5.159703731536865
5.2157557010650635
5.293826341629028
5.0896406173706055
5.171715021133423
5.234772682189941
5.183725118637085
5.157702207565308
5.034589767456055
5.148693561553955
5.10465407371521
5.093643665313721
5.125673770904541
5.242780923843384
4.949512004852295
5.1246724128723145
5.190732955932617
5.195736885070801
5.24077844619751
5.138685703277588
5.162706136703491
5.162706136703491
5.200741767883301
5.184727430343628
5.156700611114502
5.030587196350098
5.160704612731934
5.209749460220337
5.229769229888916
4.939502716064453
5.179721832275391
5.12767481803894
5.053608179092407
5.1256725788116455
5.1506946086883545
5.137682914733887
5.26580023765564
5.2187583446502686
5.248785495758057
5.2027435302734375
5.018575191497803
5.157703876495361
5.264800548553467
5.143688917160034
4.9465107917785645
5.220760107040405
5.1276750564575195
5.234772682189941
5.093643665313721
5.086639404296875
5.2237632274627686
5.102652549743652
5.042597770690918
5.178722381591797
5.244781732559204
5.04660177230835
5.221761703491211
5.061615705490112
5.205746412277222
5.032589435577393
5.1657092571258545
5.08763861656189
5.161707162857056
5.272807598114014
5.131679058074951
5.230768442153931
5.113662242889404
5.073624610900879
5.273808240890503
5.198739051818848
5.290823459625244
5.168712377548218
5.1536993980407715
5.252789258956909
5.0716235637664795
5.289822816848755
5.2057459354400635
5.241779088973999
5.2297680377960205
5.192734479904175
5.104654312133789
5.180723190307617
5.220758438110352
5.228766202926636
5.137685060501099
5.072625398635864
5.090640306472778
5.199742555618286
5.211751937866211
5.187730073928833
5.103653430938721
5.055610656738281
5.20174241065979
5.226764917373657
5.165709733963013
5.158704042434692
5.225764274597168
5.306839227676392
5.157703399658203
5.20674729347229
5.167712450027466
5.199740886688232
4.971532821655273
5.197739362716675
5.250787258148193
5.03959584236145
5.225764751434326
5.195737600326538
5.157702922821045
5.277811288833618
5.156701564788818
5.240778207778931
4.970532178878784
5.241779327392578
5.22376275062561
5.237776041030884
5.19573712348938
5.164709091186523
5.257792949676514
5.209749698638916
5.19073224067688
5.207747220993042
5.109658241271973
5.198739767074585
5.088640213012695
5.155701637268066
5.224763870239258
5.223761796951294
5.048602819442749
5.192734956741333
5.007566928863525
5.178722143173218
5.180722951889038
5.12867546081543
5.330859661102295
5.1827263832092285
5.192731142044067
5.050605297088623
5.286820650100708
5.015573978424072
5.193735122680664
5.171715259552002
5.128675699234009
5.203744173049927
4.992551803588867
5.084636211395264
5.268803596496582
5.255791425704956
5.15470027923584
5.0766282081604
5.0706236362457275
5.135684013366699
5.244781017303467
5.105654239654541
5.2617974281311035
5.1546995639801025
5.294827938079834
5.12367057800293
5.110659599304199
5.19573712348938
5.2017433643341064
5.148695468902588
5.299832105636597
5.354882478713989
5.140686511993408
5.004563331604004
5.200741291046143
5.13167929649353
5.301833868026733
5.062615394592285
5.2347729206085205
5.183726072311401
5.05160665512085
5.083634614944458
4.784361124038696
5.167710304260254
5.814301490783691
6.726133108139038
7.330683946609497
7.518855333328247
5.959433555603027
8.076363563537598
6.147590637207031
8.226500034332275
6.464894533157349
7.883187532424927
7.839147329330444
7.34069299697876
7.645971059799194
6.460890531539917
7.057434797286987
8.371632814407349
7.550884485244751
8.246518850326538
8.228500604629517
6.229680061340332
8.381641864776611
8.28154993057251
7.417762279510498
7.592921495437622
8.262532472610474
8.087373495101929
7.38072943687439
7.583914518356323
8.206482172012329
7.599929332733154
6.109570503234863
7.2726311683654785
8.323589086532593
6.413847208023071
6.2687153816223145
6.598016023635864
7.263622760772705
7.730047225952148
6.03249979019165
7.839147090911865
7.895198345184326
8.062350511550903
8.4066641330719
7.440783500671387
8.467720746994019
6.259706974029541
6.20265531539917
7.3907387256622314
7.5158531665802
8.133415699005127
7.514851331710815
7.736053228378296
7.490829944610596
6.359798192977905
6.710117340087891
7.687008380889893
7.42577052116394
6.898289442062378
6.519944667816162
6.408843517303467
7.3857338428497314
7.29565167427063
8.421678304672241
6.221672773361206
6.539961338043213
8.032322645187378
6.361800193786621
8.507749795913696
6.757160425186157
7.551885604858398
7.332685470581055
8.09738278388977
7.1955602169036865
7.542877435684204
6.403839111328125
8.111395835876465
6.301745414733887
6.639053583145142
7.978273868560791
6.3688063621521
8.106390953063965
6.159615993499756
7.4177632331848145
8.242515325546265
6.422856092453003
8.095381259918213
7.371721982955933
7.429774045944214
6.1185784339904785
6.114574670791626
6.29473876953125
6.567988395690918
8.410669088363647
6.457887887954712
6.452883005142212
6.3037474155426025
7.673996686935425
7.626953363418579
6.414849042892456
8.226500272750854
6.70911717414856
7.870175838470459
6.264711618423462
8.1274094581604
8.336601257324219
8.076363563537598
7.04041862487793
7.372721910476685
5.697194576263428
6.963348865509033
7.609937906265259
7.492831468582153
7.67199444770813
6.617032766342163
6.607024431228638
6.354794025421143
8.01230525970459
6.276721954345703
8.18346095085144
7.27263069152832
7.150519371032715
6.177632808685303
6.0855491161346436
7.913214445114136
7.817127466201782
7.421766757965088
8.065353631973267
6.939326286315918
8.232506036758423
8.110394954681396
8.269541501998901
7.035414218902588
8.177456140518188
7.587918519973755
6.524949073791504
7.7570719718933105
6.097559213638306
8.262531757354736
7.626953363418579
6.363801956176758
5.958432912826538
6.925313711166382
8.44870400428772
7.367717742919922
7.271630048751831
7.363713979721069
8.128409147262573
7.529864311218262
7.298655033111572
6.634048938751221
8.155436754226685
6.336777687072754
7.790102243423462
6.212664365768433
7.445788860321045
6.212663412094116
8.181458950042725
7.950249195098877
6.93832540512085
8.077364206314087
7.839147329330444
6.91430401802063
7.0053863525390625
8.237510442733765
7.759074926376343
7.347699403762817
8.242515325546265
7.73905086517334
7.405751705169678
8.166446447372437
8.176454544067383
6.127586364746094
6.841237545013428
7.911213397979736
6.165621280670166
7.403749942779541
6.516941547393799
5.138685464859009
5.173718214035034
5.098649024963379
4.978539228439331
5.298831462860107
5.225765228271484
5.1707141399383545
5.360886812210083
5.204745531082153
5.287821292877197
5.179722547531128
5.225765228271484
5.207748174667358
5.31384539604187
5.163707971572876
5.206747055053711
5.088639259338379
5.137685298919678
5.090641260147095
5.1086578369140625
5.161706924438477
5.161707401275635
5.171715259552002
5.137685775756836
5.219759941101074
5.220759868621826
5.200741291046143
5.063617467880249
5.191733360290527
5.152697563171387
5.2317705154418945
5.185728073120117
5.215755462646484
5.188730716705322
5.032588720321655
5.181725740432739
5.113661289215088
5.267802476882935
4.938502073287964
5.093644618988037
5.233771085739136
5.128675222396851
5.1627068519592285
5.170713663101196
5.108658313751221
5.231770038604736
5.279813289642334
5.107657194137573
5.111660957336426
5.130677938461304
5.01857590675354
4.971533536911011
5.2888219356536865
5.189732313156128
5.234773874282837
4.993552923202515
5.2287678718566895
5.108657598495483
5.206747770309448
5.1587042808532715
5.143689393997192
5.016575336456299
5.161707162857056
5.074626922607422
5.127674579620361
5.167711019515991
5.132679224014282
5.126673936843872
5.121670484542847
5.11165976524353
5.00656533241272
5.1787214279174805
5.159701824188232
5.253789663314819
5.231771230697632
5.21875786781311
5.299831390380859
5.225764513015747
5.241778612136841
5.050605058670044
5.223763942718506
5.272807598114014
5.262797832489014
5.139685392379761
5.21875786781311
5.236774682998657
5.153698444366455
5.130678176879883
5.081634044647217
5.167711496353149
5.192734003067017
5.27380895614624
5.188730716705322
5.053609132766724
5.172716379165649
5.144690990447998
4.979539632797241
5.197740316390991
5.160705804824829
5.151696443557739
4.959521293640137
5.28181529045105
5.244781255722046
5.201742172241211
5.170713663101196
4.911477565765381
5.2447829246521
5.077629327774048
5.117664575576782
5.193734884262085
5.178719758987427
5.239777326583862
5.276810646057129
4.988548278808594
5.117664813995361
5.289822816848755
5.333863019943237
5.183726072311401
5.178720951080322
5.181724309921265
5.199740886688232
5.119668006896973
5.164708614349365
5.197739124298096
5.2958269119262695
5.26379919052124
5.033588647842407
5.189732551574707
5.004563808441162
5.14969539642334
5.3448731899261475
5.114663124084473
5.198739528656006
5.127676248550415
5.184727668762207
5.159703731536865
5.097648859024048
5.162706613540649
5.109659671783447
5.247785568237305
5.13668417930603
5.111660480499268
5.23577356338501
5.202744483947754
5.015573501586914
5.079631090164185
5.099649667739868
5.0786309242248535
5.1226701736450195
5.106656312942505
5.162708044052124
5.0365917682647705
5.0876383781433105
4.905473232269287
5.18773078918457
5.352880001068115
5.187728643417358
5.251787900924683
5.266802549362183
5.075627326965332
5.216756105422974
5.275810718536377
5.2117509841918945
5.210751533508301
5.212752342224121
5.0205769538879395
5.191732883453369
5.118667364120483
5.223763704299927
5.156701326370239
4.7973737716674805
5.304835796356201
5.309840679168701
5.10465407371521
5.202743053436279
5.048602342605591
5.225764036178589
5.165710210800171
5.228766679763794
5.1006505489349365
5.232770919799805
5.048604249954224
5.055608749389648
5.103654146194458
5.236773490905762
5.273807764053345
5.115664720535278
5.066620111465454
5.290823459625244
5.286819696426392
5.303836345672607
4.965528249740601
5.282816171646118
5.099649906158447
5.393917798995972
5.11566424369812
5.194736480712891
5.201742887496948
4.997556209564209
5.115664005279541
5.124672174453735
5.07362699508667
5.205746412277222
5.0556089878082275
5.200741291046143
5.116664886474609
5.1707141399383545
5.036592721939087
5.2617974281311035
5.369895696640015
5.19273567199707
5.160706043243408
5.136682987213135
5.120669841766357
5.278812885284424
5.061615467071533
5.0696234703063965
5.400925397872925
5.231769800186157
5.293826341629028
5.081315279006958
