Timing log for each step:
0.01601552963256836
5.317147493362427
5.235821008682251
5.261056423187256
5.137413740158081
5.179416179656982
5.2341248989105225
5.221301555633545
5.218434810638428
5.287391662597656
5.332261800765991
5.181520223617554
5.301631927490234
5.322327613830566
5.224828004837036
5.197400808334351
5.28384256362915
5.415081024169922
5.311440706253052
5.2735755443573
5.173599720001221
5.3520753383636475
5.261354923248291
5.281240224838257
5.214230537414551
5.220621347427368
5.322937250137329
5.20837140083313
5.338761806488037
5.293744087219238
5.520218133926392
5.322895765304565
5.438990831375122
5.348944425582886
5.384463787078857
5.39808988571167
5.348607063293457
5.377038240432739
5.427082538604736
5.35330867767334
5.351811647415161
5.320793867111206
5.542552709579468
5.480036735534668
5.478276014328003
5.372893333435059
5.397381782531738
5.395014047622681
5.4129462242126465
5.372131824493408
5.234602689743042
5.3116676807403564
5.213246822357178
5.671201944351196
5.435140609741211
5.438238859176636
5.388460874557495
5.442262649536133
5.341019868850708
5.42450475692749
5.303291320800781
5.454132080078125
5.5320539474487305
5.395175457000732
5.407569408416748
5.542310476303101
5.259337425231934
5.366740942001343
5.494382858276367
5.441494464874268
5.304598093032837
5.434723377227783
5.384436130523682
5.450306415557861
5.420940637588501
5.274831533432007
5.375994920730591
5.283119440078735
5.5237672328948975
5.319398880004883
5.487029552459717
5.450809001922607
5.418514013290405
5.384220600128174
5.412903070449829
5.445646524429321
5.459881544113159
5.4398276805877686
5.438505411148071
5.4480040073394775
5.4835593700408936
5.460067987442017
5.463041067123413
5.301381587982178
5.464471817016602
5.4878551959991455
5.517271280288696
5.3193159103393555
5.463896036148071
5.491365194320679
5.374332904815674
5.495036602020264
5.3997273445129395
5.481315612792969
5.529003858566284
5.440059423446655
5.480072498321533
5.541050672531128
5.4325385093688965
5.518071174621582
5.448034286499023
5.483386278152466
5.409501314163208
5.389954328536987
5.402001142501831
5.4949400424957275
5.393776178359985
5.483926773071289
5.531244277954102
5.337177038192749
5.34279203414917
5.5032432079315186
5.42746901512146
5.480257749557495
5.432554006576538
5.569000244140625
5.597907066345215
5.417415618896484
5.506199836730957
5.398244619369507
5.490881443023682
5.538743734359741
5.422409534454346
5.420374870300293
5.4024577140808105
5.363366365432739
5.431935787200928
5.486126184463501
5.424053907394409
5.453943490982056
5.600989580154419
5.5135650634765625
5.403068780899048
5.434463262557983
5.364391803741455
5.446229457855225
5.439000606536865
5.350480794906616
5.433508396148682
5.446454286575317
5.541391611099243
5.517258644104004
5.545242547988892
5.502079486846924
5.451160669326782
5.321882486343384
5.451503276824951
5.331320285797119
5.42008376121521
5.420473575592041
5.478744983673096
5.424262046813965
5.509520769119263
5.389979600906372
5.466471433639526
5.505064010620117
5.418860197067261
5.406975746154785
5.517887592315674
5.424241781234741
5.526601552963257
5.500588655471802
5.486544370651245
5.396379470825195
5.514079570770264
5.555683135986328
5.486541271209717
5.4251015186309814
5.514456033706665
5.487681865692139
5.477881193161011
5.300070285797119
5.597321271896362
5.3762288093566895
5.37026047706604
5.395300626754761
5.452893018722534
5.47206711769104
5.371453523635864
5.494662046432495
5.560195684432983
5.5015645027160645
5.426660537719727
5.514934062957764
5.401489496231079
5.503055572509766
5.497325420379639
5.481221675872803
5.433572292327881
5.506877422332764
5.485639333724976
5.466756343841553
5.526684522628784
5.491209983825684
5.4709014892578125
5.440439701080322
5.59058690071106
5.486149787902832
5.524503707885742
5.44978928565979
5.41283917427063
5.446715593338013
5.4792399406433105
5.4851672649383545
5.44699501991272
5.453071117401123
5.499650001525879
5.480966329574585
5.523680925369263
5.526626825332642
5.506814479827881
5.443330526351929
5.5517494678497314
5.50418758392334
5.44519305229187
5.452983856201172
5.366230726242065
5.404973983764648
5.46745753288269
5.478441953659058
5.332899332046509
5.4788172245025635
5.46795916557312
5.535053968429565
5.445010423660278
5.483414173126221
5.43231463432312
5.485635757446289
5.432139158248901
5.467062473297119
5.5299811363220215
5.537053108215332
5.47694730758667
5.442931890487671
5.403167724609375
5.564605474472046
5.51685357093811
5.492070913314819
5.41988205909729
5.432893991470337
5.469071626663208
5.502679824829102
5.425417423248291
5.47316312789917
5.432265043258667
5.389243125915527
5.404495716094971
5.5636937618255615
5.510638236999512
5.452518701553345
5.408357858657837
5.393486976623535
5.4975292682647705
5.395974636077881
5.45841383934021
5.438036918640137
5.389460325241089
5.411904811859131
5.494673490524292
5.462521314620972
5.40120792388916
5.435750722885132
5.499526500701904
5.507286071777344
5.413471937179565
5.504985809326172
5.392105340957642
5.357224941253662
5.44517970085144
5.4345269203186035
5.683589696884155
5.847524166107178
5.483360052108765
5.572338819503784
5.761812686920166
5.357378721237183
5.504398584365845
5.799777984619141
5.649012565612793
5.5345165729522705
5.481529951095581
5.507095098495483
5.581400394439697
5.480292558670044
5.2248125076293945
5.596467018127441
5.680341958999634
5.618705987930298
5.566351652145386
5.6456990242004395
5.34231162071228
5.1651246547698975
5.2382941246032715
5.2544426918029785
5.28852653503418
5.226637125015259
5.256010293960571
5.364217042922974
5.288590431213379
5.266926050186157
5.256812334060669
5.436025381088257
5.322764873504639
5.5736494064331055
5.450449228286743
5.740389585494995
5.561094045639038
5.397958517074585
5.411321640014648
5.415399074554443
5.463502883911133
5.561251401901245
5.823807954788208
5.625542402267456
5.452059745788574
5.510281324386597
5.55629301071167
5.482128381729126
5.42997407913208
5.500946521759033
5.425319194793701
5.452110528945923
5.767524719238281
5.8101818561553955
5.46218729019165
5.510477542877197
5.698235750198364
5.558570623397827
5.478251934051514
5.5300822257995605
5.528932571411133
5.500294208526611
5.448913335800171
5.567159652709961
5.517787933349609
5.332010984420776
5.512448787689209
5.373607158660889
5.53885293006897
5.433618068695068
5.601266860961914
5.432500600814819
5.448556423187256
5.487081527709961
5.436706781387329
5.5378453731536865
5.4414637088775635
5.457383871078491
5.359931945800781
5.412856340408325
5.445485830307007
5.474070072174072
5.427789688110352
5.480941295623779
5.4210875034332275
5.477437734603882
5.420993089675903
5.524785041809082
5.441709041595459
5.463073015213013
5.458460092544556
5.434493064880371
5.608459949493408
5.551868200302124
5.452500581741333
5.518394947052002
5.49861478805542
5.466524124145508
5.423487186431885
5.395968914031982
5.482268571853638
5.478327751159668
5.505891561508179
5.474374055862427
5.623075485229492
5.6372222900390625
5.510240316390991
5.445306062698364
5.5824151039123535
5.542028903961182
5.580857515335083
5.511957883834839
5.505032300949097
5.356823682785034
5.347780466079712
5.420147657394409
5.535063982009888
5.475675106048584
5.529064893722534
5.56814169883728
5.563615322113037
5.4644880294799805
5.608197927474976
5.817189693450928
5.501295804977417
5.508017539978027
5.679720878601074
5.65839958190918
5.474485158920288
5.424482583999634
5.587126016616821
5.418610095977783
5.4479756355285645
5.496615648269653
6.02859902381897
5.5092151165008545
5.365300416946411
5.615414381027222
5.610181093215942
5.484561920166016
5.508201360702515
5.432616233825684
5.570583343505859
5.4654927253723145
5.734286069869995
5.584339141845703
5.51826810836792
5.539088487625122
5.571202754974365
5.483333349227905
5.54767370223999
5.656233072280884
5.494315147399902
5.48210883140564
5.569274663925171
5.542850017547607
5.467200994491577
5.64336633682251
5.6313090324401855
5.549090147018433
5.499288320541382
5.969085693359375
5.679834604263306
5.463668346405029
5.420334100723267
6.002389430999756
5.956756591796875
5.4463043212890625
5.658221006393433
5.618464946746826
5.483624458312988
5.52634072303772
5.49709415435791
5.621413707733154
5.397317886352539
5.648167610168457
5.550109624862671
5.551935911178589
5.449179172515869
5.511582374572754
5.537721633911133
5.515771150588989
5.53869104385376
5.497812747955322
5.4701690673828125
5.540281295776367
5.4989519119262695
5.820903539657593
5.622148036956787
5.65915584564209
5.496147155761719
5.5655035972595215
5.653320550918579
5.506780624389648
5.50217604637146
5.361471652984619
5.465160369873047
5.695449352264404
5.534513711929321
5.34932804107666
5.619095087051392
5.8650641441345215
5.56496524810791
5.492072343826294
5.567630052566528
5.5910985469818115
5.485466241836548
5.513004779815674
5.6142308712005615
5.55215859413147
5.267271518707275
5.371817350387573
5.633134841918945
5.708775043487549
5.554032564163208
5.504646301269531
5.573405981063843
5.689286947250366
5.759786128997803
5.428504705429077
5.483373165130615
5.538714647293091
5.715279579162598
5.673755884170532
5.510607481002808
5.3653624057769775
5.656185626983643
5.684277534484863
5.571244955062866
5.460538625717163
5.4992053508758545
5.556591510772705
5.484497308731079
5.522173166275024
5.61051869392395
5.696655035018921
5.720227956771851
5.551584720611572
5.6183998584747314
5.5778021812438965
5.564330816268921
5.678670644760132
5.689445734024048
5.448254585266113
5.6886680126190186
5.590524196624756
5.507833480834961
5.606042146682739
5.621133804321289
5.655919313430786
5.615623474121094
5.5099756717681885
5.69366455078125
5.676223278045654
5.255306720733643
5.665195465087891
5.70746636390686
5.19664740562439
5.692488193511963
5.769606113433838
5.576411008834839
5.6902430057525635
5.681347370147705
5.406913995742798
5.62211012840271
5.655579328536987
5.398293495178223
5.522708177566528
5.573709487915039
5.750759124755859
5.833240270614624
5.627049684524536
5.380997896194458
5.717331171035767
5.652989625930786
5.436955451965332
5.6776227951049805
5.68789529800415
5.491025447845459
5.6495301723480225
5.720290899276733
5.4157798290252686
5.59047269821167
5.623675584793091
5.327009677886963
5.375713348388672
5.677479028701782
5.3453898429870605
5.539783716201782
5.668691158294678
5.69617772102356
5.5891273021698
5.454975366592407
5.738677501678467
5.675130367279053
5.389028072357178
5.69659948348999
5.677104949951172
5.533199071884155
5.590467691421509
5.729915618896484
5.528048038482666
5.639150619506836
5.554072380065918
5.420950651168823
5.746248722076416
5.569085597991943
5.680187702178955
5.414945602416992
5.601115942001343
5.552069664001465
5.59611177444458
5.418948411941528
5.473998308181763
5.615128755569458
5.414944410324097
5.526047706604004
5.54806661605835
5.361897706985474
5.635145664215088
5.613126993179321
5.481006145477295
5.584099531173706
5.6931986808776855
5.712215900421143
5.406937122344971
5.524045705795288
5.581096410751343
5.350885629653931
5.635146617889404
5.601114988327026
5.303844213485718
5.645155906677246
5.589104890823364
5.3999316692352295
5.549068212509155
5.678185701370239
5.4409685134887695
5.347883224487305
5.459986686706543
5.566084146499634
5.559076309204102
5.606119155883789
5.350887298583984
5.451977014541626
5.819315433502197
5.399930953979492
5.6581666469573975
5.6161181926727295
5.405936241149902
5.518038511276245
5.6661741733551025
5.464990854263306
5.70621132850647
5.678185701370239
5.459986686706543
5.355891227722168
5.452980279922485
5.693199634552002
5.425955772399902
5.3188536167144775
5.596111297607422
5.726229190826416
5.381915092468262
5.78528356552124
5.74224328994751
5.267809629440308
5.390923261642456
5.5150368213653564
5.735228776931763
5.488012790679932
5.381914854049683
5.430959463119507
5.693199157714844
5.258802890777588
5.554072141647339
5.639149188995361
5.497018814086914
5.4940173625946045
5.794290542602539
5.473999261856079
5.54306173324585
5.511033296585083
6.601027727127075
5.483006954193115
5.770265579223633
5.644152402877808
5.455793142318726
5.419950485229492
5.549427509307861
5.592106580734253
5.572086572647095
5.391919851303101
5.601110935211182
5.677176237106323
5.487131357192993
5.502018213272095
5.327858924865723
5.662166357040405
5.664169073104858
5.450976371765137
5.627135515213013
5.570083379745483
5.332866907119751
5.450973987579346
5.57008171081543
5.734233140945435
5.435960292816162
5.650155544281006
5.540055513381958
5.718303680419922
5.747244358062744
5.654160261154175
5.646153211593628
5.391920328140259
5.5140321254730225
5.439964056015015
5.6471545696258545
5.645151615142822
5.254794359207153
5.542057037353516
5.743242025375366
5.553067207336426
5.708208799362183
5.642458438873291
5.49901819229126
5.519035816192627
5.527043581008911
5.6641693115234375
5.564076900482178
5.602111577987671
5.605114459991455
5.573086261749268
5.614123582839966
5.716216087341309
5.553068161010742
5.685187816619873
5.614121198654175
5.4209465980529785
5.708209991455078
5.673177719116211
5.5340492725372314
5.6511547565460205
5.6091203689575195
5.446969509124756
5.602112770080566
5.612120151519775
5.565638780593872
5.59173846244812
5.467989921569824
5.634141683578491
5.7422404289245605
5.3739025592803955
5.506022691726685
5.683185338973999
5.491010665893555
5.467990159988403
5.575087070465088
5.586095809936523
5.342876195907593
5.592103958129883
5.591100692749023
5.439963340759277
5.570079565048218
5.5540688037872314
5.689190864562988
5.517034292221069
5.368899345397949
5.474996328353882
5.920403003692627
5.540056943893433
5.388916969299316
5.702203273773193
5.53905463218689
5.441965341567993
5.523040771484375
5.660165309906006
5.661166429519653
5.613120079040527
5.6381449699401855
5.61112117767334
5.467988967895508
5.555068731307983
5.635144233703613
5.449973106384277
5.74524188041687
5.9003846645355225
5.460983037948608
5.822313547134399
5.8733601570129395
5.415943145751953
5.716216325759888
5.6751790046691895
5.492011785507202
5.588100433349609
5.936418056488037
5.821310997009277
5.409936904907227
5.525041580200195
5.556070804595947
5.696197509765625
5.604111671447754
5.623131275177002
5.531048059463501
5.56107497215271
5.926409482955933
5.704205751419067
5.741235256195068
5.501018524169922
5.500017881393433
5.720219135284424
5.903387069702148
5.651155948638916
5.480001211166382
5.36289381980896
5.669173955917358
5.816305637359619
5.623130798339844
5.5590715408325195
5.531047821044922
5.472994804382324
5.7902843952178955
5.918401718139648
5.591101408004761
5.387923240661621
5.498016595840454
5.815305709838867
5.846333265304565
5.719220876693726
5.400928497314453
5.48100209236145
5.881366729736328
5.864351511001587
5.734232425689697
5.614123582839966
5.531046628952026
5.4629857540130615
6.063532114028931
5.595107078552246
5.6601645946502686
5.537053108215332
5.5360517501831055
5.616125822067261
5.7562525272369385
5.532048940658569
5.580091714859009
5.64214825630188
5.380911350250244
5.883369207382202
5.6981987953186035
5.501018285751343
5.562075138092041
5.663167238235474
5.520037651062012
5.634140729904175
5.6311354637146
5.750245809555054
5.529043436050415
6.534961700439453
5.910391807556152
5.496013402938843
5.6911890506744385
5.666169881820679
5.412937641143799
5.800291299819946
5.905387878417969
5.475995779037476
5.66516900062561
5.716214418411255
5.412937879562378
5.582092761993408
5.705204486846924
5.546058416366577
5.531044244766235
5.3759050369262695
5.403928518295288
5.80929970741272
5.8523383140563965
5.398924350738525
5.706205368041992
5.489008188247681
5.431954622268677
5.668170928955078
5.663166761398315
5.399925708770752
5.643148899078369
5.753248691558838
5.510026931762695
5.5450592041015625
5.604111194610596
5.6131203174591064
5.615121841430664
5.440963268280029
5.716212511062622
5.489008188247681
5.418942213058472
5.71721625328064
5.518033981323242
5.4569783210754395
5.849335432052612
5.593103885650635
5.40693211555481
5.787280082702637
5.445967435836792
5.546058893203735
5.693193435668945
5.703204154968262
5.480999708175659
5.573085069656372
5.757251262664795
5.414940357208252
5.314849853515625
5.853339910507202
5.480000257492065
5.627134323120117
5.933413505554199
5.594101667404175
5.397922992706299
5.63013768196106
5.448971271514893
5.4920103549957275
5.7392356395721436
5.495013236999512
5.31885290145874
5.830318450927734
5.623128890991211
5.420945167541504
5.570081472396851
5.6481523513793945
5.548061847686768
5.451974391937256
5.838326454162598
5.617124319076538
5.495013475418091
5.743239879608154
5.361891746520996
5.415940284729004
5.680181503295898
5.463986158370972
5.522037744522095
5.718217372894287
5.319852828979492
5.507024049758911
5.95242977142334
5.511026620864868
5.5150306224823
5.495011329650879
5.461982488632202
5.44096302986145
5.432957172393799
5.551063776016235
5.380908727645874
5.45697808265686
5.374903440475464
5.465986013412476
5.481000185012817
5.519033670425415
5.552065134048462
5.434957981109619
5.448969841003418
5.770264625549316
5.473993539810181
5.494011878967285
5.588098764419556
5.522038221359253
5.419944524765015
5.561074256896973
5.412939071655273
5.451974630355835
5.5670788288116455
5.464985609054565
5.2768144607543945
5.49601411819458
5.54906153678894
5.333864688873291
5.503021240234375
5.399932861328125
5.542055130004883
5.422947406768799
5.527042865753174
5.523038387298584
5.49401330947876
5.724222183227539
5.6661694049835205
5.463984966278076
5.451973915100098
5.499017238616943
5.468989610671997
5.490008592605591
5.464986324310303
5.601109743118286
5.502019166946411
5.633139133453369
5.550063133239746
5.450971603393555
5.4749956130981445
6.1165900230407715
5.451972961425781
5.489006042480469
5.511027574539185
5.468989372253418
5.4249489307403564
5.4880053997039795
5.466987133026123
5.558068513870239
5.524040699005127
5.426950931549072
5.6851866245269775
5.546058177947998
5.610118389129639
5.41494083404541
5.47999906539917
5.471992254257202
5.480000734329224
5.48400354385376
5.5780885219573975
5.354884624481201
5.343874216079712
5.376903772354126
5.500016689300537
5.502018928527832
5.752245187759399
5.479997158050537
5.548059940338135
5.45397424697876
5.345875024795532
5.478997468948364
5.550061225891113
5.436959743499756
5.529042959213257
5.408933162689209
5.465983629226685
5.439962148666382
5.45197319984436
5.423947095870972
5.529040813446045
5.3989245891571045
5.43195366859436
5.604109764099121
5.472989082336426
5.433955192565918
5.53304648399353
5.568079233169556
5.444967031478882
5.395921468734741
5.503019094467163
5.3518805503845215
5.456977128982544
5.486003875732422
5.510025501251221
5.451972961425781
5.3138463497161865
5.5090250968933105
5.558068513870239
5.5200347900390625
5.562073707580566
5.475992202758789
5.529043674468994
5.528040885925293
5.429952144622803
5.368895769119263
5.513027667999268
5.395921945571899
5.4469687938690186
5.358887672424316
5.424947738647461
5.456977128982544
5.5650739669799805
5.443963527679443
5.417940139770508
5.362892150878906
5.434954881668091
5.507023811340332
5.405930042266846
5.739233493804932
5.60210919380188
5.4009270668029785
5.349881410598755
5.401926279067993
5.38090705871582
5.459979057312012
5.458978652954102
5.4860029220581055
5.40392804145813
5.429952144622803
5.65816068649292
5.67117166519165
5.479996681213379
5.378906011581421
5.429951190948486
5.496012926101685
5.461980104446411
5.353882551193237
5.469988822937012
5.392920017242432
5.342872858047485
5.392919063568115
5.472991943359375
5.447969198226929
5.409933805465698
5.47098970413208
5.406931638717651
5.409933805465698
5.5490617752075195
5.485001802444458
5.504020690917969
5.5660765171051025
5.47599458694458
5.539052724838257
5.503017425537109
5.413939476013184
5.507020473480225
5.466986179351807
5.4009246826171875
5.43895959854126
5.40292763710022
5.5070226192474365
5.373905181884766
5.419942378997803
5.470988988876343
5.5010154247283936
5.4719908237457275
5.500016689300537
5.72622275352478
5.297831296920776
5.366894245147705
5.508022308349609
5.448969841003418
5.404929161071777
5.987460136413574
5.462982177734375
5.713212013244629
5.737234115600586
5.466985464096069
5.391918182373047
5.453974962234497
5.4159393310546875
5.353883981704712
5.662164688110352
5.398923397064209
5.528040647506714
5.530043601989746
5.434956789016724
5.401925802230835
5.473992586135864
5.549061059951782
5.451971054077148
5.54005241394043
5.372900485992432
5.432955503463745
5.4159393310546875
5.365891933441162
5.389917612075806
5.470991134643555
5.370898723602295
5.399924278259277
5.526037931442261
5.44296407699585
5.513027906417847
5.458977937698364
5.3839099407196045
5.462983131408691
5.475994348526001
5.385911703109741
5.508023262023926
5.543055295944214
5.37990665435791
5.50201940536499
5.473994016647339
5.417941093444824
5.53004264831543
5.340871095657349
5.415938377380371
5.527040958404541
5.437959671020508
5.475992441177368
5.495010852813721
5.497013092041016
5.465984344482422
5.403928756713867
5.550058364868164
5.4699883460998535
5.361888885498047
5.506019115447998
5.41393518447876
5.4850013256073
5.482999801635742
5.295830249786377
5.3979222774505615
5.454974174499512
5.364892244338989
5.451972246170044
5.376903295516968
5.496011018753052
5.480995416641235
5.407931566238403
5.4419615268707275
5.395920276641846
5.399923801422119
5.362889766693115
5.451971530914307
5.4519712924957275
5.5060203075408936
5.482999563217163
5.434954643249512
5.423946380615234
5.366893529891968
5.39191746711731
5.514028549194336
5.376903295516968
5.446966886520386
5.43395471572876
5.495010852813721
5.349876642227173
5.521034240722656
5.4379589557647705
5.425946474075317
5.536045551300049
5.446964740753174
5.42194390296936
5.56607460975647
5.457976818084717
5.4009246826171875
5.417940855026245
5.313846111297607
5.449967384338379
5.377900838851929
5.431952953338623
5.327857732772827
5.472990036010742
5.465983867645264
5.453973770141602
5.378905534744263
5.304835796356201
5.372899055480957
5.301834583282471
5.43996000289917
5.460980176925659
5.49400782585144
5.364892482757568
5.361888885498047
5.325854778289795
5.510024309158325
5.415938377380371
5.341872692108154
5.4499688148498535
5.456975936889648
5.37690281867981
5.364891052246094
5.415937423706055
5.467986822128296
5.479997158050537
5.438960790634155
5.429951429367065
5.438957929611206
5.547059059143066
5.458976984024048
5.379905700683594
5.492008447647095
5.446963310241699
5.38691258430481
5.424946308135986
5.504018306732178
5.445966958999634
5.395920038223267
5.458978652954102
5.434955835342407
5.36489200592041
5.4779953956604
5.499014139175415
5.462981224060059
5.493008852005005
5.430952787399292
5.520033836364746
5.4589784145355225
5.400925874710083
5.452973365783691
5.4249467849731445
5.320852279663086
5.485000848770142
5.463981628417969
5.545054197311401
5.482999801635742
5.475994110107422
5.425947427749634
5.3929173946380615
5.48700213432312
5.459978342056274
5.39992356300354
5.471985578536987
5.340869903564453
5.437958240509033
5.390916585922241
5.486001968383789
5.559068202972412
5.441962718963623
5.412935733795166
5.375901222229004
5.4289491176605225
5.527040481567383
5.568078279495239
5.410933971405029
5.380906581878662
5.372898817062378
5.44496488571167
5.500014305114746
5.4769933223724365
5.415938854217529
5.503013610839844
5.4749908447265625
5.503015041351318
5.459978103637695
5.340871095657349
5.363891124725342
5.530041933059692
5.305838584899902
5.4689860343933105
5.279812574386597
5.48400092124939
5.4910078048706055
5.299832582473755
5.50401759147644
5.42194390296936
5.4699883460998535
5.409933805465698
5.43996000289917
5.515027761459351
5.409934759140015
5.415938138961792
5.683180332183838
5.417940139770508
5.418942213058472
5.431953191757202
5.482999324798584
5.454970836639404
5.463982105255127
5.297830581665039
5.491006851196289
5.427948951721191
5.426948308944702
5.418940782546997
5.3388671875
5.310843467712402
5.457975387573242
5.50201678276062
5.360888719558716
5.476992607116699
5.518028974533081
5.874350309371948
5.43695592880249
5.476993560791016
5.387911558151245
5.4880030155181885
5.50201678276062
5.452971458435059
5.4169371128082275
5.5510594844818115
5.519031524658203
5.450969219207764
5.463981866836548
5.443963050842285
5.49801230430603
5.484999895095825
5.4429614543914795
5.483999729156494
5.307838439941406
5.574079751968384
5.492005348205566
5.5230348110198975
5.452969789505005
5.4319517612457275
5.497009038925171
5.608111619949341
5.4960103034973145
5.380903482437134
5.416938304901123
5.319849491119385
5.455974102020264
5.5450544357299805
5.420942544937134
5.534045934677124
5.4779932498931885
5.400924205780029
5.444962978363037
5.4529712200164795
5.405928611755371
5.385909557342529
5.522034645080566
5.392916917800903
5.443963289260864
5.274808168411255
5.298830032348633
5.56106972694397
5.7822699546813965
5.389914274215698
5.2487852573394775
5.4499688148498535
5.3598854541778564
5.487002611160278
5.407930612564087
5.349875211715698
5.369894742965698
5.450969457626343
5.412935018539429
5.535046100616455
5.4960103034973145
5.477993488311768
5.384909152984619
5.29782772064209
5.4579758644104
5.333861827850342
5.410932540893555
5.320847749710083
5.483999729156494
5.4449622631073
5.290824890136719
5.51502799987793
5.464982509613037
5.389913558959961
5.531042575836182
5.436957359313965
5.427948951721191
5.4619786739349365
5.507020711898804
5.337865829467773
5.41493558883667
5.511023998260498
5.408930778503418
5.496009588241577
5.5010151863098145
5.386910676956177
5.32685661315918
5.494008779525757
5.499012231826782
5.439959764480591
5.426947832107544
5.393915891647339
5.375900030136108
5.498011350631714
5.383908033370972
5.396919250488281
5.577082872390747
5.373899221420288
5.496009111404419
5.341870546340942
5.487001895904541
5.481999397277832
5.404925584793091
5.425945043563843
5.504018545150757
5.5140252113342285
5.5050177574157715
5.478993654251099
5.414934873580933
5.460978269577026
5.467984914779663
5.3999199867248535
5.5570666790008545
5.365891933441162
5.427947044372559
5.464980602264404
5.531042575836182
5.410932540893555
5.514026403427124
5.442961931228638
5.446966171264648
5.5430519580841064
5.474989652633667
5.4379565715789795
5.422942399978638
5.510023593902588
5.4099321365356445
5.328858375549316
5.519029855728149
5.504018306732178
5.425945043563843
5.421942472457886
5.445963144302368
5.324854612350464
5.442961931228638
5.499012470245361
5.296828031539917
5.5410497188568115
5.53704833984375
5.528040885925293
5.471987724304199
5.483999013900757
5.342870473861694
5.5010151863098145
5.530040979385376
5.382906675338745
5.515027284622192
5.463980436325073
5.736228942871094
5.585089683532715
5.467984676361084
5.478994607925415
5.487001180648804
5.510023593902588
5.488003969192505
5.505016088485718
5.44596266746521
5.441959857940674
5.4960103034973145
5.466984748840332
5.464980602264404
5.290823459625244
5.475992679595947
5.441961288452148
5.386911392211914
5.33786678314209
5.471980094909668
5.604108572006226
5.590094566345215
5.382905960083008
5.546054363250732
5.538048267364502
5.387911796569824
5.462980508804321
5.425946235656738
5.43395471572876
5.361887216567993
5.47698974609375
5.532040119171143
5.456974744796753
5.481996774673462
5.471987009048462
5.511023998260498
5.441960573196411
5.4970104694366455
5.449967384338379
5.486000299453735
5.54505467414856
5.451969385147095
5.451967239379883
5.482999086380005
5.659157037734985
5.6201231479644775
5.418939590454102
5.495009183883667
5.353880405426025
5.461978912353516
5.498011589050293
5.484999895095825
5.4609763622283936
5.337865591049194
5.401925325393677
5.491004705429077
5.48299765586853
5.4529712200164795
5.4459638595581055
5.462978363037109
5.514026165008545
5.404927492141724
5.47698712348938
5.395917177200317
5.468984365463257
5.383908271789551
5.502013683319092
5.535045146942139
5.430951118469238
5.410932540893555
5.4860005378723145
5.494007587432861
5.417939186096191
5.3999223709106445
5.478994369506836
5.437957525253296
5.342869997024536
5.502014636993408
5.5130250453948975
5.4569737911224365
5.456974744796753
5.450969219207764
5.435955286026001
5.471159219741821
