Timing log for each step:
0.027024030685424805
10.123753309249878
10.175381422042847
10.17185640335083
10.24733304977417
10.068021774291992
10.339634895324707
10.700848579406738
10.287775754928589
10.337438106536865
10.210976600646973
10.289089679718018
10.304802179336548
10.21127724647522
10.37215518951416
10.296451330184937
10.416393995285034
10.33491849899292
10.326863765716553
10.362065076828003
10.255102396011353
10.38924789428711
10.443777561187744
10.274494647979736
10.370059967041016
10.36491584777832
10.462020874023438
10.253522396087646
10.50435996055603
10.553851842880249
10.454915761947632
10.472904682159424
10.547868013381958
10.250612497329712
10.59548020362854
10.364523649215698
10.577890634536743
10.503442287445068
10.490532398223877
10.418790578842163
10.590427160263062
10.49620771408081
10.337583780288696
10.424474716186523
10.556659698486328
10.443644285202026
10.561528205871582
10.509725332260132
10.528578042984009
10.6204252243042
10.46786379814148
10.4188072681427
10.549625158309937
10.6046462059021
10.562333106994629
10.499366760253906
10.005098581314087
9.998079538345337
10.220468044281006
10.093873739242554
9.968905210494995
9.973094940185547
10.062872409820557
10.144077777862549
10.044313669204712
10.026859283447266
10.067944765090942
10.172778367996216
10.086781024932861
9.854726314544678
9.959367036819458
10.053516387939453
9.901306390762329
10.053049564361572
9.944677829742432
9.984341859817505
9.894132375717163
9.99436354637146
10.0033278465271
9.977942705154419
10.128216743469238
10.033568143844604
9.880791902542114
9.88042688369751
9.862600803375244
9.872348546981812
9.886173486709595
9.948557376861572
9.971609354019165
9.84418773651123
9.91537356376648
10.025889158248901
9.979717016220093
10.001986742019653
10.028958320617676
9.98933219909668
9.91295051574707
10.036017894744873
10.059446096420288
9.983673572540283
9.883017778396606
10.074480056762695
10.0657057762146
10.044569730758667
10.011862516403198
10.001013994216919
10.008558750152588
10.103014469146729
9.892889976501465
9.992841482162476
9.861410856246948
9.965796709060669
9.918405771255493
10.147150039672852
10.032766580581665
10.048478364944458
10.130038022994995
10.157863855361938
10.104897022247314
10.059047222137451
10.169694900512695
10.076340675354004
9.969173431396484
9.989708185195923
9.866023063659668
10.138675212860107
9.940376996994019
9.954874992370605
9.927892208099365
9.865044593811035
9.977999448776245
9.94754147529602
9.890722274780273
10.089522361755371
9.90808916091919
9.985123872756958
10.012423515319824
10.030115365982056
10.122559070587158
10.531526565551758
10.551682233810425
10.703603029251099
9.967830657958984
10.125720739364624
10.394532442092896
9.947231769561768
10.058348655700684
10.433588027954102
10.453578233718872
10.348799467086792
10.518072843551636
10.862650156021118
10.42072081565857
10.501410007476807
8.764225006103516
9.14069676399231
9.424016952514648
9.87932538986206
10.060384511947632
10.662978649139404
10.024320125579834
9.805244207382202
10.525132894515991
10.406282424926758
10.531911849975586
10.47401738166809
10.467305183410645
10.557562351226807
10.513424158096313
10.320986270904541
10.577325582504272
10.328305959701538
10.43166971206665
10.461196422576904
10.545302152633667
10.64649510383606
10.513174295425415
10.53820538520813
10.43792724609375
10.409022569656372
10.571755170822144
10.355513572692871
10.621042966842651
10.45143175125122
10.5437593460083
10.564574241638184
10.343437194824219
10.487423658370972
10.381252527236938
10.476850986480713
10.436362981796265
10.331815242767334
10.438475608825684
10.622634649276733
10.484291553497314
10.553356409072876
10.583730936050415
10.432952880859375
10.350512742996216
10.537851810455322
10.527194499969482
10.480808734893799
10.374564170837402
10.447900772094727
10.471756219863892
10.48209834098816
10.496335506439209
10.325390577316284
10.714072465896606
10.36168646812439
10.50801396369934
10.504634380340576
10.45793890953064
10.462366580963135
10.475697040557861
10.462044477462769
10.358067989349365
10.861894607543945
10.715016841888428
10.562271356582642
10.630087852478027
10.433872699737549
10.384901762008667
10.565024375915527
10.56889796257019
10.564511060714722
10.426627397537231
10.536275148391724
10.5476713180542
10.674647092819214
10.677517175674438
10.434064626693726
10.548148155212402
10.541512727737427
10.4934663772583
10.453054428100586
10.507232189178467
10.434436321258545
10.569216966629028
10.45958399772644
10.390534400939941
10.515082836151123
10.566307306289673
10.451689958572388
10.569502830505371
10.558111906051636
10.492657661437988
10.45896291732788
10.632516384124756
10.642329931259155
10.534464836120605
10.657127857208252
10.595948934555054
10.55916714668274
10.549290657043457
10.533239364624023
10.73413610458374
10.78543996810913
10.513124227523804
10.728009223937988
10.710146427154541
10.802257537841797
10.792276382446289
10.786246299743652
10.66653299331665
10.753591537475586
10.761076927185059
10.44371771812439
