Timing log for each step:
0.013011932373046875
1.9067351818084717
1.866335391998291
1.8487515449523926
1.8246593475341797
1.824221134185791
1.798957109451294
1.893721580505371
1.833667278289795
1.8229751586914062
1.8476805686950684
1.7696092128753662
1.7991302013397217
1.8899056911468506
1.8416731357574463
1.7983078956604004
1.8501768112182617
1.7485899925231934
1.7751319408416748
1.781134843826294
1.834686040878296
1.784623384475708
1.827744960784912
1.794323444366455
1.8506827354431152
1.80564284324646
1.884916067123413
1.9116489887237549
1.7946317195892334
1.9252872467041016
1.8130905628204346
1.74959135055542
1.914740800857544
1.8116049766540527
1.8476788997650146
1.7736124992370605
1.749121904373169
1.7188267707824707
1.7786166667938232
1.735116958618164
1.7680118083953857
1.7626008987426758
1.7355782985687256
1.861163854598999
1.8601291179656982
1.7295730113983154
1.838775634765625
1.8439357280731201
1.7135601043701172
1.9102697372436523
1.748425006866455
1.713559865951538
1.7351179122924805
1.7825233936309814
1.7285714149475098
1.8336663246154785
1.9152460098266602
1.7809860706329346
1.830664873123169
1.7618615627288818
1.8105506896972656
1.719564437866211
1.8126463890075684
1.752150058746338
1.899038553237915
1.8216571807861328
1.7847669124603271
1.767026662826538
1.8196544647216797
1.796633243560791
1.8285861015319824
1.791661262512207
1.7465877532958984
1.7989778518676758
1.775604248046875
1.7766144275665283
1.8036401271820068
1.841703176498413
1.7886254787445068
1.8136506080627441
1.7604880332946777
1.742583990097046
1.8366706371307373
1.7884800434112549
1.816819429397583
1.8226573467254639
1.780402660369873
1.80722975730896
1.7836213111877441
1.7726123332977295
1.847599744796753
1.9133479595184326
1.7616028785705566
1.8221771717071533
1.8213145732879639
1.819655418395996
1.7946317195892334
1.7991716861724854
1.8280465602874756
1.779618740081787
1.7106852531433105
1.736546277999878
1.7626032829284668
1.7836217880249023
1.7794766426086426
1.777587652206421
1.8156497478485107
1.8289384841918945
1.7822229862213135
1.7816219329833984
1.8436758518218994
1.7903878688812256
1.812154769897461
1.8206546306610107
1.8041801452636719
1.834078311920166
1.8366687297821045
1.7505927085876465
1.8499064445495605
1.7528178691864014
1.7756130695343018
1.8005890846252441
1.8126046657562256
1.761601209640503
1.8506782054901123
1.7747533321380615
1.7866263389587402
1.8096466064453125
1.8420007228851318
1.7516376972198486
1.762603521347046
1.7295715808868408
1.9010379314422607
1.8995814323425293
1.8476803302764893
1.8211076259613037
1.8366479873657227
1.9287540912628174
2.068882465362549
1.7643539905548096
1.8021035194396973
1.8076434135437012
1.8168210983276367
1.8490633964538574
1.772613763809204
1.8506767749786377
1.8056910037994385
1.805640697479248
1.794630765914917
1.7748491764068604
1.796107530593872
1.8436763286590576
1.804466724395752
1.7972991466522217
1.858689546585083
1.786186695098877
1.7615759372711182
1.9367618560791016
1.73958158493042
1.8821282386779785
1.8467490673065186
1.7916302680969238
1.8819563388824463
1.809068202972412
1.7886252403259277
1.9397616386413574
1.7533621788024902
1.774613380432129
1.825659990310669
1.7630343437194824
1.8330934047698975
1.7986342906951904
1.859692096710205
2.0551323890686035
1.8366711139678955
1.858689308166504
1.8145174980163574
1.8092236518859863
1.8566880226135254
1.8217434883117676
1.9428012371063232
1.865696668624878
1.7966325283050537
1.8109233379364014
1.7595927715301514
1.832667589187622
1.7708454132080078
1.8344614505767822
1.7696080207824707
1.8186542987823486
1.8517475128173828
1.822664737701416
1.9277534484863281
1.7532520294189453
1.7990360260009766
1.8827118873596191
1.9032566547393799
1.8039424419403076
1.740579605102539
1.8997256755828857
1.7954227924346924
1.8311550617218018
1.7986359596252441
1.874291181564331
1.7868969440460205
1.777616262435913
1.8656959533691406
1.7831511497497559
1.793013572692871
1.772611141204834
1.8182575702667236
1.7358574867248535
1.883713722229004
1.8137352466583252
1.7667748928070068
1.8386716842651367
1.764604091644287
1.7739832401275635
1.852910041809082
1.937760591506958
1.8091795444488525
1.8090455532073975
1.805643081665039
1.7806193828582764
1.7695600986480713
1.825730323791504
1.764603853225708
1.8127171993255615
1.8705496788024902
1.746589183807373
1.8104255199432373
1.9043385982513428
1.7405834197998047
1.8877167701721191
1.7834324836730957
1.779620885848999
1.7976336479187012
1.9304280281066895
1.8601956367492676
1.7836227416992188
1.8883094787597656
1.7944021224975586
1.8418359756469727
1.9177441596984863
1.827807903289795
1.795703411102295
1.7495925426483154
1.8136487007141113
1.93129563331604
1.7563538551330566
1.8616933822631836
1.8299109935760498
1.8981270790100098
1.7926301956176758
1.8171641826629639
1.8355963230133057
1.8077518939971924
1.7455873489379883
1.853935718536377
1.8103911876678467
1.7776167392730713
1.7816214561462402
1.7652909755706787
1.7731878757476807
1.8536863327026367
1.8248918056488037
1.9167091846466064
1.7826204299926758
1.8747053146362305
1.8172907829284668
1.9337894916534424
1.9207465648651123
1.9393949508666992
1.79683518409729
1.9257500171661377
1.7706108093261719
1.7682926654815674
1.8026394844055176
1.8506829738616943
1.767343521118164
1.8276021480560303
1.8346686363220215
1.732703685760498
1.90494704246521
1.8106470108032227
1.7746143341064453
1.9269530773162842
1.7750494480133057
1.74458646774292
1.7812049388885498
1.7497715950012207
1.8376708030700684
1.819655179977417
1.8503265380859375
1.8918111324310303
1.8496825695037842
1.855295181274414
1.9126739501953125
1.9187531471252441
1.7966337203979492
1.9042067527770996
1.8081586360931396
1.7866249084472656
1.8842711448669434
1.8556678295135498
1.91874361038208
1.7986366748809814
1.8252291679382324
1.8030424118041992
1.732574462890625
1.8972923755645752
1.8153436183929443
1.8056409358978271
1.7616024017333984
1.791090965270996
1.8254666328430176
1.8576900959014893
2.072901725769043
1.858215093612671
1.8166539669036865
1.7949934005737305
1.8370428085327148
1.823660135269165
1.9697914123535156
1.8992202281951904
1.8051354885101318
1.8306653499603271
1.9228990077972412
1.7749602794647217
1.8026411533355713
1.8276619911193848
1.8721723556518555
1.8498656749725342
1.8666975498199463
1.893967866897583
1.7686398029327393
1.745586633682251
1.7676079273223877
1.7695815563201904
1.8967254161834717
1.8417913913726807
1.893493413925171
1.809645414352417
2.110919952392578
1.8674027919769287
1.8374695777893066
1.878709077835083
1.9413161277770996
1.8123729228973389
1.801638126373291
1.8006367683410645
1.7875945568084717
1.8553531169891357
1.884713888168335
1.8008763790130615
1.8300492763519287
1.8086440563201904
1.801163911819458
1.890164852142334
1.775611400604248
1.9117381572723389
1.8089163303375244
1.871713638305664
1.929755687713623
1.7611298561096191
1.9115023612976074
1.8106458187103271
1.8586907386779785
1.9100239276885986
1.8859996795654297
1.850682258605957
1.8238003253936768
1.8817005157470703
1.960770606994629
1.7806189060211182
1.8422267436981201
1.771167516708374
1.8456790447235107
1.7681193351745605
1.9441673755645752
1.821657657623291
1.7796170711517334
1.774533748626709
1.8308217525482178
1.8156507015228271
1.8097853660583496
1.8250932693481445
1.752593755722046
1.9082684516906738
1.8692846298217773
1.8366708755493164
1.895723819732666
1.8507611751556396
1.757859468460083
1.8096470832824707
1.8732080459594727
1.8085098266601562
1.9017302989959717
1.804640293121338
1.947282314300537
1.863039255142212
1.776615858078003
1.9568986892700195
1.8632001876831055
1.8236591815948486
1.8522405624389648
1.7839257717132568
1.8456788063049316
1.9142801761627197
1.8007073402404785
1.9277539253234863
1.8476786613464355
1.8071599006652832
1.8290417194366455
1.8116490840911865
1.9489245414733887
1.7504119873046875
1.785623550415039
1.8442018032073975
1.8316009044647217
1.8356709480285645
2.0118308067321777
1.855773687362671
1.8642823696136475
1.846679925918579
1.815244197845459
1.849665880203247
1.8516840934753418
1.956780195236206
1.8672757148742676
1.8187737464904785
1.8226547241210938
1.9078598022460938
1.869210958480835
1.8496837615966797
1.8606927394866943
1.8370811939239502
1.7677018642425537
1.893721580505371
1.8141579627990723
1.8396022319793701
1.751594066619873
1.7941555976867676
1.8000335693359375
1.8066444396972656
1.91774320602417
1.9066174030303955
1.814650535583496
1.779618740081787
1.7889070510864258
1.8300349712371826
1.9557788372039795
1.8011894226074219
1.819049596786499
1.8177094459533691
1.8316657543182373
1.848151683807373
1.8400425910949707
1.8456790447235107
1.8231678009033203
1.945923089981079
1.9286794662475586
1.8376717567443848
1.827765703201294
1.9047257900238037
1.8066432476043701
1.977799415588379
1.7913832664489746
1.7756156921386719
1.7976362705230713
1.7975146770477295
1.9162859916687012
1.80063796043396
1.8237757682800293
1.886620044708252
1.8656959533691406
1.9397644996643066
1.8181560039520264
1.7666306495666504
1.812650203704834
1.8731791973114014
1.9118802547454834
1.893723487854004
1.856229305267334
1.7488558292388916
1.7456281185150146
1.8526852130889893
1.8221673965454102
1.8328948020935059
1.8897197246551514
1.832667350769043
1.7651023864746094
1.756598711013794
1.8266613483428955
1.8343052864074707
1.8440592288970947
1.8997275829315186
1.8067121505737305
1.77052640914917
1.8256607055664062
1.8596909046173096
1.852787971496582
1.8186535835266113
1.8186545372009277
1.7621738910675049
1.8489854335784912
1.8596913814544678
1.8908841609954834
1.852503776550293
1.8787078857421875
1.868699550628662
1.8597590923309326
1.95377779006958
1.9207477569580078
1.8748359680175781
1.857689619064331
1.7826223373413086
1.8405275344848633
1.8529994487762451
1.8066449165344238
1.7549769878387451
1.7901897430419922
1.830665111541748
1.851022720336914
1.8147485256195068
1.8426759243011475
1.75559663772583
1.774432897567749
1.999819040298462
1.7616024017333984
1.9410536289215088
1.833745002746582
1.9007289409637451
2.023966073989868
1.813471794128418
1.878709077835083
1.8076446056365967
2.007800817489624
1.7539491653442383
1.8126482963562012
1.8281259536743164
1.8248226642608643
1.8747050762176514
1.831796646118164
1.8002407550811768
1.8837120532989502
1.828662633895874
1.7791001796722412
1.9182853698730469
1.8937220573425293
1.8728370666503906
1.9055743217468262
1.915743112564087
1.934760570526123
1.9010646343231201
1.8987267017364502
1.9057345390319824
1.8227427005767822
1.8576428890228271
1.784623384475708
1.8902943134307861
1.9285659790039062
1.8106465339660645
1.77561616897583
1.95992112159729
1.8779056072235107
1.9557805061340332
1.8492486476898193
1.7965688705444336
1.8306634426116943
1.8256604671478271
1.8061139583587646
1.8141796588897705
1.8246614933013916
1.8379096984863281
1.9545557498931885
1.9557807445526123
1.8472368717193604
1.8732781410217285
1.8747055530548096
1.8352060317993164
1.8759796619415283
1.9147746562957764
1.9257524013519287
1.8814387321472168
1.8917670249938965
1.8967244625091553
1.9038701057434082
1.8299052715301514
2.008826732635498
1.9978179931640625
1.9055116176605225
1.9027307033538818
1.8296639919281006
1.8390014171600342
1.8902390003204346
1.8967251777648926
1.8708171844482422
1.7807252407073975
2.0258419513702393
1.9102678298950195
1.802400827407837
1.982804298400879
1.8882300853729248
1.8377888202667236
1.8626255989074707
1.8256621360778809
2.0846219062805176
2.04986310005188
2.009823799133301
1.8662385940551758
1.8182604312896729
1.7616033554077148
1.8241987228393555
1.9229421615600586
1.874706506729126
1.8538167476654053
1.8800454139709473
1.80063796043396
1.8302090167999268
1.825167179107666
1.903731346130371
1.8151986598968506
1.9260926246643066
1.9407665729522705
1.7581267356872559
1.900202751159668
1.9207468032836914
1.8506832122802734
1.799652338027954
1.8496863842010498
1.9697916507720947
1.838670253753662
1.9067983627319336
1.8807108402252197
1.830268383026123
1.8017451763153076
1.803640365600586
1.8753597736358643
1.9790263175964355
1.829664707183838
1.8600265979766846
1.8021109104156494
1.7896270751953125
2.0272867679595947
1.7245738506317139
1.8827128410339355
1.8161842823028564
1.834552526473999
1.979806661605835
1.9117391109466553
1.9817204475402832
1.912740707397461
1.9372687339782715
1.944570779800415
1.8526849746704102
1.9487733840942383
1.8755278587341309
1.9247703552246094
1.9347591400146484
1.9252629280090332
2.0073299407958984
1.8466782569885254
1.999286413192749
1.9592511653900146
1.8456783294677734
1.8488624095916748
1.8903710842132568
1.902730941772461
1.8177270889282227
1.7770483493804932
1.8016388416290283
1.999817132949829
1.9067087173461914
2.0064167976379395
1.913740873336792
1.8590960502624512
1.8229482173919678
1.91774582862854
1.8091628551483154
1.8735275268554688
1.8026390075683594
1.8386714458465576
1.844590425491333
1.8516850471496582
1.851682424545288
1.916693925857544
1.8300669193267822
1.8606927394866943
1.7749271392822266
1.9178335666656494
1.8396735191345215
1.8436787128448486
1.9044909477233887
1.8345763683319092
1.7946314811706543
1.8517966270446777
1.8912723064422607
1.8626952171325684
1.8408045768737793
1.8386778831481934
1.7966351509094238
1.7866251468658447
1.7998440265655518
1.7583136558532715
1.79062819480896
2.0220072269439697
1.9165875911712646
2.342129707336426
1.8386728763580322
1.8817002773284912
1.7475922107696533
1.8747060298919678
1.849142074584961
1.8998122215270996
1.8126482963562012
1.8406753540039062
1.900529384613037
1.791973352432251
1.8056426048278809
1.8432271480560303
1.8446624279022217
1.824028730392456
1.9127388000488281
1.7983543872833252
1.8921482563018799
1.955777645111084
1.9238409996032715
1.8272490501403809
1.7716114521026611
1.869251012802124
1.8698205947875977
1.800367832183838
1.8817124366760254
1.9088571071624756
1.839918851852417
1.8686983585357666
1.8451831340789795
1.835620641708374
1.9608933925628662
1.809645414352417
1.8788490295410156
1.9442319869995117
1.804640769958496
1.8386716842651367
2.0814924240112305
1.9317712783813477
1.82065749168396
1.9103491306304932
2.034869432449341
1.8476800918579102
1.8890056610107422
1.8700594902038574
1.7936313152313232
1.7961993217468262
1.7888164520263672
1.8566889762878418
1.8506832122802734
1.7836754322052002
1.8423542976379395
1.790628433227539
1.83335542678833
1.8054900169372559
1.7776167392730713
1.7926299571990967
1.8035497665405273
1.911268711090088
1.8426759243011475
1.902982473373413
1.981102705001831
1.914740800857544
1.808645486831665
1.8774900436401367
1.903902292251587
1.776616096496582
1.8603553771972656
1.8141884803771973
1.8787100315093994
1.9252994060516357
1.8856046199798584
1.8797094821929932
1.8186542987823486
1.813291311264038
1.9149153232574463
1.89772629737854
1.8359003067016602
1.879380226135254
1.9229762554168701
1.9057343006134033
1.9833896160125732
1.8694350719451904
1.9127399921417236
1.8166522979736328
1.9577131271362305
1.8848588466644287
1.8917198181152344
1.8653297424316406
1.8440368175506592
1.8536877632141113
1.8298025131225586
1.9284586906433105
1.895723581314087
1.8256597518920898
1.8425390720367432
1.886223554611206
1.8987278938293457
1.9524781703948975
1.8499953746795654
1.861692190170288
1.81718111038208
1.9104959964752197
1.8286619186401367
2.01883602142334
1.9798674583435059
1.985806941986084
1.8987281322479248
1.8083477020263672
1.840850591659546
1.8416748046875
1.848478078842163
1.8646948337554932
1.9227485656738281
1.845827579498291
1.7785730361938477
1.7415850162506104
1.8592767715454102
1.838731288909912
1.7626032829284668
1.9157416820526123
1.8297803401947021
1.8807106018066406
1.81565260887146
1.8626506328582764
1.799858808517456
1.8576898574829102
1.7607002258300781
1.891925573348999
1.7696094512939453
1.8947229385375977
1.9639959335327148
1.8456785678863525
1.8556873798370361
1.7790672779083252
1.8709852695465088
1.9037296772003174
1.8071510791778564
1.7752845287322998
1.8036398887634277
1.7986347675323486
1.854588508605957
1.8616926670074463
1.8887183666229248
1.8376572132110596
1.8917815685272217
1.96378493309021
1.8254871368408203
1.9691698551177979
1.828664779663086
1.869992733001709
1.8280012607574463
1.8060193061828613
1.7766151428222656
1.80576491355896
1.8219678401947021
1.7545957565307617
1.7796180248260498
1.839219331741333
1.816004991531372
1.8757052421569824
1.8027865886688232
1.830796480178833
1.8857159614562988
1.8146517276763916
1.8286430835723877
1.970911979675293
1.8296632766723633
1.863234281539917
1.841907024383545
1.8186545372009277
1.8356671333312988
1.8219554424285889
1.8889567852020264
1.8456783294677734
1.8239378929138184
1.9761693477630615
1.8526849746704102
1.867248773574829
1.7925713062286377
1.8327529430389404
1.8056426048278809
1.8085689544677734
1.8411121368408203
1.843677282333374
2.0033819675445557
1.9055547714233398
1.9097373485565186
1.8536653518676758
1.819645643234253
1.9407660961151123
1.7976346015930176
1.7367072105407715
1.894127368927002
1.7956318855285645
1.8593003749847412
1.8586604595184326
1.9417665004730225
1.865696907043457
1.830939769744873
1.8757057189941406
1.801640272140503
1.7980191707611084
1.8422420024871826
1.8116481304168701
1.8008105754852295
1.8503243923187256
1.9417665004730225
1.8006377220153809
1.8451435565948486
1.8442132472991943
1.7886264324188232
1.8457984924316406
1.8049066066741943
1.9497740268707275
1.825660228729248
1.7956132888793945
1.809105396270752
1.8556861877441406
1.9000763893127441
1.8148739337921143
1.8116471767425537
1.825660228729248
1.8873140811920166
1.808744192123413
1.8707005977630615
1.8191685676574707
1.8279504776000977
1.8636865615844727
1.965787410736084
2.0535197257995605
2.1337039470672607
1.8977277278900146
1.7981107234954834
1.8367807865142822
1.856689453125
1.9132494926452637
1.8135411739349365
1.8887181282043457
1.849682092666626
1.8828489780426025
1.9470484256744385
1.9047324657440186
1.8818461894989014
1.837935209274292
1.8576881885528564
1.8967249393463135
1.8205409049987793
1.812608003616333
1.8326666355133057
1.8117718696594238
1.8576304912567139
1.8446781635284424
1.8413763046264648
1.7738933563232422
1.873703956604004
1.9082832336425781
1.8415305614471436
1.9017860889434814
1.8196542263031006
1.8878133296966553
1.8337304592132568
1.843677043914795
1.8506829738616943
1.8353612422943115
1.9214446544647217
1.8006389141082764
1.939316749572754
1.886732578277588
1.8345472812652588
1.8366718292236328
1.9511232376098633
1.8960590362548828
1.8206567764282227
1.8613357543945312
1.8507976531982422
1.856689691543579
1.8927209377288818
1.9282886981964111
1.8319153785705566
1.8676986694335938
1.9561254978179932
1.7830379009246826
1.858689785003662
1.7992181777954102
1.7886347770690918
1.7946321964263916
1.895723819732666
1.861354112625122
1.8478343486785889
1.789626121520996
1.8661625385284424
1.871847152709961
1.947770595550537
1.7936315536499023
1.9138727188110352
1.8656957149505615
1.8436765670776367
1.8117036819458008
1.8472070693969727
1.8857150077819824
1.8109841346740723
1.8277490139007568
1.873704195022583
1.8666965961456299
1.8381507396697998
1.8301424980163574
2.0358519554138184
1.8202733993530273
1.8629262447357178
1.8006360530853271
1.8438115119934082
1.823275089263916
1.8156499862670898
1.805154800415039
1.9563322067260742
1.8506827354431152
1.8426761627197266
1.8069946765899658
1.829791784286499
1.8136487007141113
2.045170783996582
1.8893272876739502
1.861691951751709
1.8111844062805176
1.793792963027954
1.8206567764282227
1.8366713523864746
1.8553683757781982
1.862825632095337
1.8596906661987305
1.839303731918335
1.7642264366149902
1.8496828079223633
1.8256614208221436
1.8208131790161133
1.8291606903076172
1.8346691131591797
1.8538072109222412
1.8106539249420166
1.8947257995605469
1.8321921825408936
1.8272912502288818
1.8336670398712158
1.8927202224731445
1.8787553310394287
1.8336496353149414
1.7986347675323486
1.838271141052246
1.7820091247558594
1.9037299156188965
1.8022000789642334
1.93568754196167
1.866697072982788
1.839672565460205
1.8198139667510986
1.8441474437713623
1.8316683769226074
1.7681879997253418
1.781522512435913
1.7378528118133545
1.8576903343200684
1.803767204284668
1.8530917167663574
1.845679759979248
1.8047471046447754
1.843940019607544
1.8476800918579102
1.818655252456665
1.888516902923584
1.7906031608581543
1.74959135055542
1.8329076766967773
1.7878320217132568
1.7996375560760498
1.7836225032806396
1.7821884155273438
1.8433873653411865
1.9627854824066162
1.917006492614746
1.8892326354980469
1.8897180557250977
1.7781553268432617
1.8767647743225098
1.7946267127990723
1.8396720886230469
1.7628693580627441
1.8322155475616455
1.8076438903808594
1.8446786403656006
1.829793930053711
1.8239800930023193
1.7676076889038086
1.8002221584320068
1.9255659580230713
1.8226587772369385
1.8977248668670654
1.8848609924316406
1.8599469661712646
1.7996373176574707
1.8442418575286865
1.8083951473236084
1.81064772605896
1.8456783294677734
1.9972527027130127
1.8276431560516357
1.8256607055664062
1.9503424167633057
1.941767692565918
1.8036410808563232
1.9197452068328857
1.7633485794067383
1.8754692077636719
1.826662302017212
1.8166539669036865
1.8967208862304688
1.799793004989624
1.8436763286590576
1.8247368335723877
1.7862474918365479
1.8056423664093018
1.816652536392212
1.828308343887329
1.8190581798553467
1.7846226692199707
1.822741985321045
1.8110864162445068
1.8286628723144531
1.7856237888336182
1.759732961654663
1.849682331085205
1.8466806411743164
1.8271305561065674
1.7808406352996826
1.8286628723144531
1.8462371826171875
1.839378833770752
1.8516838550567627
1.930755615234375
1.9389307498931885
1.8759894371032715
1.926929235458374
1.8765435218811035
1.937709093093872
