Timing log for each step:
0.010011911392211914
10.358844518661499
10.267080068588257
10.060860633850098
10.122904300689697
10.09512710571289
10.07772946357727
10.127712488174438
10.104026794433594
10.150698900222778
10.12414026260376
10.274564266204834
10.113114356994629
10.367644786834717
10.14551043510437
10.122443199157715
10.220062971115112
10.185677289962769
10.273719787597656
10.23622465133667
10.379546880722046
10.207242727279663
10.279517412185669
10.327685832977295
10.038167238235474
10.084234237670898
10.22031831741333
10.207372665405273
10.326297044754028
10.404165029525757
10.224096775054932
10.361473560333252
10.445178031921387
10.304999828338623
10.274705171585083
10.300318479537964
10.326289176940918
10.307384490966797
9.631421566009521
9.723228693008423
9.843030214309692
9.746764898300171
9.94221806526184
10.262444496154785
9.648080348968506
9.151254415512085
9.929724216461182
9.262887954711914
9.182536840438843
9.015655040740967
9.217339515686035
9.287048101425171
9.18562364578247
9.161969423294067
9.16980528831482
9.237348556518555
9.147978782653809
9.348285913467407
9.196831941604614
9.069756984710693
9.06433367729187
9.40167784690857
9.325682878494263
9.266281366348267
9.215766906738281
8.996387481689453
9.365281581878662
9.182689428329468
9.185529232025146
9.309698581695557
9.026013374328613
9.285635232925415
9.24435567855835
9.156797409057617
9.070346593856812
9.189542531967163
9.120962858200073
9.06894588470459
9.062349557876587
9.243288278579712
8.96140456199646
9.187875986099243
9.164999961853027
9.182015895843506
9.223840475082397
9.768996238708496
9.669799089431763
9.748286008834839
9.855722665786743
9.8487389087677
9.641223192214966
9.819247245788574
9.77177882194519
9.679509162902832
9.79635214805603
9.728191614151001
9.744951009750366
9.592806339263916
9.699846267700195
9.689929246902466
9.833543300628662
9.736079692840576
9.704888105392456
9.707784175872803
9.821524381637573
9.622110366821289
9.565217733383179
9.639241933822632
9.441459655761719
9.759721755981445
9.653873205184937
9.658872365951538
9.765471458435059
9.532413959503174
9.69776439666748
9.688161849975586
9.624470710754395
9.60516619682312
9.704243659973145
9.797232627868652
9.668412923812866
9.652568101882935
9.653671264648438
9.788564205169678
9.625488758087158
9.665717124938965
9.695953369140625
9.87802243232727
9.616234064102173
9.704238653182983
9.6301748752594
9.603963851928711
9.693412780761719
9.713501930236816
9.60114598274231
9.74631929397583
9.64268946647644
9.569134950637817
9.562973499298096
9.555456638336182
9.745958089828491
9.64728569984436
9.6629319190979
9.65633749961853
9.603081703186035
10.210476160049438
10.104664325714111
10.105525255203247
10.410601139068604
10.258943796157837
10.283406257629395
10.303292751312256
10.359975814819336
10.277514934539795
10.218510389328003
10.176647901535034
10.243967533111572
10.416035413742065
10.3414785861969
10.4390869140625
10.197951555252075
10.241429805755615
10.154239177703857
10.404892444610596
10.291073560714722
10.294965744018555
10.339973211288452
10.409211158752441
10.391002893447876
10.3827543258667
10.441096782684326
10.177038431167603
10.04483675956726
10.3292076587677
10.325739622116089
10.252464294433594
10.472063779830933
10.271232604980469
10.403549194335938
10.4259352684021
10.435144662857056
10.523257970809937
10.488173007965088
10.50087285041809
10.457085847854614
10.385392904281616
10.364571332931519
10.4460289478302
10.37449336051941
10.398762702941895
10.591062068939209
10.395811080932617
10.406256914138794
10.374470472335815
10.422412157058716
10.481032609939575
10.3092782497406
10.359489917755127
10.408722877502441
10.466392278671265
10.37318468093872
10.471260070800781
10.51357364654541
10.434252500534058
10.45220136642456
10.401025295257568
10.42004942893982
10.362454175949097
10.304966688156128
10.466540813446045
10.407586812973022
10.520548105239868
10.395123720169067
10.492274522781372
10.335445880889893
10.384814977645874
10.448259592056274
10.346152782440186
10.389804601669312
10.46451735496521
10.519423007965088
10.517081260681152
10.403124332427979
10.434979438781738
10.489519119262695
10.465406894683838
10.329071998596191
10.334590196609497
10.335196018218994
9.716164112091064
9.605990648269653
9.865172624588013
9.831823110580444
9.787179946899414
9.799461841583252
10.279059648513794
10.109366178512573
10.478733777999878
10.025766611099243
10.258672952651978
9.87946891784668
10.487034797668457
9.82675838470459
9.812838554382324
9.905281782150269
10.10024619102478
10.419604778289795
9.866158723831177
10.388733386993408
8.76471757888794
9.841594696044922
9.340513229370117
9.558117628097534
9.465603590011597
9.31950068473816
9.400973796844482
9.427445411682129
10.312133073806763
9.408465147018433
9.45247769355774
9.424584865570068
10.464940309524536
9.827571153640747
10.54202914237976
10.398456573486328
10.324441909790039
10.361039876937866
10.468924045562744
10.51356315612793
10.41189694404602
9.224154710769653
