Timing log for each step:
0.01701521873474121
5.594679117202759
5.543132066726685
5.380978107452393
5.568315267562866
5.532410383224487
5.536549091339111
5.52111291885376
5.532124042510986
5.487509489059448
5.496270179748535
5.363894939422607
5.514899969100952
5.4512858390808105
5.5671141147613525
5.601658582687378
5.531558036804199
5.768253326416016
5.730779409408569
5.542217493057251
5.620649814605713
5.810799598693848
5.58856201171875
5.815742254257202
5.540089845657349
5.59315824508667
5.649316310882568
5.545011043548584
5.599276304244995
5.6217405796051025
5.496087074279785
5.53861403465271
5.467983961105347
5.4485156536102295
5.729637384414673
5.4900500774383545
5.600749969482422
5.860591411590576
5.592855215072632
5.514537811279297
5.5923237800598145
5.552415132522583
5.682103157043457
5.767962455749512
5.506089448928833
5.33275842666626
5.732727527618408
5.9365692138671875
5.425725936889648
5.41930365562439
5.80403733253479
5.63013219833374
5.548084259033203
5.666066408157349
5.53290057182312
5.653732776641846
5.683065891265869
5.55706524848938
5.6469407081604
5.567083358764648
5.643650531768799
5.519268274307251
5.642532825469971
5.416366815567017
5.57807993888855
5.838249206542969
5.468606233596802
5.531454801559448
5.895976781845093
5.770996809005737
5.5745813846588135
5.602560043334961
5.754605531692505
5.642620801925659
5.522912263870239
5.69947624206543
5.527212142944336
5.801488637924194
5.685034275054932
5.685457229614258
5.598788022994995
5.61657190322876
5.811882019042969
5.951772451400757
5.507887363433838
5.551508903503418
5.47189736366272
5.528945207595825
5.848204612731934
5.632877349853516
5.497213363647461
5.5841453075408936
5.506877422332764
5.684117317199707
6.047353029251099
5.682649374008179
5.539203882217407
5.742163419723511
5.709446907043457
5.746605157852173
5.608598232269287
5.637345790863037
5.692189455032349
5.587247371673584
5.602933883666992
5.682435035705566
5.92688250541687
5.6242454051971436
5.5381481647491455
5.753415107727051
5.784096717834473
5.619608640670776
5.635576009750366
5.587594985961914
5.505058288574219
5.588474750518799
5.644662141799927
5.658876419067383
6.2112135887146
5.645859718322754
5.621169328689575
5.5911571979522705
5.625103712081909
5.780260324478149
5.8070385456085205
5.664183616638184
5.584839105606079
5.734506607055664
5.784200668334961
5.63799786567688
5.715649843215942
5.663021564483643
5.89037013053894
5.518643140792847
5.542928218841553
5.811291694641113
5.843270301818848
5.469803810119629
5.57484769821167
5.764255523681641
5.7141478061676025
5.8529253005981445
5.535566568374634
5.710690021514893
5.776316404342651
5.715722322463989
5.7829413414001465
5.598449945449829
5.656751394271851
5.745039463043213
5.698424577713013
5.713411808013916
5.640550851821899
5.6335954666137695
5.95000147819519
5.750852108001709
5.5775063037872314
5.546011209487915
5.573107481002808
5.61856484413147
5.435930490493774
5.6157310009002686
5.498912572860718
5.69774866104126
5.639240503311157
5.822688102722168
5.6458189487457275
5.68617844581604
5.627760171890259
5.981362581253052
5.833311080932617
5.588860750198364
5.7076356410980225
5.714510202407837
5.568447113037109
5.5350422859191895
5.697704076766968
5.412382125854492
5.608650207519531
5.682609796524048
5.755216836929321
5.469749689102173
5.6035356521606445
5.714563846588135
5.639753580093384
5.810168504714966
5.697704553604126
5.643563985824585
5.620822906494141
5.823840856552124
5.762954235076904
5.814162492752075
5.5355658531188965
5.910413503646851
5.722837448120117
5.785689353942871
5.702071666717529
5.719437599182129
5.6620471477508545
5.794196844100952
5.752135753631592
5.95332145690918
5.826554775238037
5.71524977684021
5.766090631484985
5.8183817863464355
5.692713499069214
5.766446828842163
5.782834529876709
5.806301593780518
5.761169672012329
5.687118053436279
5.631592273712158
6.217973232269287
6.057515859603882
5.607580661773682
5.63603949546814
5.7312541007995605
5.951035499572754
5.860835552215576
5.520575761795044
5.777352333068848
5.773104190826416
5.625621557235718
5.747622489929199
5.6465678215026855
5.892942905426025
5.721867799758911
5.792935132980347
5.6395580768585205
5.490427732467651
5.676508903503418
5.917983293533325
5.787545442581177
5.541608095169067
5.5710766315460205
5.980344295501709
5.6554388999938965
5.635638475418091
6.049521446228027
5.777838706970215
5.666150093078613
5.776875257492065
5.899873733520508
5.5493855476379395
5.646597623825073
5.6709983348846436
5.772302150726318
5.862169027328491
5.633650541305542
5.812291622161865
5.576218366622925
5.663052797317505
5.7312140464782715
5.488771915435791
5.579524517059326
5.833327054977417
5.733253002166748
5.622134208679199
5.833117961883545
5.715717792510986
5.555993318557739
5.6529154777526855
5.603636741638184
5.626239061355591
5.6984922885894775
5.747613906860352
5.568608522415161
5.675718069076538
6.031497001647949
5.918232202529907
5.859877586364746
5.566962718963623
5.649410009384155
5.562209606170654
5.792992353439331
5.629875183105469
5.703410863876343
5.775753974914551
5.9097373485565186
5.717758417129517
5.708770036697388
5.804813861846924
5.637588262557983
5.67346715927124
5.828150749206543
5.648259878158569
5.635183811187744
6.110428333282471
5.585797309875488
5.705195188522339
5.8138322830200195
5.880510568618774
5.775780200958252
5.678205966949463
5.745891809463501
5.687122583389282
5.589611291885376
5.628627300262451
5.665818691253662
5.74565052986145
5.75524115562439
5.706131219863892
5.99546480178833
5.849484205245972
5.590439558029175
5.764439344406128
5.593680381774902
5.616898536682129
5.742192268371582
5.579639196395874
5.613373756408691
5.790629625320435
5.876866579055786
5.788925647735596
5.528061628341675
5.8050878047943115
5.776266813278198
5.650706052780151
5.8907225131988525
5.92633581161499
5.926604747772217
5.7370336055755615
5.747098922729492
5.661776304244995
5.560181617736816
5.720271825790405
5.651040315628052
5.5585713386535645
5.650404930114746
5.600059986114502
5.7100865840911865
5.652653694152832
6.157476425170898
5.605533838272095
5.7371625900268555
5.860087633132935
5.836467027664185
5.567599773406982
5.706636667251587
5.717717409133911
5.553359270095825
5.890796422958374
5.806694269180298
5.7407753467559814
5.750727891921997
6.051827430725098
5.81675910949707
5.769440650939941
5.777721881866455
5.69068717956543
5.684562921524048
5.811966419219971
5.669544696807861
5.707716464996338
5.8201494216918945
5.927253484725952
5.769140720367432
5.650705575942993
5.941384553909302
5.822910308837891
5.765141248703003
5.6683878898620605
5.6337103843688965
5.617552757263184
5.821327447891235
5.82314133644104
5.773147821426392
5.630643606185913
5.965479373931885
5.843197584152222
5.740155458450317
5.775537967681885
5.622851610183716
5.7556986808776855
5.761784791946411
5.8244874477386475
5.850246906280518
5.779032945632935
5.557566404342651
5.660772800445557
5.686630010604858
5.623562812805176
5.696715831756592
5.638294696807861
5.994391202926636
6.080973863601685
5.785434722900391
5.819166421890259
5.878270864486694
5.622625350952148
5.722736835479736
5.697239398956299
5.622563123703003
5.955524921417236
5.859238386154175
5.6535868644714355
5.973971128463745
5.810625791549683
5.5304365158081055
5.797107696533203
5.887514352798462
5.5976176261901855
5.788269281387329
5.923218727111816
5.526901006698608
5.747750520706177
5.715437173843384
5.6573381423950195
5.888259410858154
5.632492303848267
5.6384851932525635
5.726763725280762
5.783862113952637
5.710648536682129
5.644474983215332
5.622564792633057
5.844320774078369
5.688055992126465
5.836311340332031
5.807432174682617
5.748067378997803
5.565623760223389
5.763084411621094
5.776406526565552
5.832311153411865
5.625358819961548
5.610378265380859
5.79384708404541
5.668180465698242
5.669921398162842
5.623549461364746
5.724277019500732
5.613593816757202
5.92551064491272
6.128139495849609
5.6258955001831055
5.768998622894287
5.6566760540008545
5.620703220367432
5.677954912185669
5.737074375152588
5.657973766326904
6.084266185760498
5.806286096572876
5.953096628189087
5.605468273162842
5.735995769500732
5.590604782104492
5.610112190246582
5.649045705795288
5.962028741836548
5.935530662536621
5.679176092147827
5.736272096633911
5.680836200714111
5.655295372009277
5.913384914398193
6.154381275177002
5.625556945800781
5.545560598373413
5.919724941253662
5.703499794006348
5.897867918014526
5.993261337280273
5.799041271209717
5.750662803649902
5.886794567108154
5.71712589263916
5.655627489089966
5.825527667999268
5.7179625034332275
5.645610094070435
5.797335624694824
5.749440908432007
5.657670497894287
5.596972942352295
5.799425840377808
5.703744888305664
5.571985483169556
5.537036180496216
5.779036283493042
6.057595252990723
5.908687353134155
5.722448348999023
5.649866104125977
5.814362525939941
5.700767755508423
6.086755990982056
5.504406452178955
5.983918905258179
5.721724033355713
5.7129905223846436
5.751699686050415
5.724428415298462
5.582936525344849
5.572603940963745
5.720462083816528
5.88081955909729
5.889331579208374
5.958073616027832
5.639876127243042
5.6183695793151855
5.824809312820435
5.702813386917114
5.763337850570679
5.647579193115234
5.590605735778809
5.84858775138855
5.829927206039429
5.846534729003906
5.525541305541992
5.751540660858154
5.76347804069519
5.702489852905273
5.6801698207855225
5.60254693031311
5.834179878234863
6.123015642166138
5.776398420333862
5.885498046875
5.700495958328247
5.597517728805542
6.284233093261719
5.7742390632629395
5.797147274017334
5.921886205673218
5.6274824142456055
5.822258472442627
5.689776420593262
5.661661148071289
5.5422680377960205
5.760254621505737
5.59097695350647
5.956985950469971
5.795733451843262
5.753068447113037
5.754096269607544
5.795274257659912
5.5860865116119385
5.934776067733765
5.983441352844238
5.49139928817749
5.719456195831299
6.032327175140381
5.894753694534302
5.6769700050354
5.702130317687988
5.901323556900024
5.717004776000977
5.592515230178833
5.560577869415283
5.757530450820923
5.673957109451294
5.816362142562866
5.8358542919158936
5.554073810577393
5.633983612060547
5.976373672485352
5.846989870071411
5.78557562828064
5.688029766082764
5.6808717250823975
5.977848052978516
5.834364891052246
5.5782997608184814
5.672324895858765
5.677037715911865
5.701244354248047
5.78364109992981
5.642451763153076
5.710721492767334
6.0731072425842285
6.0235185623168945
5.666020631790161
5.656737804412842
6.106703758239746
5.974628210067749
5.57848048210144
5.666760444641113
5.771443128585815
5.950724363327026
5.451927900314331
5.9092090129852295
6.093603610992432
5.647071361541748
5.643016576766968
5.608625888824463
5.843811511993408
5.940362453460693
5.867296934127808
5.60263991355896
5.726423740386963
5.942222595214844
5.6912431716918945
5.709132671356201
5.88013219833374
5.653019905090332
5.593153953552246
5.964826583862305
6.066977024078369
5.573132514953613
5.6186113357543945
5.721672773361206
5.798851490020752
5.795825958251953
5.786266326904297
5.550591230392456
5.643949270248413
5.814538240432739
5.6810524463653564
5.839893579483032
5.595042943954468
5.686735391616821
5.895269155502319
5.993343830108643
5.692577838897705
5.687557220458984
6.194539308547974
6.010225296020508
5.7117743492126465
5.668045997619629
5.583933353424072
5.533433437347412
5.582620859146118
5.777814865112305
5.792448282241821
5.726330757141113
5.676161289215088
5.545047044754028
6.016741752624512
5.875757217407227
5.636139869689941
5.56289529800415
5.773147106170654
6.136684417724609
5.9282917976379395
5.60787034034729
5.64027738571167
5.613000392913818
5.8257715702056885
5.710841417312622
5.633723020553589
5.694703578948975
5.940129995346069
5.868706464767456
5.664698362350464
5.57048487663269
5.95849084854126
5.948044300079346
5.90129017829895
5.565967559814453
5.635761260986328
6.1224658489227295
5.873190402984619
5.94113302230835
5.5965492725372314
5.676454305648804
5.804264068603516
6.010344505310059
5.818871736526489
5.697189807891846
5.645139932632446
5.698773622512817
5.902437686920166
5.7265238761901855
5.865254163742065
5.599515914916992
5.557565450668335
5.920532464981079
6.044996738433838
5.603637218475342
5.8884499073028564
6.169585227966309
5.650275945663452
5.646204710006714
5.7128071784973145
5.7190845012664795
5.7005295753479
5.805292844772339
5.6480042934417725
5.533938407897949
5.820713996887207
5.949501991271973
6.133960008621216
6.132026195526123
6.074381351470947
6.109428644180298
5.714066505432129
6.073344469070435
5.7816667556762695
5.850741386413574
6.06291651725769
6.152155876159668
5.912203788757324
5.822178602218628
6.034385919570923
5.872344970703125
5.848201751708984
5.85221791267395
6.104243040084839
5.714200735092163
5.810667514801025
6.006946325302124
5.822299242019653
5.777258396148682
6.1630048751831055
6.104979038238525
6.0185534954071045
5.703504323959351
5.793144941329956
5.885937690734863
5.8382182121276855
5.69915771484375
5.763148546218872
5.622570276260376
5.673680305480957
5.839714765548706
5.877357482910156
5.627030611038208
5.603308916091919
5.793150424957275
5.743663549423218
5.943572521209717
5.533343553543091
5.6334874629974365
5.990894079208374
5.902372121810913
5.6902244091033936
5.699390411376953
5.780783176422119
5.702887296676636
6.034185171127319
5.632813453674316
5.6929826736450195
5.96130895614624
5.861760377883911
5.795320272445679
5.679272413253784
5.585141897201538
5.715482473373413
5.827805519104004
5.631125211715698
5.722801208496094
5.851763486862183
5.921299934387207
5.803083419799805
5.7458555698394775
5.895151615142822
6.151688814163208
5.672189950942993
5.694212198257446
5.776344060897827
5.708250045776367
5.7611377239227295
5.904205799102783
5.824651002883911
5.941352367401123
5.887232542037964
5.767841339111328
5.991827726364136
5.997570514678955
5.658405065536499
5.855529546737671
5.916990756988525
5.657175540924072
5.796658754348755
5.7398083209991455
5.725741863250732
5.898435831069946
5.93718957901001
5.561920642852783
5.639118909835815
5.837000131607056
5.5486509799957275
5.498251438140869
5.793273210525513
5.868631839752197
5.571957111358643
5.782209873199463
5.558114051818848
5.61080527305603
5.752752780914307
5.841536283493042
5.618515968322754
5.603539943695068
5.813592195510864
5.57349967956543
5.779376029968262
5.586605072021484
5.530471563339233
5.597968578338623
5.876241445541382
5.892107963562012
5.695745468139648
5.569339990615845
5.706651449203491
5.7651591300964355
5.71566915512085
5.633065462112427
5.786486864089966
5.621115446090698
5.752183675765991
5.594003677368164
5.558579683303833
5.796786785125732
5.679033279418945
5.924803733825684
5.77850079536438
5.600472927093506
5.75120997428894
5.568953037261963
5.609626054763794
5.721319675445557
5.593426942825317
5.692674875259399
5.721746206283569
5.6159467697143555
5.840669870376587
5.8434484004974365
5.537271022796631
5.78986668586731
5.4864630699157715
5.628121852874756
5.6277992725372314
5.876774787902832
5.636183500289917
5.541042804718018
5.808824300765991
5.675286769866943
5.853896856307983
5.7858123779296875
5.580659627914429
5.691056728363037
6.072985887527466
5.513508558273315
5.561286211013794
5.728452205657959
5.679584980010986
5.888678550720215
5.642321586608887
5.682170391082764
5.506010293960571
5.62411904335022
5.725210428237915
5.945410251617432
5.633126735687256
5.570069074630737
5.562061071395874
5.466976642608643
5.490998029708862
5.624117612838745
5.865339279174805
6.100552558898926
5.49299955368042
5.592087984085083
5.787266969680786
5.558058977127075
5.596091985702515
5.908377408981323
5.351871013641357
5.641134262084961
5.674163818359375
5.404919624328613
5.623116970062256
5.758241415023804
5.559060573577881
5.427940130233765
5.54404616355896
5.672161817550659
5.682172060012817
5.170706272125244
5.445958137512207
5.622116804122925
5.805283069610596
5.717203140258789
5.667157173156738
5.7312164306640625
5.318840265274048
5.3658835887908936
5.793272495269775
5.470976114273071
5.286811828613281
5.667157411575317
5.3889055252075195
5.470980167388916
5.770251274108887
5.7292139530181885
5.409924268722534
5.483989477157593
5.615109920501709
5.596093416213989
5.40792179107666
5.761242628097534
5.7061927318573
5.611107110977173
5.502006530761719
5.6431355476379395
5.578076362609863
5.4589684009552
5.475984573364258
5.812289714813232
5.468976259231567
5.403919219970703
5.741225957870483
5.300823450088501
5.548049211502075
5.708194255828857
5.514017820358276
5.92740273475647
5.8663389682769775
5.447957515716553
5.541042804718018
5.524026393890381
5.594090461730957
5.515019178390503
5.592090368270874
5.415928602218628
5.430942535400391
5.646138668060303
5.569067716598511
5.532034873962402
5.650142192840576
5.625118732452393
5.4699788093566895
5.927402973175049
5.262789726257324
5.3909056186676025
5.542043447494507
5.296821355819702
5.450959920883179
5.479987621307373
5.508013010025024
5.645136833190918
5.7131993770599365
5.480988025665283
5.517019987106323
5.807284832000732
5.455966472625732
5.616111516952515
5.8152923583984375
5.444955348968506
5.60009765625
5.652143955230713
5.687175750732422
5.69318151473999
5.622117757797241
5.4980034828186035
5.5790770053863525
5.776256799697876
5.469977617263794
5.654146194458008
5.445957183837891
5.480986833572388
5.478986501693726
5.381897926330566
5.62311863899231
5.79627537727356
5.501006603240967
5.50000524520874
5.612107515335083
5.698185443878174
5.463972806930542
5.692180156707764
5.517021656036377
5.448960304260254
5.498002767562866
5.579075813293457
5.512014865875244
5.571071147918701
5.383898973464966
5.433946132659912
5.475982189178467
5.261789560317993
5.56306266784668
5.529031991958618
5.313836574554443
5.325847387313843
5.306829214096069
5.3999152183532715
5.545046329498291
5.605100631713867
5.333855867385864
5.337857723236084
5.469979524612427
5.6151111125946045
5.580078363418579
5.681170225143433
5.417931318283081
5.401915550231934
5.508012056350708
5.710195302963257
5.5400426387786865
5.564063787460327
5.46497368812561
5.376894474029541
5.372889041900635
5.5350377559661865
5.634127140045166
5.44595742225647
5.465972900390625
5.6051013469696045
5.390905380249023
5.593089818954468
5.648139476776123
5.494000434875488
5.632124423980713
5.418932676315308
5.602097034454346
5.748231649398804
5.4109251499176025
5.5220255851745605
5.4749815464019775
5.761242866516113
5.428941011428833
5.596092462539673
5.662152051925659
5.477983474731445
5.353871822357178
5.532034635543823
5.548048734664917
5.397912502288818
5.29782247543335
5.213744401931763
5.464972972869873
5.362881183624268
5.385901212692261
5.315837383270264
5.420932769775391
5.428941488265991
5.477984428405762
5.577075481414795
5.368885517120361
5.435948133468628
5.349868535995483
5.529032468795776
5.676166296005249
5.405919075012207
5.219749927520752
5.430942058563232
5.429941415786743
5.549050331115723
5.532034397125244
5.555056095123291
5.409923791885376
5.64013409614563
5.482990026473999
5.537038564682007
5.6571478843688965
5.215746879577637
5.369888067245483
5.674163341522217
5.204737424850464
5.410924673080444
5.579074859619141
5.480988502502441
5.352871894836426
5.442953586578369
5.2978222370147705
5.467975616455078
5.608103036880493
5.555055141448975
5.194728136062622
5.600097417831421
5.527029752731323
5.578076124191284
5.521024227142334
5.389903545379639
5.7332165241241455
5.3308515548706055
5.461970090866089
5.530032396316528
5.276801586151123
5.424936771392822
5.60309910774231
5.63913106918335
5.439950704574585
5.4739813804626465
5.473981857299805
5.420933246612549
5.252778768539429
5.404919147491455
5.653143882751465
5.353873014450073
5.392908096313477
5.309832811355591
5.427940130233765
5.523025035858154
5.543045520782471
5.51301646232605
5.5810792446136475
5.652143239974976
5.311834096908569
5.4679765701293945
5.646138429641724
5.636129379272461
5.453962326049805
5.460968494415283
5.3418614864349365
5.512015342712402
5.640132665634155
5.406920433044434
5.460970163345337
5.531033515930176
5.540041923522949
5.5710694789886475
5.401916265487671
5.640132427215576
5.439951658248901
5.438950538635254
5.57307243347168
5.4739813804626465
5.5730719566345215
5.390906095504761
5.438950777053833
5.560060262680054
5.504008769989014
5.633126735687256
5.604099988937378
5.5170204639434814
5.604099988937378
5.431944131851196
5.432945013046265
5.55205225944519
5.635128736495972
5.646137952804565
5.418931722640991
5.564063549041748
5.466976642608643
5.397912263870239
5.479987859725952
5.380897283554077
5.562061071395874
5.234764814376831
5.6161110401153564
5.282808065414429
5.545046329498291
5.547047853469849
5.490998268127441
5.59208869934082
5.484992742538452
5.550050973892212
5.492999076843262
5.448959589004517
5.561060667037964
5.478986024856567
5.529031991958618
5.63913106918335
5.497002601623535
5.608103036880493
5.541043281555176
5.4899961948394775
5.4499592781066895
5.502006769180298
5.456965684890747
5.458967447280884
5.464965105056763
5.486994028091431
5.545047044754028
5.555055856704712
5.545045614242554
5.7031896114349365
5.575073957443237
5.463973522186279
5.4319446086883545
5.377894401550293
5.3738908767700195
5.789267539978027
5.958074331283569
5.890095472335815
5.624117851257324
5.6191136837005615
5.684682607650757
