Timing log for each step:
0.011010408401489258
10.100269317626953
10.259015560150146
10.290724754333496
10.132007360458374
10.092397689819336
9.968480587005615
10.227004528045654
10.227599859237671
9.919064044952393
8.029309272766113
9.763139486312866
9.777750968933105
10.274772644042969
10.021170377731323
10.073824882507324
9.906466245651245
10.187754154205322
10.104761123657227
9.990326881408691
10.169921875
10.215653419494629
10.07633924484253
10.096030712127686
10.071259021759033
10.281139612197876
10.266936779022217
10.465547800064087
10.37925910949707
10.383708238601685
10.440341472625732
10.462083578109741
10.402800798416138
10.360203266143799
10.570463418960571
10.357147932052612
10.264274597167969
10.497689008712769
10.35912299156189
10.153023719787598
10.380336046218872
10.335813760757446
10.496176719665527
10.471125602722168
10.286603689193726
10.370177030563354
10.474361419677734
