Timing log for each step:
0.02802419662475586
5.295827627182007
5.405926704406738
5.337864637374878
5.239774942398071
5.124671220779419
5.451967716217041
5.334862470626831
5.322850704193115
5.36188817024231
5.6051084995269775
5.284815073013306
5.385909795761108
5.334862947463989
5.388911247253418
5.42594575881958
5.268802881240845
5.302832126617432
5.299830913543701
5.326855421066284
5.402923822402954
5.378902196884155
5.4549713134765625
5.374898195266724
5.389912128448486
5.409930467605591
5.397919178009033
5.533043384552002
5.240776300430298
5.246780872344971
5.420939207077026
5.404926300048828
5.388911962509155
5.402924060821533
5.315845012664795
5.225760221481323
5.43595290184021
5.4069273471832275
5.50801944732666
5.453960657119751
5.389912366867065
5.228765487670898
5.172713756561279
5.388911485671997
5.276810169219971
5.3108391761779785
5.280812501907349
5.36989426612854
5.37589955329895
5.3408684730529785
5.706209659576416
5.3799028396606445
5.31184196472168
5.533042669296265
5.304834604263306
4.950512886047363
4.931495666503906
5.011567831039429
4.944506883621216
4.982542037963867
5.130675554275513
4.827399015426636
5.014570713043213
4.986544370651245
4.970531702041626
5.2477827072143555
5.106654167175293
5.219757080078125
5.228766202926636
5.228766202926636
5.159703016281128
5.447965383529663
5.3769004344940186
5.3799028396606445
5.49100399017334
5.31484317779541
5.372897624969482
5.27581000328064
5.345872402191162
5.38690972328186
5.403925180435181
5.320850133895874
5.356881618499756
5.4499671459198
5.570074081420898
5.411933183670044
5.367892742156982
5.398919582366943
5.308837890625
5.376899003982544
5.384907484054565
5.402922868728638
5.457973957061768
5.393916606903076
5.389911413192749
5.3899126052856445
5.456974744796753
5.352878570556641
5.346871852874756
5.37689995765686
5.305835962295532
5.513023614883423
5.379903078079224
5.512023448944092
5.378903388977051
5.445963621139526
5.42194128036499
5.37589955329895
5.405926465988159
5.383908033370972
5.390912294387817
5.434952735900879
5.392915964126587
5.310839891433716
5.241777181625366
5.272805452346802
5.484999895095825
5.382904767990112
5.38190484046936
5.379903554916382
5.325854778289795
5.36088490486145
5.377902269363403
5.448966026306152
5.546054124832153
5.430949687957764
5.288819074630737
5.390914440155029
5.377901554107666
5.3258538246154785
5.359884738922119
5.410931587219238
5.297828435897827
5.448966026306152
5.428947687149048
5.397919178009033
5.4309492111206055
5.4609763622283936
5.406927585601807
5.209747314453125
5.414935350418091
5.377902269363403
5.394917726516724
5.28982138633728
5.451967239379883
5.4089295864105225
5.36889386177063
5.426946401596069
5.396918535232544
5.376900672912598
5.395918369293213
5.3208489418029785
5.4389567375183105
5.412933826446533
5.355880975723267
5.351876258850098
5.519029855728149
5.337864875793457
5.438957691192627
5.344870090484619
5.4169371128082275
5.338865518569946
5.441959619522095
5.4279465675354
5.433952808380127
5.437955617904663
5.337863206863403
5.339866638183594
5.481996059417725
5.340867280960083
5.3819053173065186
5.370893478393555
5.497010231018066
5.314842462539673
5.377901077270508
5.455972671508789
5.385909080505371
5.399919509887695
5.472988128662109
5.38090443611145
5.481996536254883
5.463979721069336
5.402923583984375
5.416937589645386
5.495007753372192
5.327855110168457
5.385909557342529
5.363888502120972
5.410931348800659
5.355881690979004
5.434953212738037
5.396919250488281
5.380902528762817
5.494007110595703
5.4029247760772705
5.368892431259155
5.489002704620361
5.4489665031433105
5.313844680786133
5.325852870941162
5.49400782585144
5.377902030944824
5.451969385147095
5.5160253047943115
5.296827077865601
5.3428685665130615
5.360885143280029
5.441959619522095
5.422941207885742
5.4069273471832275
5.360885858535767
5.406928300857544
5.379902601242065
5.3748979568481445
5.380905866622925
5.320849180221558
5.205744981765747
5.4779932498931885
5.372897148132324
5.453970670700073
5.44696307182312
5.389910936355591
5.405926465988159
5.378903388977051
5.425944805145264
5.482996940612793
5.4219419956207275
5.466982364654541
5.458975076675415
5.447965383529663
5.5230348110198975
5.370896100997925
5.428948402404785
5.389909505844116
5.374898672103882
5.463978052139282
5.450967788696289
5.372896909713745
5.519030570983887
5.564070463180542
5.5680742263793945
5.444962739944458
5.488001346588135
5.35788369178772
5.479994535446167
5.448966026306152
5.341867685317993
5.387909650802612
5.425944805145264
5.386909484863281
5.319849014282227
5.552059173583984
5.480996131896973
5.464980602264404
5.337864875793457
5.429949522018433
5.377901077270508
5.475989818572998
5.4499671459198
5.307836532592773
5.402924299240112
5.279812574386597
5.527037620544434
5.407929420471191
5.367893218994141
5.347875118255615
5.452969551086426
5.496008634567261
5.3769001960754395
5.3318610191345215
5.42194128036499
5.40292501449585
5.429949760437012
5.394915580749512
5.378903150558472
5.391913414001465
5.398921489715576
5.477991104125977
5.37589955329895
5.330857992172241
5.369893789291382
5.457972764968872
5.491004228591919
5.329858779907227
5.4389567375183105
5.373896598815918
5.4149346351623535
5.39691948890686
5.47098445892334
5.473988771438599
5.392914772033691
5.374897718429565
5.479993104934692
5.502015590667725
5.460976839065552
5.410930633544922
5.35487961769104
5.417935848236084
5.403923034667969
5.3308587074279785
5.407928705215454
5.408929824829102
5.382904767990112
5.402923822402954
5.704199552536011
5.36989426612854
5.432950735092163
5.434952974319458
5.3688929080963135
5.437955856323242
5.419940233230591
5.517028331756592
5.347873687744141
5.504014492034912
5.39291524887085
5.382906436920166
5.394916534423828
5.475991725921631
5.383907794952393
5.498010873794556
5.4339516162872314
5.441959381103516
5.313843488693237
5.39992094039917
5.51802921295166
5.348875284194946
5.523032903671265
5.624125957489014
5.549746990203857
