Timing log for each step:
0.018016576766967773
5.158892869949341
5.19523286819458
5.258408784866333
5.2205188274383545
5.160778999328613
5.047022342681885
5.204789161682129
5.245567798614502
5.163976430892944
5.141205310821533
5.054969310760498
5.120279788970947
5.201811075210571
5.063608407974243
5.157174348831177
5.2346031665802
5.27327823638916
5.0620105266571045
5.124864101409912
5.146196603775024
5.069019079208374
5.111669540405273
5.051042795181274
5.099768877029419
5.072279214859009
5.192261219024658
5.186904191970825
5.1270833015441895
5.222543478012085
5.106043577194214
5.312695503234863
5.063883066177368
5.221251964569092
5.1972434520721436
5.149256706237793
5.261698007583618
5.10855507850647
5.150231599807739
5.112522602081299
5.234769105911255
5.181585788726807
5.292209148406982
5.246718645095825
5.2768731117248535
5.268372297286987
5.198166608810425
5.311819553375244
5.137284755706787
5.270407676696777
5.287806987762451
5.236515045166016
5.382775545120239
5.321864366531372
5.2356696128845215
5.372768878936768
5.164360523223877
5.3154237270355225
5.125982761383057
5.1910176277160645
5.208319664001465
5.309831619262695
5.288252830505371
5.1141557693481445
5.262761831283569
5.264058589935303
5.305218458175659
5.234246492385864
5.369816064834595
5.240788459777832
5.327763319015503
5.274304628372192
5.199521541595459
5.16265606880188
5.213798761367798
5.275429725646973
5.213251113891602
5.186388254165649
5.193630218505859
5.201587915420532
5.237799882888794
5.36875581741333
5.2678070068359375
5.305246353149414
5.1952385902404785
5.280144453048706
5.380420446395874
5.183795928955078
5.384154796600342
5.210141181945801
5.235144376754761
5.345852613449097
5.31770396232605
5.258206129074097
5.292411804199219
5.341371774673462
5.2602903842926025
5.2966554164886475
5.28025484085083
5.260782718658447
5.27159857749939
5.228656053543091
5.165097713470459
5.285777568817139
5.374096393585205
5.263814210891724
5.388394355773926
5.393466234207153
5.235028028488159
5.2461981773376465
5.255216598510742
5.78061842918396
5.306560516357422
5.561464071273804
5.76652193069458
5.379740476608276
5.408482074737549
5.324717283248901
5.3283562660217285
5.325841188430786
5.253446340560913
5.336372137069702
5.367950439453125
5.475358247756958
5.556186676025391
5.408498764038086
5.363315582275391
5.373893737792969
5.380024433135986
5.377485752105713
5.363550662994385
5.301450490951538
5.238674879074097
5.377899169921875
5.253667831420898
5.36242938041687
5.277788877487183
5.272971868515015
5.175352334976196
5.348896741867065
5.380043268203735
5.272098779678345
5.363518714904785
5.4200756549835205
5.363360404968262
5.184460163116455
5.40252161026001
5.375524520874023
5.269276142120361
5.459583520889282
5.404803276062012
5.3359808921813965
5.2859814167022705
5.269974946975708
5.413623809814453
5.3556296825408936
5.292042016983032
5.31698203086853
5.327810764312744
5.268244028091431
5.2584240436553955
5.582118272781372
5.317852973937988
5.421781301498413
5.395414113998413
5.515630006790161
5.30794882774353
5.356444358825684
5.449597597122192
5.386651039123535
5.312329053878784
5.350529193878174
5.416243553161621
5.315350532531738
5.3637917041778564
5.446542501449585
5.348037004470825
5.2969677448272705
5.316911935806274
5.4135377407073975
5.401443958282471
5.423555850982666
5.2929370403289795
5.442909479141235
5.403027772903442
5.38704252243042
5.625514268875122
5.332535743713379
5.152448415756226
5.374034404754639
5.311856746673584
5.37039041519165
5.451150894165039
5.388692140579224
5.325985431671143
5.367515802383423
5.3615334033966064
5.416793346405029
5.404138803482056
5.40013313293457
5.390585660934448
5.264756679534912
5.468043327331543
5.464093923568726
5.343683958053589
5.36335825920105
5.452505111694336
5.4195215702056885
5.4444684982299805
5.303369760513306
5.3033435344696045
5.490826368331909
5.388603210449219
5.241298675537109
5.3875086307525635
5.2271177768707275
5.334999322891235
5.45820951461792
5.433711767196655
5.343536615371704
5.443593502044678
5.328376293182373
5.2379045486450195
5.387064218521118
5.393061876296997
5.422444820404053
5.358123302459717
5.494475364685059
5.324385404586792
5.3671159744262695
5.292950630187988
5.435014486312866
5.453496932983398
5.417596817016602
5.4159181118011475
5.4061009883880615
5.373526096343994
5.399189233779907
5.347992420196533
5.45521354675293
5.411484241485596
5.393846750259399
5.369523525238037
5.31502890586853
5.293663024902344
5.292433977127075
5.466467380523682
5.452621936798096
5.304804801940918
5.448360443115234
5.417557001113892
5.406435489654541
5.423066854476929
5.357541084289551
5.41274881362915
5.299129247665405
5.396756172180176
5.324317932128906
5.343200206756592
5.417762041091919
5.491114139556885
5.3373565673828125
5.332930564880371
5.441639184951782
5.778990030288696
5.479205369949341
5.321869134902954
5.296626091003418
5.368945598602295
5.3769285678863525
5.408093452453613
5.395978689193726
5.325568675994873
5.367128372192383
5.366370439529419
5.404541015625
5.450635194778442
5.420467138290405
5.351555824279785
5.383890151977539
5.387624979019165
5.355499744415283
5.388561248779297
5.455138206481934
5.295070171356201
5.400672197341919
5.42309308052063
5.325224161148071
5.354170083999634
5.320526123046875
5.422046899795532
5.434151649475098
5.394625186920166
5.379502534866333
5.409997463226318
5.427541017532349
5.355105876922607
5.424165725708008
5.325439453125
5.386650323867798
5.46919322013855
5.500738143920898
5.364972829818726
5.366001844406128
5.4560792446136475
5.337264060974121
5.3293328285217285
5.429726600646973
5.439752817153931
5.4612884521484375
5.334105491638184
5.406446933746338
5.321573972702026
5.364959955215454
5.407723665237427
5.384463548660278
5.555700778961182
5.350112438201904
5.299730062484741
5.46012544631958
5.365293502807617
5.403624534606934
5.422528028488159
5.562784671783447
5.386258840560913
5.394137382507324
5.394054651260376
5.363699913024902
5.477244853973389
5.372225284576416
5.428939342498779
5.367112398147583
5.4119508266448975
5.403541564941406
5.2770586013793945
5.485304355621338
5.398077011108398
5.494898796081543
5.419519901275635
5.337697744369507
5.45987868309021
5.475876092910767
5.359766721725464
5.302556753158569
5.408578395843506
5.393221378326416
5.31873893737793
5.380814790725708
5.2790563106536865
5.415771961212158
5.306410312652588
5.414164304733276
5.4204559326171875
5.430174827575684
5.456223249435425
5.432711362838745
5.358758926391602
5.350690841674805
5.358611583709717
5.3840813636779785
5.383140563964844
5.464245080947876
5.45158052444458
5.427715063095093
5.417132616043091
5.478620290756226
5.263970851898193
5.494195938110352
5.362679481506348
5.496747255325317
5.520204305648804
5.4471917152404785
5.3914830684661865
5.453271150588989
5.395668268203735
5.458002328872681
5.425540208816528
5.3610756397247314
5.371546506881714
5.406544923782349
5.323582649230957
5.443580150604248
5.449724197387695
5.416501045227051
5.3616108894348145
5.272401332855225
5.356518268585205
5.307880878448486
5.26102089881897
5.585204124450684
5.6632609367370605
5.566985607147217
5.6148247718811035
5.5846335887908936
5.605940818786621
5.604779958724976
5.596935749053955
5.575100421905518
5.433514595031738
5.38516640663147
5.391503810882568
5.405850410461426
5.34942889213562
5.517674207687378
5.427657842636108
5.418583393096924
5.450130939483643
5.436054468154907
5.437040567398071
5.377519607543945
5.467057943344116
5.34431266784668
5.4886133670806885
5.3375914096832275
5.385046720504761
5.313072443008423
5.386552095413208
5.397268772125244
5.388136625289917
5.6840105056762695
5.512665510177612
5.49032998085022
5.368670225143433
5.467198610305786
5.4436354637146
5.383599042892456
5.446185350418091
5.379636526107788
5.4512858390808105
5.493243455886841
5.474286794662476
5.30246639251709
5.31006932258606
5.52877140045166
5.417145729064941
5.430163621902466
5.4135825634002686
5.410151243209839
5.44522762298584
5.375732183456421
5.278444290161133
5.37361216545105
5.412784814834595
5.408031940460205
5.329022169113159
5.518054485321045
5.410515546798706
5.44998836517334
5.478776693344116
5.39968729019165
5.396677732467651
5.421583414077759
5.514380216598511
5.389601707458496
5.36407208442688
5.251009941101074
5.355156183242798
5.58131217956543
5.42997670173645
5.300327301025391
5.482691287994385
5.367108583450317
5.4831132888793945
5.3915791511535645
5.409651756286621
5.459177255630493
5.42607569694519
5.372653961181641
5.362382888793945
5.488732099533081
5.41792106628418
5.474269151687622
5.355287551879883
5.4866249561309814
5.354625225067139
5.479525804519653
5.435669422149658
5.435920238494873
5.385535717010498
5.258698463439941
5.371168375015259
5.425110816955566
5.311070442199707
5.630833387374878
5.6608617305755615
5.459457874298096
5.470771551132202
5.599873065948486
5.450745105743408
5.227900505065918
5.44568395614624
5.456777811050415
5.4453840255737305
5.32616114616394
5.391711235046387
5.383688688278198
5.436790466308594
5.372242450714111
5.434643030166626
5.456320285797119
5.470865249633789
5.365084409713745
5.179024934768677
5.4112632274627686
5.36107873916626
5.295133829116821
5.466289281845093
5.460926055908203
5.424267768859863
5.360663175582886
5.323532342910767
5.430251121520996
5.347769498825073
5.417588233947754
5.41376519203186
5.4836859703063965
5.491790294647217
5.253098011016846
5.429157733917236
5.368921518325806
5.267559766769409
5.413902521133423
5.392635345458984
5.386207103729248
5.381594181060791
5.499202251434326
5.360098361968994
5.3722803592681885
5.357730865478516
5.388420104980469
5.465167760848999
5.457760334014893
5.386234521865845
5.433246612548828
5.425075054168701
5.258621454238892
5.470397233963013
5.371267318725586
5.291472911834717
5.394226789474487
5.458793640136719
5.298494577407837
5.394068479537964
5.422716379165649
5.367574453353882
5.487649202346802
5.465708494186401
5.42136549949646
5.471792221069336
5.515777349472046
5.41024374961853
5.427262544631958
5.434182167053223
5.332160234451294
5.413032054901123
5.553265810012817
5.31614351272583
5.396068096160889
5.435618877410889
5.470294713973999
5.398637294769287
5.463319540023804
5.303365230560303
5.450001001358032
5.488346099853516
5.27800178527832
5.128323078155518
5.389704465866089
5.408373594284058
5.526744365692139
5.438317775726318
5.392598390579224
5.383704423904419
5.478849411010742
5.495239496231079
5.452270746231079
5.323561429977417
5.4653472900390625
5.365474224090576
5.42127251625061
5.546751499176025
5.835428476333618
5.481950998306274
5.379544734954834
5.379637002944946
5.443641662597656
5.356199502944946
5.409504175186157
5.497238874435425
5.329139947891235
5.528645992279053
5.455376863479614
5.4019999504089355
5.4701642990112305
5.424251079559326
5.3006768226623535
5.35977029800415
5.461772918701172
5.360049247741699
5.333134174346924
5.4151036739349365
5.411521673202515
5.445435285568237
5.372174501419067
5.368693113327026
5.407762050628662
5.426884889602661
5.444772481918335
5.384234666824341
5.328178405761719
5.402264595031738
5.514807224273682
5.395212650299072
5.43112850189209
5.439643621444702
5.2748703956604
5.371594190597534
5.335171937942505
5.316016674041748
5.341542482376099
5.411675930023193
5.333751916885376
5.415621757507324
5.455840587615967
5.603709936141968
5.512418031692505
5.442253828048706
5.411792039871216
5.363671779632568
5.442615509033203
5.721404790878296
5.391160726547241
5.483272075653076
5.430165767669678
5.347221612930298
5.401223182678223
5.219484329223633
5.364108562469482
5.423429250717163
5.363151788711548
5.47222638130188
5.446305990219116
5.326953649520874
5.372103691101074
5.411146879196167
5.475360870361328
5.43312668800354
5.316134214401245
5.37257719039917
5.46829628944397
5.343114137649536
5.428937911987305
5.437050104141235
5.4345879554748535
5.470235109329224
5.373790979385376
5.352718353271484
5.359098196029663
5.539390563964844
5.395247220993042
5.32422137260437
5.551900863647461
5.247418642044067
5.391758918762207
5.246631383895874
5.440801620483398
5.311689376831055
5.35072135925293
5.359731435775757
5.324698209762573
5.400766611099243
5.308687210083008
5.423789024353027
5.27665901184082
5.371743202209473
5.385753870010376
5.417783498764038
5.288669109344482
5.388756275177002
5.484841585159302
5.336711883544922
5.3797478675842285
5.304722309112549
5.39376163482666
5.324699878692627
5.4067723751068115
5.257641077041626
5.112511157989502
5.320697784423828
5.471830368041992
5.386754035949707
5.400766611099243
5.365736246109009
5.368739604949951
5.295675754547119
5.389755964279175
5.3377110958099365
5.3407135009765625
5.439802169799805
5.439801931381226
5.3507890701293945
5.274656295776367
5.361733436584473
5.394761800765991
5.440803050994873
5.520873069763184
5.385754585266113
5.290670871734619
5.338710784912109
5.256640195846558
5.433790683746338
5.345717430114746
5.31325364112854
5.342715263366699
5.426789283752441
5.357730150222778
5.434797763824463
5.4337968826293945
5.3116888999938965
5.4478089809417725
5.321696519851685
5.381750822067261
5.493849754333496
5.3337082862854
5.335710525512695
5.389759063720703
5.508862733840942
5.358724117279053
5.307685136795044
5.367738723754883
5.702033519744873
5.33971095085144
5.3567283153533936
5.30968713760376
5.344717979431152
5.309686899185181
5.4658215045928955
5.4247887134552
5.299678802490234
5.331706285476685
5.806125640869141
5.392757415771484
5.384753704071045
5.500856161117554
5.440802574157715
5.376739978790283
5.521873474121094
5.327703237533569
5.274654865264893
5.425788879394531
5.180573463439941
5.4628212451934814
5.305683612823486
5.2776594161987305
5.442805767059326
5.346715450286865
5.3677380084991455
5.301679372787476
5.223611354827881
5.317694187164307
5.390758514404297
5.362728834152222
5.48083758354187
5.361732721328735
5.551019906997681
5.231617212295532
5.338711977005005
5.4948508739471436
5.3036816120147705
5.246631383895874
5.470829486846924
5.302680969238281
5.232619047164917
5.399766206741333
5.380767345428467
5.417782306671143
5.362734079360962
5.356727123260498
5.293673038482666
5.448187589645386
5.439801454544067
5.3287034034729
5.252636432647705
5.31869649887085
5.291671991348267
5.426790237426758
5.281663179397583
5.387756586074829
5.509863615036011
5.250634670257568
5.234620094299316
5.405773639678955
5.1145148277282715
5.37574577331543
5.481839418411255
5.2526373863220215
5.489839792251587
5.533885717391968
5.378747463226318
5.306684255599976
5.251636505126953
5.315690755844116
5.478659629821777
5.4147789478302
5.307684659957886
5.524877309799194
5.294673442840576
5.4237892627716064
5.46182107925415
5.326701641082764
5.349721908569336
5.363734483718872
5.638976335525513
5.441802501678467
5.428792715072632
5.368739366531372
5.392760276794434
5.38175106048584
5.38675594329834
5.146543502807617
5.4418044090271
5.321697950363159
5.296676158905029
5.467825651168823
5.342205762863159
5.381750106811523
5.392761468887329
5.414778709411621
5.347718954086304
5.337712049484253
5.483840465545654
5.332706689834595
5.455814361572266
5.468827724456787
5.320690870285034
5.254638433456421
5.305723428726196
5.457859516143799
5.486884593963623
5.352764129638672
5.479878902435303
5.357769727706909
5.378789186477661
5.431836128234863
5.401809215545654
5.44184422492981
5.333747863769531
5.413818359375
5.483880519866943
5.3958046436309814
5.428903579711914
5.373785495758057
5.4388415813446045
5.326740503311157
5.343757629394531
5.397805452346802
5.400807619094849
5.456856966018677
5.541933298110962
5.386795520782471
5.359772443771362
5.382792234420776
5.441845417022705
5.531925916671753
5.3627753257751465
5.698071002960205
5.6250081062316895
5.438841819763184
5.320736885070801
5.4658660888671875
5.400809288024902
5.308725118637085
5.422827243804932
5.384793996810913
5.678054094314575
5.3837926387786865
5.420825004577637
5.363774538040161
5.392800807952881
5.298717737197876
5.34675931930542
5.26068115234375
5.234659910202026
5.423827648162842
5.498896360397339
5.439842700958252
5.357770919799805
5.4078145027160645
5.27169132232666
5.3037214279174805
5.350764274597168
5.301719903945923
5.31473183631897
5.356768369674683
5.46286416053772
5.294713497161865
5.3948023319244385
5.36777925491333
5.314728736877441
5.264686346054077
5.4298341274261475
5.391799688339233
5.326742172241211
5.46385931968689
5.335751295089722
5.343758583068848
5.246669769287109
5.211639881134033
5.399807453155518
5.264686584472656
5.37278151512146
5.40981388092041
5.409815788269043
5.398807048797607
5.348759651184082
5.298717737197876
5.306724309921265
5.22264838218689
5.318735361099243
5.247671604156494
5.445847988128662
5.390799283981323
5.301718235015869
5.424828767776489
5.698768138885498
5.636260271072388
5.245669364929199
5.414821624755859
5.44384503364563
5.249673366546631
5.262686014175415
5.287707328796387
5.4248292446136475
5.589977741241455
5.429834842681885
5.470868825912476
5.261684417724609
5.319736003875732
5.453855276107788
5.205633878707886
5.38579535484314
5.333747625350952
5.335750102996826
5.45986008644104
5.289709568023682
5.626008033752441
5.293712139129639
5.157591342926025
5.371779918670654
5.3147313594818115
5.3807902336120605
5.437841892242432
5.288708209991455
5.384791374206543
5.292711496353149
5.323740005493164
5.575963973999023
5.5459372997283936
5.243667840957642
5.375785827636719
5.4688684940338135
5.497895240783691
5.4385974407196045
5.363772869110107
5.384793996810913
5.37078070640564
5.38779616355896
5.412818670272827
5.413818120956421
5.516911268234253
5.418823957443237
5.376786947250366
5.471870183944702
5.383792400360107
5.224651336669922
5.196626424789429
5.3747851848602295
5.3197362422943115
5.2316577434539795
5.451853275299072
5.312729358673096
5.262685537338257
5.401808738708496
5.365774869918823
5.379789590835571
5.410815954208374
5.274696111679077
5.472872495651245
5.373782634735107
5.395804405212402
5.211638927459717
5.375787019729614
5.443845987319946
5.408815622329712
5.420825242996216
5.479879856109619
5.3467607498168945
5.302719593048096
5.373783588409424
5.3437581062316895
5.237661600112915
5.368778705596924
5.456857442855835
5.395803213119507
5.422828435897827
5.266686916351318
5.430835247039795
5.425830364227295
5.386796236038208
5.289709091186523
5.353766202926636
5.408841133117676
5.3417840003967285
5.346789598464966
5.371811151504517
5.069541692733765
5.373811960220337
5.374813556671143
5.458889007568359
5.340782880783081
5.3928303718566895
5.35278844833374
5.3638012409210205
5.378816366195679
5.424858570098877
5.235689401626587
5.238691329956055
5.418853282928467
5.290736675262451
5.247701168060303
5.365804672241211
5.429864168167114
5.527951002120972
5.371811866760254
5.394830942153931
5.4598915576934814
5.476904392242432
5.369808197021484
5.260711908340454
5.359800338745117
5.510935544967651
5.269719123840332
5.314759731292725
5.348790168762207
5.433867692947388
5.383820295333862
5.35079288482666
5.234687805175781
5.324769020080566
5.3457818031311035
5.45188307762146
5.3718109130859375
5.456689119338989
5.317761421203613
5.270599126815796
5.405834436416626
5.679086446762085
5.418854236602783
5.2547056674957275
5.241694688796997
5.35879921913147
5.268719911575317
5.263087749481201
5.358800649642944
5.448879957199097
5.3663482666015625
5.429863929748535
5.3107569217681885
5.277726888656616
5.182799816131592
5.368808746337891
5.342785120010376
5.392831087112427
5.258709907531738
5.531049489974976
5.434866189956665
5.462892055511475
5.415850639343262
5.46589469909668
5.299746751785278
5.364804029464722
5.632041692733765
5.470900774002075
5.358799457550049
5.3778157234191895
5.433866739273071
5.65306282043457
5.637049913406372
5.516939878463745
5.276726961135864
5.5209434032440186
5.334776878356934
5.566985845565796
5.387861013412476
5.369762659072876
5.486913681030273
5.660069227218628
5.593008995056152
5.4358673095703125
5.4368696212768555
5.35179328918457
5.251703262329102
5.596012353897095
5.712250709533691
5.443875551223755
5.536959409713745
5.271721601486206
5.575993776321411
5.555974960327148
5.205670356750488
5.40784215927124
5.393830299377441
5.278728246688843
5.590005874633789
5.6230363845825195
5.738140106201172
5.498924970626831
5.336779594421387
5.608022928237915
5.426860332489014
5.4468772411346436
5.411846399307251
5.644054651260376
5.532955169677734
5.385822534561157
5.395832777023315
5.461892366409302
5.366806983947754
5.5419628620147705
5.565985202789307
5.233688116073608
5.389827251434326
5.334776401519775
5.491919279098511
5.592008352279663
5.484911918640137
5.290738105773926
5.409908056259155
5.271721124649048
5.534956932067871
5.535958528518677
5.497925281524658
5.357798337936401
5.47390079498291
5.377816200256348
5.410303592681885
5.221677780151367
5.463533163070679
5.633044958114624
5.340783596038818
5.376814603805542
5.459889888763428
5.422590732574463
5.5509703159332275
5.48292350769043
5.268717527389526
5.123589038848877
5.320765972137451
5.670078277587891
5.605020523071289
5.382820129394531
5.440873861312866
5.218672037124634
5.65706729888916
5.532954931259155
5.29774284362793
5.331775665283203
5.417852401733398
5.51093602180481
5.547969579696655
5.417845964431763
5.442876100540161
5.435912847518921
5.429862976074219
5.462920188903809
5.361799955368042
5.395832777023315
5.437870264053345
5.3748133182525635
5.366807222366333
5.430862665176392
5.630042314529419
5.242695569992065
5.375816822052002
5.3147807121276855
5.447898626327515
5.534975528717041
5.405861854553223
5.595032215118408
5.564005374908447
5.317781925201416
5.48293137550354
5.418874263763428
5.360821962356567
5.383843421936035
5.319777727127075
5.226701498031616
5.376837968826294
5.355818510055542
5.352814435958862
5.268738269805908
5.45087194442749
5.471390247344971
5.0915796756744385
5.339804172515869
5.361823081970215
5.367828369140625
5.410867929458618
5.441896677017212
5.42788028717041
5.222697973251343
5.492938995361328
5.4258880615234375
5.429884910583496
5.377838611602783
5.3107757568359375
5.521965980529785
5.323788404464722
5.305772304534912
5.445898771286011
5.422875881195068
5.444899082183838
5.279749155044556
5.490939140319824
5.220695972442627
5.382840633392334
5.373833417892456
5.2897584438323975
5.409866094589233
5.374835252761841
5.262734889984131
5.396855592727661
5.343806266784668
5.394851207733154
5.362823724746704
5.413869142532349
5.315781593322754
5.424878835678101
5.763184309005737
5.5579993724823
5.579017877578735
5.284753799438477
5.647079229354858
5.497945308685303
5.4168713092803955
5.493941068649292
5.467918634414673
5.715139865875244
5.39785623550415
5.321788311004639
5.376835107803345
5.47392463684082
5.4098663330078125
5.565004587173462
5.4378907680511475
5.375835657119751
5.316782712936401
5.583022594451904
5.5059521198272705
5.337801933288574
5.4639129638671875
5.380841255187988
5.441894769668579
5.585022926330566
5.659698963165283
5.495944976806641
5.440893650054932
5.183663368225098
5.646078586578369
5.442896604537964
5.337801456451416
5.4799277782440186
5.390850305557251
5.6390700340271
5.8682801723480225
5.486936330795288
5.37483549118042
5.220696687698364
5.442896604537964
5.816231966018677
5.615049839019775
5.598034381866455
5.359821557998657
5.358820915222168
5.63006329536438
5.541983127593994
5.583019971847534
5.421875715255737
5.3368000984191895
5.605038404464722
5.612047910690308
5.396853446960449
5.3478100299835205
5.2867560386657715
5.551994323730469
5.773191452026367
5.579017877578735
5.401856184005737
5.310776472091675
5.452904939651489
5.466918468475342
5.275745153427124
5.315781593322754
5.613048315048218
5.55899977684021
5.3378005027771
5.531975746154785
5.551992177963257
5.326791286468506
5.587025880813599
5.399858236312866
5.2947633266448975
5.789206266403198
5.797213554382324
5.348811149597168
5.252723932266235
5.613049507141113
5.519963979721069
5.609045505523682
5.458908557891846
5.407864332199097
5.363826274871826
5.751171350479126
5.664093971252441
5.4118688106536865
5.332795858383179
5.690118312835693
5.661091327667236
5.234706878662109
5.404863357543945
5.373834133148193
5.377838373184204
5.82824182510376
5.375833749771118
5.464916229248047
5.485935688018799
5.550992250442505
5.563003063201904
5.560000419616699
5.496944427490234
5.53497838973999
5.3227880001068115
5.391849994659424
5.688116550445557
5.4518983364105225
5.341806173324585
5.442896366119385
5.4929986000061035
5.584021806716919
5.457909107208252
5.562002897262573
5.349811792373657
5.342806339263916
5.489938020706177
5.742761611938477
5.61561131477356
5.568022727966309
5.460927486419678
5.3548314571380615
5.746182680130005
5.51782751083374
5.58003306388855
5.638086795806885
5.394867181777954
5.354830741882324
5.486950635910034
5.549007415771484
5.42789888381958
5.525985956192017
5.571026086807251
5.4098803997039795
5.711151361465454
5.522984266281128
5.407878160476685
5.60405707359314
5.446914911270142
5.537996530532837
5.560039281845093
5.391864776611328
5.431899309158325
5.725165367126465
5.478931188583374
5.335814476013184
5.676121473312378
5.630079507827759
5.492954969406128
5.63007926940918
5.473938941955566
5.429898738861084
5.47994327545166
5.893316030502319
5.580034255981445
5.450917482376099
5.565020799636841
5.559014320373535
5.569023132324219
5.477942228317261
5.367842435836792
5.468935489654541
5.89331579208374
5.789222478866577
5.523983716964722
5.458924770355225
5.496959209442139
5.476940393447876
5.746184349060059
5.52498459815979
5.391864538192749
5.532991886138916
5.54500412940979
5.736175060272217
5.456923007965088
5.498960494995117
5.48094367980957
5.53199028968811
6.3997721672058105
6.913238286972046
6.790517091751099
6.016572713851929
5.893204927444458
6.118341445922852
5.845561504364014
5.884837865829468
5.397870302200317
5.743182182312012
5.7191596031188965
5.530989408493042
6.45582389831543
5.687128782272339
5.708150863647461
5.687131643295288
5.574028730392456
5.6110618114471436
5.545001983642578
5.594048976898193
5.917339563369751
5.93034815788269
5.7471842765808105
5.991405487060547
5.517977476119995
5.844271421432495
6.254642486572266
5.450918436050415
5.601053237915039
5.785220146179199
6.507453441619873
6.882251977920532
5.933162450790405
5.787499666213989
6.1560218334198
6.2025604248046875
6.175997734069824
6.046915054321289
5.8954668045043945
5.9405436515808105
6.0832905769348145
6.09238600730896
5.772935390472412
5.8512632846832275
5.854736566543579
5.896734714508057
5.894225120544434
5.82825493812561
5.72201943397522
5.774982690811157
5.872581958770752
5.874605894088745
5.916780710220337
5.821322679519653
5.884181976318359
5.8901207447052
5.965579032897949
5.830235958099365
5.912989377975464
5.886337518692017
5.834220886230469
5.7565741539001465
5.804488658905029
5.7489540576934814
5.855791330337524
6.104233741760254
6.023775100708008
5.848294973373413
5.777598142623901
5.807223081588745
5.881280899047852
5.892573595046997
5.916174650192261
6.0049450397491455
5.84345555305481
6.10992431640625
5.923043489456177
6.130836486816406
7.724764823913574
7.758000135421753
6.4656500816345215
6.686446189880371
6.012444972991943
6.2596964836120605
6.039722204208374
6.072752952575684
6.197424650192261
5.942397594451904
5.833450794219971
5.999084949493408
6.10192608833313
5.998969554901123
5.843756675720215
6.103783369064331
6.2430479526519775
6.2408928871154785
5.884793281555176
5.920044422149658
5.890424013137817
5.699838876724243
5.823457717895508
5.764562368392944
5.733940839767456
5.928707122802734
5.782913446426392
5.927152395248413
5.888853549957275
5.863413333892822
5.742035388946533
5.6795430183410645
5.955782413482666
5.920277118682861
5.943050384521484
5.824962377548218
5.751175880432129
5.710308313369751
5.966426134109497
5.906275272369385
5.951375484466553
5.756317615509033
5.7117743492126465
5.735699653625488
5.962304592132568
5.851848125457764
5.709719657897949
5.73738169670105
6.102327585220337
5.86913537979126
5.911130905151367
5.686554431915283
5.724745750427246
5.682833194732666
6.042716979980469
5.924252033233643
5.75344181060791
6.128657579421997
5.79993462562561
5.872624635696411
5.974210739135742
5.869089603424072
6.201367616653442
5.774221181869507
5.579045534133911
5.767213821411133
5.765213966369629
5.803246736526489
5.6841394901275635
5.908343076705933
5.678133010864258
5.743194103240967
5.6230857372283936
5.850289583206177
5.73718786239624
6.198604345321655
6.6750359535217285
6.519895315170288
5.956386566162109
5.959451913833618
6.146557331085205
5.792237997055054
5.847287178039551
5.896332740783691
5.7712180614471436
5.894333362579346
5.982409238815308
6.134546995162964
6.406793832778931
5.873311996459961
6.1071858406066895
5.891326904296875
5.8793158531188965
5.839280605316162
5.818259954452515
5.6971516609191895
5.774221420288086
6.018446207046509
5.832273721694946
6.052469253540039
5.656114339828491
5.682042121887207
5.688317775726318
6.31070613861084
5.889326572418213
5.904335975646973
5.749199151992798
5.635095834732056
5.6761322021484375
5.859298467636108
5.883319854736328
5.822264909744263
5.657857418060303
5.652111768722534
5.777660131454468
5.865304470062256
6.349048376083374
5.977405071258545
5.713165760040283
5.8492889404296875
5.800022602081299
5.661119699478149
5.718170642852783
5.701156377792358
5.6860082149505615
5.6881489753723145
5.663120269775391
5.548016548156738
5.617079257965088
6.218541860580444
6.158568859100342
5.723175287246704
5.944538831710815
5.788207530975342
5.711709260940552
5.74872612953186
6.000425338745117
5.755204916000366
5.828269958496094
5.938297748565674
5.698153495788574
6.086142539978027
5.801246166229248
5.7081618309021
5.73804783821106
5.685140609741211
5.747196912765503
5.682137489318848
5.814257860183716
5.903338432312012
6.308703660964966
5.940372467041016
6.094512224197388
5.9163498878479
5.704157114028931
5.6701273918151855
5.932369709014893
5.834275484085083
5.919351816177368
6.019443511962891
6.178585767745972
6.108526945114136
5.977405548095703
6.15256142616272
5.874310255050659
5.812256097793579
5.8072509765625
5.974402666091919
5.682138204574585
5.75420355796814
5.731182813644409
5.871272325515747
6.208614349365234
5.904339075088501
5.960389852523804
5.674129962921143
5.875314235687256
5.955292463302612
5.838278532028198
6.01543927192688
5.985409498214722
5.515986442565918
5.798242807388306
5.712165832519531
5.547021150588989
5.641108512878418
5.749206781387329
5.753210783004761
5.7582151889801025
5.890334606170654
5.823273420333862
5.994428634643555
5.875320911407471
5.688149690628052
5.785236358642578
5.964401483535767
5.8372862339019775
5.830277919769287
5.630098819732666
5.76522159576416
5.941380977630615
6.0074403285980225
5.973410129547119
5.930370807647705
5.949387550354004
5.844292879104614
5.821272850036621
5.643111228942871
5.659125804901123
5.7962493896484375
5.859308481216431
5.858305931091309
5.830276966094971
5.606076955795288
5.6671319007873535
5.995429754257202
5.708170652389526
5.700161933898926
6.141751527786255
5.814255952835083
5.72318434715271
5.485968351364136
5.582056522369385
5.75821590423584
5.649115562438965
5.728187322616577
5.488970994949341
5.606072902679443
5.730910062789917
5.738142490386963
5.500982046127319
5.532011270523071
5.6799633502960205
5.6771416664123535
5.734194278717041
5.546023607254028
5.619088411331177
5.697156190872192
5.65111780166626
5.7071685791015625
5.533011198043823
5.495976209640503
5.720181226730347
5.642109394073486
5.682145833969116
5.578052520751953
5.624093055725098
5.707168340682983
5.712172985076904
5.5099875926971436
5.553029537200928
5.735194444656372
5.685147762298584
5.69916033744812
5.593062400817871
5.665129899978638
5.671136379241943
5.947516441345215
5.877322196960449
5.586059093475342
5.519994735717773
5.7011637687683105
5.691153049468994
5.7622199058532715
5.581980228424072
5.526005506515503
5.870317459106445
5.729186773300171
5.759215831756592
5.4369237422943115
5.514994382858276
5.7422003746032715
5.671135663986206
5.758214950561523
5.545021057128906
5.519997835159302
5.4609456062316895
5.6391074657440186
5.6280975341796875
5.682146310806274
5.535013914108276
5.486970663070679
5.913674354553223
5.695157527923584
5.676140308380127
5.609078645706177
5.458943843841553
6.065493822097778
5.69115424156189
5.698160171508789
5.510990381240845
5.503985643386841
5.762219667434692
5.73319149017334
5.70616888999939
5.565039873123169
5.522001028060913
5.7351953983306885
5.677141427993774
5.794247627258301
5.4929749965667725
5.474958419799805
5.678143262863159
5.69615912437439
5.732192516326904
5.506987810134888
5.513993740081787
5.598358869552612
5.591062784194946
5.4859678745269775
5.700160264968872
5.660125494003296
5.667132377624512
6.106531143188477
5.5450217723846436
5.532007217407227
5.675139904022217
5.722182512283325
5.798250913619995
5.708167552947998
5.503984689712524
5.5380144119262695
5.8913350105285645
5.681143045425415
5.798249959945679
5.5149946212768555
5.4649498462677
5.736196041107178
5.669134855270386
5.761826992034912
5.736194372177124
5.495977163314819
5.505985736846924
5.6651294231414795
5.670135736465454
5.671136140823364
5.511991262435913
5.730189323425293
5.781234264373779
5.684041738510132
5.699159622192383
5.6240925788879395
5.639106273651123
5.530007600784302
5.544020652770996
5.703165769577026
5.689153432846069
5.741199254989624
5.4929797649383545
5.520005464553833
5.669140338897705
5.676042079925537
5.705177068710327
5.428923606872559
5.582061052322388
5.664136171340942
5.751214504241943
5.643116474151611
5.5099968910217285
5.526010274887085
5.659131765365601
5.856310606002808
5.742206335067749
5.432926893234253
5.507994174957275
5.754215478897095
5.583063125610352
5.726779222488403
5.7261927127838135
5.531015157699585
5.569050312042236
5.725208759307861
5.68415379524231
5.697165489196777
5.688156604766846
5.454946756362915
5.499986171722412
5.705172538757324
5.6991682052612305
5.702168226242065
5.695163011550903
5.512712240219116
5.473963737487793
5.90555477142334
5.629103899002075
5.699167966842651
5.687157869338989
5.458948135375977
5.488976955413818
5.924574613571167
5.625100374221802
5.649122476577759
5.478968381881714
5.433928966522217
5.629103422164917
5.701170444488525
5.631105184555054
5.460951566696167
5.516001462936401
5.440933465957642
5.552034616470337
5.76923131942749
5.7532172203063965
5.545027732849121
5.474962949752808
5.727193593978882
5.689159154891968
5.690159320831299
5.706173419952393
5.4509429931640625
5.523008584976196
5.9674108028411865
5.943388938903809
5.6891584396362305
5.545027256011963
5.529012680053711
5.726195335388184
5.651123762130737
5.66013240814209
5.480969429016113
5.537019729614258
5.8362932205200195
5.724189281463623
5.7151830196380615
5.506993293762207
5.456948518753052
5.69416356086731
5.615091323852539
5.7542173862457275
5.793406963348389
5.5520339012146
5.7922515869140625
5.494982004165649
5.580059766769409
5.705919981002808
5.650122880935669
5.5467848777771
5.422232389450073
5.856310606002808
5.739202976226807
5.674143552780151
5.502990007400513
5.4509437084198
5.919367790222168
5.87332558631897
5.69115948677063
5.47196102142334
5.462955474853516
5.649122714996338
5.644117116928101
5.745208501815796
5.472963571548462
5.423919677734375
5.982424736022949
5.615090847015381
5.686155557632446
5.508995056152344
5.465957164764404
5.724190950393677
5.668139219284058
5.741205930709839
5.699167251586914
5.512497901916504
5.4749650955200195
5.801260471343994
5.714181661605835
5.348850965499878
5.69015908241272
6.03847599029541
6.0174572467803955
5.693161725997925
5.545001268386841
5.429924964904785
5.651124477386475
5.645118474960327
5.739204406738281
5.672143220901489
5.597074031829834
5.499986410140991
5.684155225753784
5.661132335662842
5.71117901802063
5.635315179824829
5.529012680053711
5.43895697593689
6.005444526672363
5.881332159042358
5.694161415100098
5.505992650985718
5.5190041065216064
5.691161155700684
5.9634082317352295
5.842296361923218
5.713181495666504
5.522006511688232
5.524008274078369
5.846300840377808
5.626102447509766
5.675145864486694
5.508996248245239
5.447940826416016
5.695164203643799
5.681801795959473
5.9543983936309814
5.899348735809326
5.733199834823608
5.497873067855835
5.488976001739502
5.7291951179504395
5.736236572265625
5.902351140975952
5.671141147613525
5.465959787368774
5.43493127822876
5.649148941040039
5.605086326599121
5.898353815078735
5.632110595703125
5.497988939285278
5.433931589126587
5.698171377182007
5.694167375564575
5.720190763473511
5.74721622467041
5.5600457191467285
5.564049482345581
5.819280385971069
5.670145273208618
5.610091209411621
5.711182117462158
5.507997751235962
5.424921751022339
5.901355028152466
5.664139747619629
5.739208459854126
5.78524923324585
5.752218961715698
5.526014804840088
5.385729551315308
5.871328115463257
5.901354551315308
5.717146158218384
5.748216867446899
5.432931184768677
5.380882978439331
5.899353265762329
5.91120982170105
5.63511323928833
5.586069107055664
5.416914701461792
5.483976125717163
5.686160564422607
5.906360149383545
5.951400995254517
5.712183475494385
5.435932159423828
5.450946569442749
5.6349036693573
5.649126052856445
5.689161539077759
5.602083683013916
5.507997751235962
5.514003276824951
5.6541314125061035
5.651128530502319
5.92137336730957
5.872328996658325
5.728198051452637
5.442939519882202
5.469963550567627
6.003453969955444
6.089524745941162
5.75622296333313
5.6741485595703125
5.468961954116821
5.502992868423462
5.696169853210449
5.647125005722046
5.6681437492370605
5.9023566246032715
5.700171232223511
5.5059967041015625
5.483976602554321
5.6661412715911865
5.614094972610474
5.73720645904541
5.702175140380859
5.767233371734619
5.527014970779419
5.4999895095825195
5.716187238693237
5.5009918212890625
5.689161539077759
5.751219272613525
5.499990701675415
5.413911819458008
5.867323875427246
5.894347906112671
5.6471240520477295
5.671147108078003
5.519008636474609
5.578061580657959
5.891345977783203
5.89635157585144
5.906360149383545
5.659135580062866
5.527015686035156
5.523010492324829
5.731515169143677
5.9566330909729
5.849308013916016
5.8145952224731445
5.482853412628174
5.429927349090576
5.684722900390625
5.752220392227173
5.648125171661377
5.8813371658325195
5.719189167022705
5.561046838760376
5.488980770111084
5.58306622505188
5.608923673629761
5.664139032363892
5.488982200622559
5.520009517669678
5.753220558166504
5.684157133102417
5.540027856826782
6.017460107803345
5.947396993637085
5.9133665561676025
5.660136461257935
5.444942474365234
5.472966432571411
5.81827974319458
5.956405401229858
5.886340379714966
5.748216390609741
5.517005920410156
5.472966432571411
5.878333806991577
5.884339809417725
5.842302560806274
5.916367530822754
5.687159538269043
5.485978126525879
5.468961715698242
5.684159278869629
5.929381370544434
5.931382656097412
5.637114524841309
5.474122047424316
5.471966028213501
5.667142629623413
5.717189073562622
5.732913970947266
5.757222414016724
5.437933683395386
5.495986700057983
5.645124435424805
5.89515495300293
5.913817405700684
5.713157415390015
5.478784084320068
5.565048694610596
5.881337404251099
5.921374320983887
5.879335165023804
5.938387632369995
5.875332593917847
5.752220392227173
5.469963312149048
5.4689624309539795
5.882338523864746
5.9544031620025635
5.9153711795806885
5.690165758132935
5.455953359603882
5.430931568145752
5.588074207305908
5.649354457855225
5.672149658203125
5.917372226715088
5.904360294342041
5.742214679718018
5.493988037109375
5.4809770584106445
5.686166048049927
5.642122745513916
5.908363342285156
5.84930944442749
5.699174642562866
5.528021574020386
5.500994920730591
5.923377990722656
5.970915079116821
5.893351078033447
5.878336668014526
5.65313196182251
5.586072206497192
5.545033931732178
5.745215654373169
5.951404809951782
5.933387279510498
5.723196029663086
5.4769721031188965
5.49699068069458
5.73820948600769
5.670149087905884
5.757227659225464
5.954406023025513
5.858318567276001
5.693169832229614
5.511081218719482
5.483979940414429
5.875335216522217
5.639120578765869
5.693168878555298
5.881340503692627
5.831526279449463
5.92547607421875
5.5287322998046875
5.484978199005127
5.703177213668823
5.684162139892578
5.6911656856536865
5.678156614303589
5.468965768814087
5.529021978378296
5.881340265274048
5.91637110710144
5.68516206741333
5.682159900665283
5.521012783050537
5.7392120361328125
5.825289487838745
5.872332334518433
5.971520185470581
5.7362072467803955
5.440939664840698
5.521012544631958
5.717190980911255
5.6421239376068115
5.694170236587524
5.902359962463379
5.9584105014801025
5.678155899047852
5.477172136306763
5.407911062240601
5.714723825454712
5.905588388442993
5.897355318069458
5.914370059967041
5.865324258804321
5.785247087478638
5.4859819412231445
5.560047388076782
5.894351959228516
5.932386159896851
5.827290773391724
5.856106281280518
5.777245998382568
5.457898139953613
5.465964078903198
5.677155256271362
5.693169355392456
5.744215726852417
5.750222206115723
5.663141489028931
5.728201627731323
5.464961528778076
5.718192100524902
5.8932785987854
5.920375823974609
5.620104074478149
5.483978509902954
5.404908180236816
5.6791558265686035
5.6891655921936035
5.731202602386475
5.681158781051636
5.4818549156188965
5.4479451179504395
5.752222537994385
5.8543150424957275
5.873331785202026
5.802267074584961
5.919374942779541
5.682159423828125
5.4309306144714355
5.434934616088867
5.6721508502960205
5.910367012023926
5.888346910476685
5.872331380844116
5.992019176483154
5.844305753707886
5.538027048110962
5.491050720214844
5.688164234161377
5.897355556488037
5.820284605026245
5.90936541557312
5.924378871917725
5.626107931137085
5.33684515953064
5.504997730255127
5.635116100311279
5.91437029838562
5.9133687019348145
5.807273626327515
5.836298227310181
5.780248403549194
5.497864484786987
5.486982345581055
5.718190908432007
5.852313995361328
5.799264669418335
5.981892824172974
5.8262903690338135
5.615097522735596
5.481976747512817
5.434934854507446
5.655135869979858
5.857316017150879
5.726199150085449
5.8332977294921875
5.8483099937438965
5.55704665184021
5.465962171554565
5.324834823608398
5.661140441894531
5.850855588912964
5.833296775817871
5.869328260421753
5.942394733428955
5.647128105163574
5.4779744148254395
5.487982988357544
5.698173522949219
5.825292587280273
5.812278747558594
5.851314067840576
5.6441264152526855
5.419923782348633
5.522017240524292
5.815282106399536
5.9373931884765625
5.824614524841309
5.872332572937012
5.693668603897095
5.448949575424194
5.402907848358154
5.769240617752075
5.850314378738403
5.817285776138306
5.810277700424194
5.661142349243164
5.394901752471924
5.443944692611694
5.798267126083374
5.804272651672363
5.831296443939209
5.85732102394104
5.654135227203369
5.424926996231079
5.638120651245117
5.754228115081787
5.921379089355469
5.670151233673096
5.437939167022705
5.515009641647339
5.800267696380615
5.823990345001221
5.769240856170654
5.849313735961914
5.379884719848633
5.596084117889404
5.741215229034424
5.849313497543335
5.610116481781006
5.614098310470581
5.372880458831787
5.3468568325042725
5.7972657680511475
5.80526876449585
5.795263767242432
5.8913514614105225
5.710187196731567
5.924833536148071
5.952407360076904
6.184618234634399
5.815281867980957
6.110551357269287
5.766237735748291
5.687165975570679
5.8833441734313965
5.964417934417725
5.850313663482666
6.047495365142822
5.4759745597839355
5.717193603515625
6.0094592571258545
6.422678709030151
6.242322683334351
8.464310884475708
8.403336524963379
6.086730718612671
6.576934576034546
6.695363283157349
6.670058012008667
6.525927305221558
6.327081680297852
5.972442865371704
6.342801570892334
6.190221071243286
6.001002550125122
5.727515935897827
5.671987295150757
5.849035024642944
6.205734491348267
6.051398754119873
6.106491804122925
5.816287040710449
5.863958835601807
5.899648666381836
6.003905773162842
6.253409385681152
6.267357349395752
6.0025317668914795
5.715278625488281
6.166807651519775
6.169526100158691
6.035765647888184
6.072596311569214
5.8677356243133545
5.720988512039185
5.6717529296875
6.782640218734741
6.758629560470581
7.045409202575684
6.2706944942474365
5.511006832122803
6.745128631591797
6.753976583480835
6.245811223983765
6.64913535118103
6.0395307540893555
5.832655906677246
5.98569917678833
6.293513298034668
6.2627153396606445
6.506030559539795
6.0361528396606445
5.786760330200195
6.09449028968811
