Timing log for each step:
0.011008739471435547
5.961272954940796
5.976592540740967
5.769097566604614
5.872798204421997
5.885286092758179
5.848312854766846
5.828833103179932
5.869818687438965
5.9641172885894775
5.87130880355835
5.70485520362854
5.804352283477783
5.970472812652588
5.910329580307007
5.800337076187134
5.8126280307769775
5.949673652648926
5.852640151977539
5.858846664428711
6.045814752578735
5.981271266937256
6.067908763885498
5.891447305679321
5.893496990203857
5.966379642486572
5.971477270126343
6.118056058883667
6.084737300872803
6.298790216445923
6.092936992645264
5.984304666519165
5.994343519210815
5.947559833526611
6.00566291809082
5.947078227996826
5.977102279663086
5.9893903732299805
6.019320964813232
5.969773054122925
5.986659049987793
5.964301824569702
5.862766265869141
5.812478303909302
5.794841766357422
5.873476266860962
5.869134902954102
5.933237552642822
6.0084874629974365
5.954583644866943
5.9476847648620605
5.892966270446777
5.921213626861572
5.9740965366363525
5.9716057777404785
5.936434745788574
6.034749984741211
5.924227952957153
6.008553743362427
5.9693379402160645
6.160814523696899
6.229551315307617
5.944542646408081
5.917377710342407
5.917523145675659
6.020834445953369
5.91225004196167
5.950035333633423
6.070015907287598
6.046289920806885
6.016427516937256
5.956472396850586
5.953985214233398
5.952411651611328
5.938504219055176
5.895642042160034
6.345315456390381
5.884477853775024
5.972645044326782
6.006371736526489
5.938092947006226
5.918040752410889
6.02506422996521
5.9484593868255615
5.968181133270264
6.007816791534424
6.0349531173706055
6.020813226699829
5.989117860794067
6.025196552276611
5.93149733543396
5.988950967788696
5.956632614135742
5.993894577026367
5.987486124038696
5.9568140506744385
5.8606767654418945
6.004181861877441
6.008114337921143
6.063651084899902
6.006269693374634
6.09193754196167
5.999367713928223
5.893707752227783
5.9951207637786865
5.849491596221924
5.960808992385864
5.928694486618042
5.940330266952515
5.985079765319824
5.89673924446106
6.044901132583618
6.395452976226807
6.441379547119141
6.401001214981079
6.717838525772095
6.742269277572632
6.868541955947876
6.632133960723877
6.829601764678955
6.94498348236084
6.545034408569336
6.023791074752808
6.09665322303772
5.92030930519104
7.790258169174194
6.522244930267334
6.080246210098267
6.00084662437439
5.585210084915161
6.1123366355896
6.862835645675659
5.508008241653442
5.46997332572937
5.524020671844482
5.559054851531982
5.495997905731201
5.492994070053101
5.4789817333221436
5.480983018875122
5.568063020706177
5.447954177856445
5.49199366569519
5.441949367523193
5.541038751602173
5.515013933181763
5.518016338348389
5.42393159866333
5.503003120422363
5.456961393356323
5.510239362716675
5.489332437515259
5.505457401275635
5.513012647628784
5.502001762390137
5.646133661270142
5.458963632583618
5.441948175430298
5.474978446960449
5.5040037631988525
5.518017292022705
5.448955297470093
5.494994640350342
5.411921739578247
5.460966110229492
5.47797966003418
5.532029867172241
5.45295786857605
5.662140130996704
5.66507887840271
5.504003524780273
5.542038679122925
5.500000476837158
5.537033557891846
5.435943603515625
5.435134410858154
5.447493314743042
5.443949222564697
5.592083692550659
5.638125896453857
5.449955940246582
5.611098766326904
5.4579620361328125
5.409919500350952
5.497998476028442
5.438946008682251
5.4819841384887695
5.41392183303833
5.436944484710693
5.47998309135437
5.483982563018799
5.460965633392334
5.444950819015503
5.449955701828003
5.431939363479614
5.542038679122925
5.5090086460113525
5.473692893981934
5.50200080871582
5.49699854850769
5.4589643478393555
5.449955701828003
5.456961393356323
5.436943769454956
5.442949056625366
5.401911497116089
5.49799919128418
5.469973087310791
5.48498797416687
5.432939291000366
5.476979970932007
5.446796417236328
5.499000549316406
5.460965871810913
5.482984781265259
5.404914140701294
5.39934515953064
5.4059154987335205
5.532029390335083
5.467971086502075
5.494995594024658
5.383894920349121
5.371883869171143
5.4699742794036865
5.425932884216309
5.449955224990845
5.46196722984314
5.459964036941528
5.38247013092041
5.469776153564453
5.412921667098999
5.508007287979126
5.446952819824219
5.460965633392334
5.4729743003845215
5.52101993560791
5.793558835983276
6.017972469329834
6.003079414367676
5.980023384094238
5.905306577682495
6.051758527755737
5.922696113586426
5.803970813751221
5.899163722991943
5.845887899398804
5.940276861190796
5.8677685260772705
5.979043483734131
5.76201057434082
5.744983673095703
5.790367364883423
5.9117937088012695
5.866387605667114
5.901036739349365
5.924906492233276
5.976771354675293
6.060566186904907
5.9012370109558105
5.952084302902222
6.016050100326538
5.928356409072876
5.908902406692505
5.983719825744629
5.895887851715088
5.968783617019653
5.921584844589233
5.95015811920166
5.974201679229736
5.854460000991821
5.8067097663879395
5.942880153656006
5.95854926109314
5.916118383407593
5.93956732749939
6.053760766983032
5.931384325027466
5.900640964508057
5.936989784240723
5.910552978515625
5.970457315444946
5.889177322387695
6.002428293228149
5.979074954986572
5.876653432846069
5.855782747268677
5.977532625198364
5.920181512832642
5.938417434692383
5.93939208984375
5.900007009506226
5.908243179321289
5.93671989440918
5.928707838058472
5.881406307220459
5.940870761871338
5.976161479949951
5.813693523406982
5.827560186386108
5.855201005935669
5.828282356262207
5.932481288909912
5.981384515762329
5.84814977645874
5.9416563510894775
5.934313058853149
5.932055234909058
6.017312526702881
6.017435550689697
5.8838207721710205
5.963419675827026
5.810965538024902
5.803057670593262
5.828977823257446
5.828024625778198
5.873859643936157
5.84902811050415
5.806226015090942
5.858814477920532
5.965747356414795
5.896366357803345
5.867125034332275
5.9692912101745605
5.948860168457031
5.949912786483765
6.498061656951904
6.46587872505188
5.84731650352478
5.65213942527771
5.405915260314941
5.436943769454956
5.453958988189697
5.43494176864624
5.43494176864624
5.450955390930176
5.462966680526733
5.416926383972168
5.476980209350586
5.505004644393921
5.458963394165039
5.4519572257995605
5.459964990615845
5.492995500564575
5.452957391738892
5.456961393356323
5.42392897605896
5.394905090332031
5.483986854553223
5.442948341369629
5.44494891166687
5.468644857406616
5.44194769859314
5.444951057434082
5.411921262741089
5.378891229629517
5.474978685379028
5.463968515396118
5.424932479858398
5.4899914264678955
5.458962440490723
5.4269349575042725
5.449955224990845
5.474978446960449
5.429938316345215
5.402912616729736
5.439945697784424
5.452958106994629
5.463933706283569
5.462967157363892
5.353868722915649
5.316833972930908
5.305825233459473
5.322840452194214
5.50300407409668
5.317834854125977
5.423930644989014
5.329846382141113
5.297817230224609
5.479982137680054
5.576069116592407
5.49199366569519
5.3548688888549805
5.455959796905518
5.418925762176514
5.376887798309326
5.331848382949829
5.482985019683838
5.534029483795166
5.396907329559326
5.414921998977661
5.557052850723267
5.942132234573364
5.884973526000977
5.900103807449341
5.914244651794434
6.163332462310791
6.007123231887817
6.1923441886901855
6.083620071411133
5.853047132492065
5.958644390106201
5.937328577041626
5.870284080505371
5.884206533432007
5.910830736160278
5.78620982170105
5.9346020221710205
5.953939199447632
5.9235520362854
6.016920804977417
5.928863048553467
5.873358249664307
5.935457944869995
5.931973218917847
5.947122573852539
5.894572019577026
5.988450288772583
5.894384860992432
5.786958694458008
5.631205797195435
5.964078426361084
5.9784886837005615
6.0082409381866455
5.926698684692383
5.845043659210205
5.931594371795654
5.79156231880188
5.87916111946106
5.8544464111328125
5.792423248291016
5.889724016189575
5.792284727096558
5.802194833755493
5.8371500968933105
5.874765872955322
5.824813365936279
6.507067918777466
5.863909482955933
5.877551078796387
5.92658805847168
5.8449387550354
5.737921953201294
5.812273979187012
5.827993869781494
5.797209739685059
5.810689449310303
5.894046783447266
5.874987363815308
6.021279573440552
5.930466175079346
5.78567099571228
5.877482891082764
5.906895160675049
5.975717544555664
5.912261962890625
5.782939434051514
5.796076059341431
5.84634804725647
5.855713844299316
5.773426532745361
5.867691993713379
5.850618839263916
5.846745491027832
5.907348871231079
5.929528713226318
5.8624231815338135
5.778516054153442
5.875991582870483
6.095978021621704
6.163650274276733
6.02927303314209
5.758827209472656
5.950345993041992
5.916419744491577
5.8731911182403564
6.076674938201904
5.7931599617004395
5.94248104095459
5.857990264892578
5.874265670776367
5.893315553665161
5.7668137550354
5.785733461380005
5.835132122039795
5.904855012893677
5.887595176696777
5.919917106628418
5.865797281265259
5.9269185066223145
5.933022975921631
5.904000282287598
6.382397413253784
6.078524351119995
6.321757793426514
6.070585250854492
5.822823524475098
5.825637340545654
5.9000372886657715
5.87647819519043
5.891214609146118
5.896880149841309
5.832158803939819
5.84608793258667
5.867474555969238
5.819377899169922
5.8509767055511475
5.834591865539551
5.819295167922974
5.868927001953125
5.8819708824157715
5.88084602355957
5.886121034622192
5.910729885101318
5.89622950553894
5.935467481613159
6.023507595062256
5.88979434967041
5.8062920570373535
5.865011930465698
5.786742687225342
5.89840292930603
5.900602579116821
5.816483497619629
5.984990835189819
5.857031583786011
5.8321545124053955
5.920639276504517
6.319642066955566
5.835487604141235
5.966491460800171
5.896462917327881
6.080459117889404
5.859503746032715
5.877100229263306
5.826081037521362
5.794185161590576
5.788244724273682
5.83121657371521
5.8340067863464355
5.8850648403167725
5.841501712799072
5.866881370544434
5.872427940368652
5.862987279891968
5.78788423538208
5.805570602416992
5.795655727386475
5.882049083709717
5.92151665687561
5.8469884395599365
5.873060464859009
5.692172050476074
5.713053226470947
5.762085914611816
5.798903942108154
5.688746929168701
6.204352855682373
5.770750522613525
5.701720952987671
5.771583795547485
5.762776136398315
5.722867727279663
5.789768934249878
5.758352279663086
5.793094635009766
5.7983033657073975
5.757511615753174
5.811647176742554
5.858395576477051
5.7320520877838135
5.744375228881836
5.786801815032959
5.795297384262085
5.7625181674957275
5.713743686676025
5.720088243484497
5.7342307567596436
5.786864995956421
5.7863545417785645
5.748710632324219
5.8074305057525635
5.675180673599243
5.7089409828186035
5.764951705932617
5.669248104095459
5.743388891220093
5.714450836181641
5.798146724700928
5.714494943618774
5.685366153717041
5.749931335449219
5.7282891273498535
5.702878952026367
5.768350124359131
5.755633354187012
5.780658483505249
5.743160724639893
5.723299741744995
5.80124831199646
5.666728973388672
5.708120346069336
5.716625213623047
5.746501922607422
5.732522010803223
5.789308309555054
5.888916969299316
5.896571636199951
5.736680030822754
5.73682975769043
5.702956438064575
5.627794504165649
5.588972806930542
5.373887062072754
5.386898756027222
5.308826684951782
5.415924549102783
5.421929836273193
5.384896278381348
5.392903089523315
5.343858003616333
5.444949150085449
5.481984615325928
5.387898683547974
5.402913331985474
5.295814514160156
5.37989068031311
5.427934885025024
5.387898683547974
5.434940814971924
5.431938171386719
5.367880344390869
5.472976446151733
5.42493200302124
5.324841022491455
5.435941219329834
5.435942649841309
5.490991592407227
5.541036605834961
5.412919998168945
5.299819231033325
5.389901399612427
5.793837308883667
5.827545881271362
5.796501636505127
5.765416383743286
5.672220230102539
5.750835180282593
5.728986501693726
5.934220552444458
5.561056137084961
5.426934003829956
5.615106105804443
5.493995666503906
6.391810655593872
6.073549032211304
6.398684978485107
6.437630653381348
6.322360992431641
6.426246404647827
5.860820293426514
5.676537275314331
5.976813554763794
5.803179025650024
5.6995790004730225
5.6871864795684814
5.703260183334351
5.70354151725769
5.7437403202056885
5.683536052703857
5.847533226013184
5.73357629776001
5.715306043624878
5.751917600631714
5.755053997039795
5.724650859832764
5.739439964294434
5.7940521240234375
5.777574062347412
5.740131616592407
5.784521818161011
5.946919202804565
5.9703192710876465
5.768324613571167
5.847195625305176
5.733844995498657
5.772547960281372
5.7581305503845215
5.70487642288208
5.816487550735474
5.773482322692871
5.760072469711304
5.7754786014556885
5.763897657394409
5.785214185714722
5.773478746414185
5.80803108215332
5.731971979141235
5.79845118522644
5.905205965042114
5.883791208267212
5.7507688999176025
5.739740610122681
5.763274669647217
5.79498553276062
5.806948900222778
5.75829553604126
5.735414266586304
5.789813041687012
5.784637212753296
6.5594799518585205
6.1658034324646
5.765294551849365
5.75351357460022
5.849179744720459
6.107983827590942
6.218151092529297
6.294875621795654
5.696008205413818
5.7753496170043945
6.337756633758545
5.855108976364136
5.813786745071411
6.129925012588501
5.855613470077515
5.8378705978393555
5.770991086959839
5.750168323516846
5.765835762023926
5.850322484970093
5.743960380554199
5.76668381690979
5.9457879066467285
6.625553369522095
6.9199419021606445
6.27971076965332
5.5850830078125
5.675490379333496
5.747884511947632
5.841311693191528
5.658144950866699
5.741219997406006
6.408827543258667
6.754140615463257
5.9113757610321045
5.647135257720947
5.747910499572754
5.4549596309661865
5.705187559127808
5.707189559936523
5.5360329151153564
5.7292091846466064
5.43193507194519
5.527026176452637
6.03510308265686
5.923614740371704
5.68959379196167
5.741562843322754
5.745871305465698
5.818211317062378
5.739187479019165
5.673356533050537
5.9561803340911865
6.164763689041138
5.920405387878418
5.940005302429199
5.896398305892944
5.847470998764038
5.95527458190918
5.675194263458252
5.72346043586731
5.846824407577515
5.731964588165283
5.774747610092163
5.816722869873047
5.831755876541138
5.756277561187744
5.828448057174683
5.761570692062378
5.7796666622161865
5.878507852554321
5.706927061080933
5.850728511810303
5.7840352058410645
5.781179189682007
5.793410778045654
5.8062121868133545
5.834439516067505
5.88255763053894
5.929573059082031
6.007720708847046
5.939886569976807
5.743000745773315
5.691538095474243
5.71239709854126
5.7615978717803955
5.784859895706177
5.8393330574035645
5.763321399688721
5.757300853729248
5.7845964431762695
5.856788873672485
5.708977222442627
5.787961006164551
5.8461573123931885
5.910622835159302
5.857934236526489
5.810091733932495
5.740581750869751
5.811150074005127
5.843734502792358
5.726629734039307
5.744634628295898
5.777733564376831
5.708079099655151
5.754992246627808
6.007790565490723
5.743195295333862
5.780507564544678
5.77741551399231
5.743903398513794
5.809530735015869
5.776024580001831
5.8729188442230225
5.7997448444366455
5.786325693130493
5.855834722518921
5.779486179351807
5.762309312820435
5.759562969207764
5.870287179946899
5.868920564651489
5.776989221572876
5.780807256698608
5.838037729263306
5.815646648406982
5.742175102233887
5.837934494018555
5.880228042602539
6.027300119400024
5.866661071777344
5.77006196975708
5.889060020446777
5.80775260925293
5.900457143783569
5.73475456237793
6.203705310821533
6.092544078826904
5.802881479263306
5.504271507263184
6.113492250442505
5.925049066543579
5.911831617355347
5.935142993927002
5.879693031311035
5.956361770629883
5.90433931350708
5.981441020965576
5.905066251754761
5.893648862838745
5.879112958908081
5.88000226020813
5.885181188583374
5.911476135253906
5.876928329467773
5.90090274810791
5.886268615722656
5.883472442626953
5.886174440383911
5.94356369972229
5.864743709564209
5.940385818481445
6.0043487548828125
5.90402889251709
5.902901649475098
5.906386137008667
5.935203552246094
5.892330646514893
5.888848781585693
5.95189905166626
5.886479377746582
5.898418188095093
5.868314981460571
5.862694978713989
5.9244890213012695
5.897712707519531
6.118555784225464
5.879069566726685
6.451268911361694
6.617032527923584
6.361296653747559
5.919072151184082
5.944579839706421
5.8838951587677
5.9606499671936035
5.889658212661743
5.891590356826782
5.920896053314209
6.1717305183410645
5.963116407394409
5.918976545333862
5.856862783432007
5.973789691925049
6.674398899078369
6.12338662147522
6.437438488006592
6.49690842628479
7.073563575744629
6.76128363609314
6.129573822021484
6.1370697021484375
5.814690589904785
5.754187345504761
5.690976142883301
5.745169639587402
5.906450033187866
5.99410080909729
5.72271203994751
5.735410451889038
5.70952033996582
5.792982578277588
5.774957895278931
5.743290662765503
5.747493743896484
6.064836740493774
6.0926737785339355
5.739470481872559
5.751616716384888
5.723771095275879
5.805251359939575
5.749824523925781
5.773252248764038
5.768829584121704
5.738424062728882
5.717041254043579
5.7742533683776855
5.835948467254639
5.7273712158203125
5.766222238540649
5.781745910644531
5.758819580078125
5.783203363418579
5.731241464614868
5.707972764968872
5.75815486907959
5.818982839584351
5.756649732589722
5.803453683853149
5.692760944366455
5.748731374740601
5.666344165802002
5.791724443435669
5.912665605545044
5.824387788772583
5.781524419784546
6.066940546035767
5.728595733642578
5.774467468261719
5.740014314651489
5.7988600730896
5.757301568984985
5.749340295791626
5.76623797416687
5.727412223815918
5.765737533569336
5.7702600955963135
5.794334888458252
5.7513322830200195
5.771290302276611
5.783553600311279
5.7291176319122314
5.72459864616394
5.751907587051392
5.715678453445435
5.735599040985107
5.7498438358306885
5.749232769012451
5.758193016052246
5.713756084442139
5.732163190841675
5.762785911560059
5.772087574005127
5.731216192245483
5.748052358627319
5.787070035934448
5.726622819900513
5.723977565765381
5.762623071670532
5.789858341217041
5.997567415237427
5.721037149429321
5.751890659332275
5.980022192001343
5.892050266265869
6.425801515579224
6.067949056625366
6.004122495651245
5.8777852058410645
5.940403461456299
5.927481174468994
5.966838121414185
6.135607719421387
5.996696472167969
6.090734004974365
6.135444402694702
5.925071477890015
5.962297201156616
5.903210401535034
6.161834478378296
5.792109251022339
5.846590042114258
5.782209157943726
5.827970504760742
5.825942516326904
5.840142488479614
5.7872185707092285
5.866557836532593
5.9517481327056885
6.098802328109741
6.5027854442596436
6.042097568511963
5.96216344833374
6.056075811386108
5.959514379501343
6.048167943954468
6.036221027374268
6.067337512969971
5.962261915206909
5.998202562332153
5.951650857925415
5.964627742767334
6.0107340812683105
6.0086829662323
6.037420272827148
6.077486038208008
6.036509990692139
5.947472095489502
6.021659851074219
5.9578468799591064
6.198266267776489
6.184771299362183
6.056373596191406
5.990803003311157
6.016082763671875
6.321011543273926
5.971783638000488
5.938070297241211
5.963938474655151
6.048773527145386
6.313277721405029
6.127450227737427
5.966930627822876
6.0661845207214355
6.008331537246704
6.078836917877197
5.971847057342529
5.954814672470093
5.97130012512207
6.156060457229614
6.371554613113403
6.008404970169067
6.036241292953491
6.014307737350464
6.053693532943726
6.014007806777954
6.018264293670654
6.030083656311035
6.024347543716431
6.011805534362793
6.063300371170044
6.065094709396362
6.316301584243774
6.194994688034058
6.099587440490723
6.001114368438721
5.929763555526733
5.9595723152160645
5.977368116378784
5.965115308761597
6.0145087242126465
5.978224039077759
5.92142128944397
6.076610326766968
6.015550136566162
6.376324892044067
6.174326419830322
6.454081773757935
6.003637313842773
6.076876163482666
6.066506624221802
6.03702449798584
6.05867075920105
6.0101635456085205
5.8924126625061035
5.86765193939209
6.034920692443848
6.0456953048706055
6.052212238311768
5.98315167427063
6.0041303634643555
6.022882699966431
6.0460426807403564
5.921180486679077
6.00825834274292
6.098897457122803
5.966318368911743
6.1503190994262695
6.078584432601929
6.099502801895142
6.031934499740601
6.023987531661987
6.051959753036499
6.031217098236084
5.895615339279175
6.006676435470581
6.108594179153442
6.0558178424835205
5.959131717681885
6.047303199768066
6.006590843200684
5.939722776412964
5.924618244171143
5.978056192398071
6.000146150588989
6.092357635498047
6.013100624084473
5.9940643310546875
6.01485276222229
6.22929573059082
5.9886345863342285
5.919009685516357
5.981875419616699
6.0179150104522705
5.9320948123931885
5.998009920120239
6.035601615905762
6.159840106964111
6.090588808059692
6.04463791847229
5.978963613510132
6.107349872589111
6.093834161758423
5.980940580368042
5.950603246688843
6.00914740562439
5.988925218582153
5.987131834030151
6.006434202194214
5.935786485671997
6.183748245239258
6.095072269439697
6.073645830154419
5.916990041732788
6.015226125717163
5.979104042053223
6.0730907917022705
6.168188810348511
6.104071378707886
6.264408588409424
6.402162313461304
6.09934401512146
6.001527786254883
5.8971312046051025
5.973374605178833
6.053065776824951
5.994324445724487
6.023121356964111
5.965841054916382
5.938306093215942
6.012954950332642
5.9781715869903564
5.927926778793335
5.926211595535278
5.991452217102051
5.978212594985962
6.089705467224121
5.9386372566223145
5.977798223495483
6.032638311386108
5.976508378982544
5.891422271728516
5.944698333740234
6.021011114120483
5.968559980392456
6.035742521286011
6.310980319976807
6.350265979766846
6.052286624908447
6.133180618286133
6.040302991867065
6.051177978515625
6.133307933807373
6.169560670852661
6.024699926376343
6.13079047203064
6.199450492858887
6.198110103607178
6.131315231323242
6.10970401763916
6.140464782714844
6.08685564994812
6.078843593597412
6.086264371871948
6.16785740852356
6.124972581863403
6.135529041290283
6.0109617710113525
6.221886157989502
6.0609986782073975
6.051515817642212
5.9935784339904785
6.112956523895264
6.104194164276123
6.059680461883545
6.12153697013855
6.121869802474976
6.1097941398620605
6.0472986698150635
6.146702766418457
6.080942153930664
6.07203221321106
6.039703369140625
6.047166585922241
6.138161659240723
6.206573724746704
6.012328624725342
6.0770485401153564
6.215753793716431
6.12954568862915
5.839265823364258
5.7204201221466064
6.39225172996521
6.242539882659912
6.134615182876587
6.123172044754028
6.214298725128174
6.184099912643433
5.609099388122559
5.577071189880371
5.636124134063721
5.605095863342285
5.516014337539673
5.598092317581177
5.586079120635986
5.647133827209473
5.58307671546936
5.752231121063232
5.75122857093811
5.54003643989563
5.554049968719482
5.697179317474365
5.777251482009888
5.496998310089111
5.604094982147217
5.5500452518463135
5.612102508544922
5.545042276382446
5.5370330810546875
5.643130779266357
5.587080001831055
5.573066473007202
5.644131898880005
5.571065187454224
5.534029960632324
5.626115083694458
5.5590550899505615
5.7922656536102295
5.520017385482788
5.7692461013793945
5.700181722640991
5.54504132270813
5.484988212585449
5.4969987869262695
5.540043354034424
5.605095386505127
6.191628932952881
5.5060060024261475
5.610100507736206
5.693177938461304
5.556051015853882
5.613103628158569
5.575069427490234
5.525024175643921
5.591083526611328
5.606096506118774
5.807301998138428
5.616106033325195
5.5860795974731445
5.586078643798828
5.505005836486816
5.598091125488281
5.544041872024536
5.641129016876221
5.494996547698975
5.640127897262573
5.494992733001709
5.600092172622681
5.5800745487213135
5.5730671882629395
5.60309362411499
5.5430381298065186
5.470972537994385
5.526024580001831
5.592083692550659
5.542038202285767
5.56605863571167
5.559054374694824
5.678160905838013
5.794269323348999
5.497997999191284
5.691173791885376
5.562057256698608
5.6371259689331055
5.547041893005371
5.594086170196533
5.569063425064087
5.622112274169922
5.565058946609497
5.425934076309204
5.639127016067505
5.606096267700195
5.555049896240234
5.546041488647461
5.607098579406738
5.5530500411987305
5.530027866363525
5.491991281509399
5.498999834060669
5.626114368438721
5.6191086769104
5.44795298576355
5.57807183265686
5.57907247543335
5.531028985977173
5.615105628967285
5.472975492477417
5.468972444534302
5.593084335327148
5.576070547103882
5.57306694984436
6.357282638549805
6.226357698440552
6.237678527832031
6.356981992721558
6.11345100402832
6.323239088058472
6.060298204421997
6.200273036956787
6.1677210330963135
6.094210386276245
6.116153955459595
6.119332790374756
6.132645606994629
6.111964225769043
6.216775178909302
6.133893251419067
6.070859670639038
6.108075857162476
6.077653884887695
6.022136688232422
5.970531702041626
6.153449296951294
5.8722145557403564
6.022624969482422
6.105851411819458
6.088903427124023
6.081714868545532
6.133607864379883
6.1362574100494385
6.075486183166504
6.104596138000488
6.16118049621582
6.078105926513672
6.227872848510742
6.217721700668335
6.029760837554932
6.213623285293579
6.128264427185059
6.046786308288574
6.127147674560547
6.200030088424683
6.1626927852630615
6.222362518310547
6.152212858200073
6.171327829360962
6.156759262084961
6.047527074813843
6.06746768951416
6.2528464794158936
6.235224485397339
6.166967391967773
6.2200727462768555
6.078531742095947
6.170222043991089
6.243374824523926
6.2781662940979
6.0925023555755615
6.055988073348999
6.553895473480225
6.085209608078003
6.205005168914795
6.217909336090088
6.023085117340088
6.096674919128418
6.382976770401001
5.998779535293579
5.956693410873413
6.025084495544434
5.969944715499878
5.964582681655884
6.000805377960205
5.932636022567749
6.064361333847046
6.056700706481934
6.145097255706787
6.072874307632446
6.044386863708496
6.030487298965454
5.9778971672058105
6.007915496826172
5.962812423706055
6.051044464111328
6.010058879852295
5.956830978393555
6.269782543182373
6.144399404525757
6.070576190948486
6.0694358348846436
6.005598306655884
6.000107288360596
6.060626268386841
6.04685640335083
6.080315351486206
6.052110433578491
6.017416715621948
6.008690595626831
6.243924617767334
6.167827129364014
6.1041364669799805
6.16374945640564
6.302881240844727
5.9938037395477295
6.083376169204712
6.023594856262207
6.101593017578125
6.242517471313477
6.149132966995239
6.054505825042725
6.155994176864624
6.211111545562744
6.143748998641968
6.139426946640015
6.148998975753784
6.101078271865845
6.148284673690796
6.022024869918823
5.629514694213867
5.581074476242065
5.631119251251221
5.551047325134277
5.515015125274658
5.571065187454224
5.593083143234253
5.560056686401367
5.496998071670532
5.515013694763184
5.604095458984375
5.611100673675537
5.607097387313843
5.5650599002838135
5.638127326965332
5.553048372268677
5.565060138702393
5.5920844078063965
5.574067831039429
5.564058780670166
5.6681530475616455
5.586079120635986
5.627116680145264
5.658143758773804
5.555052042007446
5.590082168579102
5.588080644607544
5.601092100143433
5.579071521759033
5.632122039794922
5.488990783691406
5.526024341583252
5.593085765838623
5.587080955505371
5.637124061584473
5.653140068054199
5.554049968719482
5.608100652694702
5.650136232376099
5.609097719192505
5.644131422042847
5.637125015258789
5.923386812210083
5.523021697998047
5.5760698318481445
5.636125087738037
5.491994380950928
5.647135019302368
5.531028747558594
5.6661505699157715
5.685168743133545
6.091485023498535
6.097003698348999
6.485608100891113
6.148820161819458
6.190255641937256
6.032230615615845
6.054325342178345
6.130874395370483
6.098362684249878
6.061021566390991
6.151299953460693
6.070426940917969
5.9827330112457275
6.075798988342285
6.069624185562134
6.1954100131988525
6.015948057174683
6.159285068511963
6.271779775619507
6.801410913467407
6.152405261993408
6.20478630065918
6.213699102401733
6.12628698348999
6.06744909286499
6.135903596878052
5.9408345222473145
6.003280878067017
5.9905126094818115
6.251579999923706
6.395261764526367
6.507465362548828
6.081101894378662
6.021748304367065
6.155075550079346
6.162801742553711
6.053824424743652
6.140110015869141
6.239686012268066
6.105577230453491
6.1440346240997314
6.381948232650757
6.812282085418701
6.118415594100952
6.3021204471588135
6.120835065841675
6.602506399154663
6.075035095214844
6.127638816833496
6.073503017425537
6.294833421707153
6.038240909576416
6.3561131954193115
6.216809272766113
6.007324695587158
5.972329378128052
6.316136121749878
6.030416250228882
6.048450469970703
6.016528606414795
6.037943124771118
6.067444801330566
6.102857351303101
6.106372356414795
6.156518220901489
6.109766483306885
6.041173696517944
6.423072099685669
6.529340982437134
6.196693181991577
6.138539552688599
6.0229973793029785
6.0566229820251465
6.0911009311676025
6.063983678817749
6.068084239959717
6.130918025970459
6.227641820907593
6.390913963317871
6.308868646621704
6.295845031738281
6.134001970291138
6.1455254554748535
6.2070581912994385
6.16259503364563
6.19038724899292
6.342006683349609
6.434829473495483
6.359525442123413
6.221685409545898
6.06620979309082
6.063009262084961
6.037505149841309
6.0088725090026855
6.10113263130188
6.180895566940308
6.094302415847778
5.93131160736084
5.994728088378906
6.052609205245972
5.963522911071777
6.11497163772583
6.148835897445679
6.147194147109985
6.141530990600586
6.0752294063568115
6.1591596603393555
6.111746549606323
6.43097996711731
6.428859233856201
6.171841859817505
6.140071153640747
6.111712455749512
6.0321667194366455
6.142385005950928
6.216421127319336
6.639709234237671
6.535136938095093
6.4118804931640625
6.247340679168701
6.214026689529419
6.179222583770752
6.119728088378906
6.185022592544556
6.1306846141815186
6.197542667388916
6.173882722854614
6.102019309997559
6.15598464012146
6.128655672073364
6.195363521575928
6.149200439453125
6.135293245315552
6.0834059715271
6.114159107208252
6.217262029647827
6.092909336090088
6.1201324462890625
6.149694204330444
6.099413633346558
6.129497051239014
6.117797613143921
6.117330312728882
6.0614173412323
6.0645952224731445
6.030453205108643
6.041760683059692
5.989496231079102
6.110280752182007
6.070895195007324
5.967199087142944
6.061332702636719
6.018044471740723
6.037475824356079
6.002925872802734
6.17869234085083
6.362928152084351
6.496693134307861
6.157144069671631
6.1009111404418945
6.192098617553711
6.4446940422058105
6.362605333328247
6.557017803192139
6.053532600402832
6.156537294387817
6.124232530593872
6.286266803741455
6.492812156677246
6.719586372375488
6.667222261428833
6.384238958358765
6.080312490463257
6.1723082065582275
5.9648377895355225
6.42350172996521
6.094491720199585
6.026478052139282
6.065060138702393
6.044054985046387
6.140909671783447
6.4623918533325195
6.191539287567139
6.626699209213257
6.506915330886841
6.175874948501587
6.121184349060059
6.147463321685791
6.146910190582275
6.117818117141724
6.159394979476929
6.2010791301727295
6.1367552280426025
6.145447492599487
6.242806434631348
6.144909858703613
6.124554872512817
6.105237245559692
6.247406959533691
6.207274675369263
6.1208789348602295
6.194705247879028
6.239899635314941
6.144355297088623
6.231305122375488
6.357004404067993
6.664805173873901
6.474518775939941
6.261181592941284
6.32396936416626
6.682259798049927
6.246717691421509
6.119023561477661
6.09178614616394
6.118011236190796
6.1762919425964355
6.092024564743042
6.135801315307617
6.09643292427063
6.1036248207092285
6.057390451431274
6.072665452957153
6.074758052825928
6.094763517379761
6.035216808319092
6.014678001403809
6.104356527328491
6.1829259395599365
6.192960977554321
6.19138240814209
6.588698863983154
6.6148011684417725
6.008543968200684
6.121756076812744
6.398507356643677
6.104233741760254
6.2418012619018555
6.142183780670166
6.155069351196289
6.109331369400024
6.047092914581299
6.113858699798584
6.14624810218811
6.219952583312988
6.201530694961548
6.1872313022613525
6.140361309051514
6.767431020736694
6.63538670539856
6.152339696884155
6.127121210098267
6.137284994125366
6.069688081741333
6.106109857559204
6.152353048324585
6.123216867446899
6.033211946487427
6.112169981002808
6.172581911087036
6.106330871582031
6.134509325027466
6.4554123878479
6.178265333175659
6.146402359008789
6.202585935592651
6.104288578033447
6.126111745834351
6.103662729263306
6.512233257293701
6.119644403457642
6.0768585205078125
6.169084072113037
6.133216857910156
6.112500429153442
6.075038194656372
6.077253818511963
6.502448081970215
5.9841835498809814
6.057127952575684
6.006905794143677
6.119303941726685
6.046354055404663
6.0307769775390625
6.207891464233398
6.123939037322998
6.0133585929870605
6.1746954917907715
6.22072696685791
6.050506114959717
6.043421268463135
6.083755970001221
6.104001998901367
6.3974928855896
6.10160756111145
6.104942083358765
5.876939058303833
6.101754426956177
6.050796270370483
6.059376001358032
6.1019041538238525
6.096360445022583
6.048834800720215
6.007976531982422
5.975373268127441
6.054288625717163
6.0421764850616455
6.1070451736450195
6.165451765060425
6.08959174156189
6.004472732543945
6.03926420211792
6.261974811553955
6.115086793899536
6.091346025466919
6.439202308654785
6.065977334976196
5.999974012374878
5.959185838699341
6.077761650085449
6.087531566619873
6.119263410568237
6.132347345352173
6.112518548965454
6.064169406890869
6.069900274276733
6.015862703323364
6.148454189300537
6.363218784332275
6.194393634796143
5.99382472038269
6.055669069290161
6.1199727058410645
6.117817401885986
6.12666916847229
6.056885480880737
6.116854429244995
6.170501232147217
6.207927942276001
6.1586058139801025
6.124617099761963
6.136162281036377
6.200219631195068
6.122273206710815
6.114376544952393
6.256712198257446
6.14289116859436
6.065657377243042
6.172355651855469
6.105782747268677
6.125657796859741
6.149435997009277
6.115795612335205
6.149425983428955
6.171013355255127
6.0838048458099365
6.3942389488220215
6.244232892990112
6.172558784484863
6.165555238723755
6.137810707092285
6.149473190307617
6.202457666397095
6.1668713092803955
6.344133138656616
6.193110227584839
6.2658233642578125
6.146117687225342
6.141829490661621
6.393229246139526
6.125656843185425
6.138214111328125
6.225146532058716
6.127085447311401
6.220416307449341
6.14006495475769
6.218142986297607
6.44715142250061
6.894404172897339
7.097452878952026
6.794804573059082
6.816726446151733
6.839818239212036
6.86499285697937
6.563968181610107
6.676069259643555
6.751608371734619
6.266308546066284
6.508037090301514
6.060509920120239
5.906370162963867
5.886352777481079
5.955414533615112
6.257465362548828
5.803549528121948
5.906369924545288
6.079045534133911
5.816972732543945
6.0291078090667725
5.867334604263306
6.402822017669678
5.989854335784912
6.313488483428955
6.429977178573608
6.435871601104736
6.114261150360107
6.591165542602539
6.417149543762207
6.181265592575073
6.101767539978027
6.145885705947876
6.186155080795288
6.341958045959473
6.2618958950042725
6.120604515075684
6.119751453399658
6.271615266799927
6.109509706497192
6.03538703918457
6.155271291732788
6.262420415878296
6.178071737289429
6.516922235488892
5.719771146774292
5.744816780090332
6.42984676361084
6.209781646728516
6.141074180603027
6.285306215286255
6.247042417526245
6.266418218612671
6.198081970214844
6.322035551071167
6.129968643188477
6.268178701400757
6.174930572509766
6.362826824188232
6.8486387729644775
6.468900918960571
6.228780031204224
6.2052531242370605
6.238872051239014
6.283121585845947
6.273231744766235
6.191564559936523
6.149802207946777
6.162900686264038
6.2080748081207275
6.064329385757446
6.710286855697632
6.652818441390991
6.179372310638428
6.273473262786865
6.653885126113892
6.1911702156066895
6.194408655166626
6.130591630935669
6.097005128860474
6.197303056716919
6.191936492919922
6.20230507850647
6.18988037109375
6.205260753631592
6.431732654571533
6.5284082889556885
6.1003265380859375
6.143144369125366
6.118098735809326
6.148876190185547
6.167260646820068
6.193302392959595
6.108354091644287
6.122146129608154
6.2037718296051025
6.1828179359436035
6.142492294311523
6.155118942260742
6.179197788238525
6.219890832901001
6.2003700733184814
6.281845331192017
6.622400999069214
6.6916344165802
6.321355104446411
6.27449631690979
6.28670334815979
6.19965934753418
6.1661741733551025
6.259220361709595
6.196930408477783
6.167277574539185
6.214641809463501
6.197105407714844
6.162121534347534
6.035238027572632
6.163746118545532
6.234577417373657
6.269256353378296
6.406597137451172
6.230182886123657
6.159285068511963
6.2856385707855225
6.218693733215332
6.851057052612305
6.479673147201538
6.166541576385498
6.165486097335815
6.222778797149658
6.136464357376099
6.2157509326934814
6.17136287689209
6.186309337615967
6.159112930297852
6.382401943206787
6.25508713722229
6.288251638412476
6.179176330566406
6.1791346073150635
6.279643774032593
6.671030044555664
6.668878555297852
6.255213737487793
6.561071395874023
6.255201101303101
6.303743839263916
6.164022207260132
6.2034595012664795
6.284510850906372
6.2452592849731445
6.3267107009887695
6.600380897521973
6.638596773147583
6.214616298675537
6.40036678314209
6.3017730712890625
6.156721353530884
6.301215410232544
6.2521421909332275
6.240220546722412
6.278105735778809
6.144778251647949
6.218587160110474
6.230614423751831
6.1835103034973145
6.321659803390503
6.284038782119751
6.415210247039795
6.5395989418029785
6.308375120162964
6.302489995956421
6.350442886352539
6.373821496963501
6.235098838806152
6.189654588699341
6.603960752487183
5.89573335647583
6.1106343269348145
5.970100164413452
5.8598456382751465
5.941120862960815
6.005215883255005
6.485629320144653
6.900192022323608
6.6464314460754395
6.159571170806885
5.982754468917847
5.932102680206299
5.921050310134888
6.027869939804077
6.4958274364471436
5.891095876693726
6.067417621612549
6.278168201446533
6.137092351913452
6.394814491271973
6.3597822189331055
5.950409173965454
6.002366065979004
6.52092981338501
6.770625352859497
6.314954519271851
6.217231512069702
6.184707164764404
6.172235012054443
6.211796760559082
6.17512583732605
6.153829097747803
6.144171476364136
6.210863828659058
6.211791276931763
6.169639587402344
6.21196985244751
6.171222925186157
6.181321382522583
6.177256345748901
6.158385515213013
6.186286211013794
6.388298034667969
6.509903192520142
5.973430395126343
5.914376735687256
6.305733680725098
5.958418846130371
5.897622108459473
6.060698986053467
6.109394311904907
5.8907294273376465
5.882462739944458
5.894360303878784
5.937657117843628
5.883362531661987
5.836490154266357
