Timing log for each step:
0.010007858276367188
10.528133869171143
10.758623600006104
10.407563924789429
10.230492115020752
11.664991855621338
10.910933017730713
10.483566522598267
10.970386028289795
10.924491167068481
10.679513692855835
10.416871309280396
10.687516450881958
10.383853912353516
11.227071762084961
11.125960350036621
10.4734525680542
10.808721780776978
11.236228942871094
10.725508213043213
10.724256992340088
11.487025260925293
11.60584044456482
11.065925359725952
11.055227756500244
11.00446629524231
11.146783351898193
11.221364259719849
11.190179824829102
11.044158697128296
11.122023582458496
11.672581911087036
11.577810287475586
11.579830169677734
11.208767890930176
11.153563261032104
11.118842363357544
11.090517520904541
11.122963905334473
11.033502101898193
11.189449071884155
11.116986989974976
11.063961744308472
11.071431875228882
11.19823431968689
11.400101661682129
11.094640493392944
11.310676097869873
11.264504432678223
11.05080533027649
11.236693143844604
11.29912281036377
11.155608892440796
12.031494855880737
11.577955484390259
11.904825448989868
11.75682544708252
11.281366348266602
10.924575090408325
11.22321105003357
11.002038717269897
10.866386413574219
10.640683889389038
11.473297834396362
10.747243165969849
10.820483922958374
10.78483247756958
10.885764837265015
10.636982917785645
10.793660163879395
10.827022790908813
10.783580541610718
10.834191799163818
10.881649017333984
11.239006042480469
11.383613586425781
10.867268562316895
10.927398443222046
10.853208303451538
11.114887475967407
11.22329068183899
11.485031366348267
10.994576692581177
11.051182985305786
11.865148067474365
11.530294418334961
11.088279247283936
10.775968313217163
11.930265665054321
11.59964394569397
10.911481618881226
10.921489953994751
10.814184665679932
10.806648254394531
10.840898752212524
11.156918287277222
10.803058385848999
10.76996922492981
11.199458837509155
10.834879159927368
10.744488954544067
10.715049028396606
10.901974439620972
10.45080852508545
10.677154302597046
10.810367584228516
10.407954692840576
10.402327060699463
10.577661991119385
10.711068630218506
10.77042555809021
10.56399655342102
10.514131307601929
10.771376371383667
10.658504486083984
10.756401538848877
10.644670963287354
10.864216566085815
10.632434129714966
10.868411302566528
10.897462844848633
10.742764472961426
10.540717601776123
10.553135871887207
10.793914079666138
11.260444164276123
10.737595319747925
10.69743299484253
10.702514886856079
10.264498949050903
10.824908256530762
10.678220510482788
10.63036823272705
10.567282676696777
10.716646671295166
10.848129272460938
10.735857248306274
10.74841594696045
10.702944993972778
10.705727100372314
10.805187940597534
10.48354697227478
10.887628078460693
11.911854267120361
13.197278261184692
13.107273817062378
13.032670974731445
13.156646251678467
13.080930233001709
13.188711881637573
12.916430473327637
13.355111360549927
13.248481512069702
13.357448101043701
12.943255424499512
12.971976518630981
13.230345487594604
12.856002569198608
13.55711579322815
13.54168176651001
12.92601728439331
11.331118822097778
10.943328619003296
10.920538187026978
10.895545482635498
10.713545322418213
10.742596626281738
10.856919527053833
11.301257371902466
10.595394134521484
10.553286790847778
10.630703926086426
10.829879999160767
10.719772815704346
10.675854444503784
11.497390031814575
12.39575457572937
11.985154390335083
11.50200629234314
11.161903858184814
11.370069980621338
11.313699007034302
11.26061224937439
11.4116530418396
11.214397192001343
11.24085807800293
11.520366907119751
11.824589014053345
11.59651494026184
11.94837498664856
13.36708664894104
13.359182834625244
13.384993076324463
13.3718581199646
13.592742443084717
13.33332085609436
13.826590776443481
13.36354398727417
13.262908220291138
13.178533554077148
13.630306959152222
13.813684225082397
13.862171411514282
13.637268781661987
13.079141855239868
13.577889680862427
13.00532341003418
13.085413932800293
12.136419773101807
12.713586330413818
12.957711458206177
13.357643365859985
13.132960319519043
12.908905267715454
11.48127031326294
11.033877611160278
11.405962228775024
11.194665908813477
11.259472846984863
11.378793478012085
11.217061996459961
11.224074125289917
11.18755578994751
11.250463485717773
11.255420684814453
11.217522144317627
11.201658010482788
11.15060305595398
11.233506202697754
11.186184167861938
11.17664361000061
11.35981273651123
11.182341575622559
11.247303485870361
11.190528631210327
11.250577926635742
11.248808145523071
11.358919858932495
11.161741256713867
11.200212717056274
11.8863525390625
11.192878007888794
11.14357042312622
11.254374980926514
11.344314813613892
11.134185552597046
11.247252941131592
11.20119023323059
11.194677352905273
11.198421955108643
11.137526035308838
11.19281268119812
11.144192457199097
11.134804725646973
11.148245573043823
11.06901741027832
11.567711591720581
11.25549840927124
11.136818408966064
11.22918701171875
11.249745845794678
11.346323013305664
11.196093082427979
11.478213787078857
11.213979721069336
11.064878225326538
11.153955221176147
11.04020071029663
11.146923542022705
11.175797700881958
11.409584760665894
11.145492553710938
11.09588885307312
11.139000415802002
11.179611444473267
11.106091022491455
11.16111135482788
11.17974328994751
11.123429775238037
11.101558685302734
11.059253931045532
11.124857425689697
11.168675422668457
11.121030569076538
11.122377157211304
11.141144514083862
11.047335863113403
11.240377426147461
11.158366680145264
11.202429294586182
11.142278671264648
11.247615814208984
11.127472400665283
11.165971517562866
11.253552198410034
11.359798908233643
11.148727416992188
11.22298288345337
11.098457336425781
11.094320058822632
12.261784791946411
12.872722625732422
11.10324478149414
10.661694049835205
11.31441044807434
11.737308502197266
10.898358583450317
11.39779257774353
11.27523398399353
11.764307737350464
11.195247411727905
11.190235137939453
11.278010606765747
11.211232423782349
11.203726053237915
11.060247421264648
12.339684247970581
11.985450267791748
11.981201887130737
11.642354011535645
12.058327913284302
12.192544937133789
12.376738548278809
12.473055839538574
12.463112831115723
12.306807041168213
12.150699853897095
12.15818166732788
12.143436193466187
12.050965547561646
12.19791293144226
12.411301374435425
12.090139389038086
11.87612795829773
12.380561351776123
12.373253345489502
11.899906158447266
12.187461853027344
12.246530771255493
12.237468004226685
12.49198603630066
12.04604458808899
11.829628944396973
12.293128252029419
12.37306809425354
12.287359952926636
11.779181003570557
11.848851442337036
12.23240351676941
12.345791816711426
12.242074012756348
12.214084148406982
12.3128502368927
11.857555866241455
11.768445253372192
11.860434532165527
12.318727493286133
12.403630018234253
12.352835416793823
12.335795402526855
12.195618867874146
12.146679878234863
12.309942483901978
12.082765340805054
12.383350849151611
12.199880838394165
12.340924501419067
12.27403998374939
12.027719259262085
11.982858657836914
12.042792558670044
12.126183271408081
11.96157169342041
11.687595844268799
11.972119808197021
12.084288358688354
12.272759437561035
12.29585313796997
12.28513789176941
12.281239748001099
12.413906812667847
11.93402647972107
11.629721879959106
11.533966541290283
11.579251050949097
11.277464389801025
11.25625491142273
11.368880271911621
11.333902835845947
11.293872356414795
11.305896043777466
11.317687749862671
11.34975528717041
11.247296571731567
11.208358526229858
11.29491138458252
11.276767015457153
11.221718549728394
11.252022981643677
11.253449440002441
11.290091753005981
11.370057821273804
11.298221588134766
11.254863977432251
11.43761396408081
11.242271900177002
10.618010759353638
10.331402778625488
11.293795824050903
11.301780939102173
10.981074333190918
11.207972526550293
11.227665662765503
11.378385305404663
11.325502872467041
11.34215784072876
11.278054475784302
11.298579454421997
11.347176790237427
11.399088859558105
11.400420427322388
11.300456285476685
11.056769609451294
11.30561089515686
11.298654317855835
11.342624425888062
11.27944040298462
11.265819549560547
11.297797441482544
11.183883428573608
11.21735692024231
11.241039037704468
11.275729417800903
11.261963605880737
11.309441804885864
11.276869058609009
11.324546575546265
11.300323247909546
11.352286338806152
10.819100379943848
11.212843656539917
11.139992475509644
11.238826036453247
11.261220693588257
11.345786094665527
11.198747873306274
11.249489784240723
11.19367003440857
11.284392595291138
11.062534809112549
11.224689960479736
11.243069171905518
11.229816675186157
11.22888469696045
11.302754402160645
11.306730270385742
11.185585737228394
11.295528173446655
11.386512279510498
11.30298638343811
11.200164318084717
11.258874416351318
11.277223587036133
11.264220952987671
11.2546865940094
11.265663146972656
11.278340578079224
11.321234941482544
11.29953408241272
11.228626251220703
11.301702737808228
11.174657106399536
11.262653350830078
11.21390175819397
11.325129270553589
11.294357299804688
11.218953371047974
11.168843507766724
11.239778995513916
11.238578796386719
11.184592962265015
11.227702856063843
11.486208200454712
11.250797986984253
11.232116460800171
11.242223024368286
11.222570180892944
11.145157098770142
11.253141641616821
11.311882972717285
11.238341808319092
11.232336521148682
11.240198135375977
10.123607158660889
10.188243627548218
11.237284183502197
11.210694789886475
11.283186912536621
11.273906707763672
11.367540121078491
11.265238285064697
11.264923810958862
11.28719186782837
11.263545989990234
11.363651275634766
11.331172227859497
11.436829566955566
11.860137701034546
11.942738056182861
12.214351415634155
11.156885623931885
10.661534309387207
11.266856908798218
11.177834272384644
11.317759037017822
11.958779573440552
11.834770202636719
12.02699327468872
11.164065837860107
12.015987634658813
11.81173324584961
12.11461067199707
12.129540920257568
11.832231998443604
12.091979265213013
12.016971349716187
12.081889629364014
11.679601907730103
11.937503337860107
11.887666463851929
10.861245393753052
11.032669305801392
11.826773405075073
11.998445272445679
11.95211935043335
12.074118852615356
11.634243965148926
11.516217231750488
11.737607955932617
11.70460319519043
11.6056649684906
11.95436143875122
11.943623781204224
12.004211902618408
11.980862617492676
11.660653591156006
11.999801635742188
11.79632019996643
12.009703159332275
12.031798124313354
11.83278512954712
11.853981494903564
11.799689292907715
11.737915754318237
11.979854583740234
11.719003677368164
11.749067783355713
11.872143507003784
11.779286623001099
11.830334663391113
11.687952995300293
11.904699802398682
11.775317430496216
12.118600368499756
11.66044306755066
11.790863275527954
10.935057878494263
11.876577377319336
12.094846963882446
11.336495161056519
11.97353982925415
12.043301343917847
11.97057294845581
11.885803937911987
11.197507858276367
11.904480695724487
11.866858005523682
10.785093545913696
11.457756280899048
11.955580711364746
11.997270584106445
11.183274269104004
11.129529476165771
11.20008897781372
12.038451671600342
12.469595909118652
11.683990478515625
11.480943441390991
11.978459358215332
12.07888126373291
12.141772031784058
12.4163978099823
12.113364934921265
11.750372886657715
12.196096181869507
12.167779922485352
12.209772825241089
12.003544807434082
12.201979875564575
12.293617963790894
11.070520639419556
12.085711002349854
12.114368200302124
11.932754516601562
11.518783330917358
11.50853967666626
11.557520389556885
11.910447359085083
11.653807878494263
11.413370132446289
11.347599029541016
12.122254371643066
12.194402933120728
11.379408597946167
11.461902379989624
11.031530618667603
11.786683559417725
11.99304461479187
11.658854961395264
11.448238372802734
11.41686201095581
11.828025341033936
12.121091842651367
11.98817229270935
11.897371053695679
11.95887017250061
12.094515085220337
11.919951915740967
11.887188196182251
12.121932029724121
12.038069248199463
11.65213680267334
11.540789604187012
11.917514085769653
11.450507164001465
11.131802320480347
10.740211963653564
12.361979484558105
10.971264839172363
10.708914518356323
10.397887945175171
10.673826456069946
10.663093328475952
10.585050344467163
10.671600818634033
10.5839684009552
10.465063571929932
10.489282608032227
10.7476327419281
11.480931997299194
11.811842918395996
11.824717044830322
11.650362253189087
11.798711776733398
11.208374500274658
11.923156976699829
11.92549991607666
12.044948816299438
11.944734573364258
12.074095487594604
11.731465101242065
11.947265863418579
12.09625506401062
11.833227157592773
11.653257131576538
12.06147575378418
11.908635377883911
11.891413688659668
11.941039323806763
11.605162620544434
11.92058539390564
12.056538343429565
11.347418069839478
11.9378080368042
11.909515142440796
11.544111967086792
12.018505096435547
12.008606195449829
12.041545867919922
12.048332691192627
12.080667972564697
12.124691486358643
12.082969427108765
11.843981266021729
12.140218257904053
11.997556924819946
11.691111087799072
11.683434247970581
12.090624332427979
12.004541158676147
11.871332168579102
11.976348876953125
11.514161109924316
12.063958883285522
12.127073764801025
12.091967582702637
11.844577550888062
11.697776079177856
11.815617084503174
11.968343496322632
11.680613040924072
11.946216106414795
11.892580032348633
11.900451421737671
12.00060248374939
11.505331754684448
11.49846363067627
11.477368831634521
11.903049945831299
12.232730150222778
11.303601264953613
11.12107539176941
11.241318225860596
11.247723817825317
11.029845476150513
11.215140342712402
11.139054775238037
11.053537368774414
11.820751428604126
11.886955261230469
11.743701219558716
12.006274461746216
11.317549705505371
11.608077049255371
11.350778579711914
11.33555793762207
11.961588144302368
11.867910146713257
11.712788820266724
11.327033758163452
11.302212953567505
11.343070268630981
11.861808776855469
11.416431188583374
11.419745206832886
11.321340084075928
11.809313774108887
11.502241849899292
11.661232233047485
11.111193895339966
11.615460395812988
12.255849123001099
11.515813827514648
11.086138486862183
10.985852479934692
11.347504377365112
11.170194149017334
11.046923160552979
11.085435390472412
11.09893536567688
11.312578916549683
11.226412773132324
11.089168787002563
11.44594407081604
11.273342847824097
11.409482479095459
11.483080387115479
11.27011752128601
11.72585678100586
11.035430908203125
11.163855075836182
11.492139339447021
11.63024115562439
11.27772045135498
11.382721424102783
11.23633098602295
11.297933101654053
11.39314889907837
11.439914226531982
11.177440643310547
11.326531648635864
11.398085117340088
11.303800344467163
11.326313972473145
11.544136047363281
11.253849983215332
11.15371823310852
11.23729944229126
10.990574836730957
11.228474617004395
11.588329553604126
11.34915566444397
11.328246593475342
11.294235706329346
11.346035718917847
11.335213422775269
12.034792423248291
11.169600486755371
11.497624158859253
11.32785439491272
11.185380220413208
11.208343982696533
11.192414283752441
11.01338529586792
11.931078433990479
10.938771963119507
12.424463033676147
11.910863637924194
11.596795558929443
11.027495384216309
10.833077192306519
10.922825574874878
10.840781927108765
10.797363996505737
10.792489767074585
10.752674579620361
10.877769470214844
11.080971956253052
10.766885995864868
10.678452968597412
11.009657621383667
11.601783752441406
11.236069440841675
11.179898977279663
11.392456293106079
11.305013656616211
11.207397937774658
11.206280708312988
11.120768308639526
11.040816307067871
11.215051651000977
11.221639633178711
11.124491691589355
11.181631565093994
11.569238185882568
11.292275428771973
11.346165180206299
11.256354570388794
11.397379636764526
11.292548656463623
11.190377235412598
11.162635564804077
11.142448425292969
11.277405023574829
11.217450857162476
11.22602915763855
11.315536499023438
11.34247350692749
11.39298129081726
11.213018655776978
11.231746673583984
11.26797342300415
11.468730926513672
11.47774624824524
11.83778429031372
11.970669269561768
11.352013111114502
11.063087940216064
11.187428951263428
11.103346586227417
11.02793002128601
11.353811264038086
11.177717208862305
10.925798177719116
11.092138767242432
11.188174486160278
10.946808576583862
10.984041452407837
10.98459768295288
11.040929079055786
10.981266975402832
11.040465354919434
11.03298282623291
10.90616226196289
10.981871843338013
10.867035627365112
10.949796199798584
10.926245927810669
10.7918221950531
10.936551332473755
10.875894546508789
11.074626922607422
10.967906475067139
10.926865339279175
11.119110584259033
11.433135271072388
11.726590394973755
11.372969388961792
10.78280520439148
10.934043407440186
11.080299854278564
10.871882915496826
10.69953179359436
10.470093727111816
10.69182300567627
10.840669870376587
10.62212610244751
10.336747407913208
9.949119567871094
10.964680910110474
10.711210012435913
10.893430948257446
11.194287300109863
10.79283881187439
10.961761713027954
11.082257509231567
10.88383150100708
10.7413969039917
11.657584428787231
10.924027442932129
10.938555479049683
11.099198341369629
11.000751733779907
10.96336317062378
10.729599237442017
10.879501104354858
10.887476921081543
10.945372819900513
10.834916591644287
11.045629262924194
11.404500246047974
10.989432096481323
10.95389986038208
11.009239912033081
10.914329290390015
10.998347997665405
10.896992683410645
10.887986660003662
10.836353063583374
11.287185907363892
