Timing log for each step:
0.01201176643371582
5.9846062660217285
5.587755918502808
5.518117904663086
5.508608818054199
5.8372650146484375
4.57115626335144
5.504749536514282
5.5430426597595215
5.8128533363342285
5.736243009567261
5.270284652709961
5.579296588897705
5.982439756393433
5.7674853801727295
5.453201055526733
5.987549781799316
5.685793399810791
5.526193380355835
5.561014652252197
5.793118715286255
5.476367712020874
5.902242660522461
6.743381977081299
6.517413139343262
6.570097923278809
6.575801849365234
6.810634136199951
6.316566705703735
5.660370349884033
5.651256799697876
5.98071551322937
5.695168495178223
6.133359670639038
6.049144983291626
6.932646751403809
6.490659952163696
6.478166103363037
6.065624952316284
7.052968502044678
5.727194786071777
5.589752197265625
