Timing log for each step:
0.012011528015136719
5.298147201538086
5.3518922328948975
5.619901657104492
5.601227521896362
5.337756633758545
5.275346517562866
5.253470420837402
5.403170108795166
5.332279920578003
5.360745191574097
5.3491127490997314
5.361021041870117
5.362000226974487
5.359532356262207
5.388913154602051
5.379159212112427
5.262764930725098
5.331522703170776
5.44115948677063
5.4087865352630615
5.389456510543823
5.3478546142578125
5.388909339904785
5.339789390563965
5.413288593292236
5.443510055541992
5.394059181213379
5.404982089996338
5.409740209579468
5.433228969573975
5.450915098190308
5.435866832733154
5.4385411739349365
5.4031243324279785
5.41009259223938
5.493602752685547
5.47043776512146
5.675531387329102
5.433212518692017
5.654834747314453
5.502540349960327
5.4232025146484375
5.481127500534058
5.682630300521851
5.714036703109741
5.456467390060425
5.427868127822876
5.461604118347168
5.751572132110596
6.137679100036621
5.572526693344116
5.484737157821655
5.554996013641357
5.484090328216553
5.59463357925415
5.473997592926025
5.43741774559021
5.555777072906494
5.759933948516846
5.499077320098877
5.483243703842163
5.522579669952393
5.583745718002319
5.470595121383667
5.521473407745361
5.524980545043945
5.474200248718262
5.7942492961883545
5.579382658004761
5.501683235168457
5.496878385543823
5.450618028640747
5.557679653167725
5.5831403732299805
5.547284364700317
5.487791538238525
5.464091777801514
5.4721503257751465
5.480456113815308
5.520144462585449
5.479610919952393
5.629484415054321
5.627032995223999
6.031205892562866
5.495390892028809
5.81066107749939
5.641057968139648
5.808763742446899
5.7292280197143555
5.785112619400024
5.709717512130737
5.734395503997803
5.721038818359375
5.641969919204712
5.655690670013428
5.665635585784912
5.712339401245117
5.624574661254883
5.653117895126343
5.5860679149627686
5.688872337341309
5.634166955947876
5.674832582473755
5.671499729156494
5.61139702796936
5.699525833129883
5.762497663497925
5.8480706214904785
5.817412376403809
5.693580865859985
5.648550271987915
5.70641827583313
5.649502277374268
5.607067346572876
5.47408127784729
6.039565563201904
5.578172922134399
5.507953643798828
5.642757177352905
5.615064859390259
5.458234548568726
5.643399000167847
5.6769280433654785
5.485227108001709
5.595000267028809
5.5964109897613525
5.494146108627319
5.676342487335205
5.478637456893921
5.667855739593506
5.618285417556763
5.457296133041382
5.486836194992065
5.744104623794556
5.473879098892212
5.649242639541626
5.625437259674072
5.49677586555481
5.645943880081177
5.615171670913696
5.520261764526367
5.470495700836182
5.532985687255859
5.486872673034668
5.563108205795288
5.536263465881348
5.66646146774292
5.580333471298218
5.575093507766724
5.707676887512207
5.58569598197937
5.488611936569214
5.617263555526733
5.621374845504761
5.535564184188843
5.712211847305298
5.632660865783691
5.526482343673706
5.492330551147461
5.475001096725464
5.466264009475708
5.513802528381348
5.583874940872192
5.792681932449341
5.645487308502197
5.561786651611328
5.537974834442139
5.59965968132019
5.587626218795776
5.660801649093628
5.615970611572266
5.584561824798584
5.646448612213135
5.605848789215088
5.608252763748169
5.601603269577026
5.6489293575286865
5.575676918029785
5.636806488037109
5.575098276138306
5.686803817749023
5.543527364730835
5.511610746383667
5.527360916137695
5.655998229980469
5.520295143127441
5.481015920639038
5.708773136138916
5.424175500869751
5.538061618804932
5.547066926956177
5.498117685317993
5.489782094955444
5.581661701202393
5.54935622215271
5.5636725425720215
5.496789216995239
5.5075438022613525
5.490310430526733
5.4640233516693115
5.477029085159302
5.64914608001709
5.5139992237091064
5.5434653759002686
5.5264599323272705
5.471060752868652
5.49665641784668
5.479126930236816
5.516787052154541
5.580179929733276
5.8239030838012695
5.515991449356079
5.565691232681274
5.524707555770874
5.756370782852173
5.887031555175781
5.669481515884399
5.6799726486206055
5.679868936538696
5.659220218658447
5.6546549797058105
5.651672840118408
5.623839378356934
5.631204128265381
5.646974086761475
5.660888195037842
5.641259431838989
5.630916118621826
5.665265321731567
5.664211273193359
5.648622989654541
5.673623561859131
5.668588161468506
5.492938041687012
5.588371515274048
5.616851091384888
5.665703535079956
5.635996341705322
5.681639194488525
5.6949217319488525
5.631153345108032
5.630860805511475
5.59011173248291
5.672281265258789
5.741361379623413
5.739465713500977
5.670309543609619
5.677121877670288
5.64324426651001
5.696604490280151
5.7483742237091064
5.709566116333008
5.621600866317749
5.712845802307129
5.66887092590332
5.655129909515381
5.656635522842407
5.613267183303833
5.659580945968628
5.639008283615112
5.650684356689453
5.594879627227783
5.668998956680298
5.670597553253174
5.618260622024536
5.615471124649048
5.640099763870239
5.645389795303345
5.624178886413574
5.654022216796875
5.6519787311553955
5.6770875453948975
5.662963151931763
5.669361591339111
5.534225225448608
5.501393795013428
5.567143201828003
5.587200403213501
5.451624155044556
5.470730304718018
5.507824897766113
5.552464008331299
5.483787536621094
5.463716983795166
5.574571371078491
5.5778210163116455
5.445259094238281
5.512299060821533
5.416252851486206
5.505657911300659
5.524189233779907
5.459498643875122
5.484516859054565
5.507275104522705
5.504633188247681
5.491329669952393
5.444925785064697
5.541690111160278
5.512012720108032
5.540200471878052
5.49790620803833
5.502227067947388
5.610071182250977
5.5664122104644775
5.478073596954346
5.516561508178711
5.587087154388428
5.4912965297698975
5.466344594955444
5.4573283195495605
5.544603109359741
5.441371440887451
5.522325277328491
5.475048780441284
5.484206676483154
5.495619297027588
5.479981899261475
5.512737035751343
5.449071168899536
5.515613794326782
5.535437345504761
5.545428991317749
5.578702211380005
5.528463363647461
5.5265913009643555
5.493713855743408
5.485492467880249
5.546631574630737
5.734502553939819
5.481384038925171
5.5847249031066895
5.491086483001709
5.542832612991333
5.5368688106536865
5.538346529006958
5.44412899017334
5.4475250244140625
5.515759229660034
5.520510673522949
5.814107656478882
5.553404092788696
5.485452890396118
5.515654802322388
5.452152967453003
5.483392715454102
5.686216354370117
5.4864020347595215
5.4322569370269775
5.507708311080933
5.52491307258606
5.471682071685791
5.507428169250488
5.482473134994507
5.403094053268433
5.478708744049072
5.483248949050903
5.681798458099365
5.480395317077637
5.406848430633545
5.450506210327148
5.585648059844971
5.553823947906494
