Timing log for each step:
0.016013622283935547
5.551516771316528
5.464422941207886
5.245853900909424
5.213210105895996
5.251242399215698
5.192593574523926
5.255722999572754
5.249345541000366
5.334564208984375
5.183547735214233
5.331326723098755
5.441322088241577
5.345119953155518
5.2063376903533936
5.2898173332214355
5.292221307754517
5.358226537704468
5.522924423217773
5.232282400131226
5.395092487335205
5.207990646362305
5.339874267578125
5.320594787597656
5.434307098388672
5.3010573387146
5.28652811050415
5.218627691268921
5.241498231887817
5.281098365783691
5.285218954086304
5.44338059425354
5.397646188735962
5.262559652328491
5.3601038455963135
5.3594372272491455
5.397362470626831
5.32134747505188
5.2984161376953125
5.202678680419922
5.422295808792114
5.466493368148804
5.6461687088012695
5.504671812057495
5.308251857757568
5.169916868209839
5.287053346633911
5.157109498977661
5.553556680679321
5.240968704223633
5.359778165817261
5.29183292388916
5.385168790817261
5.509535551071167
5.339799642562866
5.444384813308716
5.329727411270142
5.362318754196167
5.415739059448242
5.334728956222534
5.338379144668579
5.287593126296997
5.38179087638855
5.408928155899048
5.462488412857056
5.384874105453491
5.23377799987793
5.300717115402222
5.290057897567749
5.267807245254517
5.394349098205566
5.388969421386719
5.3974456787109375
5.315652132034302
5.345921993255615
5.234172344207764
5.436349868774414
5.531934022903442
5.335192918777466
5.311395883560181
5.426812171936035
5.378899335861206
5.278034687042236
5.56387734413147
5.551787614822388
5.992453098297119
5.891973257064819
5.87922739982605
5.873344898223877
5.860473155975342
5.6808061599731445
5.864176988601685
5.805335283279419
5.931283235549927
5.580699443817139
5.345376014709473
5.4329612255096436
5.513092994689941
5.382414102554321
5.343170881271362
5.324531316757202
5.479064702987671
5.522918224334717
5.495501756668091
5.44962739944458
5.44346022605896
5.414993762969971
5.409498929977417
5.406434774398804
5.347553491592407
5.423109769821167
5.37276816368103
5.395940542221069
5.47214412689209
5.417607545852661
5.421605587005615
5.44185209274292
5.283323764801025
5.4609479904174805
5.499530553817749
5.3704540729522705
5.493119478225708
5.448080062866211
5.3441760540008545
5.357683420181274
5.279596567153931
5.400201082229614
5.394530296325684
5.2625603675842285
5.377138376235962
5.385715484619141
5.611589670181274
5.556777477264404
5.398996591567993
5.407361268997192
5.392677068710327
5.245053291320801
5.368049144744873
5.464048862457275
5.451161623001099
5.432766914367676
5.370759010314941
5.360223293304443
5.393713712692261
5.382936716079712
5.340076208114624
5.304794788360596
5.32575798034668
5.4812469482421875
5.424636125564575
5.464087724685669
5.374197006225586
5.38971209526062
5.4007933139801025
5.561252117156982
5.3632402420043945
5.427386283874512
5.537377595901489
5.466669082641602
5.28888726234436
5.404223918914795
5.418252468109131
5.4895665645599365
5.303124666213989
5.494833707809448
5.455366849899292
5.451308965682983
5.493308782577515
5.448780536651611
5.427244663238525
5.273566484451294
5.389053583145142
5.367210149765015
5.357367038726807
5.514331340789795
5.46721339225769
5.490177392959595
5.473793029785156
5.4982829093933105
5.575896501541138
5.348587512969971
5.322500228881836
5.4698169231414795
5.444099187850952
5.46077823638916
5.478304624557495
5.424220323562622
5.447071075439453
5.3716349601745605
5.371083974838257
5.449315786361694
5.403122186660767
5.506816625595093
5.4211766719818115
5.499276399612427
5.415725469589233
5.395363807678223
5.541627883911133
5.392218351364136
5.303612232208252
5.2555317878723145
5.360084772109985
5.383714914321899
5.409583568572998
5.517949104309082
5.532926797866821
5.444774389266968
5.375925064086914
5.309134483337402
5.528677463531494
5.422295093536377
5.545321941375732
5.399750232696533
5.559757709503174
5.477131366729736
5.455817699432373
5.446637868881226
5.421344041824341
5.43319034576416
5.487701654434204
5.423973798751831
5.538083791732788
5.403599262237549
5.560889482498169
5.35891318321228
5.477308511734009
5.665974140167236
5.690459489822388
5.359947443008423
5.6399781703948975
5.6073668003082275
5.394250869750977
5.48563814163208
5.35194993019104
5.458531379699707
5.496731758117676
5.345951080322266
5.387152671813965
5.3809778690338135
5.447007179260254
5.54783821105957
5.4388816356658936
5.580920696258545
5.46137547492981
5.514928579330444
5.466003894805908
5.5687878131866455
5.526285886764526
5.407946586608887
5.394169092178345
5.42762017250061
5.286827802658081
5.334866285324097
5.512781858444214
5.470789194107056
5.435889959335327
5.561027526855469
5.408761262893677
5.363847732543945
5.308058500289917
5.488400220870972
5.515226125717163
5.452526569366455
5.383777379989624
5.5693371295928955
5.482665300369263
5.351684331893921
5.53102970123291
5.487232208251953
5.58722186088562
5.5286126136779785
5.445954322814941
5.456253528594971
5.398711919784546
5.533575534820557
5.4893248081207275
5.500468492507935
5.323869228363037
5.485233783721924
5.490206956863403
5.438223838806152
5.496252536773682
5.469848871231079
5.480657339096069
5.503261089324951
5.5393171310424805
5.550378084182739
5.323790073394775
5.390219211578369
5.539522171020508
5.4795873165130615
5.484094858169556
5.430883407592773
5.578860759735107
5.389922142028809
5.503525495529175
5.489339351654053
5.3899030685424805
5.444047689437866
5.537368535995483
5.490332365036011
5.511005163192749
5.424511671066284
5.390215873718262
5.3789849281311035
5.502590894699097
5.513634920120239
5.521372556686401
5.434528112411499
5.411725282669067
5.481835603713989
5.583364963531494
5.371558666229248
5.464067220687866
5.689183712005615
5.440232992172241
5.555166006088257
5.4833667278289795
5.4288716316223145
5.479638576507568
5.459513902664185
5.430503606796265
5.394091844558716
5.358581304550171
5.548016309738159
5.491117477416992
5.464252710342407
5.404960870742798
5.512657165527344
5.463639259338379
5.4782373905181885
5.443427562713623
5.419960975646973
5.430197715759277
5.554995536804199
5.556453704833984
5.38873291015625
5.548041105270386
5.613966703414917
5.357798099517822
5.469363212585449
5.48533821105957
5.501060962677002
5.529219388961792
5.280364274978638
5.438984632492065
5.4242541790008545
5.6149609088897705
5.477036952972412
5.331762313842773
5.464973449707031
5.519695997238159
5.539517164230347
5.473134279251099
5.505871534347534
5.4133079051971436
5.328824520111084
5.419977426528931
5.453947305679321
5.288281202316284
5.551722288131714
5.799451589584351
5.806997537612915
5.558184862136841
5.536632299423218
5.514487028121948
5.364978551864624
5.587005615234375
5.392308235168457
5.4752418994903564
5.357572555541992
5.3538737297058105
5.538090467453003
5.491478681564331
5.59363579750061
5.706619024276733
5.374977111816406
5.484154939651489
5.465332746505737
5.372994899749756
5.48219108581543
5.381765842437744
5.455567359924316
5.403857707977295
5.4411940574646
5.348314523696899
5.54514741897583
5.468855142593384
5.5611865520477295
5.461062669754028
5.6116368770599365
5.602532625198364
5.6734819412231445
5.5517449378967285
5.49066948890686
5.588813304901123
5.537999391555786
5.4158501625061035
5.470404863357544
5.4335548877716064
5.565222263336182
5.35194206237793
5.394899368286133
5.412385702133179
5.782471418380737
5.70862078666687
5.50764012336731
5.51969051361084
5.41729474067688
5.799257755279541
5.567023277282715
5.513617992401123
5.962491512298584
5.406155824661255
5.449904203414917
5.637563943862915
5.612361192703247
5.421379089355469
5.373779535293579
5.786738395690918
5.689647197723389
5.639749526977539
5.457235097885132
5.659164667129517
5.421962738037109
5.5666422843933105
5.3308985233306885
5.3974199295043945
5.6556079387664795
5.727210998535156
5.493880748748779
5.410762310028076
5.232526779174805
5.701011657714844
5.703672409057617
5.790173768997192
5.3749330043792725
5.37191915512085
5.508590459823608
5.462937831878662
5.815993785858154
5.45727801322937
5.386657238006592
5.707737684249878
5.3279218673706055
5.429094552993774
5.851860761642456
5.726875305175781
5.3998284339904785
5.533512592315674
5.707823753356934
5.677385568618774
5.380929470062256
5.5228729248046875
5.776393413543701
5.632042407989502
5.593387126922607
5.721118688583374
5.550924301147461
5.498834133148193
5.409190893173218
5.75485372543335
5.657380819320679
5.475904226303101
5.54936146736145
5.514046669006348
5.527365207672119
5.755311489105225
5.613569021224976
5.4943835735321045
5.403668642044067
5.47329306602478
5.606404781341553
5.787589073181152
5.386476993560791
5.598450660705566
5.4109580516815186
5.864453077316284
5.795048475265503
5.540212869644165
5.4499733448028564
5.496925592422485
5.651901721954346
5.557818651199341
5.498907804489136
5.823696136474609
5.6835455894470215
5.618440628051758
5.515763521194458
5.6672258377075195
5.577398777008057
5.514202356338501
5.984238147735596
5.761328935623169
5.5333991050720215
5.524193525314331
5.47458553314209
5.560394763946533
5.765300750732422
5.6344826221466064
5.470281362533569
5.511611461639404
5.3340160846710205
5.594450950622559
5.8658647537231445
5.497242212295532
5.585517168045044
5.461853504180908
5.853170871734619
5.638035535812378
5.440852403640747
5.338339567184448
5.541013717651367
5.550489664077759
5.662795305252075
5.750104904174805
5.772956371307373
5.629939317703247
5.719613790512085
5.773056268692017
5.7694737911224365
5.851712465286255
5.8309712409973145
6.057146310806274
5.441733121871948
5.8627870082855225
5.606764078140259
5.50230860710144
5.413411855697632
5.7931177616119385
5.757426738739014
5.471909046173096
5.485876560211182
5.683513641357422
5.595696210861206
5.402714252471924
5.7385759353637695
5.673102378845215
5.330640077590942
5.459100723266602
5.6329662799835205
5.816190242767334
5.591459274291992
5.514794826507568
5.380781888961792
5.492103815078735
6.216742277145386
5.524731159210205
5.413259744644165
5.510476589202881
5.484890460968018
5.543229103088379
5.6075592041015625
5.470264196395874
5.452763319015503
5.664837837219238
5.380742788314819
6.190674066543579
5.7488791942596436
5.547993421554565
5.510592222213745
5.768601894378662
5.682520627975464
5.400601863861084
5.450982332229614
5.774548292160034
5.614814758300781
5.5429558753967285
5.493422508239746
5.542731523513794
5.4788055419921875
5.668304443359375
5.758948802947998
5.540156602859497
5.497445344924927
5.613583087921143
5.737527847290039
5.554837465286255
5.500550270080566
5.4942333698272705
5.45626163482666
5.573020935058594
5.335187673568726
5.525617361068726
5.468908786773682
5.472967147827148
5.846813678741455
5.661792993545532
5.397327899932861
5.533039093017578
5.4905431270599365
5.971807956695557
5.683415412902832
5.514827251434326
5.3543360233306885
5.401646137237549
5.4107701778411865
5.648101091384888
5.759896993637085
5.3287858963012695
5.560991525650024
5.525322675704956
5.454334735870361
5.832716226577759
5.709982633590698
5.418706655502319
5.472796440124512
5.652575492858887
5.670067310333252
5.363762617111206
5.694029331207275
5.341105699539185
5.532355308532715
5.580333232879639
5.333686113357544
5.580686330795288
5.627028703689575
5.538473129272461
5.374844789505005
5.8470916748046875
5.672363042831421
5.507904052734375
5.3914220333099365
6.149552345275879
5.456135511398315
5.50807523727417
5.570819616317749
5.671973705291748
5.446704626083374
5.355542898178101
6.024931907653809
5.4057183265686035
5.382131576538086
5.676684617996216
5.714092969894409
5.356881141662598
5.518579959869385
6.226905822753906
5.728187322616577
5.375961065292358
5.324445962905884
5.738892078399658
5.649478197097778
5.396869421005249
5.496932029724121
5.408132791519165
5.356928110122681
5.410700798034668
5.422438859939575
5.725704193115234
5.779451608657837
5.4114954471588135
5.493530035018921
6.117370128631592
5.615420579910278
5.589310646057129
5.752996206283569
5.497830152511597
5.886950969696045
5.838758230209351
5.7099609375
5.640471458435059
5.6105499267578125
5.695376873016357
5.6156909465789795
5.854986190795898
5.632684230804443
5.508375644683838
5.725886821746826
5.58189058303833
5.804630994796753
5.588578939437866
5.6608991622924805
5.658663749694824
5.619426012039185
5.547818660736084
5.643017292022705
5.599398374557495
5.569278240203857
5.683089256286621
5.652984619140625
5.578833103179932
5.63094162940979
5.677345514297485
5.733044624328613
5.558802843093872
5.544417142868042
5.585400342941284
5.67525053024292
5.611485242843628
5.490885496139526
5.691816568374634
5.694617509841919
5.51138973236084
5.629408121109009
5.648789405822754
5.648727893829346
5.521129846572876
5.644759654998779
5.621879816055298
5.510293006896973
5.726565837860107
5.644609689712524
5.606133937835693
5.770868539810181
5.495731830596924
5.44476056098938
5.583972454071045
5.576911926269531
5.585043668746948
5.359674453735352
5.388476610183716
5.550353288650513
5.385587930679321
5.465567588806152
6.102460861206055
5.7708635330200195
5.4764885902404785
5.30480432510376
5.4691548347473145
6.063538551330566
5.343961000442505
5.644989728927612
5.482774019241333
5.646798133850098
5.674488067626953
5.595337390899658
5.6255693435668945
5.713005542755127
5.595324754714966
5.407739639282227
5.51869010925293
5.55894136428833
5.384200572967529
5.605915307998657
5.687938213348389
5.589629650115967
5.513867139816284
5.590596437454224
5.43082070350647
5.697718858718872
5.630947113037109
5.508888244628906
5.506774187088013
5.820616960525513
5.624143600463867
5.561693429946899
5.831728458404541
5.555817604064941
5.469290018081665
5.446566343307495
5.52628231048584
5.385150909423828
5.478776931762695
5.7566821575164795
5.92223858833313
5.480687856674194
5.575278997421265
5.800347328186035
5.243412017822266
5.389081001281738
5.875776529312134
5.940534830093384
5.485952377319336
5.373461008071899
5.47979474067688
5.590816259384155
5.477372169494629
5.552505731582642
5.550989866256714
5.498594045639038
5.565489768981934
5.607797145843506
5.422069787979126
5.7189764976501465
5.553135395050049
5.675614595413208
5.57681679725647
5.669203996658325
5.646651268005371
5.499748468399048
5.724390983581543
5.797252655029297
5.384192943572998
5.613264083862305
5.629356622695923
5.614720344543457
5.486083269119263
5.762527704238892
5.440493822097778
5.723876476287842
5.741536378860474
5.828924894332886
5.464659690856934
5.450356483459473
5.586296319961548
5.567968130111694
5.5659568309783936
5.618983268737793
5.531041860580444
5.491746425628662
5.557784795761108
5.396484851837158
5.466445207595825
5.51975154876709
5.944173812866211
5.751210927963257
5.527709007263184
5.605360507965088
5.651442289352417
5.713901996612549
5.476414918899536
5.709694147109985
5.681344032287598
5.495674133300781
5.64439845085144
5.640914440155029
5.399641513824463
5.539824962615967
5.861965894699097
5.574696779251099
5.5161662101745605
5.618159294128418
5.434632301330566
5.5512659549713135
5.566546678543091
5.7516350746154785
5.6581339836120605
5.562899827957153
5.492333889007568
5.591318130493164
5.5232391357421875
5.547162771224976
5.281344413757324
5.892131090164185
5.785890340805054
5.446329593658447
5.683674097061157
5.561907529830933
5.477649450302124
5.826786518096924
5.940373182296753
5.6619203090667725
5.586725473403931
5.454827308654785
5.404493808746338
5.527842283248901
5.744981288909912
5.459947109222412
5.205899477005005
5.653891563415527
5.590698003768921
5.50006103515625
5.589492321014404
5.955550193786621
5.941651105880737
5.459438323974609
5.503688812255859
5.542579650878906
5.6849730014801025
6.071297645568848
5.446210622787476
5.524622678756714
5.55784010887146
5.628715515136719
5.469451665878296
5.294436931610107
5.532187461853027
5.976946592330933
5.931044340133667
5.541746377944946
5.4851038455963135
5.721317768096924
5.955649375915527
5.9075000286102295
5.651522159576416
5.352579593658447
5.367364883422852
6.165617227554321
5.7566306591033936
5.794039964675903
5.599150657653809
5.88018012046814
5.572196006774902
5.3919103145599365
5.786180734634399
6.0720295906066895
5.499728679656982
5.458266258239746
5.716941595077515
5.546592950820923
5.493176460266113
5.68786883354187
5.701923370361328
5.546794176101685
5.557192087173462
5.434579372406006
5.826541423797607
5.888575792312622
5.732015609741211
5.649446725845337
5.420591115951538
5.476628303527832
5.442386627197266
5.613155364990234
5.907187461853027
5.563798904418945
5.8001720905303955
5.72492790222168
5.433679580688477
5.465038299560547
5.690421104431152
5.779272794723511
5.422997951507568
5.5220818519592285
5.772658824920654
6.027661323547363
5.408135175704956
5.6892616748809814
5.489731788635254
5.486743450164795
5.917073965072632
5.8664257526397705
5.554269075393677
5.438533782958984
5.583255052566528
5.533665418624878
5.494973421096802
5.7106263637542725
5.713802814483643
5.676299571990967
5.700496673583984
5.620205879211426
5.656012535095215
5.460357189178467
6.190515518188477
5.7829742431640625
5.637366533279419
5.7103798389434814
5.413724899291992
5.553575038909912
5.648796081542969
5.6502745151519775
5.585536241531372
5.960699796676636
5.921508312225342
5.478466749191284
5.528335094451904
5.462766647338867
5.757347345352173
5.589293479919434
5.486271619796753
5.499026536941528
5.602661371231079
5.740382194519043
5.434862852096558
5.421599626541138
5.631279706954956
5.504186153411865
5.59653639793396
5.4656360149383545
5.4962239265441895
5.500756740570068
5.848959445953369
5.756940126419067
5.723787784576416
5.706452369689941
5.668319940567017
5.602631092071533
5.531277179718018
5.734131574630737
5.614630460739136
5.510756254196167
5.422246217727661
5.793932676315308
5.781289100646973
5.314683198928833
5.493681192398071
5.532599210739136
6.114040374755859
5.8012964725494385
5.846663475036621
5.461547613143921
5.335002183914185
5.215343475341797
5.779015064239502
5.944669008255005
5.531429052352905
5.493225812911987
5.509264230728149
5.733587741851807
5.782425403594971
5.6076226234436035
5.577115297317505
5.546571969985962
5.3503947257995605
5.468013763427734
5.75040078163147
5.708581209182739
5.466667175292969
5.482153415679932
5.738558053970337
6.169496297836304
5.239447116851807
5.582617521286011
5.416736364364624
5.33151388168335
5.414087533950806
5.740288734436035
5.52105188369751
5.5995213985443115
5.48897385597229
5.621237754821777
5.650867462158203
5.676819086074829
5.474607706069946
5.732708692550659
5.794390439987183
5.6307597160339355
5.3123791217803955
5.339745759963989
5.647807359695435
5.8241026401519775
5.654061317443848
5.64694619178772
5.697969913482666
5.552602291107178
5.550214767456055
5.396188020706177
5.4375410079956055
5.534766912460327
5.539892673492432
5.428148984909058
5.624579906463623
6.056007146835327
5.416966199874878
5.441438913345337
5.479530334472656
5.62128472328186
5.812941551208496
5.865499973297119
5.553460121154785
5.449971914291382
5.7888476848602295
5.850064516067505
5.89726448059082
5.653306007385254
5.696215391159058
5.4513185024261475
5.586993932723999
5.43651008605957
5.471026420593262
5.706986904144287
5.687756538391113
5.533165693283081
5.495249509811401
5.4878339767456055
5.423643350601196
5.506409406661987
5.716377258300781
5.716642141342163
5.618582487106323
5.62339186668396
5.81170654296875
5.758956670761108
5.4822564125061035
5.581058502197266
5.473916530609131
5.549870491027832
5.302606105804443
6.229902744293213
5.791947364807129
5.883896589279175
5.544267654418945
5.502670526504517
5.459126234054565
5.71314263343811
5.737294435501099
5.4939491748809814
5.709710359573364
5.377915620803833
5.420593023300171
5.465153694152832
5.728319883346558
5.941994667053223
5.707619905471802
5.834461212158203
5.650859594345093
5.50022029876709
5.574136972427368
5.769345045089722
5.584748983383179
5.457626581192017
5.791337966918945
6.202277421951294
5.476140022277832
5.736290693283081
5.593806982040405
5.613820314407349
5.705930948257446
5.863396167755127
5.452014684677124
5.467001438140869
5.6463470458984375
5.616626024246216
5.560638427734375
5.915477752685547
5.710564851760864
5.305559158325195
5.3399763107299805
5.7425079345703125
6.29411244392395
5.569698095321655
5.54057765007019
5.3630406856536865
5.6586525440216064
5.5966339111328125
5.765013217926025
5.475451469421387
5.504962682723999
5.523916482925415
5.621677398681641
5.769769906997681
5.554571628570557
5.428959608078003
5.4285643100738525
5.9119956493377686
5.733643293380737
6.02039647102356
5.461097717285156
5.3348634243011475
5.456593990325928
5.508739471435547
5.544843435287476
6.0022783279418945
5.692803382873535
5.4065752029418945
5.442290306091309
5.406522512435913
5.76431679725647
5.884368658065796
5.6413493156433105
5.596642017364502
5.488116025924683
5.430558919906616
5.680210590362549
5.690240144729614
5.578115940093994
5.505551815032959
5.962875127792358
5.748484373092651
5.84473180770874
5.464093446731567
5.366453409194946
5.518441200256348
6.153465747833252
5.961923599243164
5.495765924453735
5.727321147918701
5.324387311935425
5.548611879348755
5.885485649108887
5.914936780929565
5.379160404205322
5.53269362449646
5.779443979263306
5.518777370452881
6.094700336456299
5.666515588760376
5.44596004486084
5.46608829498291
5.718759536743164
5.628257989883423
5.822282314300537
5.652713775634766
5.5496063232421875
5.686779975891113
5.367417097091675
5.381821393966675
5.546121120452881
5.785704851150513
5.885706663131714
5.920560836791992
5.5562403202056885
5.56677508354187
5.613726854324341
5.4389543533325195
5.917024612426758
6.233760595321655
5.852893590927124
5.4792351722717285
5.450959205627441
5.696641445159912
5.685197830200195
5.596079111099243
5.6898064613342285
5.465258359909058
5.684634447097778
5.282427549362183
5.783895492553711
5.798370838165283
5.560629844665527
5.588559627532959
5.424551486968994
5.654199838638306
5.514639139175415
5.435710906982422
5.479773044586182
5.652243614196777
5.821435213088989
5.70672082901001
5.907142400741577
5.650265455245972
5.573846817016602
5.484003782272339
5.683107376098633
6.078837156295776
5.517569065093994
5.312804698944092
5.8883376121521
6.113963842391968
5.524790048599243
5.409318923950195
5.503283739089966
5.605805397033691
5.5075578689575195
5.639183282852173
5.419503211975098
5.504584550857544
5.901525497436523
5.721651554107666
5.534644603729248
5.754364490509033
5.495008945465088
5.480203866958618
5.977116107940674
5.671948194503784
5.332836627960205
5.5343403816223145
5.742039442062378
5.642671823501587
5.5969483852386475
5.966848134994507
5.742238759994507
5.386168718338013
5.516026496887207
5.531030654907227
5.552046537399292
5.62900710105896
6.1108009815216064
5.499305486679077
5.523145914077759
5.434192895889282
5.736084699630737
5.4510178565979
5.699257135391235
5.502537727355957
5.394547700881958
5.881807088851929
6.089795827865601
5.572594165802002
5.570082187652588
5.702496528625488
6.022693395614624
5.804494380950928
5.4017229080200195
5.546640872955322
5.908331394195557
5.967916250228882
5.9583985805511475
5.5270373821258545
5.755831003189087
5.573333024978638
5.5916056632995605
5.860937595367432
5.6151933670043945
5.636804819107056
5.764105558395386
5.531023740768433
5.3855743408203125
5.749492168426514
5.592719793319702
5.493001461029053
5.765113115310669
5.6553919315338135
5.515503883361816
5.584775924682617
5.718182325363159
6.203317880630493
5.783757925033569
6.161036968231201
5.767026901245117
5.42947793006897
5.488954544067383
5.791361570358276
5.672810316085815
5.756915092468262
5.58316445350647
5.619114398956299
5.4209136962890625
5.562509775161743
5.50404691696167
5.488654613494873
5.484103202819824
5.575202465057373
5.7777955532073975
5.642086744308472
5.870423793792725
5.618566989898682
5.979327440261841
5.932488441467285
5.871556758880615
5.4634013175964355
5.455645561218262
5.6501219272613525
5.93812370300293
5.917547702789307
5.5866053104400635
5.698830604553223
5.559051513671875
5.659762144088745
5.863662242889404
6.232354640960693
5.47051477432251
5.4106364250183105
5.526108741760254
5.548271179199219
5.735387325286865
5.55366063117981
5.608034610748291
5.7127158641815186
5.500132322311401
5.480452537536621
5.4174909591674805
5.4046666622161865
5.850957870483398
5.936886787414551
5.968608617782593
5.766842842102051
5.632478952407837
5.527983903884888
5.482141971588135
5.559645652770996
5.783730745315552
5.735687255859375
5.664815187454224
5.4739367961883545
5.611769676208496
5.708638429641724
5.89534854888916
5.54100489616394
5.671995401382446
6.003182888031006
5.640741348266602
5.569355010986328
5.546830892562866
5.763407945632935
5.560288190841675
5.699701547622681
5.792813777923584
5.689064025878906
5.760001182556152
5.763624429702759
5.518105745315552
5.450239419937134
6.068414688110352
5.839648962020874
5.611064195632935
5.6319074630737305
5.861664533615112
5.9496848583221436
5.515138864517212
5.634986639022827
5.659822940826416
5.625203371047974
5.48137903213501
5.54500675201416
5.904065132141113
5.958922863006592
6.1280436515808105
5.920997858047485
5.668242692947388
5.532095193862915
5.572232723236084
5.751420259475708
5.499636173248291
5.562571048736572
5.742273330688477
5.864278316497803
5.703206300735474
5.795849561691284
5.608361721038818
5.539504051208496
5.455590724945068
5.839333772659302
5.492465257644653
5.601109743118286
5.963421821594238
5.924272298812866
5.947303295135498
5.568609952926636
5.679793119430542
5.683579683303833
5.510562181472778
5.600378036499023
5.890371799468994
5.857415437698364
5.626656532287598
5.382987976074219
5.55961012840271
5.765421390533447
5.698530435562134
5.8593974113464355
5.598007440567017
5.561570405960083
5.536324977874756
5.733898401260376
6.1028947830200195
5.947667598724365
5.519115924835205
5.449753046035767
5.7606189250946045
5.660475969314575
5.715427398681641
5.508495092391968
5.7582314014434814
5.6728620529174805
5.6321399211883545
5.4547834396362305
5.403384447097778
5.81879186630249
5.874147891998291
5.761140823364258
5.354839563369751
5.525141477584839
5.617686033248901
5.92644190788269
5.842795372009277
6.15493369102478
5.647227048873901
5.5794103145599365
5.5694580078125
5.653174161911011
5.645439386367798
5.624276161193848
5.5934364795684814
5.518265008926392
5.570652484893799
6.135186433792114
5.708924770355225
5.9876792430877686
5.932044506072998
5.675230503082275
5.639251708984375
5.682134389877319
5.5829620361328125
5.523585319519043
5.554046392440796
5.835373640060425
6.168163537979126
6.035651683807373
5.824620723724365
5.668628454208374
5.5833775997161865
5.4728782176971436
5.75779914855957
5.807772159576416
5.557221412658691
5.570065021514893
5.439382076263428
5.648463487625122
5.725433826446533
5.806870937347412
5.57103157043457
5.40548849105835
5.5381178855896
5.859328746795654
6.080814599990845
5.869765520095825
5.565196514129639
5.553248167037964
5.560178279876709
5.922692775726318
5.762259006500244
5.809325695037842
5.607453107833862
5.7238287925720215
5.517060041427612
5.620646953582764
5.657155275344849
5.868188142776489
5.417368650436401
5.641318082809448
5.737333059310913
5.820745229721069
5.594605207443237
5.476297378540039
5.667266607284546
5.790900707244873
5.6995508670806885
5.729598760604858
5.530694961547852
5.6597089767456055
5.5631327629089355
5.789935827255249
5.92780876159668
5.967235326766968
5.427680969238281
5.57707953453064
5.628061771392822
5.88739275932312
5.759297609329224
5.370046377182007
5.442519187927246
6.095520496368408
5.782225847244263
5.628246784210205
6.166883707046509
5.707066774368286
5.703150749206543
5.230057716369629
5.693387269973755
5.559466361999512
5.661473512649536
5.704727411270142
5.4929375648498535
5.642374753952026
5.5670576095581055
5.995530605316162
5.730405569076538
5.950548887252808
5.63531756401062
5.598382234573364
5.7277445793151855
5.680281639099121
5.377785921096802
5.703763008117676
5.881269216537476
5.805732011795044
5.729029655456543
5.6632585525512695
5.665812015533447
5.6698198318481445
5.734432935714722
5.8104846477508545
5.649520635604858
5.688210487365723
5.670591115951538
5.531724452972412
5.618739366531372
5.880383491516113
5.719315528869629
5.468461990356445
5.69744873046875
5.804212331771851
5.7371766567230225
5.696671009063721
5.586151838302612
5.544677257537842
5.764883756637573
5.553122520446777
5.678039789199829
5.651612281799316
5.6369171142578125
5.623804569244385
5.912412405014038
6.022375106811523
6.217150926589966
5.75933575630188
5.5435004234313965
5.458529233932495
5.624036550521851
5.965240240097046
5.776858329772949
5.514624118804932
5.6558051109313965
5.7407450675964355
6.137661457061768
5.825471878051758
5.590379238128662
5.620231866836548
5.620187282562256
5.708680629730225
5.4811882972717285
5.506757497787476
5.706138610839844
5.85429573059082
5.7224955558776855
5.5099358558654785
5.770917654037476
5.895951509475708
5.83237099647522
5.578873157501221
5.610049247741699
5.840232849121094
5.802036762237549
5.795396089553833
5.8307294845581055
5.589162111282349
5.48135232925415
5.401139259338379
5.744516849517822
5.610281229019165
5.533483982086182
5.730781316757202
5.673517227172852
5.973740577697754
5.683776378631592
5.659249544143677
5.727327346801758
5.85264778137207
5.423026084899902
5.53859806060791
5.886440277099609
5.692312240600586
5.471291780471802
5.5776214599609375
5.775882720947266
5.7606165409088135
5.802379608154297
5.559778928756714
5.370371341705322
5.531336545944214
5.557031869888306
5.769725322723389
5.81987190246582
5.824360609054565
5.6500771045684814
5.799032688140869
5.722177505493164
5.6857709884643555
5.570279598236084
5.72226881980896
5.52273154258728
5.563671350479126
5.960444211959839
6.123170614242554
5.97348690032959
5.529038906097412
5.521259546279907
5.556670904159546
5.796207427978516
5.761184215545654
5.980690240859985
5.768619060516357
5.640670537948608
5.741222143173218
5.571260690689087
5.5637147426605225
5.617722511291504
5.510560035705566
5.454400539398193
5.699053049087524
5.570635080337524
5.568120718002319
5.781081676483154
5.5760109424591064
5.903457164764404
5.65906023979187
5.681246757507324
5.464580297470093
5.5377116203308105
5.723883867263794
6.187617540359497
5.746098756790161
5.755956172943115
5.681676387786865
5.454726934432983
5.571713209152222
5.578060626983643
6.106150150299072
5.653187036514282
5.631078720092773
5.510504484176636
5.506080389022827
5.776674747467041
5.841414928436279
5.720999717712402
5.8428215980529785
5.722748279571533
5.755796909332275
5.728062629699707
5.453891754150391
5.465975761413574
5.534071207046509
5.8002424240112305
5.581526756286621
5.443053245544434
5.867180109024048
5.845865726470947
5.594154357910156
5.551004648208618
5.728585481643677
5.8098955154418945
6.019970893859863
5.816440105438232
5.543097972869873
5.70558500289917
5.639218807220459
5.808290481567383
5.755827903747559
5.499926328659058
5.614393949508667
5.740117788314819
5.604703664779663
5.658013582229614
5.718487501144409
5.50553822517395
5.509569406509399
5.7498345375061035
5.765746116638184
5.653197288513184
5.931847095489502
5.406859636306763
5.558471202850342
5.903122186660767
5.970409154891968
6.08662748336792
5.428808212280273
5.594550132751465
5.619679927825928
5.923459768295288
5.618919610977173
5.559512615203857
5.752332448959351
5.561951398849487
5.662698984146118
5.610623836517334
5.867629289627075
6.129454135894775
5.800775051116943
5.616588830947876
5.542468309402466
5.617603302001953
5.586000919342041
5.723299741744995
5.808765411376953
5.523556232452393
5.782311201095581
5.85792875289917
5.347376823425293
5.574239492416382
5.564021348953247
5.4008519649505615
5.798837900161743
5.3429646492004395
5.448864698410034
5.687717914581299
5.827629804611206
5.793412446975708
5.629749536514282
5.645412921905518
5.652828931808472
5.620736837387085
5.882814407348633
5.87695837020874
5.621609687805176
5.566681861877441
5.496154546737671
5.78175687789917
5.961360216140747
5.919245481491089
5.804231882095337
5.726804733276367
5.52689790725708
5.53005313873291
5.531414747238159
5.346009254455566
5.930002450942993
5.732925653457642
5.928632020950317
5.508552551269531
5.538634300231934
5.646892309188843
5.698673486709595
5.632189989089966
5.703150033950806
5.587047576904297
5.577631235122681
5.470940828323364
5.6360461711883545
5.961828231811523
5.730577230453491
5.596548080444336
5.556610345840454
5.694820165634155
5.787492752075195
5.793706178665161
5.767798900604248
5.7762956619262695
5.739123582839966
5.608322620391846
5.569605827331543
5.572289228439331
5.83165168762207
5.591336727142334
5.458542585372925
5.683440923690796
5.856417894363403
6.056581020355225
5.84441351890564
5.905838966369629
5.53803014755249
5.535497665405273
5.747452259063721
5.800725221633911
5.919619560241699
5.719269514083862
5.586535215377808
5.696735143661499
5.694728374481201
5.775367021560669
5.60401725769043
5.343055009841919
5.668698072433472
5.910201787948608
5.9288153648376465
5.615631580352783
5.572499752044678
5.81332540512085
5.719902992248535
5.7591712474823
5.5019567012786865
5.7672929763793945
5.629861354827881
5.959923028945923
5.817939519882202
5.778559923171997
5.421301364898682
5.7560083866119385
5.694056272506714
5.925092697143555
5.827366352081299
5.389396667480469
5.647125244140625
5.790500164031982
5.9310033321380615
5.514118909835815
5.724522829055786
5.738810777664185
5.752777576446533
5.954173564910889
5.741659641265869
5.722852945327759
5.611459970474243
5.617860317230225
5.642624855041504
5.751012325286865
5.510428428649902
5.604535818099976
5.636429071426392
5.695227146148682
5.578113555908203
5.81274151802063
5.501363754272461
5.687563896179199
5.686079740524292
5.6846208572387695
5.730244874954224
5.533076286315918
5.634629487991333
5.6356518268585205
5.408871650695801
5.563977479934692
5.719129323959351
5.464558362960815
5.497278213500977
6.056010723114014
5.774380683898926
5.866341829299927
5.704845428466797
5.652051687240601
5.643010854721069
5.5986008644104
5.819979906082153
5.679394006729126
5.608243703842163
5.522923231124878
5.714055061340332
5.719694375991821
5.6727776527404785
5.926820755004883
5.651087522506714
5.608141899108887
5.71655011177063
5.681625604629517
5.6161439418792725
5.6764750480651855
5.326510429382324
5.7360005378723145
5.781301021575928
5.526569843292236
5.560114145278931
5.607403039932251
5.349905014038086
5.721104860305786
5.726699113845825
5.802850961685181
5.432770490646362
5.608596563339233
5.7302916049957275
5.830215692520142
5.526504993438721
5.544464826583862
5.669193983078003
5.555885553359985
5.541521072387695
5.620770692825317
5.70346736907959
5.6182332038879395
5.594554662704468
5.672282695770264
5.566762447357178
5.6611549854278564
5.477535724639893
5.607541561126709
5.679486513137817
5.642409801483154
5.525244235992432
5.4978461265563965
5.564213514328003
5.709442615509033
5.576176166534424
5.447015285491943
5.720213413238525
5.923813104629517
5.710999011993408
5.768694162368774
5.811918258666992
5.558499097824097
5.794593572616577
5.523521184921265
5.634850978851318
5.944577217102051
5.634562253952026
5.638581991195679
5.456791877746582
5.699091672897339
5.781527996063232
5.673704624176025
5.650161981582642
5.583227872848511
5.638036727905273
5.590240716934204
5.716528415679932
5.599552631378174
5.571376323699951
5.551421642303467
5.6199235916137695
5.706269264221191
5.514421463012695
5.856142997741699
5.594006538391113
5.599123239517212
5.649230003356934
5.694580554962158
5.768955707550049
5.717290163040161
5.7034971714019775
5.528845310211182
5.65682315826416
5.613971710205078
5.484306573867798
5.663233518600464
5.728518962860107
5.715373277664185
5.520483016967773
5.723753452301025
5.57311224937439
5.671089172363281
5.639038562774658
5.753090143203735
5.588334083557129
5.621565580368042
5.694185256958008
5.607041597366333
5.723030090332031
5.661623001098633
5.681198835372925
5.595256090164185
5.780156373977661
5.711475372314453
5.628647327423096
5.699141979217529
5.68984317779541
5.713613033294678
5.709202527999878
5.547976732254028
5.668223142623901
5.697014093399048
5.721630811691284
5.727675437927246
5.5932393074035645
5.688827037811279
5.664181232452393
5.575448274612427
5.580315351486206
5.60695481300354
5.6368677616119385
5.659347057342529
5.638788938522339
5.6545631885528564
5.536433696746826
5.6870691776275635
5.5806334018707275
5.611570835113525
5.823278903961182
5.541969537734985
5.501233816146851
6.073517322540283
5.560533761978149
5.755131244659424
5.737411022186279
5.50947642326355
5.707758665084839
5.465415000915527
5.637293338775635
5.675048112869263
5.618733882904053
5.644978284835815
5.713574409484863
5.688735008239746
5.91340708732605
5.68147873878479
5.644745111465454
5.7557103633880615
5.7547619342803955
5.793654441833496
5.904844522476196
5.887106895446777
5.440566778182983
5.572852611541748
5.6926445960998535
5.76432466506958
5.811195611953735
5.571983098983765
5.871830701828003
5.845038652420044
5.775713682174683
5.759261846542358
5.768225908279419
5.722184658050537
5.772061824798584
5.552841663360596
5.623569011688232
5.758682727813721
5.6331610679626465
5.714083194732666
5.692100763320923
5.70659613609314
5.638550281524658
6.072226524353027
5.799253702163696
5.8141396045684814
5.995005369186401
5.770256757736206
5.563232898712158
5.4678568840026855
5.657186031341553
5.479946136474609
5.657058477401733
5.597064971923828
5.833638668060303
5.8020055294036865
5.615942478179932
5.781791925430298
5.77383828163147
5.556027889251709
5.766509056091309
5.754952430725098
5.913300514221191
5.789307594299316
5.776137828826904
5.714224815368652
5.673060178756714
5.820116758346558
5.873084545135498
5.717973947525024
5.719064474105835
5.764438629150391
5.803745269775391
5.5450758934021
5.50358247756958
5.640148639678955
5.746617317199707
5.7492945194244385
5.686141014099121
5.726647853851318
5.550000905990601
5.531731843948364
5.4843995571136475
5.657678604125977
5.788593292236328
5.781733512878418
5.643409967422485
5.535070896148682
5.548062801361084
5.8811516761779785
5.791295528411865
5.91408109664917
5.60567569732666
5.54862642288208
5.589693069458008
5.682976484298706
5.9019269943237305
5.59062385559082
5.440577507019043
5.418844938278198
5.738114356994629
5.60582971572876
5.961735010147095
5.709623098373413
5.535213232040405
5.696107625961304
5.743488550186157
5.807516813278198
5.864907503128052
5.888247489929199
5.586681842803955
5.49601674079895
5.769413471221924
5.74477481842041
5.972581386566162
5.616272687911987
5.745965003967285
5.62065863609314
5.645009756088257
5.672654390335083
5.684731483459473
5.63703989982605
5.556596994400024
6.038445472717285
5.772278547286987
5.863965272903442
5.731157541275024
5.540060520172119
5.6271514892578125
6.199142932891846
5.873208284378052
6.037473440170288
5.839706897735596
5.856116056442261
5.503248453140259
5.759342432022095
5.78506875038147
5.603164434432983
5.6292948722839355
6.031035900115967
5.9601731300354
6.184414386749268
5.634313106536865
5.6710896492004395
5.792240142822266
5.995266675949097
6.053948163986206
5.640487194061279
5.709106206893921
5.756746292114258
5.570915460586548
5.712206840515137
5.728628873825073
5.660563707351685
5.657505512237549
5.85143518447876
5.8314528465271
5.88924503326416
5.512816667556763
5.603746652603149
5.730169773101807
5.932137489318848
5.898362398147583
5.673735857009888
5.760213136672974
5.884916543960571
5.6472392082214355
5.750288009643555
5.762619256973267
5.606146812438965
5.615724802017212
6.028409957885742
5.9358603954315186
5.802328824996948
5.609116077423096
5.606701850891113
5.5727698802948
5.6198625564575195
5.80930495262146
5.925659418106079
5.9336230754852295
5.869875907897949
5.916292190551758
5.7584288120269775
5.6070051193237305
5.479887008666992
5.677727699279785
5.8517913818359375
5.901354074478149
5.925480127334595
5.644251108169556
5.6170854568481445
5.536503076553345
5.816498756408691
5.906001567840576
5.861181259155273
5.576605319976807
5.662177085876465
5.625622272491455
5.617029666900635
5.875913858413696
5.660088777542114
5.676614761352539
5.823765754699707
5.709563493728638
5.7258734703063965
5.85054349899292
5.714064359664917
5.610828876495361
5.701119422912598
5.770743131637573
5.879305839538574
5.798751592636108
5.815815448760986
5.7598302364349365
5.5135931968688965
5.701658010482788
5.816763877868652
5.959959983825684
6.15765118598938
5.706368923187256
5.669207811355591
5.676618337631226
5.508315324783325
6.235312461853027
5.7281458377838135
5.607020616531372
5.9557435512542725
5.753334999084473
5.787646055221558
5.8428239822387695
6.131717681884766
5.85636568069458
5.8655686378479
6.102341890335083
5.811876535415649
5.5785229206085205
5.543581962585449
5.6232171058654785
5.613422393798828
6.0175135135650635
5.845682144165039
5.7895519733428955
5.5150768756866455
5.705795764923096
5.466356039047241
5.657503366470337
5.700233459472656
5.8479743003845215
5.761152505874634
5.721767902374268
5.521965503692627
5.59076189994812
5.83698034286499
5.69575834274292
5.830181360244751
5.813145637512207
5.550203561782837
5.470031976699829
5.559537649154663
5.697668552398682
5.864415645599365
5.812001943588257
5.5463666915893555
5.668261289596558
5.722740173339844
6.026527643203735
5.886477947235107
5.8476927280426025
5.6945719718933105
5.677048921585083
5.650306463241577
5.541468143463135
5.934913873672485
5.623008728027344
5.777305841445923
5.681947231292725
5.519968032836914
5.586933374404907
5.920220851898193
5.597723722457886
5.851012945175171
5.729929685592651
5.586719989776611
5.715570449829102
5.433399200439453
5.7691426277160645
6.135619401931763
5.588939428329468
5.775173187255859
5.5515875816345215
5.470409631729126
5.8127570152282715
5.835291147232056
6.001330852508545
5.7810704708099365
5.5760040283203125
5.559492349624634
5.60649037361145
5.761217832565308
5.857883453369141
5.833730459213257
5.650558710098267
5.574702501296997
5.597850561141968
5.542562484741211
5.699685335159302
5.722361087799072
5.3714985847473145
5.736316919326782
5.690696716308594
5.921885967254639
5.913338661193848
5.845139741897583
5.512916803359985
5.591625213623047
5.78385591506958
5.700275421142578
5.655317544937134
5.564050197601318
5.423348665237427
5.67314887046814
5.886620044708252
5.69644832611084
5.86825966835022
5.615882396697998
5.640406847000122
5.65351676940918
5.939927577972412
5.927979946136475
5.873032808303833
5.836158514022827
5.676242113113403
5.7605109214782715
5.585270881652832
5.6324546337127686
6.054718971252441
5.804628133773804
5.604353904724121
5.6730732917785645
5.716202974319458
5.739507436752319
5.584612607955933
5.4139931201934814
5.837342977523804
6.058403015136719
6.024945497512817
5.722632646560669
5.725610971450806
5.680110454559326
5.824315309524536
5.900894403457642
5.787181854248047
5.700025320053101
5.755810976028442
5.690589189529419
5.794740676879883
5.646660566329956
5.761876821517944
5.61745023727417
5.539584398269653
5.858831405639648
5.728665590286255
6.0012047290802
5.560584783554077
5.655394792556763
5.558972597122192
5.4783289432525635
5.843306303024292
5.851808071136475
5.733746528625488
5.633253574371338
5.6258463859558105
5.514650821685791
5.842206239700317
5.752822160720825
5.653812885284424
5.586156606674194
5.597894906997681
5.675332069396973
5.826155662536621
6.12311577796936
5.649338245391846
5.701145648956299
5.63923192024231
5.686436653137207
5.9218316078186035
5.776147127151489
5.574963569641113
5.6358771324157715
5.905053615570068
5.715281248092651
5.718160152435303
5.650694370269775
5.6351237297058105
5.436194658279419
5.5779948234558105
5.583477020263672
5.634660959243774
5.871358156204224
5.88883900642395
5.457408666610718
5.4943482875823975
5.604030609130859
5.890052556991577
5.756672382354736
5.555215120315552
5.522339344024658
5.568679094314575
5.794299125671387
5.713674783706665
6.172043085098267
5.808354377746582
5.860511302947998
5.83444356918335
5.648250341415405
5.679378032684326
5.939886569976807
5.698454856872559
5.658679962158203
5.642179250717163
5.51178503036499
5.742758750915527
5.8187572956085205
5.8512561321258545
5.621097087860107
5.654683828353882
5.919444561004639
5.658641576766968
5.6628735065460205
5.740754842758179
5.720223903656006
5.53344464302063
5.354386568069458
5.82089900970459
5.5586442947387695
5.781447649002075
5.564698696136475
5.497792720794678
5.897738456726074
5.681724309921265
5.625375747680664
5.834918260574341
5.6245362758636475
5.679184913635254
6.062821626663208
5.608004093170166
5.6725921630859375
5.859071493148804
5.620878219604492
5.734598398208618
5.897278308868408
5.577226877212524
5.660521745681763
5.6536033153533936
5.672252416610718
5.6245341300964355
5.752301931381226
5.527756214141846
5.757467269897461
5.69908881187439
5.566957950592041
5.683003902435303
5.789247035980225
5.726086854934692
5.7367963790893555
5.547683477401733
5.477837324142456
5.514970779418945
5.94397497177124
5.803070545196533
5.702653169631958
5.747394561767578
5.755273818969727
5.5338263511657715
5.442404270172119
5.559316635131836
5.550079584121704
5.734493732452393
5.553081512451172
5.4822423458099365
5.902132511138916
5.675058603286743
5.814286708831787
5.530375003814697
5.4995338916778564
5.840330123901367
5.904218912124634
5.855933666229248
5.675770998001099
5.731735467910767
5.6130690574646
5.63233757019043
5.8435423374176025
5.869760990142822
5.78529953956604
5.58970308303833
5.503911256790161
5.764051198959351
5.94304347038269
5.7676990032196045
5.647302150726318
5.585869550704956
5.605802774429321
5.776386022567749
5.836489200592041
5.802528381347656
5.812250137329102
5.728748559951782
5.659192323684692
5.670656204223633
6.323584079742432
6.189458847045898
5.967090606689453
5.909448862075806
5.761670351028442
5.707311630249023
5.486393213272095
5.603537082672119
5.944032430648804
5.61741304397583
5.51097297668457
5.549200057983398
5.933842182159424
5.984452724456787
5.735102653503418
5.771270036697388
5.480647802352905
5.6270387172698975
5.823321580886841
5.6567676067352295
5.831803560256958
5.493963956832886
5.571349859237671
5.751672744750977
6.054800033569336
5.750838994979858
5.72939395904541
5.612593173980713
5.576464653015137
5.93302845954895
6.084336042404175
5.856757164001465
5.742284297943115
5.705738544464111
5.585900545120239
5.616607904434204
5.573271751403809
5.63815450668335
5.614350080490112
5.755768299102783
5.613024473190308
5.486823797225952
6.0695507526397705
5.687207460403442
5.82722806930542
5.558606147766113
5.627152919769287
5.729565620422363
5.914621114730835
5.690214157104492
5.558676719665527
5.565526962280273
5.523510217666626
5.556249141693115
5.894192695617676
5.757602691650391
5.782869815826416
5.6541643142700195
5.585540533065796
5.704859733581543
6.012479305267334
5.702009916305542
5.719189882278442
5.66717267036438
5.6285505294799805
5.729446887969971
5.62356972694397
5.452397346496582
5.703037261962891
5.737819194793701
5.503352880477905
5.639994859695435
5.913557052612305
5.75755763053894
5.554903745651245
5.743168592453003
5.6149725914001465
5.525453329086304
5.948930501937866
5.757455110549927
5.682977676391602
5.562668800354004
5.588961362838745
5.627838850021362
5.963565826416016
5.64208459854126
5.795293807983398
5.502295255661011
5.50889778137207
5.5269224643707275
5.990978956222534
5.788701295852661
5.778299808502197
5.676597356796265
5.4767985343933105
5.618804454803467
5.999995231628418
5.934677600860596
5.917414665222168
5.59003210067749
5.733685731887817
5.75308632850647
5.997162580490112
5.883265256881714
5.729106903076172
5.635587215423584
5.5125017166137695
5.675775051116943
5.7957165241241455
5.720751047134399
5.766616582870483
5.681053161621094
5.4981043338775635
5.531515598297119
5.8019328117370605
5.63920783996582
5.833465576171875
5.69657564163208
6.105558633804321
5.638234376907349
5.769352912902832
5.780314683914185
5.557308673858643
5.729798078536987
5.85689377784729
5.6902055740356445
5.7297680377960205
5.67002534866333
6.086379051208496
5.897022008895874
5.889575004577637
5.771920442581177
5.535553455352783
5.538282155990601
5.617240905761719
5.750224351882935
5.807149171829224
5.665773153305054
5.8385114669799805
5.555344343185425
5.551609039306641
5.559646844863892
5.502384185791016
5.666132926940918
5.495264053344727
5.674641847610474
5.657774448394775
5.680424213409424
5.810824155807495
5.79071044921875
5.801942348480225
5.469291925430298
5.492920398712158
5.654587268829346
5.5580034255981445
5.651711702346802
5.665450811386108
5.483327388763428
5.838047027587891
5.730354309082031
5.787805795669556
5.763811826705933
5.467644929885864
5.622668504714966
5.698195695877075
5.594282865524292
5.694064617156982
5.690589189529419
5.589605808258057
5.625063180923462
5.856866121292114
5.598463535308838
5.74501371383667
5.649022579193115
5.703200578689575
5.570481538772583
5.683300495147705
5.7267374992370605
6.0883166790008545
5.505779981613159
5.678704500198364
5.563531875610352
5.66845703125
5.650036573410034
5.744067668914795
5.605372190475464
5.65386700630188
5.598617076873779
5.85591721534729
5.768145799636841
5.69230842590332
5.639195680618286
5.5614237785339355
5.593673229217529
5.718655824661255
5.835108041763306
5.6144185066223145
5.59507155418396
5.84990668296814
5.626411437988281
5.591160297393799
5.9272918701171875
6.0281758308410645
5.857412338256836
