Timing log for each step:
0.01701807975769043
5.3805787563323975
5.815091371536255
6.410302639007568
6.412958860397339
5.873379945755005
5.805697441101074
5.747090101242065
5.668407917022705
5.856071949005127
5.660816431045532
5.739545106887817
5.747068881988525
6.013876676559448
6.0413923263549805
5.681932687759399
5.630002737045288
5.617777585983276
5.675763368606567
5.714023590087891
5.216862201690674
5.226748466491699
5.64262056350708
5.631027936935425
5.580963134765625
5.668959140777588
5.659801959991455
5.6554436683654785
5.72561240196228
5.661745548248291
5.575337171554565
5.661762475967407
5.681541442871094
5.642889976501465
5.593219995498657
5.7024407386779785
5.590712785720825
5.372755289077759
5.669926643371582
5.9379003047943115
5.541808843612671
5.013937950134277
4.957507610321045
5.15557074546814
5.203604221343994
4.673802852630615
4.675767421722412
4.67958402633667
4.6276535987854
4.539494276046753
4.861670255661011
4.8428802490234375
4.88227915763855
4.899245977401733
4.826388120651245
4.8694939613342285
4.9052629470825195
4.785932779312134
5.191569805145264
4.976529359817505
4.902451276779175
4.903736591339111
4.864742279052734
4.869426965713501
4.861894130706787
4.890953779220581
4.994269132614136
5.058029651641846
5.109591007232666
5.303384780883789
5.195140838623047
5.213093519210815
5.1094841957092285
5.189688444137573
5.110318422317505
5.3787829875946045
5.3857104778289795
5.40021014213562
5.74999475479126
6.119173526763916
5.756025314331055
5.863683700561523
5.700156927108765
5.803853750228882
5.696584939956665
5.80814528465271
5.746784925460815
5.729589939117432
5.675953149795532
5.71817684173584
5.657274484634399
5.689429759979248
5.666124582290649
5.6761791706085205
5.774745464324951
5.70801568031311
5.74065637588501
5.69256329536438
5.7393317222595215
5.77927827835083
5.7036073207855225
5.741873264312744
5.756888151168823
5.746429920196533
5.775488615036011
5.6835503578186035
5.667364835739136
6.023389577865601
6.187988758087158
5.79546046257019
5.737800359725952
5.975509405136108
5.883259534835815
5.895602464675903
6.111147165298462
6.447173833847046
6.112245082855225
6.220600843429565
5.847002983093262
5.9330480098724365
6.17469334602356
5.887836933135986
5.772329330444336
5.862471342086792
6.018139600753784
6.3906450271606445
5.949939489364624
6.034690856933594
6.168804168701172
6.531745910644531
6.451289653778076
6.1282453536987305
5.765326261520386
5.856637001037598
5.782078504562378
5.752911567687988
5.767537593841553
5.7373998165130615
5.724120378494263
5.750107288360596
5.718283414840698
5.726261377334595
5.7569074630737305
6.102871894836426
6.1287572383880615
6.110600233078003
5.749433279037476
5.8043458461761475
5.626672267913818
5.498898267745972
5.5156378746032715
5.577519655227661
5.9472198486328125
6.046189308166504
5.797154903411865
5.865776062011719
5.458158731460571
5.711129426956177
6.40769362449646
5.9790215492248535
5.454298257827759
