Timing log for each step:
0.014014005661010742
1.8907203674316406
1.7976343631744385
1.765955924987793
1.8747446537017822
1.8516850471496582
1.8429021835327148
1.799637794494629
1.8255133628845215
1.7596008777618408
1.8522119522094727
1.8707451820373535
1.8066432476043701
1.8179819583892822
1.8356988430023193
1.832667589187622
1.8238744735717773
1.9477713108062744
1.9526770114898682
1.8186547756195068
1.8149361610412598
1.7255218029022217
1.9057331085205078
1.7139010429382324
1.7966349124908447
1.7671406269073486
1.8623294830322266
1.8336689472198486
1.8791224956512451
1.8697009086608887
2.028146266937256
1.3371446132659912
1.854686975479126
1.8195655345916748
1.9477708339691162
1.766739845275879
1.8783142566680908
1.8606932163238525
1.8000636100769043
1.8416757583618164
1.914501667022705
1.7796189785003662
1.810699462890625
1.8520209789276123
1.8326661586761475
1.7655494213104248
1.79563307762146
1.7855162620544434
1.858691930770874
1.787707805633545
1.8226573467254639
1.8101613521575928
1.8578286170959473
1.8336679935455322
1.8048951625823975
1.8136487007141113
1.8301997184753418
1.8212084770202637
1.8747062683105469
1.75807785987854
1.7916390895843506
1.7570295333862305
1.8912642002105713
1.840674877166748
1.8541598320007324
1.7896277904510498
1.8186376094818115
1.8402862548828125
1.845679759979248
1.7638828754425049
1.8626937866210938
1.9912853240966797
1.836670160293579
1.76511549949646
1.8557233810424805
1.7926311492919922
1.8670289516448975
1.821657657623291
1.8888373374938965
1.969074010848999
1.8346688747406006
1.9812188148498535
1.9023048877716064
1.8670451641082764
1.8586905002593994
1.7893424034118652
1.8426759243011475
1.8018584251403809
1.9009926319122314
1.7826192378997803
1.7600409984588623
1.8071529865264893
1.8306643962860107
1.8139607906341553
1.7746140956878662
1.82193922996521
1.7956323623657227
1.814314603805542
1.8606927394866943
1.8047995567321777
1.8410799503326416
1.8456783294677734
1.7537455558776855
1.7706096172332764
2.0974020957946777
1.825965404510498
1.8887178897857666
1.849869966506958
1.8116490840911865
1.7811980247497559
1.8588573932647705
1.9007301330566406
1.8521199226379395
1.8226597309112549
1.8309056758880615
1.883714199066162
1.8447680473327637
1.7706108093261719
1.8407249450683594
1.8069074153900146
1.8166522979736328
1.8456108570098877
1.8446788787841797
1.8562815189361572
1.8496465682983398
1.825660228729248
1.8827996253967285
1.870701789855957
1.846099853515625
1.9141170978546143
1.853686809539795
1.9193246364593506
1.8056423664093018
1.8310983180999756
1.8496284484863281
1.8907194137573242
1.7559292316436768
1.8186628818511963
1.8391942977905273
1.7969677448272705
1.8046422004699707
1.7880473136901855
1.8454864025115967
1.8717033863067627
1.7728078365325928
1.9177451133728027
1.8037948608398438
1.7864396572113037
1.8556859493255615
1.8090202808380127
1.9207494258880615
1.7565960884094238
1.8873193264007568
1.8136498928070068
1.8147573471069336
1.9532051086425781
1.8096444606781006
1.779707431793213
1.8096470832824707
1.9141900539398193
1.7996373176574707
1.8067846298217773
1.8467628955841064
1.9047315120697021
1.9568476676940918
1.8236572742462158
1.8487613201141357
1.872089147567749
1.8576908111572266
1.8466706275939941
1.8436753749847412
1.9996392726898193
1.8606915473937988
1.8397164344787598
1.8206548690795898
1.8370997905731201
1.8040964603424072
1.836672306060791
1.8119747638702393
1.8186535835266113
1.8137025833129883
1.827131748199463
1.8496835231781006
1.8251793384552002
1.7921946048736572
1.7956318855285645
1.771986722946167
1.8937232494354248
1.8291103839874268
1.8246855735778809
1.8106467723846436
1.8151674270629883
1.901458740234375
1.8316659927368164
1.8355791568756104
1.8416738510131836
1.9739758968353271
1.8005025386810303
1.7896273136138916
1.8874270915985107
1.788684606552124
1.9617860317230225
1.8474650382995605
1.809000015258789
1.8616929054260254
1.7894279956817627
1.7806196212768555
1.8538227081298828
1.9056580066680908
1.8226604461669922
1.8250784873962402
1.822657585144043
1.765608310699463
1.8791868686676025
1.8046417236328125
2.008882761001587
1.8111851215362549
1.9187450408935547
1.9913218021392822
1.9107375144958496
1.7887117862701416
1.7233638763427734
1.9527761936187744
1.8169214725494385
2.085897445678711
1.8271398544311523
1.815856695175171
1.9337592124938965
1.7935917377471924
1.8907229900360107
2.0288445949554443
1.8238039016723633
1.7636041641235352
1.9384446144104004
1.8059935569763184
1.7966344356536865
1.788543939590454
1.890075922012329
1.8066418170928955
1.826298475265503
1.8116481304168701
2.006235122680664
1.853776454925537
1.8066432476043701
1.8119561672210693
1.9394962787628174
1.776616096496582
1.8599588871002197
1.8456799983978271
1.8426759243011475
1.9268763065338135
1.7575993537902832
1.850865364074707
1.8412940502166748
1.9417669773101807
1.9172108173370361
1.7769138813018799
2.1569626331329346
2.0141212940216064
2.0668797492980957
1.8988988399505615
1.8130004405975342
1.9097373485565186
1.7821178436279297
1.9540178775787354
1.8216562271118164
1.9098107814788818
1.9397644996643066
1.9183213710784912
1.878580093383789
1.9147403240203857
1.8218014240264893
1.9670755863189697
1.8416743278503418
1.787079095840454
1.7816205024719238
1.8656983375549316
1.897524356842041
1.980802297592163
1.9530279636383057
1.8157453536987305
1.8606925010681152
1.8011951446533203
1.890702247619629
1.7936294078826904
1.8761482238769531
1.8386719226837158
1.8162267208099365
1.8261868953704834
1.7896275520324707
1.8191282749176025
1.799666166305542
1.8847160339355469
1.939936637878418
1.8817121982574463
1.8011629581451416
1.7583673000335693
1.794640302658081
1.8813884258270264
1.8096694946289062
1.871701717376709
1.843461275100708
1.9207463264465332
1.854203224182129
1.959280252456665
1.936760425567627
1.8810033798217773
1.9471676349639893
1.9187445640563965
1.8601036071777344
1.7857162952423096
1.8366713523864746
1.907754898071289
1.9592032432556152
2.048863410949707
1.7840332984924316
1.9657878875732422
1.9509057998657227
1.9436955451965332
1.7806189060211182
1.8581480979919434
1.8476333618164062
1.9457697868347168
1.8789710998535156
1.824310541152954
1.7525935173034668
1.9512965679168701
1.9047904014587402
1.893721580505371
1.9319226741790771
1.9535126686096191
1.8566884994506836
1.8307487964630127
1.988959550857544
1.89772629737854
1.7598917484283447
1.9667930603027344
1.9297561645507812
1.7925629615783691
1.8016383647918701
1.8337905406951904
1.859522819519043
1.802640676498413
1.804023027420044
1.9690184593200684
1.9147424697875977
1.951399803161621
1.9210922718048096
1.9427685737609863
1.8142611980438232
1.9017291069030762
1.94439697265625
1.7840137481689453
1.8887171745300293
1.8173105716705322
1.760267734527588
1.9097394943237305
1.7781407833099365
1.7265031337738037
1.798635721206665
1.845348596572876
1.7906622886657715
1.8206562995910645
2.0164175033569336
1.8724896907806396
1.8636951446533203
1.7969343662261963
2.082119941711426
1.7656073570251465
1.869626760482788
1.9607834815979004
1.872246265411377
1.8533403873443604
1.8096437454223633
1.8428735733032227
1.9228625297546387
1.8186538219451904
1.8636889457702637
1.8275818824768066
1.9237496852874756
1.8271684646606445
1.808645486831665
1.94276762008667
1.7961769104003906
1.771610975265503
1.8519110679626465
1.8267230987548828
1.913740634918213
1.951958179473877
1.793675184249878
1.9067347049713135
1.928971767425537
1.976799488067627
1.8596911430358887
