Timing log for each step:
0.01501321792602539
10.27758002281189
10.397038459777832
10.2523033618927
10.401071310043335
10.342352867126465
10.275118827819824
10.311688423156738
10.248958110809326
10.208123683929443
10.293761014938354
10.472604990005493
10.290993690490723
10.24896502494812
10.4461350440979
10.30274510383606
9.812764406204224
10.288274049758911
10.36155080795288
9.731882095336914
9.340391397476196
9.164347171783447
9.566185712814331
9.733963966369629
9.03621506690979
9.018661499023438
9.030569076538086
9.039792776107788
9.120532751083374
9.15176510810852
9.28191065788269
9.118049144744873
9.14834213256836
9.26560115814209
9.399065017700195
9.202308654785156
9.238649129867554
9.292649745941162
9.07640814781189
9.32914113998413
9.270846605300903
9.106249809265137
9.049257755279541
8.991194725036621
9.255722999572754
9.341368675231934
9.376387596130371
9.278079509735107
9.281550407409668
9.282466173171997
9.397212266921997
9.278456687927246
9.59751009941101
9.490914583206177
9.489140272140503
9.506144285202026
9.394902229309082
9.722221374511719
9.599784135818481
9.607247114181519
10.042640924453735
10.54922604560852
10.353368282318115
10.309516429901123
10.515770196914673
10.386853694915771
10.116647005081177
9.93881607055664
9.498080968856812
10.479121923446655
9.87323546409607
10.514856576919556
10.596686840057373
10.368035554885864
10.64646291732788
10.51631474494934
10.541070461273193
10.578084230422974
10.66193175315857
10.648048400878906
10.567891836166382
10.336769819259644
10.437811136245728
10.614768266677856
10.554765462875366
10.568400382995605
10.509697675704956
10.625430822372437
10.475478649139404
10.59647512435913
10.430185317993164
10.650979280471802
10.584347248077393
10.447415828704834
10.50728440284729
10.572351932525635
10.636189222335815
10.62601637840271
10.578598499298096
10.582821130752563
10.604730606079102
10.487698793411255
10.642091274261475
10.696789741516113
12.0690336227417
