Timing log for each step:
0.01901721954345703
5.35588264465332
5.384909152984619
5.389913320541382
5.331860542297363
5.341870307922363
5.39491868019104
5.39792013168335
5.367894887924194
5.410933256149292
5.311841726303101
5.4119343757629395
5.457974433898926
5.3478758335113525
5.259795665740967
5.336865425109863
5.365891933441162
5.239776849746704
5.291824102401733
5.686183452606201
5.3919150829315186
5.384908199310303
5.278811693191528
5.293826341629028
5.393917560577393
5.368894577026367
5.458977699279785
5.380905628204346
5.350878477096558
5.502017021179199
5.442959547042847
5.444964170455933
5.449970245361328
5.261795997619629
5.424943923950195
5.448967218399048
5.488003730773926
5.466984033584595
5.461978435516357
5.441961288452148
5.539048910140991
5.543055534362793
5.448968410491943
5.388913631439209
5.372899055480957
5.3999245166778564
5.4709861278533936
5.359884977340698
5.441960573196411
5.374901056289673
5.408928871154785
5.3879125118255615
5.375899791717529
5.365892171859741
5.469986915588379
5.52503514289856
5.690186262130737
5.601105690002441
5.5740807056427
5.148693799972534
5.255792140960693
5.307839393615723
5.481999158859253
5.466984033584595
5.481997489929199
5.46398138999939
5.673171520233154
5.392917156219482
5.43895959854126
5.319850206375122
5.3618857860565186
5.551061153411865
5.400923490524292
5.85033106803894
5.442962169647217
5.460981130599976
5.607111930847168
5.387911796569824
5.405926704406738
5.501014947891235
5.417940378189087
5.544054746627808
5.6711719036102295
5.5600690841674805
5.383908987045288
5.500015497207642
5.5971009731292725
5.441961765289307
5.558065891265869
5.655155420303345
5.461980104446411
5.425946474075317
5.547055959701538
5.538046360015869
5.258793830871582
5.437958240509033
5.500013828277588
5.542051315307617
5.33186149597168
5.370897054672241
5.33286190032959
5.421942710876465
5.718213796615601
5.384909152984619
5.390914678573608
5.763253688812256
5.616120100021362
5.515027284622192
5.458975791931152
5.62913179397583
5.466984748840332
5.499012231826782
5.421942949295044
5.4729905128479
5.3538806438446045
5.486001253128052
5.309840202331543
5.406930446624756
5.385910272598267
5.356884717941284
5.463982105255127
5.5550642013549805
5.461980819702148
5.705200672149658
5.578085422515869
5.448967218399048
5.434956312179565
5.4799964427948
5.473989963531494
5.498011827468872
5.521032810211182
5.424945116043091
5.506018400192261
5.465982675552368
5.417940616607666
5.621121883392334
5.8443284034729
3.880537748336792
4.229856491088867
4.683270215988159
4.912479400634766
4.780358552932739
5.426945924758911
4.7293126583099365
5.6061108112335205
5.347875595092773
5.399923086166382
5.403926372528076
5.395919322967529
5.414936542510986
5.396921157836914
5.452971696853638
5.368895053863525
5.346874952316284
5.395920276641846
5.546055793762207
5.405928373336792
5.333862066268921
5.324855089187622
5.471988916397095
5.445964813232422
5.41093373298645
5.423945188522339
5.478995084762573
5.365891933441162
5.409931659698486
4.499101638793945
4.715299844741821
5.3488757610321045
5.11065936088562
4.586181402206421
5.404926538467407
4.638230562210083
5.443963289260864
5.425947666168213
5.457976579666138
5.405927419662476
5.423944711685181
5.404928207397461
5.512026309967041
5.381906986236572
5.4579761028289795
5.245782136917114
5.469987869262695
5.475992679595947
5.257793188095093
5.455973863601685
5.4629809856414795
5.444963455200195
5.407930135726929
5.451970815658569
5.459976434707642
5.403925895690918
5.396920680999756
5.524035692214966
5.396919250488281
5.430949926376343
5.39691948890686
5.357885360717773
5.524036407470703
5.415938138961792
5.3368659019470215
5.388912916183472
5.353881120681763
5.423944711685181
5.360887050628662
5.427950143814087
5.429949522018433
5.4639811515808105
5.426946640014648
5.482999324798584
5.38290810585022
5.409932374954224
5.510023355484009
5.41593861579895
5.302834749221802
5.396920680999756
5.497012615203857
5.386912107467651
5.411934852600098
5.390915393829346
5.3969199657440186
5.459977626800537
5.333862543106079
5.518030643463135
5.505018472671509
5.567074537277222
5.463982343673706
5.410933017730713
5.48800253868103
5.423945188522339
5.393917083740234
5.502016305923462
5.465983152389526
5.367895126342773
5.378904581069946
5.47399115562439
5.269804000854492
5.390914678573608
5.505019664764404
5.321852684020996
5.464982271194458
5.363890171051025
5.400924205780029
5.236773729324341
5.522032976150513
5.499012231826782
5.450969457626343
5.341869115829468
5.505018949508667
5.447968244552612
5.402926445007324
5.3408684730529785
5.335864067077637
5.4169392585754395
5.362889766693115
5.3849101066589355
5.406930446624756
5.463980436325073
5.3558831214904785
5.398922443389893
5.417938709259033
5.450969696044922
5.378904104232788
5.355880975723267
5.40492844581604
5.351878643035889
5.458976745605469
5.4579761028289795
5.3969197273254395
5.432953119277954
5.362889289855957
5.487003803253174
5.422943592071533
5.339869260787964
5.33086085319519
5.517029523849487
5.400928020477295
5.355883598327637
5.512024402618408
5.333864688873291
5.446965932846069
5.40792989730835
5.3969197273254395
5.3698952198028564
5.4189417362213135
5.558068037033081
5.430950880050659
5.4029271602630615
5.34487247467041
5.345874071121216
5.497010946273804
5.276810646057129
5.38891339302063
5.351878643035889
5.279812812805176
5.414935111999512
5.273808479309082
5.309840202331543
5.400922775268555
5.402925491333008
5.334863901138306
5.469985723495483
5.274809122085571
5.475991487503052
5.397922039031982
5.345874309539795
5.498012542724609
5.525037527084351
5.504018783569336
5.429950714111328
5.475992202758789
5.343871355056763
5.4419615268707275
5.454973220825195
5.457975625991821
5.382906913757324
5.405928373336792
5.409932851791382
5.513025522232056
5.390915870666504
5.441961050033569
5.407930374145508
5.446964979171753
5.43996000289917
5.483999490737915
5.403924942016602
5.3939173221588135
5.37690281867981
5.42694616317749
5.412934303283691
5.345873117446899
5.4289491176605225
5.502015829086304
5.500013589859009
5.458977222442627
5.528039455413818
5.3128437995910645
5.4099321365356445
5.463981628417969
5.472990274429321
5.395919561386108
5.373898267745972
5.364890813827515
5.2698047161102295
5.470986604690552
5.330859661102295
5.450968503952026
5.476993799209595
5.331860542297363
5.26580023765564
5.3969199657440186
5.4389588832855225
5.388912677764893
5.509022235870361
5.262798547744751
5.420941591262817
5.434955358505249
5.380905389785767
5.3869102001190186
5.417938709259033
5.361888408660889
5.4699866771698
5.511023998260498
5.491005182266235
5.4629786014556885
5.445966005325317
5.495009422302246
5.500014066696167
5.358885288238525
5.516030311584473
5.507021427154541
5.489003896713257
5.3939173221588135
5.4950103759765625
5.355883598327637
5.440960168838501
5.3288586139678955
5.450969696044922
5.408931016921997
5.455974102020264
5.416939735412598
5.3468756675720215
5.450970411300659
5.375900030136108
5.433953762054443
5.350878477096558
5.496010780334473
5.366892576217651
5.399923801422119
5.369896650314331
5.389914274215698
5.380905628204346
5.375900983810425
5.397920846939087
5.540051460266113
5.414935350418091
5.508020401000977
5.400922536849976
5.535046339035034
5.35488224029541
5.3428709506988525
5.426947832107544
5.416938543319702
5.533045291900635
5.42394495010376
5.405929088592529
5.383908271789551
5.255791187286377
5.450970649719238
5.386911869049072
5.451970815658569
5.315847396850586
5.4930078983306885
5.529040575027466
5.443963527679443
5.534046411514282
5.319850921630859
5.428949594497681
5.444964170455933
5.410932779312134
5.437958240509033
5.3889124393463135
5.396920204162598
5.449968576431274
5.504018306732178
5.461979150772095
5.228767156600952
5.420942068099976
5.341870546340942
5.4709882736206055
5.398922681808472
5.353881359100342
5.369896650314331
5.484998941421509
5.490005016326904
5.45697546005249
5.333861351013184
5.416939973831177
5.447968244552612
5.457975387573242
5.495009422302246
5.497011184692383
5.397920608520508
5.4659833908081055
5.390915155410767
5.462980508804321
5.42094349861145
5.381907224655151
5.45197057723999
5.413935899734497
5.4659833908081055
5.475993394851685
5.433953762054443
5.4880030155181885
5.4339540004730225
5.384909152984619
5.452971696853638
5.374898910522461
5.45597505569458
5.5470569133758545
5.4039270877838135
5.398921966552734
5.371897220611572
5.409931898117065
5.420942783355713
5.486001968383789
5.419940710067749
5.439958333969116
5.440961837768555
5.41393518447876
5.481989622116089
5.394917964935303
5.543053150177002
5.433954954147339
5.4659833908081055
5.411934852600098
5.37389874458313
5.4469664096832275
5.38090443611145
5.477994203567505
5.4549736976623535
5.393917560577393
5.788275718688965
5.426947593688965
5.380905866622925
5.572078227996826
5.4619786739349365
5.475992679595947
5.3939173221588135
5.417939186096191
5.391917705535889
5.416937351226807
5.359886169433594
5.35788369178772
5.311842918395996
5.370896577835083
5.442962408065796
5.292825937271118
5.449968576431274
5.418940544128418
5.433953285217285
5.300832509994507
5.4069294929504395
5.437958478927612
5.4179394245147705
5.4689857959747314
5.50802206993103
5.4319539070129395
5.3418707847595215
5.475992679595947
5.37289834022522
5.417941331863403
5.4960105419158936
5.260796070098877
5.49601149559021
5.245783090591431
5.511023998260498
5.3969199657440186
5.389915227890015
5.469986915588379
5.48600172996521
5.341870307922363
5.474991321563721
5.419941186904907
5.495007753372192
5.43595552444458
5.450969934463501
5.510022163391113
5.424946546554565
5.431952238082886
5.349877119064331
5.4389567375183105
5.464983224868774
5.390913963317871
5.508021593093872
5.406930923461914
5.357887506484985
5.497012138366699
5.514028310775757
5.53404426574707
5.471989393234253
5.483999252319336
5.416938304901123
5.486002206802368
5.4299516677856445
5.7927727699279785
5.607111692428589
5.510023593902588
5.481997013092041
5.448968172073364
5.550056219100952
5.821306467056274
5.715210199356079
5.4729883670806885
5.534045219421387
5.508021354675293
5.465982437133789
5.502016544342041
5.565072059631348
5.542051792144775
5.459978342056274
5.489004373550415
5.611115455627441
5.540090084075928
