Timing log for each step:
0.015012741088867188
5.831016778945923
5.748524904251099
5.990663528442383
5.933614015579224
5.866470575332642
5.904238700866699
6.048840284347534
5.863163471221924
5.941064119338989
5.954896450042725
5.854429483413696
5.997237920761108
6.089845418930054
5.970575571060181
6.026607513427734
5.987155199050903
6.102206707000732
5.981042861938477
5.927802801132202
5.787168979644775
5.225611686706543
5.392058849334717
5.299652338027954
5.4717857837677
5.716671466827393
5.943802833557129
5.496689319610596
5.7402448654174805
5.510835886001587
5.907404899597168
5.562964916229248
5.739225387573242
6.606320858001709
6.076367139816284
5.423428535461426
5.253176212310791
5.005440711975098
5.3493428230285645
5.317762136459351
5.306823253631592
5.286258935928345
5.252807140350342
5.562483549118042
4.793280601501465
5.191595792770386
4.932701826095581
4.9270241260528564
4.90632963180542
4.9483842849731445
5.1713783740997314
5.031517267227173
4.9715306758880615
5.066484451293945
5.09267520904541
5.187748193740845
4.997074127197266
5.088433742523193
5.09678840637207
4.959368467330933
5.138173580169678
5.0800323486328125
4.961620092391968
4.969892263412476
4.962143898010254
5.073102235794067
5.093947649002075
4.9868323802948
4.977290153503418
5.321360111236572
5.0034801959991455
4.903820276260376
4.984667539596558
4.906609296798706
5.4967780113220215
5.53269624710083
5.19506311416626
4.9865968227386475
5.214810132980347
5.246921062469482
4.95806622505188
5.027212858200073
5.110979080200195
4.9785802364349365
5.022927522659302
4.98762845993042
4.877552270889282
5.108997344970703
4.839975833892822
5.0261452198028564
4.808746099472046
5.266969680786133
4.954770088195801
4.863393783569336
4.867205858230591
5.089179039001465
4.933343410491943
4.9002978801727295
4.890474319458008
4.943158864974976
4.996918439865112
4.810471534729004
5.001527309417725
5.378913402557373
5.382170915603638
5.4014317989349365
5.520373582839966
4.897149085998535
5.616124629974365
4.916059255599976
5.110088109970093
4.985691547393799
4.84162712097168
5.021248817443848
4.8596203327178955
4.965590476989746
