Timing log for each step:
0.02101898193359375
5.311918258666992
5.30952000617981
5.258673906326294
5.4199652671813965
5.3424293994903564
5.2862725257873535
5.337033987045288
5.423743724822998
5.482897758483887
5.393034934997559
5.371833324432373
5.321794509887695
5.25999641418457
5.394678831100464
5.8399083614349365
5.735539674758911
5.333904266357422
5.39745306968689
5.874454021453857
5.380282878875732
5.599695205688477
5.423755884170532
5.533419847488403
5.581727504730225
5.33081316947937
5.453844785690308
5.570626497268677
5.538886308670044
5.808866739273071
5.850652456283569
5.851480960845947
5.869889736175537
5.883650064468384
5.86647629737854
5.773324251174927
5.975292921066284
5.873551845550537
5.931729078292847
5.811917304992676
5.94524621963501
5.7126381397247314
5.679153919219971
5.670941114425659
5.750258684158325
5.68477201461792
5.727160692214966
5.697482109069824
5.703327655792236
5.571844816207886
5.588564157485962
5.63093900680542
5.6687705516815186
5.647542238235474
5.642360210418701
5.676880121231079
5.625152111053467
5.723442792892456
5.596165657043457
5.61411714553833
5.645633697509766
5.611506462097168
5.6136205196380615
5.5828187465667725
5.567907810211182
5.739537477493286
5.722139596939087
5.465787649154663
5.3968424797058105
5.390011310577393
5.317682504653931
5.451953172683716
5.33319354057312
5.413872957229614
5.420504093170166
5.428436040878296
5.519320249557495
5.448957204818726
5.453073740005493
5.461666822433472
5.477596759796143
5.415262937545776
5.472045421600342
5.448498249053955
5.436618089675903
5.461964130401611
5.383235692977905
5.492533922195435
5.515065431594849
5.443065404891968
5.511889219284058
5.5182271003723145
5.534853458404541
5.4715282917022705
5.481842041015625
5.4376771450042725
5.472114562988281
5.46537709236145
5.399963617324829
5.525129556655884
5.5755391120910645
5.446593761444092
5.475307941436768
5.473295211791992
5.440478801727295
5.525176525115967
5.3741114139556885
5.446830987930298
5.479452848434448
5.486826419830322
5.4413182735443115
5.423676252365112
5.444646835327148
5.436574935913086
5.4205286502838135
5.408462762832642
5.470958232879639
5.431931972503662
5.457613229751587
5.539810657501221
5.481478452682495
5.453391790390015
5.470624923706055
5.5274200439453125
5.515265226364136
5.4889976978302
5.5353569984436035
5.584371328353882
5.660946369171143
5.578472375869751
5.420711278915405
5.545685529708862
5.562296152114868
5.989269256591797
5.654032945632935
5.493012428283691
5.53122878074646
5.371770858764648
5.526044607162476
5.5124194622039795
5.422794342041016
5.517824411392212
5.467564582824707
5.5087292194366455
5.482382535934448
5.460261821746826
5.408451557159424
5.56578254699707
5.483076810836792
5.5115602016448975
5.617150783538818
5.551424026489258
5.531041622161865
5.490067720413208
5.504554986953735
5.525243520736694
5.462056398391724
5.53680419921875
5.526340961456299
5.4527363777160645
5.529571056365967
5.589052677154541
5.520639419555664
5.512084245681763
5.511846303939819
5.521957635879517
5.448396921157837
5.567134141921997
5.512562990188599
5.518729209899902
5.528859853744507
5.554055213928223
5.530983209609985
5.5661375522613525
5.510760068893433
5.593503713607788
5.398392677307129
5.6841881275177
5.44926381111145
5.44226336479187
5.442972421646118
5.444443464279175
5.507542848587036
5.4619855880737305
5.532094717025757
5.4901123046875
5.383384466171265
5.459222316741943
5.498396158218384
5.488493919372559
5.3832457065582275
5.523244619369507
5.557489633560181
5.409835338592529
5.499897718429565
5.471802473068237
5.544934272766113
5.434392213821411
5.435627460479736
5.509307384490967
5.503854513168335
5.490857839584351
5.47413969039917
5.506962299346924
5.45784068107605
5.488754510879517
5.517689943313599
5.441931486129761
5.488386869430542
5.50767970085144
5.541982412338257
5.47671914100647
5.621260404586792
5.530109643936157
5.463964939117432
5.486219644546509
5.579203367233276
5.481365203857422
5.522382974624634
5.482361316680908
5.505548000335693
5.472513437271118
5.455988883972168
5.449453115463257
5.446117639541626
5.5068700313568115
5.4553961753845215
5.590692758560181
5.507579326629639
5.504740476608276
5.489821672439575
5.416651248931885
5.47219705581665
5.398445129394531
5.443953037261963
5.508663892745972
5.469380617141724
5.509550094604492
5.5248777866363525
5.4476869106292725
5.525126695632935
5.519711494445801
5.430052280426025
5.449615240097046
5.519189119338989
5.556226015090942
5.41124415397644
5.489682674407959
5.612311363220215
5.685187816619873
5.495680093765259
5.470078706741333
5.421833038330078
5.5438666343688965
5.458795785903931
5.479491710662842
5.4908294677734375
5.494916915893555
5.577036619186401
5.590350866317749
5.378528118133545
