Timing log for each step:
0.01901841163635254
9.866828203201294
10.053050518035889
10.073870182037354
10.453428506851196
10.701121807098389
11.460867881774902
10.559625625610352
10.592750549316406
10.943053722381592
10.293517112731934
9.632410049438477
9.733557939529419
9.711444616317749
10.20736289024353
9.37856912612915
10.278113842010498
10.072731256484985
9.647864580154419
10.12899661064148
9.857960224151611
10.167008638381958
9.515290260314941
10.047781467437744
10.095708847045898
10.03854751586914
8.848125219345093
10.719053506851196
10.132982730865479
9.494783163070679
10.055135011672974
10.205267429351807
10.167044162750244
9.952331781387329
10.086919069290161
9.036127805709839
10.143844604492188
9.726829528808594
10.17323350906372
8.228915214538574
9.447662353515625
8.740134954452515
10.093240022659302
10.094345808029175
10.018495082855225
9.231795072555542
10.10229206085205
9.970316171646118
10.092827320098877
9.935155868530273
10.011324405670166
10.088778257369995
9.957378387451172
10.34179162979126
10.296168088912964
10.240387678146362
10.112054824829102
10.29076361656189
10.237466096878052
10.143311262130737
10.123638391494751
10.080552101135254
10.162970304489136
10.078559875488281
10.179580926895142
10.238298177719116
10.15932846069336
10.191060781478882
10.175204038619995
10.126582860946655
10.251196146011353
10.192334651947021
10.146745920181274
10.175236940383911
10.262882471084595
10.09799337387085
10.290714502334595
10.213521480560303
10.091206789016724
10.13618516921997
10.192544937133789
10.127630710601807
10.36825704574585
10.254655838012695
10.236660242080688
10.044344186782837
10.251312017440796
10.120302677154541
10.17202353477478
10.254507541656494
10.144192218780518
10.03308892250061
10.092248439788818
10.176009893417358
10.098888635635376
10.142754554748535
10.12856650352478
10.115059852600098
10.074789762496948
10.160536050796509
10.136813402175903
10.214829206466675
10.10742998123169
10.14318323135376
10.192717552185059
10.166902542114258
10.148897886276245
10.164176940917969
10.15985894203186
10.063847303390503
10.058525562286377
10.115181684494019
10.143385648727417
10.088475227355957
10.135249853134155
10.22575855255127
10.242382287979126
10.114525556564331
10.168196201324463
10.084654808044434
10.209053993225098
10.164952278137207
10.264628171920776
10.098988056182861
10.083775997161865
10.162389516830444
10.117661714553833
10.173542499542236
10.147846937179565
10.09324336051941
10.06388783454895
10.134582996368408
10.122693300247192
10.181450843811035
10.185977220535278
10.14959192276001
10.196645259857178
10.193844318389893
10.11582350730896
10.254809379577637
10.23287057876587
10.16199517250061
10.074629306793213
10.171398162841797
11.046772718429565
0.015013456344604492
10.504070043563843
10.609395742416382
10.515823364257812
10.601603984832764
10.727474451065063
10.680747985839844
10.613781213760376
10.664655447006226
10.626454591751099
10.587618827819824
10.821921348571777
10.462661981582642
10.21657133102417
10.840803861618042
9.98758316040039
10.034096002578735
10.6885347366333
10.701890468597412
9.750901460647583
10.651791095733643
10.562971830368042
10.464406490325928
10.620478630065918
10.23249363899231
10.494247674942017
10.27321982383728
10.656769752502441
10.237609386444092
10.803727149963379
10.19764757156372
10.579061031341553
9.77962040901184
10.564682722091675
10.22993779182434
10.723304033279419
10.213805437088013
10.580885410308838
10.656886577606201
10.580156087875366
9.987695693969727
10.671718835830688
10.071994543075562
10.167782068252563
10.577548742294312
10.106466054916382
10.599510908126831
8.887733936309814
10.042330503463745
10.194299221038818
10.153202772140503
10.228190422058105
10.223819017410278
10.104931354522705
10.22970700263977
10.36121916770935
10.251080989837646
10.268121480941772
10.264031648635864
10.298621654510498
10.224326848983765
10.341975927352905
10.161756038665771
9.649198770523071
9.65951418876648
9.600462198257446
9.634561777114868
9.63918161392212
9.58390188217163
10.214293003082275
10.940875768661499
10.857654571533203
10.823119401931763
10.868281364440918
10.825424671173096
10.719012975692749
10.576922416687012
10.842947959899902
10.758008241653442
10.846172571182251
10.756134271621704
10.725406646728516
10.856640815734863
10.784926176071167
10.76728868484497
10.925040006637573
10.699684619903564
10.798126220703125
10.930157899856567
10.928521394729614
10.828554153442383
10.903004884719849
10.887929201126099
10.810025215148926
10.94240927696228
11.026159286499023
10.833641767501831
10.752917051315308
10.969106912612915
10.859948635101318
10.794856786727905
11.060339212417603
10.82723879814148
10.905774116516113
10.959238529205322
10.775871753692627
10.743014812469482
10.893969297409058
12.1846604347229
11.405655860900879
11.413224458694458
11.392481088638306
11.143877029418945
12.220407724380493
11.766293048858643
12.192917346954346
11.83068323135376
11.493107795715332
11.254841804504395
11.3340322971344
11.441804885864258
11.130589008331299
11.23216700553894
11.127577543258667
11.298714399337769
11.127658605575562
