Timing log for each step:
0.018016576766967773
6.161481618881226
6.170746326446533
5.715009927749634
5.720764875411987
5.776186466217041
5.739593029022217
5.707869052886963
5.803534746170044
5.76318621635437
5.8166890144348145
5.671142816543579
5.658650636672974
5.820512294769287
5.796086072921753
5.750913381576538
5.757404565811157
5.753890752792358
5.7230072021484375
5.79296088218689
5.740859031677246
5.742629289627075
5.787442684173584
5.726640462875366
5.737705707550049
5.762096405029297
5.758396625518799
5.7308642864227295
5.729914426803589
5.741430759429932
5.777136564254761
5.716449022293091
5.719851016998291
5.682891368865967
5.727977514266968
5.748879909515381
5.716389179229736
5.750524044036865
5.755214691162109
5.696284770965576
5.747933626174927
5.9565675258636475
5.7982399463653564
5.748631000518799
5.745232820510864
6.08783221244812
5.698246002197266
5.709177732467651
5.718905210494995
5.640971660614014
5.632973909378052
5.623955726623535
5.714636564254761
5.856772422790527
5.7561657428741455
5.7692601680755615
5.811849355697632
5.760279417037964
5.783576250076294
6.011267185211182
5.831768035888672
5.808124303817749
5.842149019241333
5.776529550552368
5.787928342819214
5.85553503036499
6.140559196472168
5.81021523475647
5.731998443603516
5.7266011238098145
5.708301305770874
5.846737384796143
5.706413269042969
5.795119524002075
5.813087463378906
5.846923112869263
6.0288245677948
5.85888934135437
5.83393406867981
6.026579141616821
6.0185017585754395
5.84576416015625
5.831206560134888
6.044288396835327
5.9942004680633545
5.811477184295654
5.986503601074219
5.7936928272247314
5.947141170501709
5.850771188735962
5.518660545349121
6.000669956207275
5.79207444190979
6.109256744384766
6.020954847335815
5.931302309036255
5.823030471801758
5.773110628128052
5.878054857254028
5.796539783477783
5.7997353076934814
5.787060737609863
5.730870485305786
5.822919607162476
5.81993842124939
5.764343738555908
5.740973949432373
5.749749660491943
5.775447607040405
5.788083791732788
5.695456266403198
5.6708290576934814
5.785655736923218
5.858186960220337
5.774482250213623
5.80663537979126
5.78263783454895
5.681290149688721
5.758801460266113
5.7297139167785645
5.628237962722778
5.730435609817505
5.719468116760254
5.753810405731201
5.728153944015503
5.743791580200195
5.784285068511963
5.70778226852417
5.717760801315308
5.7563276290893555
5.759426116943359
5.760490894317627
5.7538862228393555
5.71672511100769
5.733689308166504
5.7165727615356445
5.769756317138672
5.702448129653931
5.757194757461548
5.698889493942261
5.74507212638855
5.753741264343262
5.744532585144043
5.743744850158691
5.722805500030518
5.697394132614136
5.724303960800171
5.7423999309539795
5.7920708656311035
5.754895210266113
5.727874755859375
5.703993558883667
5.634628534317017
5.774275541305542
5.761006116867065
5.769829511642456
5.779982328414917
5.782773017883301
5.823118448257446
5.76000714302063
5.7767064571380615
5.794955015182495
5.755743503570557
5.746769666671753
5.826202392578125
5.74642539024353
5.765264272689819
5.789278030395508
5.814198017120361
5.7379255294799805
5.765012741088867
5.804731130599976
5.80898904800415
5.7598443031311035
5.789541006088257
5.796212434768677
5.8086464405059814
5.8057050704956055
5.837876796722412
5.828465223312378
5.671380996704102
5.824899435043335
5.784675121307373
5.722632646560669
5.810321807861328
5.807915449142456
5.740628719329834
5.791929721832275
5.743690252304077
5.819741249084473
5.811712980270386
5.874898195266724
5.828052997589111
5.842089891433716
5.810614824295044
5.790408372879028
5.856273651123047
5.797695159912109
5.776853084564209
5.80362343788147
5.78244686126709
5.7751078605651855
5.764269113540649
5.810944318771362
5.815447568893433
5.766556978225708
5.782914876937866
5.80722188949585
5.755091190338135
5.85899019241333
5.824414014816284
5.849294424057007
5.812156915664673
5.855732440948486
5.837949752807617
5.796242952346802
5.824469327926636
5.8826117515563965
5.821794033050537
5.81283164024353
5.83362889289856
5.795555353164673
5.771792650222778
5.945943117141724
5.744061470031738
5.866394996643066
5.836383581161499
5.775087356567383
5.785667896270752
5.824143886566162
5.813740253448486
5.73126745223999
5.8589465618133545
5.796756029129028
5.71505331993103
5.782855272293091
5.799823522567749
5.785578489303589
5.811587572097778
5.801866292953491
5.7459940910339355
5.7533791065216064
5.770776748657227
5.814129829406738
5.796591520309448
5.868319511413574
5.812783479690552
5.800015211105347
5.789336681365967
5.832417726516724
5.813540935516357
5.793841600418091
5.770794153213501
5.850019454956055
5.802712440490723
5.8301403522491455
5.786316871643066
5.812124013900757
5.845880031585693
5.833800315856934
5.853878498077393
5.755782842636108
5.804684638977051
5.759809970855713
5.763248682022095
5.78443169593811
5.733502149581909
5.846911668777466
5.765966176986694
5.751882076263428
5.7994349002838135
5.7858757972717285
5.817564964294434
6.316416263580322
6.144704103469849
5.8355467319488525
5.84214973449707
6.163766622543335
5.915148973464966
5.933683156967163
5.881707191467285
5.878262519836426
5.7514073848724365
5.817917346954346
5.761650085449219
5.8459837436676025
5.874735355377197
5.796038389205933
5.718609571456909
5.774662971496582
5.793849229812622
5.7718892097473145
5.807921409606934
5.847770929336548
5.781716346740723
5.8748698234558105
6.115653038024902
5.765225887298584
5.624122858047485
5.690130233764648
5.661236763000488
5.577612400054932
5.577746391296387
5.61020302772522
5.674128532409668
5.6529700756073
5.660669803619385
5.646967887878418
5.683316469192505
5.665073394775391
5.564366102218628
5.533659219741821
5.50956654548645
5.676302194595337
5.631500720977783
5.643832445144653
5.715351819992065
5.614929437637329
5.616356611251831
5.546327829360962
5.699530363082886
5.700884819030762
5.570262432098389
5.631819486618042
5.5987091064453125
5.613008499145508
5.592652320861816
5.581382513046265
5.601387977600098
5.666769981384277
5.536707401275635
5.595531225204468
5.597705602645874
5.530731439590454
5.609446048736572
5.601685047149658
5.666630268096924
5.533982515335083
5.660431861877441
5.610790014266968
5.680502414703369
5.528733968734741
5.595660209655762
5.534567594528198
5.592015981674194
5.737191677093506
5.689180612564087
5.6476731300354
5.5888471603393555
5.566546440124512
5.767142057418823
5.660365581512451
5.644794464111328
5.394850492477417
5.65633225440979
5.700781583786011
5.787022352218628
5.719805955886841
5.662400007247925
5.558659553527832
5.567634344100952
5.571679592132568
5.621247053146362
5.661419868469238
5.529320240020752
5.59622049331665
5.604779958724976
5.605437278747559
5.6412341594696045
5.55297064781189
5.522251605987549
5.618072032928467
5.554544925689697
5.666341066360474
5.651287078857422
5.667372703552246
5.666602849960327
5.612708568572998
5.580968379974365
5.601724147796631
5.582724332809448
5.513840675354004
5.636571168899536
5.675739765167236
5.522468566894531
5.61389946937561
5.501646280288696
5.599971294403076
5.631597518920898
5.606252431869507
5.635644912719727
5.557618141174316
5.598398208618164
5.67720627784729
5.621168851852417
5.5942370891571045
5.536434173583984
5.541059970855713
5.662905216217041
5.623750925064087
5.602227449417114
5.608254671096802
5.6402904987335205
5.680222988128662
5.746908187866211
5.514549970626831
5.61625337600708
5.618383407592773
5.565643310546875
5.634556770324707
5.661387920379639
5.604949951171875
5.6033899784088135
5.955688714981079
5.697490930557251
5.621726036071777
5.619195461273193
5.586910247802734
5.655732870101929
5.61827540397644
5.665313720703125
5.553062200546265
5.67164945602417
5.577815532684326
5.626424312591553
5.598876237869263
5.700876474380493
5.499228239059448
5.575518608093262
5.637318849563599
5.5846168994903564
5.471548557281494
5.615427494049072
5.616106271743774
5.650980710983276
5.618654012680054
5.61824631690979
5.7411768436431885
5.681700229644775
5.59978175163269
5.615107536315918
5.60270357131958
5.6008687019348145
5.612406015396118
5.449481010437012
5.513452768325806
5.595928907394409
5.590228080749512
5.528701543807983
5.582690715789795
5.61037278175354
5.634460687637329
5.6342079639434814
5.571825742721558
5.64314603805542
5.664959192276001
5.6376917362213135
5.581239700317383
5.6124351024627686
5.59221076965332
5.650122880935669
5.564210653305054
5.459027528762817
5.684156894683838
5.692361831665039
5.645177602767944
5.5427350997924805
5.643730163574219
5.634447336196899
5.562267065048218
5.586650848388672
5.5842225551605225
5.6246583461761475
5.4872307777404785
5.517153739929199
5.748070478439331
5.62911057472229
5.579304218292236
5.642317056655884
5.617638111114502
5.620231866836548
5.67643928527832
5.454473495483398
5.4496424198150635
5.42650294303894
5.5907158851623535
5.656323671340942
5.611001491546631
5.572715997695923
5.583609580993652
5.600385904312134
5.638952732086182
5.651559591293335
5.686634302139282
5.673612594604492
5.639554262161255
5.65156888961792
5.533199310302734
5.532747983932495
5.581613063812256
5.604572296142578
5.634225845336914
5.483361721038818
5.595548629760742
5.530742645263672
5.595931768417358
5.570231199264526
5.6170268058776855
5.5345704555511475
5.5563178062438965
5.546131372451782
5.492259740829468
5.573703289031982
5.6105055809021
5.6117775440216064
5.6066882610321045
5.652308464050293
5.612972974777222
5.5936644077301025
5.593602418899536
5.6573381423950195
5.574681520462036
5.583379507064819
5.57720685005188
5.566557168960571
5.68374490737915
5.640622615814209
5.612368106842041
5.567407846450806
5.597645998001099
5.608247995376587
5.658413648605347
5.576777219772339
5.64598536491394
5.55269718170166
5.457141637802124
5.540956020355225
5.538575649261475
5.49871301651001
5.645695447921753
5.5252685546875
5.672273874282837
5.4935760498046875
5.571460008621216
5.502133131027222
5.663463354110718
5.605811595916748
5.5842180252075195
5.483769655227661
5.747081756591797
5.580352067947388
5.580350399017334
5.590273141860962
5.666169881820679
5.534183979034424
5.573683738708496
5.526320695877075
5.4915807247161865
5.5398337841033936
5.56745719909668
5.639734506607056
5.639355897903442
5.639363765716553
5.477141618728638
5.6192357540130615
5.609470367431641
5.55828595161438
5.566608667373657
5.660826206207275
5.481965780258179
5.507114410400391
5.517342567443848
5.627004146575928
5.56367564201355
5.665457010269165
5.5409791469573975
5.57960319519043
5.616522312164307
5.6218178272247314
5.575014352798462
5.572930097579956
5.633903741836548
5.532295227050781
5.544260740280151
5.6397435665130615
5.6678361892700195
5.655274868011475
5.695472955703735
5.62860107421875
5.608272552490234
5.627783536911011
5.510389089584351
5.658779144287109
5.558180332183838
5.528583288192749
5.5902063846588135
5.6007184982299805
5.529328107833862
5.542402982711792
5.637033700942993
5.6273884773254395
5.568499565124512
5.5744242668151855
5.649274110794067
5.614269256591797
5.68001127243042
5.610783815383911
5.684621334075928
5.636627674102783
5.586824655532837
5.618696928024292
5.589182376861572
5.296942472457886
5.467025995254517
5.647433280944824
5.558604955673218
5.578450918197632
5.571753025054932
5.502601623535156
5.480908393859863
5.627282381057739
5.502900123596191
5.697237730026245
5.630763530731201
5.597552299499512
5.548458814620972
5.557236671447754
5.462491512298584
5.581636190414429
5.611380100250244
5.626595735549927
5.522182941436768
5.6754350662231445
5.575212001800537
5.654653310775757
5.581373691558838
5.537203311920166
5.4499359130859375
5.653440237045288
5.543145418167114
5.644707441329956
5.495772123336792
5.6516687870025635
5.6017138957977295
5.601229429244995
5.475728750228882
5.57481837272644
5.54942774772644
5.568313360214233
5.649113655090332
5.660118103027344
5.507181167602539
5.555640459060669
5.551757574081421
5.637923717498779
5.650081634521484
5.503155946731567
5.4580066204071045
5.518728256225586
5.671298027038574
5.543248176574707
5.634145021438599
5.630440950393677
5.641969919204712
5.528412818908691
5.625102519989014
5.429665565490723
5.579123258590698
5.6866161823272705
5.6022560596466064
5.5609636306762695
5.6471357345581055
5.581304311752319
5.58472466468811
5.536332130432129
5.56998872756958
5.555892467498779
5.600564479827881
5.464636564254761
5.553671360015869
5.569919586181641
5.549440860748291
5.6516852378845215
5.4537153244018555
5.63733434677124
5.596814393997192
5.664748668670654
5.517014741897583
5.545702219009399
5.619073867797852
5.526915073394775
5.409046173095703
5.443108797073364
5.660231351852417
5.594792127609253
5.64063572883606
5.607776880264282
5.535177230834961
5.634563207626343
5.549578666687012
5.632595777511597
5.583740472793579
5.495535373687744
5.608004331588745
5.567613840103149
5.502914190292358
5.667374134063721
5.588415145874023
5.4490132331848145
5.591561794281006
5.664892911911011
5.608274698257446
5.545783281326294
5.64763069152832
5.641067743301392
5.485122442245483
5.578847408294678
5.539172172546387
5.560312747955322
5.459553241729736
5.527057409286499
5.586902618408203
5.55293869972229
5.643792629241943
5.5231873989105225
5.591619968414307
5.652276039123535
5.542746543884277
5.437575340270996
5.475045919418335
5.569683074951172
5.6106812953948975
5.5422914028167725
5.476007699966431
5.6080002784729
5.568855285644531
5.574087858200073
5.564463138580322
5.514011383056641
5.534660577774048
5.612346887588501
5.667295694351196
5.619483947753906
5.542670965194702
5.5301384925842285
5.54169225692749
5.5968334674835205
5.6115217208862305
5.651104688644409
5.4895782470703125
5.483187198638916
5.694367408752441
5.6074347496032715
5.60828161239624
5.557179689407349
5.657933712005615
5.500542163848877
5.5527663230896
5.546974182128906
5.437520265579224
5.547520875930786
5.530341863632202
5.557531118392944
5.591009140014648
5.560457944869995
5.537143230438232
5.5692667961120605
5.5494771003723145
5.512173414230347
5.472723484039307
5.43645453453064
5.4801719188690186
5.629528284072876
5.372459888458252
5.66272234916687
5.549211025238037
5.6059184074401855
5.516954660415649
5.546395301818848
5.4661455154418945
5.503811597824097
5.56273627281189
5.4863197803497314
5.499671459197998
5.57570481300354
5.567742586135864
5.460211515426636
5.592810153961182
5.540403842926025
5.541202783584595
5.920243501663208
5.515651226043701
5.550721168518066
5.506208658218384
5.559719562530518
5.502959728240967
5.629029273986816
5.665754795074463
5.538516283035278
5.627329349517822
5.5401692390441895
5.935327053070068
5.558088541030884
5.587717056274414
5.4668474197387695
5.484164476394653
5.616973638534546
5.479136228561401
5.569305419921875
5.570658206939697
5.585131883621216
5.556579351425171
5.51762318611145
5.580536842346191
5.520372152328491
5.667142629623413
5.72622537612915
5.569082498550415
5.495014190673828
5.659163951873779
5.617125749588013
5.352885961532593
5.483004570007324
5.391921520233154
5.519036531448364
5.47099232673645
5.45598030090332
5.563075065612793
5.4479711055755615
5.621130466461182
5.552067279815674
5.472993850708008
5.545060396194458
5.472995758056641
5.362894773483276
5.55106520652771
5.477998971939087
5.371902227401733
5.383910655975342
5.613122463226318
5.454979419708252
5.639145374298096
5.5090272426605225
5.378908634185791
5.463984966278076
5.644150257110596
5.252792835235596
5.36889910697937
5.3068437576293945
5.555069208145142
5.402930021286011
5.648154973983765
5.59010124206543
5.560072422027588
5.3989269733428955
5.659163951873779
5.556069850921631
5.59110164642334
5.568082571029663
5.541056871414185
5.482002258300781
5.515032768249512
5.442968368530273
5.459981679916382
5.334868431091309
5.599109411239624
5.556070327758789
5.64615273475647
5.447970628738403
5.288824558258057
5.310847282409668
5.423950672149658
5.527043104171753
5.588098526000977
5.485005140304565
5.544060230255127
5.387916088104248
5.485004901885986
5.603113651275635
5.4820027351379395
5.521038055419922
5.605114459991455
5.240783929824829
5.583094596862793
5.5550696849823
5.5310468673706055
5.317854166030884
5.315850734710693
5.628136396408081
5.456981182098389
5.592102766036987
5.471993684768677
5.608116865158081
5.440966606140137
5.392923355102539
5.314850330352783
5.339874029159546
5.326860666275024
5.582095146179199
5.453977823257446
5.545061349868774
5.590100526809692
5.5440592765808105
5.460983037948608
5.565078496932983
5.6111204624176025
5.395923376083374
5.584097146987915
5.457981824874878
5.417944431304932
5.412939786911011
5.488008260726929
5.577088832855225
5.632139682769775
5.466989994049072
5.303841829299927
5.384914398193359
5.576088190078735
5.490009307861328
5.6221301555633545
5.36189341545105
5.61012077331543
5.6771814823150635
5.433959245681763
5.619127511978149
5.476999282836914
5.337871313095093
5.552066087722778
5.37490439414978
5.526042699813843
5.448972463607788
5.39992880821228
5.428954124450684
5.591102361679077
5.291828632354736
5.615124702453613
6.425864219665527
