Timing log for each step:
0.014013290405273438
5.411933898925781
5.678176641464233
5.246783494949341
5.226765394210815
5.528039932250977
5.371896982192993
5.25879430770874
5.289823770523071
5.356884479522705
5.316846609115601
5.3288586139678955
5.469987869262695
5.398921728134155
5.395920515060425
5.227766752243042
5.230769395828247
5.564072370529175
5.315847396850586
5.299832582473755
5.362890005111694
5.325855731964111
5.426948547363281
5.2267656326293945
5.259796857833862
5.391915798187256
5.538048028945923
5.362889289855957
5.264800071716309
5.377901554107666
5.300832033157349
5.3598856925964355
5.312844276428223
5.259796380996704
5.238776922225952
5.3288586139678955
5.350879192352295
5.348877191543579
5.483999967575073
5.342870712280273
5.2718071937561035
5.316847324371338
5.449969291687012
5.356885194778442
5.365891695022583
5.379905462265015
5.371897459030151
5.352881193161011
5.364891290664673
5.310840845108032
5.329858779907227
5.309840202331543
5.2627973556518555
5.588094234466553
5.332862138748169
5.391916990280151
5.54305362701416
5.363890171051025
5.4599785804748535
5.452972888946533
5.486001253128052
5.3308610916137695
5.423946142196655
5.504018545150757
5.429949760437012
5.441959619522095
5.373899459838867
5.380906343460083
5.457976579666138
5.420942306518555
5.355883359909058
5.429950475692749
5.390913724899292
5.452971935272217
5.497009038925171
5.443964004516602
5.407930612564087
5.404927492141724
5.615119218826294
5.374899864196777
5.437957286834717
5.411933898925781
5.412935495376587
5.394918918609619
5.41793966293335
5.454972743988037
5.414938449859619
5.381906747817993
5.466985464096069
5.456974506378174
5.65315318107605
5.408931255340576
5.404927968978882
5.4449591636657715
5.451970338821411
5.417938709259033
5.393917560577393
5.509023427963257
5.444963216781616
5.461979866027832
5.344872951507568
5.415938138961792
5.366893529891968
5.493008613586426
5.484999418258667
5.371897220611572
5.400923490524292
5.3969199657440186
5.334863185882568
5.512025833129883
5.52803897857666
5.377904415130615
5.5520617961883545
5.376902341842651
5.37490177154541
5.403926372528076
5.370896339416504
5.364892244338989
5.324854850769043
5.361888647079468
5.491006135940552
5.482997179031372
5.490005731582642
5.4249467849731445
5.3258562088012695
5.295828819274902
5.536047697067261
5.421943426132202
5.429950952529907
5.448967456817627
5.434955835342407
5.3358659744262695
5.487002849578857
5.454972267150879
5.470988750457764
5.38390851020813
5.48099684715271
5.375901699066162
5.397921323776245
5.413935899734497
5.398921251296997
5.435956716537476
5.424946308135986
5.4459638595581055
5.262798070907593
5.440960168838501
5.447967529296875
5.341870307922363
5.428949594497681
5.457976818084717
5.444964170455933
5.467986345291138
5.483998775482178
5.311843633651733
5.194735527038574
5.445965766906738
5.369895696640015
5.464981317520142
5.341870307922363
5.3458733558654785
5.4449622631073
5.398923873901367
5.338867664337158
5.431951999664307
5.383907318115234
5.517029523849487
5.3558831214904785
5.393917083740234
5.324855327606201
5.429949760437012
5.416938304901123
5.461979627609253
5.318849802017212
5.498011112213135
5.400924205780029
5.413935899734497
5.410933256149292
5.576085090637207
5.4159369468688965
5.475992918014526
5.482998847961426
5.517029047012329
5.414936780929565
5.33286190032959
5.480996608734131
5.425947189331055
5.423945188522339
5.389911890029907
5.36589241027832
5.438958168029785
5.391915559768677
5.370896816253662
5.361887454986572
5.4099321365356445
5.358886957168579
5.380905628204346
5.402923822402954
5.428951025009155
5.336865425109863
5.480996370315552
5.40692925453186
5.423945903778076
5.436956882476807
5.4289491176605225
5.378904819488525
5.347875595092773
5.347874402999878
5.390914678573608
5.439958333969116
5.439960479736328
5.450969219207764
5.340869903564453
5.428949594497681
5.343871831893921
5.508020639419556
5.407930135726929
5.459978103637695
5.5160298347473145
5.472988605499268
5.4009246826171875
5.442962884902954
5.579085826873779
5.3678929805755615
5.352880001068115
5.511023998260498
5.269805431365967
5.350877523422241
5.388914108276367
5.259795904159546
5.367893934249878
5.460978984832764
5.463982105255127
5.405928134918213
5.37189793586731
5.427947998046875
5.509021520614624
5.437957286834717
5.408931493759155
5.391916036605835
5.471984624862671
5.443963050842285
5.420942068099976
5.366893768310547
5.411934852600098
5.411934852600098
5.483999490737915
5.399922609329224
5.43495512008667
5.352880001068115
6.090881824493408
5.579897165298462
