Timing log for each step:
0.014013528823852539
5.565591812133789
5.410206079483032
5.520054340362549
5.473370552062988
5.498608350753784
5.725211143493652
5.476569175720215
5.490942001342773
5.506189823150635
5.851772308349609
5.779369592666626
5.676836013793945
5.497490406036377
5.40979790687561
5.34382700920105
5.651238918304443
5.34517502784729
5.406266212463379
5.422657489776611
5.462246417999268
5.512495040893555
5.356516599655151
5.490037202835083
5.468519926071167
5.415396213531494
5.403725624084473
5.372211694717407
5.416470527648926
5.3244359493255615
5.446056604385376
5.626326322555542
5.484033107757568
5.485043048858643
5.45848822593689
5.362668514251709
5.4841742515563965
5.517627239227295
5.451916217803955
5.517000913619995
5.4475061893463135
5.3582751750946045
5.428395748138428
5.5004189014434814
5.488154172897339
5.446858644485474
5.848297119140625
5.436466217041016
5.500730276107788
5.459144830703735
5.499920129776001
5.419571876525879
5.461892127990723
5.548015832901001
5.423067569732666
5.507620334625244
5.519092082977295
5.544681549072266
5.485959768295288
5.580348968505859
5.396165609359741
5.506857872009277
5.514204263687134
5.558016300201416
5.418936491012573
5.532419443130493
5.4461894035339355
5.472598314285278
5.577530384063721
5.499342918395996
5.485453128814697
5.537461042404175
5.426771640777588
6.045541763305664
5.656661033630371
5.5755774974823
5.578657627105713
5.6437225341796875
5.541269540786743
5.575047731399536
5.517766714096069
5.543333530426025
5.45495080947876
5.573500871658325
5.516125679016113
5.532282590866089
5.5419769287109375
5.506056785583496
5.556967735290527
5.538286924362183
5.523399114608765
5.498013496398926
5.443631172180176
5.506804943084717
5.4517927169799805
5.493468523025513
5.407409191131592
5.4424889087677
5.5150675773620605
5.4735705852508545
5.537747383117676
5.523780822753906
5.509013652801514
5.434032678604126
5.699096441268921
5.4999213218688965
5.5232555866241455
5.477916479110718
5.531415700912476
5.493710279464722
5.522669315338135
5.466877222061157
5.557337284088135
5.44112753868103
5.519040107727051
5.497922420501709
5.4556169509887695
5.484050750732422
5.443301677703857
5.4880969524383545
5.395618915557861
5.4353296756744385
5.484013795852661
5.416335105895996
5.566999673843384
5.464181900024414
5.392306804656982
5.502464771270752
5.480998992919922
5.518956899642944
5.523460865020752
5.437745809555054
5.464837074279785
5.502354621887207
5.4170613288879395
5.491225481033325
5.429713726043701
5.478478193283081
5.3635687828063965
5.3488476276397705
5.424730062484741
5.452950477600098
5.494431495666504
5.496410846710205
5.3833606243133545
5.448701620101929
5.545478105545044
5.471660375595093
5.470234632492065
5.495634078979492
5.475438356399536
5.548593044281006
5.484860897064209
5.486947059631348
5.638599634170532
5.455664157867432
5.461491346359253
5.440289258956909
5.516863107681274
5.504048585891724
5.454192399978638
5.462335824966431
5.733435153961182
5.4519970417022705
5.379533767700195
5.472363233566284
5.494419097900391
5.45735764503479
5.427263975143433
5.557580232620239
5.45835542678833
5.39793848991394
5.491617441177368
5.541606903076172
5.49543571472168
5.407469749450684
5.481328248977661
5.4697651863098145
5.422312498092651
5.433396577835083
5.370776414871216
5.517400026321411
5.528387069702148
5.427781820297241
5.4595255851745605
5.349916458129883
5.413219690322876
5.4621100425720215
5.49625039100647
5.382730007171631
5.503910779953003
5.522632837295532
5.609251976013184
5.385309934616089
5.376083612442017
5.451451539993286
5.431284666061401
5.480158090591431
5.510112285614014
5.452392816543579
5.508074760437012
5.435259580612183
5.454182386398315
5.419419527053833
5.445098400115967
5.530270576477051
5.441042184829712
5.389014482498169
5.462954998016357
5.393033742904663
5.433215141296387
5.506313323974609
5.52065372467041
5.436931610107422
5.494919300079346
5.424968004226685
5.488952398300171
5.520649194717407
5.432141304016113
5.443634748458862
5.543484926223755
5.533888816833496
5.437436103820801
5.472040176391602
5.3804919719696045
5.467197895050049
5.515503883361816
5.502522230148315
5.497555732727051
5.429490327835083
5.430988788604736
5.4545605182647705
5.580374717712402
5.513524055480957
5.510085344314575
5.401338338851929
5.419438362121582
5.509326457977295
5.457849502563477
5.45825982093811
5.392379999160767
5.45412015914917
5.513884544372559
5.463036775588989
5.515357255935669
5.487900257110596
5.48845362663269
5.4382407665252686
5.546494960784912
5.47069239616394
5.453548192977905
5.457167863845825
5.437356233596802
5.418605089187622
5.522413969039917
5.456516981124878
5.549538850784302
5.418251276016235
5.472267389297485
5.5342490673065186
5.418370246887207
5.470417499542236
5.55659556388855
5.467970132827759
5.4634668827056885
5.383885860443115
5.419855356216431
5.499932050704956
5.410989999771118
5.430784702301025
5.5626842975616455
5.352824687957764
5.437609910964966
5.525899171829224
5.453881740570068
5.470630645751953
5.460806131362915
5.436321020126343
5.482547283172607
5.409255027770996
5.471201658248901
5.900684595108032
5.5445237159729
5.485249757766724
