Timing log for each step:
0.017015933990478516
5.419126272201538
5.0532121658325195
5.1266279220581055
5.1943039894104
5.200838088989258
5.17264461517334
5.2409162521362305
5.175031661987305
5.238355398178101
5.37080454826355
5.314046859741211
5.1101298332214355
5.613240957260132
5.136420249938965
5.389564752578735
5.098226547241211
5.22598123550415
5.283005952835083
5.345888137817383
5.19809103012085
5.110434293746948
5.352035999298096
5.352187156677246
5.230570077896118
5.468505859375
5.599127531051636
5.840337038040161
5.345176935195923
5.420440435409546
5.302903890609741
5.788404226303101
5.39951491355896
5.170589923858643
5.860664367675781
5.152952194213867
5.4692018032073975
5.330533742904663
5.271435499191284
5.269034147262573
5.340609312057495
5.217348337173462
5.470262050628662
5.402135372161865
5.215198516845703
5.343970060348511
5.261291027069092
5.654956579208374
5.234483242034912
5.48956036567688
5.434802532196045
5.3143064975738525
5.5803542137146
5.495048761367798
5.447860479354858
5.4705634117126465
5.34350848197937
5.516592025756836
5.23339581489563
5.3857574462890625
5.3575098514556885
5.568158149719238
5.337871313095093
5.304219007492065
5.343011140823364
5.410458564758301
5.344952344894409
5.3857011795043945
5.409097194671631
5.379409074783325
5.3511059284210205
5.301973581314087
5.32008957862854
5.454151153564453
5.638684988021851
5.373074054718018
5.355423927307129
5.46117901802063
5.318000078201294
5.353359937667847
5.494933605194092
5.373435020446777
5.382692575454712
5.394946813583374
5.470277309417725
5.501163721084595
5.385672569274902
5.330019235610962
5.352463960647583
5.444396257400513
5.397058486938477
5.274409770965576
5.524981498718262
5.397651195526123
5.439415454864502
5.544736862182617
5.358403921127319
5.490646839141846
5.452591180801392
5.394167900085449
5.4169745445251465
5.510623216629028
5.3413755893707275
5.3591578006744385
5.4192986488342285
5.517598867416382
5.414330959320068
5.512802362442017
5.440844774246216
5.507964849472046
5.438225030899048
5.409463405609131
5.515254735946655
5.417500019073486
5.4745378494262695
5.438532114028931
5.343172788619995
5.472373962402344
5.478994607925415
5.483331680297852
5.44895601272583
5.350348949432373
5.40851616859436
5.430582761764526
5.476060628890991
5.509549379348755
5.481399774551392
5.472165107727051
5.3814377784729
5.513247966766357
5.357928037643433
5.404543399810791
5.459357976913452
5.420253038406372
5.4506402015686035
5.372109651565552
5.494778633117676
5.368785381317139
5.42113733291626
5.416663646697998
5.460646390914917
5.4073944091796875
5.464687347412109
5.47652792930603
5.542322874069214
5.4027419090271
5.427151918411255
5.472537994384766
5.432818174362183
5.487786769866943
5.412813425064087
5.411949396133423
5.456096649169922
5.465878486633301
5.45517635345459
5.476927280426025
5.428558588027954
5.3848557472229
5.407552480697632
5.443752765655518
5.466051816940308
5.53763747215271
5.262514591217041
5.329492807388306
5.488029479980469
5.454975605010986
5.457236051559448
5.308438539505005
5.493169069290161
5.544527292251587
5.470754384994507
5.368143558502197
5.430033445358276
5.497263431549072
5.473542213439941
5.372537136077881
5.479485511779785
5.534327030181885
5.4733264446258545
5.432625770568848
5.375794172286987
5.436352491378784
5.477740049362183
5.398087501525879
5.45814061164856
5.492656230926514
5.4493889808654785
5.438303709030151
5.333591938018799
5.414485931396484
5.403593301773071
5.425041913986206
5.456263065338135
5.387113571166992
5.336193799972534
5.454446315765381
5.364497661590576
5.5083863735198975
5.514194488525391
5.456425905227661
5.608684539794922
5.3869733810424805
5.357213258743286
5.5411272048950195
5.413961887359619
5.487476348876953
5.318777322769165
5.261596441268921
5.532610893249512
5.411518096923828
5.475605726242065
5.4478864669799805
5.429060220718384
5.427030324935913
5.416492700576782
5.445286512374878
5.530300855636597
5.4444990158081055
5.448152303695679
5.481484651565552
5.473504543304443
5.428070783615112
5.429951429367065
5.4555909633636475
5.3925392627716064
5.457112789154053
5.4092206954956055
5.416723728179932
5.419064044952393
5.496530294418335
5.545388221740723
5.421510934829712
5.438006639480591
5.401305198669434
5.384788513183594
5.464221477508545
5.390933990478516
5.480729818344116
5.373733043670654
5.458667993545532
5.422874927520752
5.442600965499878
5.344645977020264
5.453447103500366
5.348653316497803
5.469712734222412
5.423996448516846
5.4396891593933105
5.456467866897583
5.471893072128296
5.515097141265869
5.51658034324646
5.53514552116394
5.4954833984375
5.42904806137085
5.4183855056762695
5.471972227096558
5.575340032577515
5.487301349639893
5.452315092086792
5.369253873825073
5.52168083190918
5.269401550292969
5.477529764175415
5.5341973304748535
5.456571578979492
5.513836622238159
5.412235736846924
5.525278091430664
5.318063974380493
5.371689558029175
5.406687021255493
5.469851016998291
5.423722743988037
5.419074296951294
5.4504172801971436
5.444837808609009
5.545743703842163
5.4771177768707275
5.492490530014038
5.402499437332153
5.433956861495972
5.388099193572998
5.717672109603882
5.435364723205566
