Timing log for each step:
0.012010812759399414
1.9400708675384521
1.7846243381500244
1.845679759979248
1.8483302593231201
1.9377636909484863
1.7587904930114746
1.7831056118011475
1.8626947402954102
1.815418004989624
1.7796175479888916
1.9062411785125732
1.8138434886932373
1.8666973114013672
1.9089510440826416
1.8568992614746094
1.798635482788086
1.7587158679962158
1.8672215938568115
1.8266608715057373
1.8923051357269287
1.8196544647216797
1.8316597938537598
1.8797543048858643
1.8206560611724854
1.89272141456604
1.813880205154419
1.8166518211364746
1.8933382034301758
1.9468424320220947
1.808645486831665
1.9048595428466797
1.7953994274139404
1.8466815948486328
1.7982251644134521
1.842071294784546
1.8827126026153564
1.8368151187896729
1.8896644115447998
1.7886261940002441
1.8399441242218018
1.7618787288665771
1.8596923351287842
1.8470165729522705
1.8853027820587158
1.828662395477295
1.8461692333221436
1.7946336269378662
1.979278326034546
1.895327091217041
1.8536865711212158
1.931028127670288
1.9001681804656982
1.9277520179748535
1.909362554550171
1.8927221298217773
1.7961742877960205
1.8489928245544434
1.9347598552703857
1.7928884029388428
1.8920671939849854
1.8857152462005615
1.9635260105133057
1.8599035739898682
1.9537768363952637
1.8121252059936523
1.8978309631347656
1.8326687812805176
1.8072247505187988
1.9660942554473877
1.899728775024414
1.8716802597045898
1.8366703987121582
1.9182493686676025
1.9061152935028076
1.824659824371338
1.784130334854126
1.8598263263702393
1.8606905937194824
1.7977094650268555
1.8891181945800781
1.8476815223693848
1.958498477935791
1.8456788063049316
1.7851951122283936
1.8939909934997559
1.9968163967132568
1.8290417194366455
1.938368320465088
2.2030038833618164
2.0681052207946777
2.1754746437072754
2.0112457275390625
1.834355354309082
1.9437663555145264
2.091217517852783
1.8283586502075195
2.121931314468384
2.101982355117798
1.9707937240600586
1.8066449165344238
2.0092227458953857
2.084897041320801
2.0334296226501465
1.993849754333496
1.8236579895019531
2.1264827251434326
2.091876268386841
2.2130141258239746
2.0804455280303955
2.0788536071777344
2.09590744972229
1.8168630599975586
2.0970358848571777
1.7175617218017578
1.786750316619873
1.7671630382537842
1.7616026401519775
1.8049426078796387
1.7468957901000977
1.9998207092285156
2.06733775138855
1.9348130226135254
2.049863576889038
1.715158462524414
2.0719244480133057
1.9327585697174072
1.8631956577301025
2.26636004447937
1.8306663036346436
2.204981565475464
2.144761323928833
2.1209301948547363
1.8779175281524658
1.916283369064331
1.808645486831665
1.9167206287384033
2.1279361248016357
1.9419026374816895
1.9017834663391113
1.866699457168579
1.9007289409637451
1.8247365951538086
1.9597828388214111
1.9283218383789062
1.8876078128814697
2.0899016857147217
2.16408371925354
2.1403472423553467
2.1209299564361572
1.9087843894958496
1.6310861110687256
1.6284825801849365
1.6364879608154297
1.704944133758545
1.8656971454620361
1.7345778942108154
1.736572265625
1.8286848068237305
1.7335779666900635
1.7803492546081543
1.699558973312378
1.7445878982543945
1.699716329574585
1.737579345703125
1.8436775207519531
1.7914772033691406
1.8016395568847656
1.6670644283294678
1.7493994235992432
1.8016479015350342
1.7667090892791748
1.843245267868042
2.1479547023773193
1.822397232055664
1.9800477027893066
1.9477717876434326
1.9661102294921875
2.096907615661621
2.221137285232544
2.018674850463867
1.6515018939971924
2.132514715194702
1.4387898445129395
1.5494098663330078
1.8690009117126465
1.9870734214782715
1.848680019378662
1.851912260055542
1.8824374675750732
1.8576908111572266
1.9741380214691162
1.8821072578430176
1.8076438903808594
1.9394199848175049
1.8368864059448242
1.8186531066894531
1.8147413730621338
1.9563491344451904
1.891721248626709
1.8251221179962158
1.8667783737182617
1.979801893234253
1.9118707180023193
1.9280650615692139
2.0989089012145996
1.9002678394317627
1.9177734851837158
1.8406739234924316
1.9658644199371338
1.8956427574157715
1.9017269611358643
2.02494740486145
1.8195762634277344
1.855689525604248
1.8953146934509277
1.9323713779449463
1.9257514476776123
1.855215311050415
1.947495460510254
1.8276617527008057
1.8672566413879395
1.924696683883667
1.979801893234253
1.8873302936553955
1.8749046325683594
1.843677043914795
1.8547673225402832
1.889141321182251
1.885713815689087
1.9032478332519531
1.7665164470672607
1.9497733116149902
1.8050737380981445
1.869915246963501
1.88771653175354
1.8499951362609863
1.881136417388916
1.9357614517211914
1.9688868522644043
1.8858764171600342
1.9107377529144287
1.856283187866211
1.8669757843017578
1.8196537494659424
1.9598262310028076
2.0011496543884277
1.9918124675750732
1.8279662132263184
1.8301219940185547
1.8907201290130615
1.797990322113037
1.851708173751831
1.7706108093261719
1.8731658458709717
1.8482885360717773
1.9067339897155762
1.8040125370025635
1.879798173904419
1.9447684288024902
1.9133963584899902
1.9741764068603516
1.8957254886627197
1.8819503784179688
1.9228556156158447
1.9407646656036377
1.9261934757232666
1.9483485221862793
1.9938127994537354
1.8606972694396973
1.9299182891845703
1.878709077835083
1.955070972442627
1.9182233810424805
1.7766203880310059
1.846163272857666
1.8536107540130615
1.8566880226135254
1.8920955657958984
1.8731977939605713
1.7555971145629883
2.0370492935180664
1.8480384349822998
2.031846523284912
1.885131597518921
1.8866024017333984
1.904733657836914
1.8958311080932617
1.9394402503967285
1.9147427082061768
2.0471553802490234
2.0481433868408203
1.913740873336792
1.8761184215545654
1.9456651210784912
1.9988174438476562
1.942018985748291
1.9076125621795654
1.9527764320373535
1.9869968891143799
1.841597318649292
1.8166522979736328
1.8382782936096191
1.9301984310150146
1.8296644687652588
1.8738117218017578
1.8521647453308105
1.8006398677825928
1.9743437767028809
1.9312760829925537
2.004823923110962
1.8702878952026367
1.8496859073638916
1.9207470417022705
1.8858973979949951
1.9227421283721924
1.847679853439331
1.8477716445922852
1.943145751953125
1.8316662311553955
1.8640305995941162
1.983785629272461
1.8967256546020508
1.9399940967559814
1.9430146217346191
1.8777074813842773
1.8382022380828857
2.0657010078430176
1.9417650699615479
1.970900535583496
1.987100601196289
1.930757761001587
1.8577961921691895
1.830989122390747
1.9527771472930908
1.9093289375305176
1.8640410900115967
1.9007291793823242
1.8955543041229248
1.842989444732666
1.91774320602417
1.82426118850708
1.7891104221343994
1.8576889038085938
1.8669798374176025
1.8782587051391602
1.8596916198730469
1.9370687007904053
1.9628703594207764
1.9407641887664795
1.8733108043670654
1.8647127151489258
1.8787074089050293
1.7541172504425049
1.8334424495697021
1.965787410736084
1.911534309387207
1.959763526916504
1.846679925918579
1.9391112327575684
1.927109956741333
1.9327569007873535
1.8658397197723389
1.9473166465759277
1.8967232704162598
1.8640849590301514
1.8976993560791016
1.961784839630127
1.918828010559082
1.9750404357910156
1.798635721206665
1.8150403499603271
1.9288148880004883
2.01383113861084
1.9689428806304932
1.8752107620239258
1.9167430400848389
1.8492169380187988
1.9897491931915283
1.9239840507507324
1.8877172470092773
1.8688292503356934
1.9460861682891846
1.8516852855682373
1.9191603660583496
1.752591848373413
1.9513335227966309
1.9463019371032715
1.9747955799102783
1.938976526260376
1.9367659091949463
2.0969078540802
1.9250617027282715
1.8821132183074951
1.819655179977417
1.8549203872680664
1.9571516513824463
1.8797097206115723
1.9422776699066162
1.7972586154937744
1.980802059173584
1.835982322692871
1.7908289432525635
2.0318491458892822
1.8523287773132324
1.8284084796905518
1.8867154121398926
1.8311781883239746
1.8490169048309326
1.9147417545318604
1.9618945121765137
1.776503562927246
1.9958155155181885
1.8666558265686035
1.831665277481079
1.819655179977417
1.840101957321167
1.9827673435211182
1.8546857833862305
1.8501207828521729
1.8872647285461426
1.9137420654296875
1.8598055839538574
1.9075775146484375
1.907735824584961
1.9518914222717285
1.9107158184051514
1.9888076782226562
1.9751849174499512
1.92330002784729
1.975794792175293
1.9369256496429443
2.033881425857544
1.9197452068328857
1.8278608322143555
1.8384943008422852
1.8787081241607666
1.9373254776000977
1.7976841926574707
1.9347608089447021
1.9725122451782227
1.8387455940246582
1.8496816158294678
1.90993332862854
1.822464942932129
1.8376717567443848
1.8421902656555176
1.877495527267456
1.8276622295379639
1.9973526000976562
1.8869686126708984
1.9427664279937744
1.7786340713500977
1.9759209156036377
1.8086469173431396
2.0120410919189453
1.885199785232544
1.9047329425811768
1.9171247482299805
1.9222376346588135
1.949772834777832
1.808215856552124
1.9210906028747559
1.9627859592437744
1.9202206134796143
1.8974084854125977
1.8857154846191406
2.023038864135742
1.9578900337219238
1.8837132453918457
1.9358665943145752
1.8883395195007324
1.916743278503418
1.9587814807891846
1.8380775451660156
1.9707939624786377
1.8962769508361816
1.8283419609069824
1.9787986278533936
1.8522217273712158
1.7957086563110352
1.7966358661651611
1.9553272724151611
1.9025938510894775
1.9197452068328857
1.840195894241333
1.9095988273620605
1.9888081550598145
1.9089617729187012
1.9454779624938965
1.9567782878875732
1.8402953147888184
1.8510510921478271
1.8686985969543457
1.975369930267334
1.9074459075927734
1.8696997165679932
1.853168249130249
1.9703397750854492
1.8616933822631836
1.9432830810546875
1.8767130374908447
1.8376712799072266
1.8852183818817139
1.8878250122070312
1.9417657852172852
1.9902698993682861
1.9594933986663818
1.863694429397583
1.8992698192596436
1.8220341205596924
1.9027304649353027
1.9159648418426514
1.885061264038086
1.959782361984253
1.9919416904449463
1.845106601715088
1.7896287441253662
1.83620023727417
1.8798987865447998
1.8676974773406982
2.112819194793701
2.0285441875457764
2.076895236968994
1.9582948684692383
