Timing log for each step:
0.014013290405273438
5.047601699829102
5.088639736175537
5.151696443557739
5.086637496948242
5.210752010345459
5.231769323348999
5.324854135513306
5.142688989639282
5.037593364715576
5.189730882644653
5.292825937271118
4.9875476360321045
5.134682893753052
5.451970815658569
5.081634283065796
5.504018068313599
5.134681940078735
5.153698682785034
5.574082136154175
5.227766513824463
5.1867287158966064
5.169713497161865
5.508021354675293
5.2437825202941895
5.297830104827881
5.301835298538208
5.427948951721191
5.186729907989502
4.951515197753906
4.974536657333374
5.321852445602417
5.379906415939331
5.240778684616089
5.20074200630188
5.244781970977783
5.241778612136841
5.185729026794434
5.187729120254517
5.227765798568726
5.29282546043396
5.1687116622924805
5.274808168411255
5.236775636672974
5.202744245529175
5.1356823444366455
5.268803834915161
5.206747055053711
5.315845966339111
5.330860376358032
5.330859422683716
5.314844608306885
5.248785734176636
5.309841871261597
5.353880405426025
5.254791736602783
5.3078389167785645
5.266801834106445
5.242778778076172
5.323854684829712
5.459976434707642
5.306839466094971
5.317848443984985
5.250788450241089
5.300832509994507
5.283817291259766
5.2858192920684814
5.197739601135254
5.282815933227539
5.328858375549316
5.369895935058594
5.38290810585022
5.203743934631348
5.331861257553101
5.309840679168701
5.298830986022949
5.309840679168701
5.364891767501831
5.348876714706421
5.301834583282471
5.4900054931640625
5.2397780418396
5.299832344055176
5.381908178329468
5.264800548553467
5.247784376144409
5.301833868026733
5.372899055480957
5.386910915374756
5.319849252700806
5.347875595092773
5.440960645675659
5.325855731964111
5.373899221420288
5.400923252105713
5.397922515869141
5.332861661911011
5.297830104827881
5.190733194351196
5.341869592666626
5.385910511016846
5.308840990066528
5.365891456604004
5.434955358505249
5.261798143386841
5.29082465171814
5.362888813018799
5.386911869049072
5.376901626586914
5.2888219356536865
5.437958002090454
5.42494535446167
5.414937734603882
5.385911464691162
5.441962003707886
5.3178489208221436
5.353880882263184
5.349876880645752
5.4169394969940186
5.423945665359497
5.322852849960327
5.326857089996338
5.36789345741272
5.343872785568237
5.4799964427948
5.360886812210083
5.324855327606201
5.411933422088623
5.3909149169921875
5.354882001876831
5.399922847747803
5.276811599731445
5.42794942855835
5.283818006515503
5.316848278045654
5.439959764480591
5.343872547149658
5.410933017730713
5.3338634967803955
5.3688952922821045
5.415937900543213
5.327856779098511
5.366892337799072
5.280812978744507
5.364890813827515
5.387910604476929
5.428950071334839
5.37089729309082
5.411935091018677
5.3648905754089355
5.339868068695068
5.328858852386475
5.347876071929932
5.329859256744385
5.299832105636597
5.2537901401519775
5.35488224029541
5.381906270980835
5.253790378570557
5.363890171051025
5.427948474884033
5.442962408065796
5.45697546005249
5.44596529006958
5.392916679382324
5.2778120040893555
5.3638916015625
5.18272590637207
5.336866140365601
5.365892648696899
5.443962335586548
5.32385516166687
5.36188817024231
5.309842348098755
5.40092396736145
5.347875118255615
5.438957452774048
5.356882810592651
5.383908987045288
5.381906747817993
5.422943353652954
5.413936138153076
5.515028953552246
5.417939186096191
5.411935567855835
5.330861330032349
5.4419615268707275
5.367894172668457
5.456974983215332
5.330860137939453
5.481994867324829
5.351878881454468
5.36589241027832
5.438959360122681
5.365891933441162
5.392918109893799
5.32085108757019
5.457607746124268
5.603628635406494
5.486833333969116
5.469566822052002
