Timing log for each step:
0.01901841163635254
10.030043601989746
10.138524055480957
10.134889364242554
10.12770128250122
10.24889326095581
10.15368390083313
10.21751856803894
10.094735383987427
10.179625272750854
10.30287766456604
10.094883680343628
10.071280002593994
10.172730207443237
10.13995909690857
10.247875452041626
9.88119888305664
9.889222621917725
10.133811473846436
10.055150508880615
9.833826541900635
10.229079246520996
10.175091743469238
10.24397325515747
9.810072898864746
10.199239492416382
10.23420000076294
10.103171586990356
10.22691798210144
9.85043215751648
10.119677782058716
10.067279577255249
10.25294280052185
10.122856140136719
10.203166484832764
10.201293706893921
10.193217039108276
10.181809186935425
10.249740600585938
10.20533299446106
10.279652833938599
10.26415205001831
10.284307479858398
9.724477529525757
10.185260534286499
9.596820592880249
9.58472990989685
10.19276213645935
10.220993041992188
10.183712244033813
10.236722469329834
9.714333057403564
10.278085708618164
9.69352412223816
10.223093271255493
9.628479242324829
9.819305419921875
10.323674440383911
10.337397336959839
10.231787919998169
10.342152833938599
10.286402225494385
10.153818845748901
10.255451679229736
10.214174032211304
9.834847211837769
10.232881546020508
9.758244752883911
10.345807552337646
9.196955442428589
10.30377745628357
9.831820249557495
10.132362365722656
9.47970962524414
10.138962984085083
10.977312803268433
