Timing log for each step:
0.013012409210205078
10.32235836982727
10.21989107131958
10.218964576721191
10.035564661026001
10.255433559417725
10.208849906921387
10.26881194114685
10.22917890548706
10.411975383758545
10.35028862953186
10.439815282821655
10.263587474822998
9.880985975265503
9.523595333099365
10.342516899108887
9.782726526260376
10.39305329322815
10.21610426902771
9.91786527633667
9.264901638031006
10.050857305526733
10.467132806777954
9.786926031112671
9.838603496551514
9.813843488693237
9.930374145507812
9.69270634651184
9.816086292266846
9.800148010253906
9.668349266052246
9.65218186378479
9.5418381690979
9.577796220779419
9.466125726699829
9.47725796699524
9.42788314819336
9.520490169525146
9.507655382156372
9.236825227737427
9.478149175643921
9.513322114944458
9.139860153198242
9.210270643234253
9.37059760093689
9.226167678833008
9.307932615280151
9.226757764816284
9.234813690185547
9.548221111297607
9.260832071304321
9.504999160766602
9.461438179016113
9.636269330978394
9.48835563659668
9.445542573928833
9.464950799942017
9.602209568023682
9.432279109954834
9.439724445343018
9.477226734161377
9.658779382705688
9.675405263900757
9.547566890716553
9.763494491577148
9.556883335113525
9.620699405670166
9.527174949645996
9.437417268753052
9.562318563461304
9.50791311264038
9.577134132385254
9.624713897705078
10.053873062133789
9.838680505752563
10.075917720794678
10.080731868743896
10.041157960891724
9.98490595817566
9.967180013656616
10.043235301971436
10.190491914749146
10.110467195510864
10.566436767578125
10.661991596221924
10.71153712272644
10.56172776222229
10.500808000564575
10.670423984527588
10.681880950927734
10.577950954437256
10.511279106140137
10.70143985748291
10.629158735275269
10.652774095535278
10.526252508163452
10.640559434890747
10.661683559417725
10.645075798034668
10.623269319534302
10.561720609664917
10.613399982452393
10.668930530548096
10.691607475280762
10.302833318710327
10.549514770507812
10.614936590194702
10.643699645996094
9.942662477493286
10.515769481658936
10.660037994384766
10.62571907043457
10.613348245620728
10.086389303207397
10.619833707809448
10.49188232421875
10.672454833984375
10.720073223114014
10.686893224716187
10.65594220161438
10.472114562988281
10.159435510635376
10.753497123718262
10.525737524032593
10.622814893722534
10.703755140304565
10.59160304069519
10.585135459899902
9.882122278213501
10.631822347640991
10.628344774246216
10.402372121810913
10.642064809799194
10.716670036315918
10.608087539672852
10.579079627990723
10.79270339012146
10.745455503463745
10.667016983032227
10.590474128723145
10.732475280761719
10.703938722610474
10.625994682312012
10.71040678024292
10.619402408599854
10.617295503616333
10.617494583129883
10.628970861434937
10.617337465286255
10.510915994644165
10.727002143859863
10.471244812011719
10.796693325042725
10.436092376708984
10.47000765800476
10.586792945861816
10.738150596618652
10.666430711746216
10.69244933128357
10.570416927337646
10.771361351013184
10.732892036437988
10.541178226470947
10.519476652145386
10.725326538085938
10.57831883430481
10.791508436203003
10.75946044921875
10.60073447227478
10.73259449005127
10.740107774734497
10.610777616500854
10.771202087402344
10.754301071166992
10.551880836486816
10.682549715042114
10.523231983184814
10.711276531219482
10.62400770187378
10.692930459976196
10.684374809265137
10.661421775817871
10.6597158908844
10.708511590957642
10.686447620391846
10.815752744674683
10.755449056625366
10.60915732383728
10.717931032180786
10.694399356842041
10.711636304855347
10.79880666732788
10.634389400482178
10.707131147384644
10.729488611221313
10.755607604980469
10.732581853866577
10.619432210922241
10.638749361038208
10.608563899993896
10.568684577941895
10.640982389450073
10.751671314239502
10.6477370262146
10.510666131973267
10.639747619628906
10.573058366775513
10.719967126846313
10.580121278762817
10.593941926956177
10.566517114639282
10.830553770065308
10.808250427246094
10.74069619178772
10.620516538619995
10.74699068069458
10.740026712417603
10.56610107421875
10.727608680725098
10.76486873626709
10.745644330978394
10.541337013244629
10.768569469451904
10.789514541625977
10.743783473968506
10.619842767715454
10.561628580093384
10.513476848602295
10.677809238433838
10.578059434890747
10.64783763885498
10.766410827636719
10.693342447280884
10.731098890304565
10.724179744720459
10.699070930480957
10.761029720306396
10.707903861999512
10.633575916290283
10.76504921913147
10.666868448257446
10.639790773391724
10.524189472198486
10.538233757019043
10.809860467910767
10.650087118148804
10.71814513206482
10.667624235153198
10.75860071182251
10.525860786437988
10.678124189376831
10.714847803115845
10.631215810775757
10.681890487670898
10.647336721420288
10.293966054916382
10.730617046356201
10.536823749542236
10.575655460357666
10.605108261108398
10.825101375579834
10.611227035522461
10.574425220489502
10.581804513931274
10.525129079818726
10.540194272994995
10.829927206039429
10.695646047592163
10.778364419937134
10.666242122650146
10.868982076644897
10.727720260620117
10.509087800979614
10.748333930969238
10.815504312515259
10.697330713272095
10.63669228553772
10.729592323303223
10.806437730789185
10.807928562164307
10.60120415687561
10.571137189865112
10.63238000869751
10.635048627853394
10.772055864334106
10.795478582382202
10.732246160507202
10.756722688674927
10.659529209136963
10.642838954925537
10.847872495651245
10.843123435974121
10.780901193618774
10.871328830718994
10.73720121383667
10.734471797943115
10.740254163742065
10.610647201538086
10.76370882987976
10.680597066879272
10.844823837280273
10.702076196670532
10.776869535446167
10.858858823776245
10.213276147842407
10.54858112335205
10.340392589569092
10.540572881698608
10.431473731994629
10.949944972991943
10.061136245727539
10.33738660812378
10.672691345214844
10.268325567245483
10.65167236328125
10.53656792640686
10.437477588653564
10.875876665115356
10.38743281364441
10.188252449035645
10.640662670135498
10.64266324043274
10.826831579208374
10.466503620147705
10.312365293502808
10.156223773956299
10.31136417388916
10.544576406478882
10.617643356323242
10.584611892700195
10.384430646896362
10.670690298080444
10.77378249168396
10.349397897720337
10.269323110580444
10.773783206939697
10.620644092559814
10.52555799484253
10.398442029953003
10.393438816070557
10.625648736953735
10.692710161209106
10.505539417266846
10.696712970733643
10.581608533859253
10.501535654067993
10.496532678604126
10.257315397262573
10.653675317764282
10.432473421096802
10.61964464187622
10.695713520050049
10.509544610977173
10.720735311508179
10.64066219329834
10.666686534881592
10.67969799041748
10.66268277168274
10.479515552520752
10.762773036956787
10.438480615615845
10.273328304290771
10.296349287033081
10.38843321800232
10.365413904190063
10.491528272628784
10.47651481628418
10.692708730697632
10.522554874420166
10.486524105072021
10.27933382987976
10.603628873825073
10.340388774871826
10.205267190933228
10.413457155227661
10.718733549118042
10.755766868591309
10.504538536071777
10.779789686203003
10.585612535476685
10.185250759124756
10.453492164611816
10.42346477508545
10.666687488555908
10.486523628234863
10.554583311080933
10.315368175506592
10.46750521659851
10.483520984649658
10.368414878845215
10.510544538497925
10.582610368728638
10.762773752212524
10.317368984222412
10.732744216918945
10.591616868972778
10.118188381195068
10.51254391670227
10.444481134414673
10.449488878250122
10.644665956497192
10.522554159164429
10.5675950050354
10.37942385673523
10.582602500915527
10.56459355354309
10.510542631149292
10.671689510345459
10.406447410583496
10.43447232246399
10.59061598777771
10.482518911361694
10.501534700393677
10.54657530784607
10.473509073257446
10.45649528503418
10.749760389328003
10.4614999294281
10.566594123840332
10.314361810684204
10.440479278564453
10.504537105560303
10.170234680175781
10.48151683807373
10.795802354812622
10.531561851501465
10.857858896255493
10.702717781066895
10.424466609954834
10.305355548858643
10.580607891082764
10.529560804367065
10.60563063621521
10.389434814453125
10.690707921981812
10.636658430099487
10.596617460250854
10.649669170379639
10.615639448165894
10.607631206512451
10.444483280181885
10.639662027359009
10.274330377578735
10.534562826156616
10.74075198173523
10.645665645599365
10.414457321166992
10.599623441696167
10.73374629020691
10.48251724243164
10.476513862609863
10.635654926300049
10.51955246925354
10.165230512619019
10.629651308059692
10.39443850517273
10.600625038146973
10.757766246795654
10.651671409606934
10.4304678440094
10.389434099197388
10.655675411224365
10.37341856956482
10.592617273330688
10.363410949707031
10.350397825241089
10.819823980331421
10.664682626724243
10.48852276802063
10.699715614318848
10.044119834899902
10.421461343765259
10.754764795303345
10.534565925598145
10.729742288589478
10.647668361663818
10.596622943878174
10.490523338317871
10.60462737083435
10.454493761062622
10.74175238609314
10.467504262924194
10.484519243240356
10.50253677368164
10.362406253814697
10.234292268753052
10.20026159286499
10.679696559906006
10.582608222961426
10.674691200256348
10.508543014526367
10.690706491470337
10.546575546264648
10.464501142501831
10.501535892486572
10.592617273330688
10.486522197723389
10.78679370880127
10.612635850906372
10.606629848480225
10.626648902893066
10.314364433288574
10.862863063812256
10.258312702178955
10.715729475021362
10.48151683807373
10.586612224578857
10.26632022857666
10.476512432098389
10.544572114944458
10.521552562713623
10.24730396270752
10.414455652236938
10.502535820007324
10.706720352172852
10.35840654373169
10.513545751571655
10.478514909744263
10.506539344787598
10.645663738250732
10.488522291183472
10.475512027740479
10.537568807601929
10.367413759231567
10.553580522537231
10.464500904083252
10.66067886352539
10.46950626373291
10.539568185806274
10.77077841758728
10.428468942642212
10.381425619125366
10.541571378707886
10.757767915725708
10.47751522064209
10.76777696609497
10.661680221557617
10.57860517501831
10.236294031143188
10.62464690208435
10.70471978187561
10.495530366897583
10.573600769042969
10.304356813430786
10.851854085922241
10.387431621551514
10.600626230239868
10.627650260925293
10.585609912872314
10.376421451568604
10.703718662261963
10.667685985565186
10.338388442993164
10.601626873016357
10.515544652938843
10.579606294631958
10.51054310798645
10.702717542648315
10.535563230514526
10.446484804153442
10.673691272735596
10.488523721694946
10.507541418075562
10.35139513015747
10.537567853927612
10.620642900466919
10.474511623382568
10.622645378112793
10.502536296844482
10.782790184020996
10.611635208129883
10.48652172088623
10.487523078918457
10.069143295288086
10.293345212936401
10.584611177444458
10.49853229522705
10.603628873825073
10.673691749572754
10.37241792678833
10.365412712097168
10.41745662689209
10.520553827285767
10.534565210342407
10.8148193359375
10.606626510620117
10.385430574417114
10.578605890274048
10.527559041976929
10.712727546691895
10.564593076705933
10.611635208129883
10.23329210281372
10.35540223121643
10.788794755935669
10.396440982818604
10.387430906295776
10.480516910552979
10.421462535858154
10.592617988586426
10.526557445526123
10.55057978630066
10.983973503112793
10.9386887550354
10.640083312988281
