Timing log for each step:
0.013011932373046875
5.2287914752960205
5.262989282608032
5.342285633087158
5.224071979522705
5.691570281982422
5.347498416900635
5.296814203262329
5.41995096206665
5.367840766906738
5.155361890792847
4.964472532272339
4.887451171875
4.860444068908691
5.253203392028809
4.742721080780029
4.742468595504761
4.764436721801758
5.286252498626709
5.220973968505859
5.2819812297821045
5.203695297241211
5.204265117645264
5.271139860153198
5.217014789581299
5.199933767318726
5.302872180938721
5.262551546096802
5.289313316345215
5.302630662918091
5.376603603363037
5.370164155960083
5.272659540176392
5.337422847747803
5.334314346313477
5.309168577194214
5.279927968978882
5.2769176959991455
5.49614143371582
5.3214757442474365
5.337117671966553
5.257219552993774
5.359658241271973
5.343719244003296
5.385584354400635
5.259850263595581
5.336705923080444
5.291863203048706
5.319707870483398
5.3258280754089355
5.3062379360198975
5.338303804397583
5.36150050163269
5.6106438636779785
5.336106061935425
5.3534722328186035
5.36298680305481
5.426373720169067
5.5435791015625
5.442370176315308
5.425100803375244
5.3402838706970215
5.384539842605591
5.301618337631226
5.307882308959961
5.312389850616455
5.3794896602630615
5.2919957637786865
5.311639308929443
5.287914037704468
5.41756272315979
5.346089839935303
5.367589235305786
5.341701030731201
5.3657708168029785
5.332669258117676
5.369711399078369
5.304418325424194
5.350311756134033
5.368622064590454
5.373331546783447
5.3197267055511475
5.356063365936279
5.381152153015137
5.30987286567688
5.336093425750732
5.362637996673584
5.395323038101196
5.369316577911377
5.377058982849121
5.3334009647369385
5.357710599899292
5.337845087051392
5.400614261627197
5.36551308631897
5.369180202484131
5.347301006317139
5.389869928359985
5.390610456466675
5.447876214981079
5.356903791427612
5.355142116546631
5.322778940200806
5.368085622787476
5.404058218002319
5.326331377029419
5.349001169204712
5.3749589920043945
5.37304425239563
5.392109632492065
5.362393140792847
5.32009220123291
5.402588605880737
5.332828044891357
5.345785856246948
5.325974225997925
5.322186470031738
5.371780157089233
5.3638482093811035
5.376021146774292
