Timing log for each step:
0.021019935607910156
5.638128042221069
5.669154644012451
5.598089933395386
5.608099460601807
5.7021849155426025
5.572066783905029
5.668153524398804
5.6241135597229
5.604095697402954
5.671152830123901
5.593084812164307
5.549046754837036
5.5640599727630615
5.653141021728516
5.569063663482666
5.612103223800659
5.577069997787476
5.631119251251221
5.6311194896698
5.529026985168457
5.664150238037109
5.58507776260376
5.512011528015137
5.597088098526001
5.6891725063323975
5.690173149108887
5.567061185836792
5.667152404785156
5.56806206703186
5.647135019302368
5.620110750198364
5.613104343414307
5.608098983764648
5.705187559127808
5.730210065841675
5.6561431884765625
5.625114679336548
5.5240232944488525
5.643130779266357
5.586079835891724
5.629117727279663
5.662148475646973
5.691174268722534
5.599090814590454
5.597088813781738
5.54304051399231
5.6451332569122314
5.581074953079224
5.602093935012817
5.660147666931152
5.878345727920532
5.706188440322876
5.667152404785156
5.54904580116272
5.598090648651123
5.669155597686768
5.626115798950195
5.716198444366455
5.621111154556274
5.606098175048828
5.650136709213257
5.715196132659912
5.688172101974487
5.6181089878082275
5.6651506423950195
5.5920844078063965
5.680164575576782
5.703185081481934
5.70418643951416
5.641129970550537
5.660145282745361
5.754232168197632
5.628116607666016
5.7292091846466064
5.653140068054199
5.7492265701293945
5.6331212520599365
5.687171459197998
5.997453212738037
5.710191488265991
5.699181795120239
5.66815447807312
5.73821759223938
5.649137258529663
5.725205421447754
5.605095863342285
5.583076238632202
5.634123086929321
5.66815447807312
5.66414999961853
5.663149118423462
5.649136543273926
5.594085931777954
5.6991822719573975
5.6661505699157715
5.683167219161987
5.586078882217407
5.613103866577148
5.669155120849609
5.660145044326782
5.660147666931152
5.873339891433716
5.66815447807312
5.641128778457642
5.69217586517334
5.725206613540649
5.6861701011657715
5.648135662078857
5.702185153961182
5.628117799758911
5.643130779266357
5.621110916137695
5.7041871547698975
5.67916464805603
5.645127534866333
5.66214919090271
5.669155836105347
5.628117561340332
5.71519660949707
5.671156644821167
5.674159288406372
5.607097864151001
5.6771626472473145
5.599091529846191
5.672156572341919
5.564059257507324
5.662148475646973
5.66616153717041
5.703185796737671
5.69918155670166
5.689172267913818
5.638126373291016
5.6701555252075195
5.658144235610962
5.661147832870483
5.643130302429199
5.667150974273682
5.740219831466675
5.700182914733887
5.6871724128723145
5.665151357650757
5.768244743347168
5.752230405807495
5.556051969528198
5.66414999961853
5.658145189285278
5.7151970863342285
5.681166172027588
5.748226165771484
5.600091934204102
5.704186201095581
5.6911749839782715
5.705187559127808
5.668154239654541
5.682166814804077
5.697179555892944
5.66615104675293
5.621110677719116
5.68817138671875
5.707188606262207
5.6491358280181885
5.661147117614746
5.679162979125977
5.721202373504639
5.585078954696655
5.645132541656494
5.661147356033325
5.593085527420044
5.737215995788574
5.680164575576782
5.643130540847778
5.70218300819397
5.694178581237793
5.628117561340332
5.705187559127808
5.613103628158569
5.638126850128174
5.685169219970703
5.705187082290649
5.66915488243103
5.73221230506897
5.6791627407073975
5.638126850128174
5.696179151535034
5.680165767669678
5.755233287811279
5.680164337158203
5.696178913116455
5.716197967529297
5.657144069671631
5.708190202713013
5.608098030090332
5.643131256103516
5.6501381397247314
5.6581456661224365
5.63512396812439
5.622111797332764
5.758236408233643
5.624113321304321
5.707188606262207
5.686169147491455
5.685168981552124
5.655142068862915
5.677162408828735
5.716197729110718
5.604095458984375
5.585078477859497
5.604095458984375
5.647134304046631
5.574067831039429
5.659145355224609
5.625115633010864
5.662147283554077
5.747225999832153
5.741219520568848
5.7292091846466064
5.542038917541504
5.729209899902344
5.651137828826904
5.646133899688721
5.7081897258758545
5.719200134277344
5.664150714874268
5.585078239440918
5.597088813781738
5.7171995639801025
5.658144235610962
5.726206064224243
5.714196443557739
5.675159692764282
5.659146308898926
5.65814471244812
5.71019172668457
5.631119728088379
5.730210304260254
5.6861701011657715
5.649136781692505
5.6701555252075195
5.663150072097778
5.751230001449585
6.008463144302368
5.701183557510376
5.67015528678894
5.975434064865112
5.632121562957764
5.744222640991211
5.75423264503479
5.650137901306152
5.613102912902832
5.671156167984009
5.5970892906188965
5.648136138916016
5.615104913711548
5.643131732940674
5.637124061584473
5.6010942459106445
5.736216306686401
5.6060967445373535
6.0464982986450195
5.613103866577148
5.654141187667847
5.714195728302002
5.679163694381714
5.670156240463257
5.6551408767700195
5.72220253944397
5.600091457366943
5.616106271743774
5.621110439300537
5.785260438919067
5.676160573959351
5.678161144256592
5.697179794311523
5.7222044467926025
5.704187631607056
5.633122205734253
5.669153928756714
5.6381261348724365
5.679163455963135
5.674159526824951
5.7011847496032715
5.749227285385132
5.657144069671631
5.659145832061768
5.696179151535034
5.793268203735352
5.654140949249268
5.675159454345703
5.752232074737549
5.684169054031372
5.703185558319092
5.657143831253052
5.673158407211304
5.666151285171509
5.68016505241394
5.678163051605225
5.644131660461426
5.686171531677246
5.634122371673584
5.734213352203369
5.593085289001465
5.677162408828735
5.690174579620361
5.682166814804077
5.686169624328613
5.68216609954834
5.670154809951782
5.588080644607544
5.694177627563477
5.6921751499176025
5.6941773891448975
5.701183795928955
5.658144235610962
5.763240575790405
5.616106033325195
5.623114109039307
5.690173387527466
5.6241137981414795
5.620110988616943
5.628117561340332
5.63812780380249
5.730210304260254
5.618107557296753
5.625114440917969
5.6941773891448975
5.670156002044678
5.739217758178711
5.722202777862549
5.676161050796509
5.743221759796143
5.644131898880005
5.680163383483887
5.621111869812012
5.677161931991577
5.688172101974487
5.682166337966919
5.663149833679199
5.586079120635986
5.720200777053833
5.704186916351318
5.685169458389282
5.645133018493652
5.6461334228515625
5.650137662887573
5.655141830444336
5.643130779266357
5.697179794311523
5.985441446304321
5.67415976524353
5.705187797546387
5.676161050796509
5.6511383056640625
5.6701555252075195
5.72720742225647
5.655141353607178
5.628117799758911
5.7151947021484375
5.696178913116455
5.683167457580566
5.7262067794799805
5.904369115829468
5.797271013259888
5.691174507141113
5.6161065101623535
5.640129089355469
5.623112440109253
5.650138854980469
5.649136543273926
5.678162097930908
5.709191799163818
5.6050965785980225
5.673158407211304
5.60810112953186
5.725205898284912
5.677161455154419
5.59909200668335
5.676161289215088
5.707188844680786
5.6681530475616455
5.697179555892944
5.705186367034912
5.734213590621948
5.633121967315674
5.684167861938477
5.682166576385498
5.703185558319092
5.635122776031494
5.5880818367004395
5.707188129425049
5.663148641586304
5.711192607879639
5.646133661270142
5.605096101760864
5.613104343414307
5.695178270339966
5.6421308517456055
5.654141187667847
5.703185558319092
5.651139736175537
5.644132852554321
5.700182676315308
5.775251865386963
5.656142711639404
5.6911749839782715
5.827298641204834
5.721202373504639
5.661149024963379
5.652139663696289
5.657144069671631
5.7051873207092285
5.735214471817017
5.694176912307739
5.669154405593872
5.691175222396851
5.653141260147095
5.641129016876221
5.728208303451538
5.688172340393066
5.706188201904297
5.567061424255371
5.587080240249634
5.671156406402588
5.6021013259887695
5.725204706192017
5.6881725788116455
5.626115798950195
5.670155763626099
5.6401283740997314
5.665151596069336
5.688171863555908
5.5830769538879395
5.723202466964722
5.71019172668457
5.693175792694092
5.636125087738037
5.7562336921691895
5.615105152130127
5.660146474838257
5.6191086769104
5.6941773891448975
5.663148880004883
6.004460573196411
6.882257699966431
5.580073356628418
5.646133661270142
5.6671531200408936
5.7031848430633545
5.6060967445373535
5.628117322921753
5.628117322921753
5.617107152938843
5.581074953079224
5.6401283740997314
5.584077835083008
5.5680625438690186
5.677161931991577
6.207644939422607
5.904369115829468
5.649136781692505
5.726206541061401
5.646134853363037
5.605096101760864
5.522022485733032
5.669154405593872
5.634122371673584
5.643130779266357
5.641130447387695
5.6471335887908936
5.6281163692474365
5.668153285980225
5.568063735961914
5.58207631111145
5.604095697402954
5.874340772628784
5.627116441726685
5.507007122039795
5.813285827636719
5.690173387527466
5.673159122467041
5.615105390548706
5.632121324539185
5.641129016876221
5.570063352584839
5.6241135597229
5.602094411849976
5.6741602420806885
5.66414999961853
5.593085527420044
5.560054302215576
5.510009527206421
5.628117084503174
5.543039560317993
5.706188678741455
5.593085527420044
5.607099533081055
5.462967872619629
5.657145023345947
5.584078073501587
5.648135423660278
5.617108106613159
5.781256437301636
5.577070713043213
5.6531407833099365
5.620110034942627
5.633121967315674
5.624114274978638
5.608098745346069
5.677161455154419
5.549046277999878
5.639127969741821
5.677161693572998
5.61210298538208
5.609100103378296
5.6251137256622314
5.617107629776001
5.692174911499023
5.652139663696289
5.550045967102051
5.549044370651245
5.706187725067139
5.6301186084747314
5.54404091835022
5.543040752410889
5.689172744750977
5.643130302429199
5.688171863555908
5.639127492904663
6.061511278152466
5.921383857727051
5.629119396209717
5.572067499160767
5.640127658843994
5.653139591217041
5.602092981338501
5.555049657821655
5.65814471244812
5.612102746963501
5.613103628158569
5.605098009109497
5.640128135681152
5.776251554489136
5.744222640991211
5.60609769821167
5.663148880004883
5.615105390548706
5.934396028518677
5.669154167175293
5.501001834869385
5.580073833465576
5.585078001022339
5.668152809143066
5.667153596878052
5.691174268722534
5.669154167175293
5.664150238037109
5.602093696594238
5.585078477859497
5.59308648109436
5.467972993850708
5.634122610092163
5.520019054412842
5.672157526016235
5.646133899688721
6.205642461776733
5.638125419616699
5.504004955291748
5.581074476242065
5.5540502071380615
5.514014482498169
5.5610575675964355
5.661148309707642
5.634120941162109
5.593084096908569
5.679164886474609
5.600091457366943
5.588081359863281
5.493995189666748
5.600092649459839
5.625114440917969
5.6431310176849365
5.536033630371094
5.933395147323608
5.671157121658325
5.627116680145264
5.650137901306152
5.610236406326294
5.560352563858032
5.652139186859131
5.5360329151153564
5.5420403480529785
5.627117156982422
5.614104986190796
5.567062616348267
5.6461341381073
5.72820782661438
5.80728006362915
5.509008169174194
5.625114917755127
5.497997999191284
5.934396028518677
5.93639874458313
5.462967395782471
5.602094411849976
5.615106105804443
5.7992730140686035
5.5210206508636475
5.754232168197632
5.671156406402588
5.545041561126709
5.618108034133911
5.549044847488403
5.514630556106567
5.579073429107666
5.534030914306641
5.429938554763794
5.4489545822143555
5.840310573577881
5.505003452301025
5.574068546295166
5.608087062835693
5.56806206703186
5.511010646820068
5.546041965484619
5.593085527420044
5.566060543060303
5.534030437469482
5.602093458175659
5.63512396812439
5.55505108833313
5.497998952865601
5.580073595046997
5.461966037750244
5.58407735824585
5.549045562744141
5.758236885070801
5.627116680145264
5.53903603553772
5.559053897857666
5.553048849105835
5.556051969528198
5.618108034133911
5.653140306472778
5.660146474838257
5.621111631393433
5.539036512374878
5.604095458984375
5.587080240249634
5.572067022323608
5.610100507736206
5.465968608856201
5.55905556678772
5.559054136276245
5.592084646224976
5.627116680145264
6.040493726730347
5.737215280532837
5.574069499969482
5.4869890213012695
5.456960439682007
5.584077835083008
5.542039394378662
5.498999834060669
5.618110656738281
5.560056209564209
5.623113393783569
5.547043800354004
5.549044609069824
5.514013767242432
5.593086004257202
5.42993688583374
5.612102508544922
5.614543676376343
5.447953939437866
5.630119562149048
5.602093696594238
5.581074476242065
5.555051326751709
5.4429497718811035
5.4949963092803955
5.574068069458008
5.562057256698608
5.644045829772949
5.519019365310669
5.604095935821533
5.521019220352173
5.484986782073975
5.459817886352539
5.584077596664429
5.689172744750977
5.7662436962127686
5.510232925415039
5.45896315574646
5.489991664886475
5.516015291213989
5.568062782287598
5.498999357223511
5.551047325134277
5.728207588195801
5.688171863555908
5.976433515548706
6.077525854110718
5.929390907287598
5.927389621734619
5.7802557945251465
5.553049087524414
5.416924715042114
5.777252912521362
5.58029842376709
5.6651506423950195
5.535033702850342
5.508008003234863
5.531029462814331
5.567062139511108
5.6241135597229
5.530028581619263
5.5050048828125
5.501002073287964
5.518017292022705
5.6050965785980225
5.581073999404907
5.552048206329346
5.510009527206421
5.587079286575317
5.764241456985474
5.594606399536133
5.670154333114624
5.4589643478393555
5.509009122848511
5.5620574951171875
5.621111631393433
5.580073595046997
5.6191086769104
5.560054779052734
5.589081764221191
5.578071355819702
5.5990917682647705
5.590082883834839
5.539036750793457
5.5480451583862305
5.592085599899292
5.634123802185059
5.827298641204834
5.549044370651245
5.63011908531189
5.5970892906188965
5.547083139419556
5.618107795715332
5.5140135288238525
5.564058542251587
5.92138409614563
5.481984615325928
5.431938886642456
5.582075595855713
5.582076787948608
5.546043395996094
5.613103866577148
5.51601505279541
5.587080001831055
5.550045967102051
5.741220235824585
5.563058376312256
5.544040679931641
5.472976446151733
5.645131826400757
5.547044992446899
5.514013290405273
5.815288066864014
5.483986854553223
5.5879809856414795
5.597089052200317
5.618107795715332
5.513012886047363
5.631120681762695
5.57206654548645
5.58908224105835
5.542038202285767
5.589081525802612
5.602092742919922
5.585078239440918
5.625114440917969
5.643130779266357
5.513012647628784
5.504005670547485
5.597089052200317
5.768245220184326
5.568063020706177
5.867335557937622
5.554050922393799
5.695611953735352
5.62011456489563
6.0735228061676025
5.620110511779785
5.768245220184326
5.566060304641724
6.021475076675415
5.7292094230651855
5.648773193359375
5.984441518783569
5.606097221374512
5.607537031173706
5.772248268127441
5.545042037963867
5.576071262359619
5.499000072479248
5.546114444732666
5.504004955291748
5.4489545822143555
5.565491437911987
5.452958106994629
5.593307733535767
5.6431310176849365
5.572065830230713
5.599090814590454
5.594086647033691
5.567061901092529
5.634123086929321
5.614484548568726
5.514811992645264
5.581075668334961
5.59608793258667
5.539037227630615
5.50600790977478
5.587080478668213
5.626115083694458
5.553049564361572
5.557053089141846
5.65814471244812
5.601094007492065
5.624114274978638
5.500001668930054
5.570064306259155
5.536034107208252
5.638127565383911
5.521020412445068
5.5540502071380615
5.666151762008667
5.555049657821655
5.600092172622681
5.5920844078063965
5.569064140319824
5.652139663696289
5.62711763381958
5.519018173217773
5.437944173812866
5.495997190475464
5.573067665100098
5.49452805519104
5.684167385101318
5.439945459365845
5.530029058456421
5.614104986190796
5.53303074836731
5.475979328155518
5.556052207946777
5.599465370178223
5.52402400970459
5.551048040390015
5.627116441726685
5.5060060024261475
5.637125253677368
5.614104270935059
5.5920844078063965
5.599287271499634
5.551046848297119
5.6271960735321045
5.592084884643555
5.622111797332764
5.513012409210205
5.834306001663208
5.6877217292785645
5.901210069656372
5.817288875579834
5.8693366050720215
5.845315456390381
6.190629720687866
6.1375815868377686
6.120564937591553
5.596087455749512
5.6571431159973145
5.605097532272339
5.659145355224609
5.650137901306152
5.654141664505005
5.6000916957855225
5.598089694976807
5.628116846084595
5.572065591812134
5.648136138916016
5.513012409210205
5.539034843444824
5.547043800354004
5.558053493499756
5.637126684188843
5.638126373291016
5.564059019088745
5.636125087738037
5.6411292552948
5.532029628753662
5.564058303833008
5.640129566192627
5.610100507736206
5.598089694976807
5.614105701446533
5.594086170196533
5.545041799545288
5.574069261550903
5.572065353393555
5.591083526611328
5.607097387313843
5.590083122253418
5.571065902709961
5.582075119018555
5.600092649459839
5.564058780670166
5.705187559127808
5.576068878173828
5.603094577789307
5.6010918617248535
5.6311211585998535
5.6511383056640625
5.564059734344482
5.489990472793579
5.621109962463379
5.585078001022339
5.603094577789307
5.59008264541626
5.639127731323242
5.788262844085693
5.6401283740997314
5.616105794906616
5.995450973510742
5.762240171432495
5.571066617965698
5.731211185455322
5.65814471244812
5.5230207443237305
5.6020941734313965
5.639127254486084
5.58507776260376
5.67516016960144
5.626115083694458
5.667153835296631
5.62711763381958
5.583077430725098
5.594086170196533
5.592083692550659
5.597087860107422
5.600090980529785
5.622111797332764
5.588080883026123
5.6701555252075195
5.600091457366943
5.6171064376831055
5.5970892906188965
5.567061185836792
5.607097387313843
5.657143592834473
5.6491358280181885
5.633121728897095
5.640127897262573
5.524022579193115
5.627116441726685
5.585077285766602
5.608099699020386
5.650136947631836
5.6291184425354
5.575069904327393
5.607098817825317
5.642128229141235
5.689172983169556
5.6721580028533936
5.735214948654175
5.644131422042847
5.556051254272461
5.614104747772217
5.59108304977417
5.5890820026397705
5.57907247543335
5.652138710021973
5.6191086769104
5.617107152938843
5.617106676101685
5.623112916946411
5.528026103973389
5.595088243484497
5.56606125831604
5.610101222991943
5.5840771198272705
5.5840771198272705
5.5850770473480225
5.520019054412842
5.561055898666382
5.639127731323242
5.605095863342285
5.599090576171875
5.568062782287598
5.530027866363525
5.6271162033081055
5.572066307067871
5.591084003448486
5.608099699020386
5.589082956314087
5.615105628967285
5.582076787948608
5.607097148895264
5.6321210861206055
5.538036346435547
5.5830769538879395
5.5540502071380615
5.546042203903198
5.50900936126709
5.588080883026123
5.6391282081604
5.587080240249634
5.653140306472778
5.698181629180908
5.599090814590454
5.862330913543701
5.812284708023071
5.593085527420044
5.622112035751343
5.623112916946411
5.607098579406738
5.532030820846558
5.547043800354004
5.55004620552063
5.547043561935425
5.577071189880371
5.737216472625732
5.960419178009033
5.635805130004883
5.579073429107666
5.540037393569946
5.610100507736206
5.564058303833008
5.625115156173706
5.518017768859863
5.607098817825317
5.564059019088745
5.46897292137146
5.580074071884155
5.5960893630981445
5.580073595046997
5.622111797332764
5.501001596450806
5.603094577789307
5.55505108833313
5.500001430511475
5.554049968719482
5.594086170196533
5.507008075714111
5.583076000213623
5.529028415679932
5.525023460388184
5.576070547103882
5.560055255889893
5.590082883834839
5.582076072692871
5.574068307876587
5.565060615539551
5.614104986190796
5.5060060024261475
5.583076238632202
5.502002239227295
5.547043800354004
5.507007360458374
5.561056137084961
5.510010004043579
5.5630576610565186
5.652139663696289
6.454868793487549
5.830300331115723
6.477336406707764
