Timing log for each step:
0.01501607894897461
10.69311785697937
10.131819725036621
10.016654014587402
10.233659505844116
10.144367218017578
9.996413230895996
10.278566360473633
10.195188760757446
10.353760004043579
10.273862600326538
10.258567333221436
10.073407411575317
10.173985242843628
10.44373106956482
10.185170412063599
10.383607864379883
10.21265697479248
10.458457231521606
10.236526727676392
10.055655717849731
10.150449752807617
10.569843053817749
10.33776569366455
10.251098394393921
10.027576923370361
10.294636726379395
10.622884035110474
10.44577956199646
10.47550916671753
10.40186357498169
10.372545719146729
10.512625694274902
10.458569765090942
10.257977962493896
10.405961275100708
10.316512823104858
10.320605993270874
10.456600189208984
10.487905025482178
10.330621719360352
10.347039222717285
10.339473962783813
10.420121431350708
10.422048568725586
10.328041076660156
10.323402881622314
10.467985391616821
10.38442325592041
10.278363227844238
10.412898540496826
10.380295038223267
10.20779538154602
10.475874185562134
10.478358745574951
10.343404293060303
10.484313488006592
10.549886226654053
10.36083459854126
10.576083421707153
10.52353310585022
10.515120506286621
10.47192120552063
10.475484609603882
10.319491624832153
10.391416311264038
10.489538431167603
10.461615324020386
10.492644786834717
10.405575513839722
10.544715881347656
10.431470394134521
10.500869035720825
10.585458278656006
10.514797687530518
10.54521894454956
10.468882083892822
10.434638500213623
10.459004878997803
10.549416780471802
10.572421312332153
10.509764432907104
10.388468503952026
10.469552516937256
10.559125661849976
10.544175624847412
10.580522537231445
10.344682455062866
10.591195344924927
10.523635149002075
10.515680074691772
10.510921001434326
10.522763729095459
10.39554476737976
10.395395755767822
10.358870267868042
10.44579792022705
10.394538402557373
10.409120082855225
10.28628396987915
10.584516763687134
10.595683336257935
10.597827434539795
10.534660816192627
10.330259323120117
10.525594472885132
10.533784866333008
10.469763994216919
10.701637029647827
10.588670492172241
10.605664730072021
10.535208225250244
10.46177339553833
10.366788148880005
10.616723775863647
10.431526899337769
10.459964513778687
10.622664451599121
10.53472352027893
10.491780757904053
10.41084599494934
10.415199518203735
10.446473598480225
10.520753860473633
10.612821102142334
10.464732646942139
10.648720026016235
10.523903369903564
10.499700784683228
10.70688772201538
10.495156049728394
10.45389699935913
10.45352554321289
10.678297758102417
10.386614561080933
10.55711054801941
10.507546424865723
10.528303384780884
10.551112174987793
10.512546062469482
10.525350332260132
10.339345693588257
10.679066181182861
10.559449911117554
10.45290732383728
10.397793769836426
10.566642045974731
10.185927391052246
10.400821208953857
10.477639436721802
10.385717630386353
10.520575761795044
10.42808198928833
10.574474573135376
10.183249473571777
10.598438262939453
10.571701049804688
10.615732908248901
10.288536548614502
10.456277847290039
10.577861070632935
10.593208074569702
10.687673568725586
10.468703508377075
10.422932147979736
10.523601293563843
10.575936555862427
10.607081890106201
10.52549409866333
10.739051580429077
10.488822221755981
10.577490091323853
10.590856790542603
10.57487154006958
10.692070722579956
10.346864223480225
10.738693714141846
10.444334268569946
10.447175741195679
10.653815269470215
10.356591939926147
10.480640411376953
10.545134782791138
10.612581729888916
10.445691585540771
10.457834482192993
10.59727168083191
10.442380905151367
10.659062385559082
10.55883264541626
10.60713243484497
10.461668729782104
10.557456016540527
10.463804006576538
10.479079008102417
10.488576889038086
10.437345743179321
10.35204291343689
10.524699926376343
10.402822494506836
10.400282144546509
10.455182313919067
10.561972379684448
10.491907119750977
10.64566421508789
10.230842351913452
10.685748100280762
10.55788278579712
10.483531951904297
10.581087112426758
10.507784843444824
10.639811754226685
11.182340383529663
10.584673881530762
10.663869857788086
10.62188172340393
10.543187856674194
10.587821006774902
10.515435218811035
10.622941732406616
10.529914140701294
10.617995023727417
10.669753313064575
10.378108263015747
10.463678359985352
10.505891561508179
10.477779865264893
10.550415992736816
10.426065683364868
10.583035469055176
10.57272219657898
10.499152183532715
10.321330785751343
10.592077255249023
10.194894075393677
10.417827129364014
10.49738335609436
10.517764568328857
10.288529872894287
10.511300802230835
10.369764566421509
10.418052434921265
10.639563083648682
10.471739530563354
10.589820861816406
10.436291933059692
10.600929021835327
10.413562297821045
10.411296844482422
10.492926836013794
10.411404609680176
10.272686004638672
10.43083643913269
10.545387983322144
10.450676202774048
10.32660984992981
10.537883520126343
10.657897472381592
10.565976619720459
10.392089605331421
10.584956884384155
10.575237512588501
10.618783950805664
10.672532081604004
10.53974723815918
10.38502836227417
10.510798215866089
10.351899147033691
10.70500922203064
10.565144300460815
10.559813499450684
10.488347053527832
10.396127939224243
10.647534608840942
10.627346992492676
10.576319932937622
10.505236625671387
10.511473894119263
10.498964071273804
10.561867713928223
10.768445253372192
10.566352844238281
10.31859827041626
10.429791927337646
10.501769542694092
10.480526685714722
10.556681632995605
10.585761070251465
10.512266635894775
10.634265899658203
10.368607759475708
10.454697370529175
10.316768646240234
10.563342094421387
10.69530725479126
10.504786968231201
10.344726324081421
10.715784311294556
10.644333839416504
10.59794306755066
10.684633016586304
10.535817384719849
10.584861993789673
10.539920330047607
10.611913681030273
10.31973910331726
10.477121114730835
10.486913919448853
10.703771114349365
10.488941431045532
10.616753578186035
10.67539668083191
10.620222091674805
10.56479787826538
10.273693799972534
10.477884769439697
10.425584077835083
10.653817176818848
10.265827894210815
10.535670757293701
10.224279403686523
10.437963962554932
10.5321683883667
10.197258234024048
10.18024230003357
10.081151962280273
10.143209218978882
10.138204097747803
10.121187686920166
10.252309322357178
10.315365314483643
10.17924189567566
10.289341688156128
9.974055051803589
10.092162132263184
10.241298198699951
10.161225318908691
9.915001392364502
10.15421748161316
9.981061697006226
10.009088277816772
10.281335353851318
10.200260877609253
10.013092279434204
10.352398872375488
10.462498188018799
10.578603982925415
10.259314060211182
10.303354263305664
10.388432025909424
10.371415376663208
10.382426977157593
10.428467750549316
10.135201454162598
10.362407445907593
10.320370197296143
10.279332399368286
9.910998821258545
10.132199048995972
10.296347379684448
10.263318061828613
10.249305248260498
10.245300531387329
10.260315418243408
10.35139775276184
10.408450841903687
10.310359716415405
10.469504833221436
10.26632046699524
10.083154201507568
10.251306772232056
10.009087562561035
10.31536602973938
10.36941409111023
10.039114952087402
10.344391822814941
10.216274738311768
10.308358669281006
10.31636667251587
10.04411792755127
10.151216506958008
10.279331922531128
10.130197048187256
9.965047121047974
10.364409923553467
10.333381414413452
10.330379009246826
10.142207860946655
10.331379413604736
10.005082845687866
10.314363956451416
10.37441897392273
10.480515241622925
10.270325422286987
10.539568662643433
10.523554563522339
10.159223318099976
10.575601577758789
10.502534866333008
10.228285074234009
10.44748330116272
10.320370435714722
10.199259519577026
10.343390941619873
10.365408420562744
10.377422332763672
10.39643931388855
10.089159965515137
10.252307653427124
10.296349287033081
10.055128812789917
10.299349784851074
10.317365884780884
10.14020562171936
10.344390869140625
10.31836748123169
10.330378293991089
10.505537748336792
10.265319108963013
10.280334234237671
10.36340856552124
9.984064102172852
9.984063863754272
10.195256471633911
10.37541937828064
10.244300842285156
10.300350904464722
10.176238775253296
10.217276334762573
10.3203706741333
9.993072032928467
10.263317823410034
10.250305891036987
10.229286193847656
10.283336400985718
10.383427143096924
10.068140029907227
10.198258876800537
10.303354024887085
10.002081394195557
9.896984577178955
10.144211053848267
10.333381652832031
10.342389106750488
10.16122555732727
10.17023253440857
10.172234773635864
10.267322063446045
10.168231725692749
10.36941409111023
10.260315418243408
10.195256233215332
9.881971597671509
10.01809549331665
10.28233528137207
10.296347856521606
10.238295316696167
10.021098136901855
10.194255828857422
9.940024137496948
10.215274095535278
10.173236608505249
10.340388774871826
10.380423069000244
10.056128740310669
10.204264163970947
10.488521337509155
10.21827745437622
10.180241823196411
10.051125049591064
10.100170135498047
9.920006275177002
10.252307891845703
10.103172779083252
10.280333995819092
10.266319036483765
10.376420974731445
10.580605745315552
10.272326469421387
10.136203050613403
10.343390464782715
10.297348976135254
10.346392393112183
10.364408731460571
10.122188329696655
10.044117212295532
10.164228200912476
10.1912522315979
10.106175422668457
10.106175184249878
10.135201215744019
10.151216268539429
10.228285789489746
10.16322636604309
10.035110712051392
10.130197286605835
10.164228200912476
10.248303651809692
10.067138910293579
10.465511083602905
9.829382419586182
10.331063032150269
10.1128408908844
10.325047254562378
10.115844011306763
10.048776865005493
10.084813117980957
9.845580816268921
10.103832483291626
10.022753477096558
9.904639482498169
10.35608696937561
10.016746759414673
10.309032440185547
10.17289924621582
10.237962007522583
10.05878758430481
10.264990091323853
10.1228506565094
10.150878190994263
10.242968320846558
10.165892362594604
10.055784940719604
9.9626944065094
10.218944311141968
9.994727373123169
10.165892601013184
10.114842891693115
9.324073314666748
9.74248194694519
10.066795587539673
10.246971607208252
10.246971607208252
10.148874044418335
10.157884359359741
10.187913656234741
10.08181095123291
9.750487327575684
10.025754928588867
10.070798397064209
10.255979537963867
10.26498818397522
10.21093463897705
10.138864994049072
10.219945192337036
10.074804544448853
10.20292854309082
10.154881000518799
10.109838247299194
10.088816165924072
10.17690396308899
10.40512466430664
10.033762693405151
9.917649984359741
10.308030843734741
10.229955196380615
10.172898769378662
10.216942071914673
10.218943357467651
10.126853466033936
10.017749547958374
9.835571527481079
10.148876667022705
9.984715461730957
10.163891315460205
10.143869876861572
10.0427725315094
10.130857706069946
10.190917015075684
10.207934141159058
10.100828886032104
10.185912370681763
10.251977443695068
10.185911655426025
10.222947835922241
10.215938329696655
10.023754119873047
10.03276252746582
10.113842487335205
10.155883550643921
10.17790412902832
10.09982943534851
9.938671588897705
10.267991542816162
10.283006429672241
10.163890600204468
10.065795660018921
10.079808950424194
10.125852584838867
10.120849609375
10.153879404067993
10.145872592926025
10.040771007537842
10.095824003219604
10.089781284332275
10.091643571853638
10.262806415557861
9.958515167236328
9.862423658370972
10.261805772781372
9.83639907836914
9.519095659255981
9.609181642532349
9.804367303848267
9.96652340888977
10.389928102493286
9.868430614471436
9.95451283454895
10.024578094482422
9.998554706573486
10.398945808410645
10.007561683654785
10.123673677444458
10.170718669891357
10.24979281425476
10.076627016067505
9.827388286590576
10.103653192520142
10.074627161026001
10.279821634292603
10.261805772781372
10.079630136489868
9.807371139526367
9.88344407081604
10.344884872436523
10.224769353866577
10.170718431472778
10.07762861251831
10.196741104125977
10.26680874824524
10.06962251663208
10.214760065078735
10.403940916061401
10.017572402954102
9.892452478408813
9.923482894897461
10.070622682571411
10.265809297561646
10.258801460266113
10.220766305923462
9.821385383605957
10.14669418334961
10.237782716751099
10.06561827659607
10.288831233978271
10.20775294303894
10.287830829620361
10.511044263839722
10.206751108169556
10.330871343612671
10.389928340911865
10.154703140258789
10.181729078292847
9.930489540100098
10.182728052139282
10.331871509552002
9.990544557571411
10.117666244506836
9.877439498901367
9.95050859451294
10.062615394592285
10.14369010925293
10.259803533554077
10.122672319412231
10.24679160118103
10.076626777648926
10.030584335327148
10.101653337478638
10.298840045928955
10.271815538406372
10.271814584732056
10.175722599029541
10.0686194896698
10.085637331008911
10.135684967041016
10.17071795463562
10.209757328033447
10.107657432556152
10.24478793144226
10.173721075057983
10.267811298370361
10.087640285491943
9.935493469238281
10.34088134765625
10.064616918563843
10.282825231552124
10.296839237213135
10.176723003387451
10.097643613815308
10.173615455627441
10.363782167434692
10.016443729400635
9.960393190383911
10.156577587127686
10.355774402618408
10.187605381011963
10.113536357879639
10.238652467727661
10.195614099502563
9.963395833969116
10.11553692817688
9.891327142715454
10.145566940307617
10.062489986419678
9.997426986694336
10.375783920288086
10.074505805969238
9.87731146812439
9.830268144607544
10.051477909088135
10.238653898239136
10.362771272659302
10.257672309875488
10.425830841064453
10.229644775390625
10.054481744766235
9.8713059425354
10.125547647476196
10.097521305084229
10.250664710998535
10.370778799057007
10.117541313171387
10.059486865997314
10.332743644714355
10.199617147445679
10.025452852249146
10.033460855484009
10.137557744979858
10.269683122634888
10.146567106246948
10.25867247581482
10.073498487472534
10.070496797561646
10.120542049407959
9.939371347427368
10.263679027557373
10.219635486602783
10.147568941116333
10.203622341156006
10.119542121887207
10.113536834716797
10.058483600616455
10.405812501907349
10.257673501968384
10.209627866744995
10.033460140228271
10.22564148902893
10.090514659881592
10.147568702697754
10.087511777877808
10.217634439468384
10.387794733047485
10.494895696640015
10.419835567474365
9.856293201446533
10.222639083862305
10.137559413909912
10.175593852996826
10.152572393417358
10.271685600280762
9.640089750289917
9.647096633911133
9.338805675506592
9.690136432647705
9.657104969024658
9.506963968276978
9.413875818252563
9.772215843200684
9.426889657974243
9.636085987091064
9.650100469589233
9.574028015136719
9.714160442352295
9.441902875900269
9.730175018310547
9.473933458328247
9.378843545913696
9.259732723236084
9.514972448348999
9.33780550956726
9.503963232040405
9.425888299942017
9.48694634437561
9.75918436050415
9.403782606124878
9.690047264099121
9.668028354644775
9.524894952774048
9.71207046508789
9.558926105499268
9.827178239822388
9.705063343048096
9.469843626022339
9.568935871124268
9.43080735206604
9.56393051147461
9.657017469406128
9.40278172492981
9.305690050125122
9.583950757980347
9.511882305145264
9.461835622787476
9.670029401779175
9.659020900726318
9.392771244049072
9.408786535263062
9.365745306015015
9.670030117034912
9.308692932128906
9.384764909744263
9.544914484024048
9.754108905792236
9.503875732421875
9.363744258880615
9.235625267028809
9.301685571670532
9.673033475875854
9.590956687927246
9.448823690414429
9.578944206237793
9.325708866119385
9.547916889190674
9.652013301849365
8.947356224060059
8.88029408454895
8.778196811676025
8.919330596923828
8.81623363494873
8.65908670425415
8.795214176177979
8.879292249679565
9.056457042694092
9.11351227760315
8.767187595367432
9.109506368637085
8.790209770202637
9.03343653678894
8.943352937698364
9.029431819915771
8.718140840530396
8.790210247039795
8.862276077270508
8.829245328903198
8.721144199371338
8.847259283065796
8.838253021240234
8.803222179412842
8.614044189453125
9.028430938720703
9.02943229675293
8.891302585601807
8.451894283294678
8.782201290130615
8.786205768585205
8.932340621948242
8.635063409805298
9.065465211868286
8.81423020362854
8.764184713363647
9.028430461883545
8.764185905456543
8.950357913970947
9.10750675201416
8.734156370162964
8.72514820098877
8.586017608642578
8.718141317367554
8.832247972488403
8.692116975784302
8.897308826446533
8.939347267150879
8.54497766494751
8.786205530166626
8.93734622001648
8.721144437789917
8.718141555786133
8.837252378463745
8.8002188205719
8.814231872558594
9.008406400680542
8.92928171157837
8.820180892944336
9.057401418685913
8.683053731918335
8.903258562088013
8.646018981933594
8.517902374267578
8.926279783248901
9.00535273551941
8.870227336883545
8.970319986343384
8.889244318008423
8.804166316986084
8.614989995956421
8.778141975402832
8.78915023803711
8.736102104187012
8.633007526397705
8.89024543762207
8.607983112335205
8.888243436813354
8.747114181518555
8.648020505905151
8.769133806228638
8.782145977020264
8.735102891921997
8.784146785736084
8.90025544166565
8.855211734771729
8.56794810295105
8.608986139297485
8.99233865737915
8.861218690872192
8.9673171043396
9.004351377487183
9.873156547546387
9.288613319396973
8.980328798294067
8.489874124526978
8.712080240249634
8.154561281204224
8.826185464859009
8.182590246200562
8.169576168060303
8.211616277694702
8.112525224685669
8.115526676177979
8.029447555541992
7.995415687561035
7.976397514343262
8.05346965789795
8.323720932006836
8.217622756958008
7.847278118133545
8.208613872528076
8.38377594947815
7.778213739395142
7.739178657531738
8.06447958946228
7.974396467208862
7.947371482849121
8.038459300994873
8.108526945114136
8.259661674499512
8.20260739326477
7.926351070404053
8.206612825393677
7.950374126434326
8.034452199935913
8.028446197509766
8.215620040893555
8.140549898147583
8.230632781982422
7.970392465591431
7.222697973251343
7.506963014602661
7.44390344619751
7.690131425857544
7.586035251617432
7.54699969291687
7.500957012176514
7.581030607223511
7.209687232971191
7.308781385421753
7.346813678741455
7.394859313964844
7.492949962615967
7.292763710021973
7.523979902267456
7.387852191925049
7.333801507949829
7.421882629394531
7.251726150512695
7.4529125690460205
7.5259833335876465
7.202681541442871
7.330798864364624
7.331773281097412
7.4368627071380615
7.534952640533447
7.483904838562012
7.58800196647644
7.49992036819458
7.3968260288238525
7.760162115097046
7.403832912445068
7.554972171783447
7.401830196380615
7.526946544647217
7.432857036590576
7.311747074127197
7.558978796005249
7.320756435394287
7.510931491851807
7.265706300735474
7.459884881973267
7.402830123901367
7.36579704284668
7.610023498535156
7.419847011566162
7.362794637680054
7.599012613296509
7.677088260650635
7.419846773147583
7.463887691497803
7.321756601333618
7.742144346237183
7.605016469955444
7.205650329589844
7.495920419692993
7.232674598693848
7.657065391540527
7.403831481933594
7.601014137268066
7.217660427093506
7.657066106796265
7.627038240432739
7.156603813171387
7.275714159011841
7.385815143585205
7.163609981536865
7.05350923538208
7.187632083892822
7.306742191314697
7.249690532684326
7.387816905975342
7.565980911254883
7.3057427406311035
7.629040718078613
7.3017377853393555
7.372803688049316
7.385815382003784
7.291728734970093
7.57699179649353
7.510928630828857
7.38681697845459
7.500921726226807
7.442870140075684
7.2927281856536865
7.318753957748413
7.4548797607421875
7.389820575714111
7.157604932785034
7.574990749359131
7.203646898269653
7.431857585906982
7.4718945026397705
7.1816253662109375
7.462886810302734
7.489912033081055
7.161607980728149
7.516937732696533
7.482906103134155
7.500921010971069
7.445871114730835
7.350782871246338
7.354785680770874
7.36880087852478
7.370803356170654
7.248688697814941
7.305742502212524
7.4789018630981445
7.2236669063568115
7.608020305633545
7.334768772125244
7.61102294921875
7.503925085067749
7.2216637134552
7.613025188446045
7.423850059509277
7.390820026397705
7.359791994094849
7.6520609855651855
7.378809213638306
7.135585784912109
7.53093409538269
7.3627707958221436
7.396800994873047
7.214633941650391
7.490888833999634
7.476874828338623
7.452852725982666
7.643028736114502
7.2006213665008545
7.339748859405518
7.501898288726807
7.384792327880859
7.263679504394531
7.411814451217651
7.239656686782837
7.332742214202881
7.435838460922241
7.689071178436279
7.102530479431152
7.34375262260437
7.664046764373779
7.624010324478149
7.428832530975342
7.582973003387451
7.216635704040527
7.168590784072876
7.441843271255493
7.2096288204193115
7.462862730026245
7.59598445892334
7.378784656524658
7.40580940246582
7.704084157943726
7.15457820892334
7.41481876373291
7.234652280807495
7.097527027130127
7.36076807975769
7.371777772903442
7.561954498291016
7.435837745666504
7.507903099060059
7.443844556808472
7.39479923248291
7.310723066329956
7.348756790161133
7.423825263977051
7.250668048858643
7.458858251571655
7.288702726364136
7.450851202011108
7.636021137237549
7.186614751815796
7.499895811080933
7.563955307006836
7.380787134170532
6.955395460128784
7.3017144203186035
7.329739332199097
7.530923843383789
7.299712181091309
7.240657806396484
7.234652757644653
7.306720972061157
7.303715229034424
7.338748216629028
7.335745573043823
7.152576923370361
7.0875160694122314
7.232650995254517
7.616002798080444
7.250667572021484
7.20462441444397
7.243660926818848
7.518915176391602
7.434837102890015
7.126553058624268
7.270686149597168
7.1946165561676025
7.425829172134399
7.252668857574463
7.400805473327637
7.590980052947998
7.444845914840698
7.142566919326782
7.4638636112213135
7.186608076095581
7.698078393936157
7.601987600326538
7.486884593963623
7.400805473327637
7.480879068374634
7.404809236526489
7.593983173370361
7.572963714599609
7.394799470901489
7.561952114105225
7.446842670440674
7.324719190597534
7.517894744873047
7.390784978866577
7.312709093093872
7.5779502391815186
7.520898818969727
7.573945760726929
7.488869667053223
7.589961290359497
7.3377299308776855
7.398785829544067
7.515893220901489
7.487867832183838
7.853203535079956
7.568941593170166
7.619988679885864
7.5779502391815186
7.686048746109009
7.471853494644165
7.504882097244263
7.424809455871582
7.5399158000946045
7.578951597213745
7.399787664413452
7.59997034072876
7.601972341537476
7.3847737312316895
7.368757963180542
7.410796642303467
7.516898155212402
7.259657382965088
7.542918920516968
7.496874094009399
7.724083423614502
7.590960502624512
7.4868669509887695
7.57694935798645
7.464846611022949
7.471853494644165
7.429815292358398
7.539916276931763
7.556931018829346
7.436820983886719
7.364754915237427
7.41980504989624
7.365755796432495
7.567941427230835
7.439823865890503
7.566939830780029
7.481863260269165
7.505884885787964
7.661026239395142
7.524902820587158
7.314710378646851
7.649014949798584
7.3937811851501465
7.495875120162964
7.512891054153442
7.584955215454102
7.593964099884033
7.5539281368255615
7.409796476364136
7.4788596630096436
7.4728546142578125
7.666029930114746
7.716078281402588
7.437822580337524
7.401788949966431
7.411797046661377
7.647014141082764
7.6490161418914795
7.350741624832153
7.442827224731445
7.562937498092651
7.539916276931763
7.514891862869263
7.389777898788452
7.5479230880737305
7.568941831588745
7.314709901809692
7.450834274291992
7.489869832992554
7.398785591125488
7.573946714401245
7.652019500732422
7.577950716018677
7.538915395736694
7.444828987121582
7.621991157531738
7.523900508880615
7.5319085121154785
7.16757345199585
7.39277982711792
7.302698850631714
7.3127076625823975
7.507885932922363
7.46783709526062
7.598955869674683
7.440812349319458
7.3667449951171875
7.531895160675049
7.481849193572998
7.521888256072998
7.490858554840088
7.6339874267578125
7.376753330230713
7.645003318786621
7.868203639984131
