Timing log for each step:
0.010011911392211914
10.398894548416138
10.183987379074097
10.105910778045654
10.234027624130249
10.143187999725342
10.265938997268677
10.221815586090088
10.141068696975708
10.1537024974823
10.240269422531128
10.20507264137268
10.14715313911438
10.137388467788696
10.135499238967896
10.236582279205322
10.237082242965698
10.291796207427979
10.213653326034546
10.168149471282959
10.330383539199829
10.400458812713623
9.518669128417969
8.992459535598755
8.950964212417603
8.877888917922974
9.029495239257812
10.16132378578186
10.345324277877808
10.259012460708618
10.323199987411499
10.353464603424072
10.420152425765991
10.464187860488892
10.304736852645874
10.46649432182312
10.228184461593628
10.256331443786621
10.46912693977356
10.370911359786987
10.296509027481079
10.252430200576782
10.262556791305542
10.304488897323608
10.288818120956421
9.942089080810547
9.894687414169312
9.937700510025024
9.776161432266235
9.197879314422607
9.152247190475464
9.973772287368774
9.814862489700317
9.91611361503601
9.861536502838135
10.028183460235596
9.885939359664917
9.280214786529541
9.391037940979004
9.320019960403442
9.443734169006348
9.270539283752441
9.442806482315063
9.47750449180603
9.671870470046997
9.782216548919678
9.604534149169922
9.638585567474365
9.709083080291748
9.69107460975647
9.520535230636597
9.731107473373413
9.714022636413574
9.62128734588623
9.568872928619385
9.45041012763977
9.528392791748047
9.614522695541382
9.757223844528198
9.52440881729126
9.72900915145874
9.593303918838501
9.53069519996643
9.66652774810791
9.667307376861572
9.572787761688232
9.610738039016724
9.357873916625977
9.706539630889893
9.678558826446533
9.707292795181274
9.656075477600098
9.603599786758423
9.658486127853394
9.67618441581726
9.630088806152344
9.551746845245361
9.70995306968689
9.599827527999878
9.776021003723145
9.701392889022827
9.495826005935669
9.892086744308472
9.522587537765503
9.656295537948608
9.668159246444702
9.760424137115479
9.595157384872437
9.624652862548828
9.687639951705933
9.708940029144287
9.724940776824951
9.559965133666992
9.661550760269165
9.648712873458862
9.574498176574707
9.510422229766846
9.654216766357422
9.676214933395386
9.610167264938354
9.507248401641846
9.639553785324097
9.581596374511719
9.633406639099121
9.59245491027832
9.633683919906616
9.72698450088501
9.516262769699097
9.647266387939453
9.55008339881897
9.770318031311035
9.671588897705078
9.584303379058838
9.770558595657349
9.70124888420105
9.618189573287964
9.62367033958435
9.603452682495117
9.69010329246521
9.695598840713501
9.757970094680786
9.798438549041748
9.698477983474731
9.788471937179565
9.574044704437256
9.623357772827148
9.65220594406128
9.837982416152954
9.775957584381104
9.89457392692566
9.7051522731781
10.281269073486328
10.221834659576416
10.360224962234497
9.383663415908813
9.861326694488525
10.158881425857544
10.364984035491943
9.7372305393219
10.314960956573486
10.398154973983765
10.518710374832153
10.329418420791626
10.15762996673584
9.986764430999756
10.284936666488647
10.233866453170776
10.317116737365723
10.435057163238525
10.334705591201782
10.330984115600586
10.29334020614624
10.362313270568848
10.38926911354065
10.215087175369263
10.371077299118042
10.438029289245605
10.339301824569702
10.355500936508179
10.40691590309143
10.463173627853394
10.527262449264526
10.582292556762695
10.533905982971191
10.513142347335815
10.339346170425415
10.254460334777832
10.323357343673706
10.537658214569092
10.406774520874023
10.488958835601807
10.527944803237915
10.30615496635437
10.383477926254272
10.383299827575684
10.458008289337158
10.476447820663452
10.483524084091187
10.61192774772644
9.809309005737305
10.443286418914795
10.576366662979126
10.332839727401733
9.78058934211731
10.520267963409424
10.48310399055481
10.27790904045105
10.548186302185059
10.38704800605774
10.451526641845703
10.47566843032837
10.577604055404663
10.499226331710815
10.563343524932861
10.398508787155151
10.550978422164917
10.650459051132202
10.49129581451416
10.465879201889038
10.443488359451294
10.511415481567383
10.499054431915283
10.557276725769043
10.515574932098389
10.365952253341675
10.462404012680054
10.458227634429932
10.47472882270813
10.444303035736084
10.428812980651855
10.39497971534729
10.336636304855347
10.433691501617432
10.345730066299438
10.56821870803833
10.26905107498169
10.372623920440674
10.478733777999878
10.315667867660522
10.810215711593628
10.476056098937988
10.486034393310547
10.368359327316284
10.350367307662964
10.393333435058594
10.405546188354492
10.405587911605835
10.405113220214844
10.452796459197998
10.287458658218384
10.485882997512817
10.363519430160522
10.478994607925415
10.448570251464844
10.514866352081299
10.351724863052368
10.416418075561523
10.426282167434692
10.458372592926025
10.451459884643555
10.411135911941528
10.380857706069946
10.431145191192627
10.563058853149414
10.466524362564087
10.42207670211792
10.490166664123535
10.277734994888306
10.490530729293823
10.49297547340393
9.528151273727417
