Timing log for each step:
0.01701521873474121
5.544633388519287
5.505270004272461
5.571151971817017
5.4732279777526855
5.610482931137085
5.549561977386475
5.5081000328063965
5.628265380859375
5.493514537811279
5.537307500839233
5.54405951499939
5.453839302062988
5.55738377571106
5.532082796096802
5.533596038818359
5.49152135848999
5.601111650466919
5.54761266708374
5.616285562515259
5.6626877784729
5.475493907928467
5.480462551116943
5.577158212661743
5.534084796905518
5.590152740478516
5.548223972320557
5.467940807342529
5.484510898590088
5.514642953872681
5.549135446548462
5.49657416343689
5.534043788909912
5.575631141662598
5.509437561035156
5.517076015472412
5.5436975955963135
5.600353717803955
5.550817489624023
5.492517948150635
5.524262189865112
5.4433159828186035
5.458899974822998
5.44628643989563
5.546126127243042
5.649102687835693
5.498514890670776
5.53820538520813
5.5468361377716064
5.542879581451416
5.593173265457153
5.513025999069214
5.536073923110962
5.574941158294678
5.618977785110474
5.542632102966309
5.501897811889648
5.632133483886719
5.535837650299072
5.537055253982544
5.566432237625122
5.6684043407440186
5.683570384979248
5.460407257080078
5.501009941101074
5.717138051986694
5.530662536621094
5.48441219329834
5.51452898979187
5.640878438949585
5.587593078613281
5.669620990753174
5.610474586486816
5.582565069198608
5.617999076843262
5.60438084602356
5.662334680557251
5.551260709762573
5.630960702896118
5.5383241176605225
5.668851613998413
5.590547323226929
5.567581653594971
5.864694833755493
5.765122652053833
5.573529481887817
5.641064405441284
5.621028900146484
5.520906686782837
5.6449055671691895
5.549261808395386
5.616174936294556
5.623985052108765
5.668102741241455
5.489213466644287
5.64261269569397
5.479149341583252
5.587998867034912
5.463221549987793
5.517396688461304
5.539535760879517
5.642351388931274
5.576083421707153
5.568230152130127
5.60994029045105
5.557321310043335
5.574560165405273
5.6432623863220215
5.570175886154175
5.525130987167358
5.657980442047119
5.64663290977478
5.539488792419434
5.532544851303101
5.752283334732056
5.736567258834839
5.616631507873535
5.538766860961914
5.731775999069214
5.555482864379883
5.640182018280029
5.791340112686157
5.52901554107666
5.713198900222778
5.573825120925903
5.663182735443115
5.577831983566284
5.612394571304321
5.806220054626465
5.82316780090332
5.601546049118042
5.696045160293579
5.563071012496948
5.55667781829834
5.659033536911011
5.563065767288208
5.844271421432495
5.546873569488525
5.681053876876831
5.795283555984497
5.767197132110596
5.499603986740112
5.813567876815796
5.590580463409424
5.641170263290405
5.60762357711792
5.781940221786499
5.462326526641846
5.587688207626343
5.774066209793091
5.563299894332886
5.602309703826904
5.553471565246582
5.712667226791382
5.920974969863892
6.146212100982666
5.756701946258545
5.581043004989624
5.604136228561401
5.6285741329193115
5.81978964805603
5.625739812850952
5.655665159225464
5.803849697113037
5.790379524230957
5.869732141494751
5.621797323226929
5.604102373123169
5.6057398319244385
5.608022451400757
5.6921820640563965
5.550826072692871
5.685614824295044
5.568378448486328
5.547428607940674
5.49500584602356
5.6136274337768555
5.5785322189331055
5.7697978019714355
5.519461393356323
5.558037519454956
5.525800704956055
5.648576974868774
5.626444578170776
5.548671007156372
5.826183319091797
5.816814422607422
5.637558698654175
5.539749383926392
5.71574330329895
5.689887762069702
5.722078323364258
5.779051303863525
5.755272388458252
5.549678564071655
5.666580677032471
5.684054613113403
5.811520576477051
5.55094575881958
5.601855278015137
5.758141040802002
5.8982627391815186
5.677419424057007
5.798325538635254
5.625964403152466
5.708281517028809
5.7978434562683105
5.523224353790283
5.702762603759766
5.642153024673462
5.614035367965698
5.790212631225586
5.650609493255615
5.624645948410034
5.602100849151611
5.75171160697937
5.544956922531128
5.58812141418457
5.607721567153931
5.625854253768921
5.621665954589844
5.665250778198242
5.612958908081055
5.635635137557983
5.610144138336182
5.768202781677246
5.7197840213775635
5.568727493286133
5.55672025680542
5.665581941604614
5.550482988357544
5.539383411407471
5.544457197189331
5.493509531021118
5.615681171417236
5.63313364982605
5.5759758949279785
5.675457239151001
5.562572479248047
5.692196607589722
5.691761016845703
5.6501359939575195
5.507614850997925
5.6116111278533936
5.592425346374512
5.667616367340088
5.65598464012146
5.575122594833374
5.576781988143921
5.584606170654297
5.622119188308716
5.597237586975098
5.590980052947998
5.606100082397461
5.57585072517395
5.697632551193237
5.580079078674316
5.592124700546265
5.599112272262573
5.697654724121094
5.752755403518677
5.9063122272491455
5.737991809844971
5.593627691268921
5.6142284870147705
5.692486524581909
5.628504991531372
5.686716318130493
5.635664939880371
5.6021058559417725
5.67527961730957
5.533549547195435
5.626016616821289
5.640401124954224
5.702337026596069
5.610256910324097
5.618865489959717
5.839534521102905
5.512575387954712
5.68853497505188
5.807840824127197
5.630699396133423
5.521538972854614
6.291182518005371
5.600400924682617
5.559975862503052
5.7053117752075195
5.694237947463989
6.135450601577759
5.659865140914917
5.822822332382202
5.714743614196777
5.592523813247681
5.568591356277466
5.547085285186768
5.834972858428955
5.67711329460144
5.6336517333984375
5.686680793762207
5.674827337265015
5.84675145149231
5.610107898712158
5.669097185134888
5.624099016189575
5.560569763183594
5.643488645553589
5.570263147354126
5.618995428085327
5.685961008071899
5.297786712646484
5.5376012325286865
5.621381044387817
5.606462240219116
5.519479036331177
5.6807701587677
5.652174711227417
5.5828857421875
5.825311183929443
5.519554138183594
5.434307098388672
5.594993591308594
5.643347263336182
5.660964488983154
5.642002582550049
5.579688549041748
5.502128601074219
5.5591254234313965
5.467872381210327
5.608617067337036
5.684436082839966
5.662116289138794
5.594960689544678
5.514528036117554
5.804154872894287
5.7366533279418945
5.613071441650391
5.514414548873901
5.55621075630188
5.610640048980713
5.630567312240601
5.550564527511597
5.596398115158081
5.557494163513184
5.58649468421936
5.695717096328735
5.5905821323394775
5.940726041793823
5.7186689376831055
5.559248685836792
5.534464120864868
5.852364778518677
5.891751766204834
5.548726797103882
5.817678928375244
5.868405818939209
5.562915563583374
5.415788173675537
5.398804426193237
5.609553337097168
5.628099203109741
5.898979663848877
5.64303183555603
5.546275615692139
5.8098719120025635
5.420373439788818
5.5625646114349365
5.504852533340454
5.685068368911743
5.729784250259399
5.951467990875244
5.689056634902954
5.563600301742554
5.609385967254639
5.593824625015259
5.713660478591919
5.79082465171814
5.553240776062012
5.513940334320068
5.580513954162598
5.693274259567261
5.9200098514556885
5.5865397453308105
5.646583557128906
5.641647815704346
5.702353477478027
5.637064695358276
5.80371356010437
5.785434722900391
5.535907983779907
5.557979345321655
5.417438745498657
5.880880117416382
5.662207841873169
5.714646816253662
5.72974967956543
5.608009576797485
5.642577171325684
5.807819604873657
5.583596706390381
5.689582586288452
5.79810905456543
5.668314456939697
5.599619150161743
5.583082675933838
5.835139036178589
5.777129650115967
5.732737064361572
5.7324535846710205
5.471167087554932
5.646995782852173
5.632492303848267
5.4823431968688965
5.878901958465576
5.43394660949707
5.520475387573242
5.9147210121154785
5.628569841384888
5.602099895477295
5.8291847705841064
5.480987787246704
5.604247093200684
5.686984300613403
5.607661962509155
5.749070882797241
5.434093713760376
5.6495888233184814
5.672401189804077
5.622387409210205
5.585602045059204
5.736243486404419
5.655908584594727
5.7156336307525635
5.610619783401489
5.498489141464233
5.686293363571167
5.616775274276733
5.604867219924927
5.699934482574463
5.586612224578857
5.597631216049194
5.601886510848999
5.600950717926025
6.115391492843628
6.071255683898926
5.628125429153442
5.730893850326538
5.570436954498291
5.606878042221069
5.550568580627441
5.896373271942139
5.601001977920532
5.688779830932617
5.745358467102051
5.507018327713013
5.5971455574035645
5.857996702194214
5.644733428955078
5.577077388763428
5.501786470413208
5.778744459152222
5.807879209518433
5.61845064163208
5.8075947761535645
5.5393030643463135
5.496520757675171
5.801042079925537
5.540471076965332
5.593527555465698
5.798231840133667
5.573552846908569
5.483215570449829
5.814049005508423
5.629595041275024
5.713721990585327
5.622323274612427
5.523547172546387
5.768127679824829
5.566590785980225
5.689732313156128
5.814206123352051
5.543041467666626
5.6058783531188965
5.951498746871948
5.624017238616943
5.509722948074341
5.828028440475464
5.667771577835083
5.679748773574829
5.835527181625366
5.593487977981567
5.557191848754883
6.015993118286133
5.64590048789978
5.514483213424683
5.942627906799316
5.868250131607056
5.796808242797852
5.6103620529174805
5.550520420074463
5.97040581703186
5.554193735122681
5.622860670089722
5.69745659828186
5.9774816036224365
5.772878408432007
5.485087156295776
5.946849346160889
5.647679567337036
5.648404598236084
5.993075370788574
5.820511102676392
5.62764310836792
5.735525846481323
5.631357431411743
6.002790451049805
5.883354425430298
5.959872007369995
5.744061231613159
5.7344160079956055
5.52216649055481
5.873487234115601
5.629431247711182
5.5284552574157715
6.01698112487793
5.695167064666748
5.697056293487549
5.948951005935669
5.6515052318573
5.531994819641113
5.642733573913574
5.7857911586761475
5.6323511600494385
5.819308757781982
5.775170803070068
5.525593519210815
5.66961932182312
5.88118577003479
5.502519845962524
5.718205213546753
6.025487422943115
5.410035610198975
5.538489103317261
6.062919616699219
5.6323769092559814
5.602968215942383
5.777647018432617
5.694986581802368
5.665097236633301
5.76608681678772
6.024284839630127
5.737444162368774
5.7781689167022705
5.749523401260376
5.802074670791626
5.53312349319458
5.621549129486084
5.84533953666687
5.428796768188477
5.67509913444519
5.940074682235718
5.674672365188599
5.611959457397461
5.921090602874756
5.567473649978638
5.634636163711548
5.581302165985107
5.660314321517944
5.689048528671265
5.563117265701294
5.717580795288086
5.570386171340942
5.545588970184326
5.682751655578613
5.907413721084595
5.648004055023193
5.5935773849487305
6.036640882492065
5.548239707946777
5.67961859703064
5.914674282073975
5.643326044082642
5.523335695266724
5.554020881652832
5.622807264328003
5.845379114151001
5.462902545928955
5.612989187240601
5.545563697814941
5.532529354095459
5.851280689239502
5.630998849868774
5.5445733070373535
5.9025843143463135
5.851229429244995
5.522089958190918
5.517957448959351
5.857111215591431
5.816198825836182
5.588149309158325
5.563461065292358
6.262110948562622
5.782454967498779
5.687673091888428
5.973902225494385
5.647714376449585
5.596611022949219
5.768250226974487
5.654685974121094
5.6379172801971436
5.943655252456665
5.875229358673096
5.692759990692139
5.674115419387817
6.021039962768555
5.989354848861694
5.646026849746704
5.622513771057129
5.775638103485107
6.08443808555603
5.796029090881348
5.705767869949341
5.677054166793823
5.901221990585327
5.8747453689575195
5.6536853313446045
5.5795862674713135
5.865515232086182
5.848442077636719
5.590082406997681
5.50901460647583
5.941673994064331
6.006876468658447
5.737231016159058
5.602931499481201
5.940299987792969
5.7787721157073975
5.582977771759033
5.600862979888916
5.957566499710083
5.923213958740234
5.6566174030303955
5.6928253173828125
5.570666074752808
5.86441445350647
5.606825590133667
5.7886340618133545
6.0083534717559814
5.94533371925354
5.431010484695435
5.612736701965332
5.883265972137451
5.921290397644043
5.7118308544158936
5.637641906738281
5.922235012054443
5.589812278747559
5.53148627281189
5.93969464302063
5.879332065582275
5.6770405769348145
5.491573810577393
5.8002848625183105
5.913383960723877
5.686762809753418
5.6355414390563965
5.963244915008545
5.795191526412964
5.5594799518585205
5.694730043411255
5.963571786880493
5.935898303985596
5.726010322570801
5.736311912536621
5.947383165359497
5.872486352920532
5.989719390869141
5.726819753646851
5.555935621261597
5.7065346240997314
5.8313164710998535
5.893228769302368
5.586986541748047
5.6025145053863525
6.220870494842529
6.2760889530181885
5.939851999282837
6.036346912384033
6.488636493682861
5.890645265579224
5.580895662307739
5.7116029262542725
5.809704542160034
6.201992750167847
5.991454124450684
5.799100637435913
6.200523138046265
5.968325614929199
5.780260801315308
5.95429801940918
6.321645021438599
6.1372740268707275
5.956421375274658
5.72659158706665
6.190111875534058
6.105138063430786
5.832308292388916
5.960820436477661
5.7056145668029785
5.706701278686523
5.922705173492432
5.806156635284424
5.636689901351929
5.750132083892822
5.74019455909729
5.656050205230713
5.624572038650513
5.860991477966309
5.867740869522095
5.520032644271851
5.681079387664795
5.806999921798706
6.016353368759155
5.705629110336304
5.659672737121582
5.563370943069458
5.697546720504761
5.882796764373779
5.614109754562378
5.731261968612671
5.511203289031982
6.046611070632935
5.8189921379089355
5.666039228439331
5.628810882568359
5.947214365005493
5.867223024368286
5.832733869552612
5.66967248916626
5.947021484375
5.879410028457642
5.632406711578369
5.616986274719238
5.657149076461792
5.629716873168945
5.774693727493286
5.827864170074463
5.630926132202148
5.857957601547241
5.435833692550659
5.510527849197388
5.727240085601807
5.852302312850952
5.740310907363892
5.5440993309021
5.832202434539795
5.901202917098999
5.798627614974976
5.8482677936553955
6.0073418617248535
5.747822046279907
5.7205798625946045
5.757350921630859
5.969689846038818
5.774456024169922
5.812897205352783
5.621142625808716
5.609487771987915
5.77784276008606
5.920374631881714
5.507079124450684
5.602886438369751
5.87720799446106
5.6901655197143555
5.583769083023071
5.687777519226074
5.9021875858306885
5.931398391723633
5.659441232681274
5.583968639373779
5.979388475418091
5.73827862739563
5.738932371139526
5.674680471420288
5.691399097442627
5.500408172607422
5.780248403549194
5.823601007461548
5.551480054855347
5.486900568008423
5.8466246128082275
5.7766969203948975
5.613982200622559
5.63201904296875
5.936163663864136
5.8679022789001465
5.5032799243927
5.5875420570373535
5.977880001068115
5.644603729248047
5.612046718597412
5.9858481884002686
5.97543740272522
5.659098386764526
5.588998794555664
5.617633104324341
5.775768041610718
5.850188732147217
5.53438138961792
5.629639387130737
5.960186004638672
5.916361570358276
5.560939311981201
5.630652189254761
5.652256727218628
5.643473386764526
5.585576772689819
6.032719373703003
5.571907043457031
5.95650839805603
5.862466096878052
5.64436936378479
5.580657005310059
5.759652137756348
5.894364356994629
5.621793746948242
5.627547979354858
5.986562728881836
5.882354974746704
5.564600944519043
5.774376392364502
5.868924379348755
5.555572509765625
5.671741962432861
5.567944526672363
5.657529830932617
5.776839256286621
5.855553388595581
5.962665319442749
5.727627754211426
5.662472724914551
5.668344497680664
5.813290357589722
5.7992775440216064
5.51702094078064
5.359879493713379
5.6871747970581055
5.799278020858765
5.501006603240967
5.509013652801514
5.491997957229614
5.51001238822937
5.6111063957214355
5.840314865112305
6.124574184417725
5.610105752944946
5.3028247356414795
5.832307577133179
5.582079887390137
5.379895210266113
6.049505710601807
5.769251346588135
5.403918266296387
5.756238698959351
5.755237340927124
5.3869030475616455
5.465975522994995
5.601097345352173
5.7702507972717285
5.494000434875488
5.431943416595459
5.747230529785156
5.552052974700928
5.646138668060303
5.415929317474365
5.768249034881592
6.0735273361206055
5.415929794311523
5.750234365463257
5.8022801876068115
5.40792179107666
5.538040399551392
5.814288139343262
5.495000839233398
5.53203558921814
6.1085593700408936
5.88936972618103
5.808286428451538
5.654145956039429
5.54004168510437
5.4299399852752686
5.5500500202178955
5.603099822998047
5.3738908767700195
6.094544410705566
5.679168939590454
5.638131380081177
6.015473365783691
5.525028228759766
5.4599690437316895
6.072525501251221
5.672161817550659
5.013564109802246
5.6791675090789795
5.58408260345459
5.4499592781066895
6.042508125305176
5.458966016769409
5.246774435043335
5.500006198883057
5.400914907455444
5.409923553466797
5.6000964641571045
5.384900331497192
5.464972972869873
5.587084531784058
5.355874061584473
5.372890949249268
5.529032230377197
5.511014938354492
5.7292139530181885
5.623116493225098
5.567065477371216
5.684173822402954
5.150687217712402
5.5520524978637695
5.425937175750732
5.442954063415527
5.369886636734009
5.622116327285767
5.766247510910034
5.441951513290405
5.3638832569122314
5.471979856491089
5.72020411491394
5.630124568939209
5.457966566085815
5.3138346672058105
5.353871822357178
5.511016368865967
5.472980737686157
5.470978736877441
5.508012056350708
5.689177989959717
5.4529640674591064
5.250778913497925
5.521023511886597
5.418932199478149
5.356874465942383
5.552052021026611
5.464972734451294
5.2247560024261475
5.579078674316406
5.793272256851196
5.367885112762451
5.416929006576538
5.671160459518433
5.598095893859863
5.449960231781006
5.585083961486816
5.444955587387085
5.353872776031494
5.642134189605713
5.538039207458496
5.475982427597046
5.506011486053467
5.529032230377197
5.5430450439453125
5.5830793380737305
5.315836191177368
5.619114398956299
5.4129252433776855
5.631125211715698
5.190723180770874
5.517021894454956
5.374892711639404
5.484992504119873
5.476984739303589
5.462970972061157
5.493997812271118
5.422935247421265
5.50801157951355
5.312835693359375
5.572070121765137
5.42093300819397
5.417930841445923
5.588085174560547
5.189722537994385
5.292816638946533
5.499004364013672
5.476985216140747
5.591087818145752
5.634127616882324
5.625120162963867
5.6181135177612305
5.887356281280518
5.457967281341553
5.597092151641846
5.5090131759643555
5.262789011001587
5.54604697227478
5.428940296173096
5.282808065414429
5.1727073192596436
5.5410425662994385
5.642134189605713
5.589085817337036
5.498003721237183
5.580078125
5.368884563446045
5.453963994979858
5.455963373184204
5.5250279903411865
5.523024797439575
5.579076766967773
5.6431355476379395
5.612107515335083
5.572069883346558
5.376891851425171
5.533035039901733
5.531033039093018
5.490996360778809
5.723208427429199
5.5490500926971436
5.292816162109375
5.649141073226929
5.360879421234131
5.593090534210205
5.7192041873931885
5.516020059585571
5.425938606262207
5.500004053115845
5.381897449493408
5.573071718215942
5.438951253890991
5.534036159515381
5.487994909286499
5.324846267700195
5.43994927406311
5.399912357330322
5.451960325241089
5.6221160888671875
5.432945251464844
5.5140180587768555
5.433944940567017
5.528032302856445
5.482990026473999
5.534036636352539
5.357875108718872
5.408923625946045
5.377895355224609
5.344864130020142
5.311834335327148
5.583079814910889
5.2798051834106445
5.067610263824463
5.263788938522339
5.4219348430633545
5.559058666229248
5.403918266296387
5.53103232383728
5.389904737472534
5.617112159729004
5.373891592025757
5.4709792137146
5.473982572555542
5.476984262466431
5.448959589004517
5.330849885940552
5.468976020812988
5.504009485244751
5.682171106338501
5.64313530921936
5.478986740112305
5.374891996383667
5.476985216140747
5.326847791671753
5.61611008644104
5.485992670059204
5.546047210693359
5.221751689910889
5.490995168685913
5.31683874130249
5.6121063232421875
5.619112968444824
5.375891923904419
5.553053617477417
5.6671576499938965
5.549050331115723
5.431943655014038
5.514018535614014
5.4449567794799805
5.493999719619751
5.594090700149536
5.31883978843689
5.501006364822388
5.267794132232666
5.603098630905151
5.5720696449279785
5.658149480819702
5.432945251464844
5.488995313644409
5.380896806716919
5.490997791290283
5.411926507949829
5.496002674102783
5.432944297790527
5.544046640396118
5.300824165344238
5.620115041732788
5.552052736282349
5.450961112976074
5.430941343307495
5.292816638946533
5.427938461303711
5.479988098144531
5.670160531997681
5.544045448303223
5.2687952518463135
5.3398597240448
5.295819282531738
5.239767551422119
5.380896806716919
5.38490104675293
5.5330352783203125
5.439951181411743
5.5520524978637695
5.499004125595093
5.533036231994629
5.542044639587402
5.456966161727905
5.3909056186676025
5.577075719833374
5.472980260848999
5.376892805099487
5.2617881298065186
5.511015176773071
5.323845148086548
5.454963684082031
5.526029586791992
5.54104208946228
5.508013010025024
5.390905857086182
5.328850746154785
5.521025657653809
5.355874538421631
5.4980034828186035
5.534036874771118
5.462971925735474
5.40992283821106
5.333854913711548
5.563062906265259
5.469977140426636
5.499004125595093
5.651142835617065
5.513016700744629
5.598093271255493
5.53302788734436
5.4119250774383545
5.482991456985474
5.543044805526733
5.514017820358276
5.550050258636475
5.62511944770813
5.697184801101685
5.563063383102417
5.393908500671387
5.41893196105957
5.773253917694092
5.984097003936768
5.872077465057373
5.50000524520874
5.499004125595093
5.648648977279663
