Timing log for each step:
0.01301264762878418
10.14035153388977
10.245914220809937
9.812887191772461
10.207546710968018
10.155339002609253
10.241880655288696
10.220806121826172
10.343284130096436
10.391957521438599
10.30224609375
10.303690910339355
10.25658106803894
10.08494257926941
10.359355449676514
10.521690607070923
10.394283771514893
10.354017972946167
8.922553777694702
8.795258283615112
10.152858018875122
10.04785442352295
10.74838924407959
10.222890615463257
10.12261414527893
10.295280456542969
10.423366069793701
10.135783433914185
9.981042861938477
10.267496585845947
10.256884574890137
10.395163536071777
10.311178922653198
10.22283411026001
10.233099222183228
9.793545961380005
9.61088252067566
9.689644575119019
9.875436305999756
9.830363988876343
9.766145944595337
9.539336681365967
9.748854398727417
9.733284711837769
9.65659213066101
9.921157121658325
9.75186276435852
10.19163465499878
10.171804666519165
10.436026096343994
10.368838787078857
10.41133999824524
10.44132924079895
10.341420888900757
10.279074430465698
10.444449424743652
10.5282301902771
10.516087055206299
10.451205015182495
10.477693319320679
10.461120843887329
10.226096391677856
10.410073041915894
10.439435005187988
10.656306028366089
10.426674604415894
10.439814805984497
10.458019256591797
10.335847616195679
10.567230463027954
10.404797792434692
10.354840278625488
10.442456483840942
10.53502082824707
10.366160869598389
10.424576997756958
10.59619951248169
10.482558488845825
10.395971059799194
10.579735517501831
10.366536855697632
10.43971562385559
10.576891422271729
10.413717269897461
10.481827735900879
10.602437973022461
10.605767250061035
10.741028070449829
10.662416934967041
10.671871900558472
10.546913146972656
10.682433128356934
10.499448299407959
10.496264219284058
10.617743253707886
10.7071852684021
10.568493843078613
10.45972228050232
10.655084371566772
10.546179056167603
10.513675928115845
10.757546186447144
10.499777555465698
10.712625503540039
10.638137817382812
10.632591962814331
10.514846563339233
10.540605783462524
10.467138767242432
10.792134761810303
10.655034303665161
10.60970401763916
10.512257099151611
10.543803453445435
10.530753374099731
10.46139121055603
10.648434400558472
10.611976146697998
10.709392786026001
10.679967641830444
10.480121850967407
10.692919731140137
10.598357677459717
10.586792707443237
10.713896751403809
10.737786054611206
10.532548666000366
10.369002103805542
10.641244411468506
10.555752277374268
10.537261247634888
10.671152830123901
10.61003565788269
10.725677251815796
10.784246683120728
10.609106540679932
10.935832738876343
10.648367881774902
10.516881465911865
10.698570966720581
10.58734393119812
10.69593095779419
10.673038005828857
10.676409721374512
10.623406410217285
10.62630295753479
10.620508432388306
10.72405743598938
10.60732913017273
10.634028911590576
10.494791269302368
10.61337399482727
10.432274580001831
10.778403043746948
10.722263097763062
10.458677291870117
10.650071144104004
10.680446863174438
10.633884906768799
10.565412521362305
10.61622142791748
10.61678695678711
10.655282020568848
10.6956627368927
10.686290502548218
10.729505062103271
10.777495861053467
10.562282085418701
10.500642776489258
10.723563194274902
10.614993572235107
10.571741104125977
10.653093576431274
10.528120517730713
10.50683879852295
10.643514156341553
10.624324083328247
10.675200700759888
10.423824548721313
10.69894003868103
10.960933685302734
10.626389980316162
10.610671281814575
10.596409797668457
10.464027166366577
10.497465133666992
10.788498401641846
10.62317156791687
10.547776699066162
10.810518980026245
10.606541872024536
10.821826457977295
10.636391878128052
10.536975860595703
10.630398511886597
10.554349660873413
10.564430713653564
10.639449834823608
10.646756649017334
10.586544036865234
10.733947515487671
10.646988868713379
10.669595956802368
10.610703229904175
10.610765933990479
10.692882061004639
10.650128364562988
10.608866453170776
10.573115587234497
10.869799375534058
10.79772686958313
10.777493238449097
10.617562055587769
10.588558435440063
10.662553548812866
10.491758108139038
10.540832281112671
10.62715768814087
10.820693016052246
10.701811790466309
10.746645450592041
10.71837592124939
10.61643123626709
10.728449821472168
10.705731868743896
10.655874729156494
10.667725324630737
10.603566884994507
10.520665884017944
10.801262140274048
10.594799757003784
10.588249444961548
10.388065338134766
10.53490138053894
10.64509630203247
10.586970567703247
10.63589072227478
10.697895288467407
10.54749870300293
10.565193176269531
10.64284610748291
10.655805349349976
10.615272045135498
10.785457134246826
10.676716804504395
10.74417233467102
10.680096626281738
10.719671964645386
10.58938980102539
10.58491563796997
10.486170530319214
10.592738151550293
10.70528244972229
10.724106788635254
10.7113938331604
10.814444065093994
10.783677339553833
10.806068897247314
10.565646171569824
10.572077751159668
10.685975313186646
10.41804575920105
10.635481119155884
10.706918716430664
10.626221179962158
10.616265058517456
10.755859851837158
10.38800597190857
10.632233381271362
10.667243242263794
10.65778923034668
10.584583044052124
10.578148365020752
10.42403793334961
10.670226097106934
10.604245662689209
10.69874906539917
10.686554193496704
10.625273704528809
10.674808502197266
10.820367574691772
10.71226453781128
10.837376356124878
10.525930404663086
10.667939901351929
10.637335300445557
10.801308631896973
10.64358115196228
10.6975736618042
10.628827333450317
10.721562147140503
10.609912395477295
10.709693193435669
10.714187383651733
10.676145792007446
10.645357131958008
10.81332015991211
10.732762098312378
10.787733793258667
10.854754447937012
10.672600269317627
10.5719575881958
10.816917657852173
10.828832387924194
10.607633590698242
10.600626945495605
10.435477495193481
10.453494548797607
10.2413010597229
10.908907651901245
10.446486473083496
10.609633207321167
10.696712970733643
10.623647212982178
10.518551111221313
10.6116361618042
10.591618299484253
10.678698062896729
10.348397493362427
10.357404708862305
10.410454511642456
10.107177019119263
10.6096351146698
10.648669004440308
10.37342095375061
10.191255331039429
10.527560472488403
10.552583932876587
10.471510648727417
10.630653142929077
10.61664080619812
10.425466775894165
10.494529008865356
10.684701919555664
10.51154351234436
10.395439147949219
10.652673244476318
10.18625020980835
10.292347192764282
10.767777681350708
10.691709280014038
10.552582740783691
10.665684938430786
10.540570974349976
10.601627349853516
10.587613582611084
10.694711446762085
10.677695989608765
10.581608772277832
10.744757413864136
10.648670434951782
10.512545824050903
10.473511695861816
10.48652172088623
10.288342714309692
10.404448986053467
10.4815194606781
10.537569999694824
10.612637519836426
10.380427360534668
10.695712804794312
10.708723545074463
10.864865779876709
10.547578573226929
10.639661312103271
10.769779920578003
10.632655382156372
10.520552396774292
10.603628873825073
10.44748854637146
10.43247365951538
10.51955246925354
10.311362504959106
10.618642807006836
10.613638162612915
10.490525245666504
10.449488639831543
10.619642734527588
10.733747482299805
10.678696393966675
10.471509456634521
10.099171161651611
10.769779205322266
10.264320850372314
10.466505289077759
10.294348955154419
10.557587146759033
10.536568641662598
10.744757413864136
10.506539821624756
10.623647451400757
10.596622943878174
10.275331497192383
10.753764629364014
10.519551515579224
10.676694393157959
10.611636400222778
10.05312728881836
10.731741905212402
10.474510669708252
10.535567283630371
10.554583549499512
10.358405828475952
10.736748456954956
10.715723276138306
10.243301153182983
10.590616226196289
10.396439790725708
10.517549276351929
10.60262656211853
10.489525318145752
10.650670766830444
10.37842345237732
10.443482160568237
10.463500261306763
10.47651195526123
10.462498903274536
10.760770320892334
10.588613986968994
10.68670129776001
10.577604532241821
10.865865707397461
10.487521886825562
10.684701204299927
10.707723140716553
10.353400945663452
10.470507144927979
10.59662127494812
10.600626230239868
10.618640899658203
10.736749172210693
10.528559923171997
10.811817407608032
10.663682699203491
10.52355432510376
10.472508907318115
10.457491874694824
10.697712182998657
10.498533725738525
10.664683103561401
10.442481517791748
10.481518030166626
10.598624229431152
10.713725566864014
10.102172374725342
10.538568258285522
10.717731475830078
10.547576189041138
10.442481517791748
10.701716184616089
10.358404159545898
10.523553133010864
10.284337759017944
10.113181591033936
10.529561281204224
10.314365148544312
10.387431383132935
10.307358264923096
10.525556564331055
10.69871211051941
10.409450769424438
10.639659881591797
10.49152421951294
10.364410638809204
10.596621036529541
10.385429859161377
10.32437515258789
10.584609508514404
10.466504335403442
10.38843297958374
10.693710327148438
10.562589168548584
10.613637208938599
10.589614868164062
10.19826078414917
10.460499048233032
10.461498975753784
10.385427713394165
10.180243492126465
10.42346477508545
10.493526458740234
10.562589883804321
10.623645782470703
10.424465894699097
10.664681911468506
10.389433860778809
10.424464702606201
10.479514837265015
10.409452676773071
10.481515169143677
10.467504501342773
10.417458534240723
10.367419481277466
10.71072506904602
10.78679370880127
10.55158019065857
10.674692630767822
10.37742304801941
10.335384130477905
10.633654832839966
10.66968822479248
10.581607103347778
10.370415925979614
10.68770170211792
10.178242444992065
10.451490640640259
10.58861494064331
10.045119524002075
10.623646259307861
10.70872187614441
10.458494901657104
10.621644020080566
10.677695274353027
10.603627443313599
10.369414806365967
10.666686296463013
10.341389179229736
10.353400707244873
10.551580667495728
10.422461986541748
10.705719470977783
10.577604532241821
10.548577785491943
10.559587717056274
10.289341926574707
10.679696321487427
10.38542890548706
10.800806760787964
10.489524364471436
10.433473110198975
10.661680221557617
10.365410804748535
10.628650665283203
10.586612462997437
10.351400375366211
10.626649141311646
10.729742765426636
10.523554801940918
10.749759197235107
10.338386535644531
10.555583953857422
10.46250057220459
10.485521078109741
10.694710731506348
10.41245412826538
10.437476634979248
10.469506740570068
10.654675006866455
10.384428024291992
10.532562494277954
10.59161639213562
10.605629444122314
10.804810523986816
10.432473421096802
10.421459436416626
10.665684223175049
10.36941409111023
10.532563209533691
10.19124984741211
10.570597887039185
10.512545108795166
10.558587074279785
10.421462059020996
10.701713562011719
10.492526769638062
10.55258059501648
10.50754165649414
10.71072506904602
10.494530200958252
10.396438837051392
10.568596363067627
10.106176614761353
10.226285457611084
10.655675411224365
10.673690795898438
10.413455486297607
10.71673035621643
10.366412162780762
10.625646114349365
10.46650242805481
10.700716495513916
10.717729330062866
10.41245436668396
10.424466133117676
10.57860541343689
10.31536316871643
10.462500095367432
10.598624467849731
10.329378843307495
10.604627847671509
10.316367387771606
10.516548871994019
10.664683103561401
10.133200645446777
10.534564018249512
10.282336950302124
10.560588121414185
10.534566164016724
10.442481279373169
10.88788628578186
10.51354432106018
10.37341833114624
10.926921606063843
10.687460899353027
10.66310453414917
