Timing log for each step:
0.01401209831237793
6.036653757095337
5.5597310066223145
5.50610613822937
5.512612581253052
5.8033201694488525
5.4738171100616455
5.530772686004639
5.534034252166748
5.5416083335876465
5.478007793426514
5.453451156616211
5.64235520362854
6.002457857131958
5.343100070953369
4.685189723968506
5.223856449127197
4.895800352096558
4.770505428314209
4.736264228820801
5.064467906951904
4.7536842823028564
5.034832954406738
5.742813348770142
5.54753041267395
5.773375034332275
5.8871750831604
6.094980478286743
5.589905023574829
4.917695999145508
4.933605432510376
5.25205659866333
4.924465894699097
5.392685174942017
5.347506284713745
5.767348527908325
5.903125762939453
5.491268873214722
5.3559794425964355
6.139139413833618
4.982334852218628
4.859307527542114
