Timing log for each step:
0.017016887664794922
10.473974227905273
11.251146078109741
10.655986547470093
10.509416818618774
10.542661428451538
10.443172693252563
10.4410982131958
10.470470428466797
10.500602006912231
10.512619972229004
10.690413236618042
10.575822353363037
10.8786461353302
11.392307996749878
10.580694198608398
10.691491842269897
10.529001235961914
10.568141460418701
10.646788358688354
10.708977222442627
10.953715562820435
10.454237937927246
11.077704668045044
11.118104219436646
11.52962851524353
12.340134143829346
12.12099814414978
11.550246953964233
11.334922552108765
11.332440376281738
11.293354034423828
11.385318994522095
11.341279983520508
11.296673774719238
11.262819528579712
11.282610177993774
11.329880237579346
11.436380386352539
11.347217082977295
11.368812322616577
11.306800365447998
11.372423648834229
11.368503332138062
10.881855726242065
11.397729873657227
11.356467723846436
11.585093259811401
11.451361179351807
11.360449314117432
10.828754901885986
11.643714427947998
11.325188636779785
11.505255699157715
11.414296627044678
11.447428464889526
10.291117906570435
10.773831605911255
11.356018781661987
11.472748756408691
11.114327907562256
11.45175290107727
11.483717679977417
10.695988655090332
10.336476564407349
11.348159551620483
11.354173421859741
11.469627618789673
11.292905330657959
11.381377458572388
10.654290437698364
10.730308532714844
10.73753023147583
10.833518028259277
10.842187404632568
10.848103046417236
10.871350765228271
11.441200494766235
10.837938070297241
11.334975481033325
10.857722282409668
11.378994464874268
10.439165592193604
11.399506092071533
11.398828268051147
11.031278848648071
11.433545589447021
11.439310550689697
10.819104433059692
10.256341695785522
11.44994068145752
10.824495077133179
11.309123277664185
10.888436555862427
11.552340507507324
10.232873916625977
11.307974815368652
10.873804807662964
10.978079795837402
11.323194980621338
10.524921417236328
11.356048822402954
10.086421966552734
10.588656187057495
9.853389739990234
10.485904932022095
10.387550115585327
10.341072082519531
10.320449829101562
10.335585832595825
11.451528787612915
10.77265191078186
11.187707424163818
11.166836500167847
11.033975601196289
11.218098640441895
11.216704607009888
10.494402885437012
9.935713768005371
10.617995977401733
11.337899446487427
11.301590204238892
11.234644174575806
10.638108491897583
10.660107612609863
10.542863607406616
10.647503137588501
10.803462743759155
10.70635986328125
10.677805185317993
10.740044593811035
10.709706783294678
10.604254245758057
10.69681453704834
10.74778127670288
10.607341051101685
10.748144149780273
10.819968938827515
11.01927638053894
11.13879108428955
10.737582445144653
10.692709922790527
10.565731763839722
10.645859718322754
10.902237892150879
11.354138851165771
11.315397024154663
11.320590257644653
11.256064891815186
11.330291509628296
11.358728885650635
11.316361427307129
11.359418869018555
11.236608982086182
11.348410367965698
11.362618684768677
11.361541986465454
11.390891075134277
11.37599802017212
11.24625039100647
11.380937576293945
11.245709896087646
11.163965702056885
11.259012460708618
11.572147130966187
11.253472089767456
11.326873540878296
11.263615369796753
11.278542757034302
11.347253322601318
11.233250617980957
11.272649049758911
11.306762933731079
11.260634422302246
11.19474482536316
11.357328414916992
11.268169403076172
11.296925783157349
11.289393186569214
11.380348443984985
11.29947018623352
11.331306457519531
11.264489889144897
11.265388011932373
11.424748420715332
11.272633790969849
11.241527318954468
11.247018098831177
11.469191312789917
11.273903369903564
11.840760946273804
12.074043989181519
11.296789169311523
10.86404299736023
11.036507368087769
11.290255546569824
11.350796937942505
11.33305287361145
11.325021743774414
11.310723543167114
11.467450857162476
11.773992776870728
11.515916347503662
11.468518733978271
11.440578699111938
11.461520910263062
11.480482816696167
11.434263467788696
11.40749979019165
11.359084367752075
11.345703601837158
11.367825031280518
11.42578411102295
11.499997615814209
11.431596517562866
11.444975852966309
11.355501890182495
11.41152572631836
11.366068601608276
11.365320205688477
11.286531925201416
11.368803262710571
11.382293939590454
11.436488628387451
11.346100807189941
11.483397960662842
11.475016593933105
11.738656282424927
11.413331747055054
11.52832579612732
11.478967428207397
11.54005241394043
11.81882929801941
11.621213436126709
11.395305395126343
11.414323806762695
11.475800514221191
11.501229047775269
11.703325510025024
11.59376573562622
11.50100064277649
11.233576536178589
10.829392194747925
10.943043231964111
11.784675359725952
11.51403021812439
11.143823385238647
11.183513879776001
10.796188116073608
11.290071487426758
10.781028985977173
12.198171377182007
11.05721116065979
11.155510663986206
10.975995779037476
11.16383695602417
11.271074295043945
11.406191110610962
11.186654806137085
10.77386474609375
11.796836137771606
11.717956066131592
11.277353048324585
11.13264799118042
11.052077770233154
11.34735918045044
11.594704389572144
11.869155168533325
12.116443395614624
11.799954414367676
11.692137002944946
11.4626305103302
11.641923904418945
11.490200757980347
11.455151796340942
11.599497318267822
11.239901542663574
11.334601640701294
11.050168991088867
10.654691219329834
10.585966110229492
