Timing log for each step:
0.016013622283935547
5.509478569030762
5.455514669418335
5.276880741119385
5.27326512336731
5.286274433135986
5.299704313278198
5.322784185409546
5.397481441497803
5.357119560241699
5.383731126785278
5.3283233642578125
5.555036306381226
5.4562201499938965
5.3484673500061035
5.282811641693115
5.311277627944946
5.314184904098511
5.189622163772583
5.340397834777832
5.351052284240723
5.411176919937134
5.244783639907837
5.291567802429199
5.238094806671143
5.38214373588562
5.322561264038086
5.365309715270996
5.342590570449829
5.206029415130615
5.334273338317871
5.510442495346069
5.242505311965942
5.359662055969238
5.3273608684539795
5.2713563442230225
5.174158573150635
5.317340135574341
5.356470108032227
5.323788642883301
5.250138998031616
5.5385589599609375
5.5831098556518555
5.627784729003906
5.32526707649231
5.376104354858398
5.426180362701416
5.365298509597778
5.192167043685913
5.367082118988037
5.42585563659668
5.420950174331665
5.364149570465088
5.421455383300781
5.4509007930755615
5.373320579528809
5.410799741744995
5.509957551956177
5.443764686584473
5.3707616329193115
5.4414753913879395
5.372671365737915
5.400808811187744
5.466980934143066
5.334371328353882
5.37186336517334
5.415944337844849
5.300717115402222
5.385291576385498
5.385915279388428
5.411364555358887
5.401980876922607
5.43147611618042
5.4447691440582275
5.519347429275513
5.31624698638916
5.4593706130981445
5.319728374481201
5.4783241748809814
5.518585443496704
5.3687591552734375
5.424941301345825
5.427171230316162
5.628941535949707
5.644328594207764
6.046502590179443
5.938015460968018
5.891452074050903
5.87234354019165
5.860473155975342
5.7238452434539795
5.884199857711792
5.867392539978027
5.966314792633057
5.663025617599487
5.409692764282227
5.441969394683838
5.4600443840026855
5.31034779548645
5.491306304931641
5.480673551559448
5.44303035736084
5.512915372848511
5.396412372589111
5.402577638626099
5.339365482330322
5.420999765396118
5.521632671356201
5.388418436050415
5.482678174972534
5.519198417663574
5.450866222381592
5.515049457550049
5.448122501373291
5.546892404556274
5.58475399017334
5.519933462142944
5.386417388916016
5.277780532836914
5.41945743560791
5.4489426612854
5.3439836502075195
5.447077035903931
5.316146373748779
5.534870147705078
5.531863689422607
5.446249723434448
5.5692243576049805
5.425732612609863
5.456223011016846
5.4617955684661865
5.6856677532196045
5.347929239273071
5.534139156341553
5.401355028152466
5.448735475540161
5.531355857849121
5.509198188781738
5.300791501998901
5.494207382202148
5.555896282196045
5.521918535232544
5.3622260093688965
5.547877311706543
5.51007080078125
5.454060077667236
5.573078155517578
5.473914623260498
5.5182859897613525
5.4636781215667725
5.4871110916137695
5.486030340194702
5.482810735702515
5.482880592346191
5.5512425899505615
5.391270399093628
5.532525062561035
5.399216413497925
5.504709243774414
5.52446985244751
5.422242879867554
5.545386791229248
5.44249701499939
5.519225835800171
5.411745309829712
5.502416610717773
5.500359535217285
5.468282222747803
5.397725582122803
5.543367385864258
5.52282977104187
5.490162372589111
5.441287994384766
5.583606481552124
5.604425668716431
5.519267797470093
5.571263790130615
5.613913059234619
5.541404962539673
5.376685380935669
5.459705114364624
5.389574766159058
5.4598069190979
5.396048545837402
5.437744617462158
5.487314224243164
5.474272727966309
5.547392129898071
5.494007349014282
5.482201814651489
5.539412021636963
5.581034421920776
5.541858911514282
5.4862446784973145
5.504281520843506
5.480794191360474
5.441412448883057
5.550636291503906
5.557498216629028
5.6189446449279785
5.641940355300903
5.526273012161255
5.635982036590576
5.6338210105896
5.443870306015015
5.364749431610107
5.541877031326294
5.510067701339722
5.580554008483887
5.5577075481414795
5.421294689178467
5.526302337646484
5.601964235305786
5.512708425521851
5.394043684005737
5.493858575820923
5.449640989303589
5.497425556182861
5.432189464569092
5.448649168014526
5.610171556472778
5.554099798202515
5.588837623596191
5.493818283081055
5.495058059692383
5.4903199672698975
5.7090208530426025
5.598361492156982
5.369958162307739
5.513845443725586
5.656418323516846
5.55671763420105
5.423571825027466
5.515123605728149
5.486559152603149
5.461694955825806
5.541158437728882
5.422189712524414
5.4850873947143555
5.513077020645142
5.494758605957031
5.561235427856445
5.545884370803833
5.470385313034058
5.50792121887207
5.563106060028076
5.550769090652466
5.596363544464111
5.433974504470825
5.492274522781372
5.39658260345459
5.554110527038574
5.473010778427124
5.593868255615234
5.635964393615723
5.466922760009766
5.4879491329193115
5.638005018234253
5.429917335510254
5.602369785308838
5.513434648513794
5.549261093139648
5.403613567352295
5.534937381744385
5.553319931030273
5.548760175704956
5.589442729949951
5.52802586555481
5.58233118057251
5.49212121963501
5.5236077308654785
5.462971925735474
5.5194315910339355
5.4848034381866455
5.54859471321106
5.497333526611328
5.547519207000732
5.531087875366211
5.419134855270386
5.591313362121582
5.471258878707886
5.58534836769104
5.471851587295532
5.537716865539551
5.639404773712158
5.621403455734253
5.592422008514404
5.47198486328125
5.5473854541778564
5.489471435546875
5.584692478179932
5.63733983039856
5.575030088424683
5.483763217926025
5.400931358337402
5.489511966705322
5.608460903167725
5.418936729431152
5.5251429080963135
5.553384780883789
5.590433120727539
5.547041654586792
5.6217122077941895
5.43726372718811
5.541149616241455
5.480567932128906
5.474594593048096
5.458173990249634
5.482577085494995
5.614842653274536
5.468822240829468
5.554336071014404
5.531753063201904
5.442044019699097
5.548040390014648
5.537332057952881
5.5621724128723145
5.535419464111328
5.5730507373809814
5.587747573852539
5.63169002532959
5.4164838790893555
5.452150821685791
5.517743825912476
5.544011116027832
5.51614236831665
5.52331280708313
5.462018728256226
5.546705007553101
5.534711837768555
5.611372232437134
5.419403553009033
5.492033958435059
5.4241907596588135
5.455864906311035
5.519416093826294
5.514860391616821
5.428913831710815
5.414764165878296
5.451893329620361
5.581404447555542
5.545399188995361
5.435993671417236
5.462139844894409
5.496584415435791
5.4660117626190186
5.5053551197052
5.534878492355347
5.622183799743652
5.5389721393585205
5.585573196411133
5.408582925796509
5.5655434131622314
5.525186777114868
5.504869699478149
5.447341680526733
5.500575542449951
5.616177558898926
5.526021242141724
5.484480142593384
5.433039426803589
5.604253768920898
5.540728330612183
5.485431432723999
5.465559482574463
5.504477500915527
5.397010087966919
5.473891496658325
5.468385457992554
5.51534628868103
5.537755250930786
5.617141246795654
5.512524366378784
5.5645530223846436
5.628671169281006
5.641552686691284
5.475078821182251
5.54822039604187
5.56143045425415
5.581206321716309
5.567277431488037
5.51591420173645
5.624849557876587
5.537994146347046
5.479233026504517
5.433401584625244
5.478069305419922
5.62501335144043
5.486091613769531
5.569948673248291
5.559584140777588
5.559488534927368
5.54735541343689
5.483663320541382
5.485665321350098
5.345565557479858
5.4499101638793945
5.501454591751099
5.387319326400757
5.382502794265747
5.415055513381958
5.606280088424683
5.636143922805786
5.5074827671051025
5.462143659591675
5.519428968429565
5.66980504989624
5.693411350250244
5.519397974014282
5.567021131515503
5.48494029045105
5.555661201477051
5.50803017616272
5.424173831939697
5.737924575805664
5.754680871963501
5.810562372207642
5.607441186904907
5.5829918384552
5.484431743621826
5.661618947982788
5.492599964141846
5.7415244579315186
5.726232051849365
5.389923572540283
5.725804567337036
5.7273008823394775
5.589090347290039
5.512462854385376
5.3638410568237305
5.465852499008179
5.55390739440918
5.8771820068359375
5.812124729156494
5.586554527282715
5.557938098907471
5.5120720863342285
5.694247245788574
5.686824083328247
5.670149564743042
5.50860333442688
5.489311218261719
5.586860179901123
5.691711187362671
5.644384860992432
5.501167297363281
5.503506422042847
5.456600189208984
5.716149568557739
5.713696002960205
5.526076078414917
5.574281215667725
5.5280890464782715
5.451801300048828
5.60421895980835
5.797209024429321
5.501274347305298
5.5409417152404785
5.585959196090698
5.390727281570435
5.650429010391235
5.781879901885986
5.380107402801514
5.477905750274658
5.4182329177856445
5.742272615432739
5.76860237121582
5.370933771133423
5.455413818359375
5.583011150360107
5.442707061767578
5.579397678375244
5.742538690567017
5.506311893463135
5.5055952072143555
5.460798263549805
5.823364496231079
5.7553465366363525
5.555812835693359
5.526197671890259
5.510031223297119
5.4839136600494385
5.531782388687134
5.591852426528931
5.536945581436157
5.495806932449341
5.535399436950684
5.728559255599976
5.747035264968872
5.481042861938477
5.52734899520874
5.5763561725616455
5.537796974182129
5.5070788860321045
5.620483875274658
5.512179851531982
5.52863883972168
5.525360822677612
5.615123987197876
5.4873366355896
5.524335622787476
5.560660362243652
5.3970770835876465
5.410269737243652
5.6246278285980225
5.658442497253418
5.452386140823364
5.534938812255859
5.4504265785217285
5.497897624969482
5.500911474227905
5.42642617225647
5.4108567237854
5.524463891983032
5.47360897064209
5.638995409011841
5.744929075241089
5.804111480712891
5.927819490432739
6.2265026569366455
6.202901363372803
6.470322370529175
5.840975522994995
5.827918529510498
5.585874557495117
5.534462928771973
5.3835437297821045
5.44525146484375
5.47447657585144
5.510839223861694
5.595266819000244
5.554990291595459
5.579969644546509
5.481314182281494
5.390823602676392
5.624934673309326
5.444245100021362
5.746174335479736
5.616921663284302
5.580234050750732
5.570839881896973
5.457836627960205
5.387259483337402
5.4006452560424805
5.427828550338745
5.474084377288818
5.5088887214660645
5.4926276206970215
5.552396297454834
5.692656517028809
5.565972089767456
5.480166673660278
5.537489652633667
5.512310028076172
5.457768201828003
5.496670961380005
5.46782922744751
5.731221675872803
5.465894937515259
6.05148983001709
5.586664915084839
5.435227870941162
5.563403367996216
5.587786436080933
5.4259192943573
5.5823585987091064
5.625829458236694
5.620031356811523
5.454381704330444
5.534723520278931
5.814798593521118
5.597203731536865
5.597790241241455
5.897293329238892
5.821078538894653
5.613583087921143
5.5273213386535645
5.831108331680298
5.660709857940674
5.5092480182647705
5.461266279220581
5.515965223312378
5.756603240966797
5.480571031570435
5.55202054977417
5.527020454406738
5.536507844924927
5.502167463302612
5.570497751235962
5.670172929763794
5.839887380599976
5.445686101913452
5.708440065383911
5.5258378982543945
5.539767026901245
5.6248650550842285
5.500859022140503
5.7171690464019775
5.873007774353027
5.484965801239014
5.510942220687866
5.603393316268921
5.651528358459473
5.812696695327759
5.76803994178772
5.654939413070679
5.507831335067749
5.57850193977356
5.779175519943237
5.758152008056641
5.552366733551025
5.546307563781738
5.503326892852783
5.412863492965698
5.542891502380371
5.679784536361694
5.494898319244385
5.541475772857666
5.583049774169922
5.543769836425781
5.5541276931762695
5.494892120361328
5.551576375961304
5.510194301605225
5.579254865646362
5.751309871673584
5.4016571044921875
5.575845003128052
5.572824954986572
5.466650009155273
5.4683897495269775
5.576896905899048
6.03576135635376
5.959957838058472
5.771159410476685
5.450971841812134
5.629687309265137
5.5802693367004395
5.543009281158447
5.520100355148315
5.649760007858276
5.596696615219116
5.506338834762573
5.5880537033081055
5.83483362197876
5.552271842956543
5.48505163192749
5.473761558532715
5.4564714431762695
5.517503499984741
5.841510772705078
5.675749778747559
5.674704313278198
5.672377109527588
5.5288245677948
5.672390460968018
5.684930324554443
5.72967791557312
5.588663339614868
5.469400644302368
5.469729900360107
5.508344411849976
5.612552642822266
5.4060845375061035
5.856924057006836
5.817950010299683
5.566620111465454
5.6194915771484375
5.469639301300049
5.733035326004028
5.70353364944458
5.805789947509766
5.561795234680176
5.542552709579468
5.464276075363159
5.5718419551849365
5.682065725326538
5.4962990283966064
5.5002007484436035
5.5990073680877686
5.690020322799683
5.761008977890015
5.5838963985443115
5.5081822872161865
5.491781949996948
5.757033348083496
5.736601829528809
5.541359186172485
5.34192967414856
5.526402235031128
5.7261128425598145
5.736876726150513
5.477671146392822
5.415297269821167
5.463246822357178
5.72085976600647
5.725801944732666
5.63724160194397
5.538658380508423
5.616874694824219
5.507289886474609
5.585425615310669
5.719682455062866
5.568097114562988
5.502609968185425
5.621859073638916
5.718101263046265
5.52391505241394
5.563899517059326
5.474796772003174
5.668972492218018
5.486572265625
5.6074059009552
5.630333662033081
5.6357316970825195
5.631896018981934
5.488811254501343
5.64365029335022
5.42692232131958
5.616895914077759
5.636901378631592
5.455068111419678
5.490841627120972
5.465745449066162
5.672902345657349
5.456277370452881
5.41012978553772
5.592936277389526
5.6909849643707275
5.78751015663147
5.623096227645874
5.62979793548584
5.690068006515503
5.543353796005249
5.562870264053345
5.492750883102417
5.466510057449341
5.513867139816284
5.4694788455963135
5.5749595165252686
5.50352144241333
5.547866582870483
5.4157984256744385
5.483752250671387
5.377609014511108
5.510251045227051
5.588719367980957
5.641544342041016
5.5588178634643555
5.463284492492676
5.489607572555542
5.520276069641113
5.469232082366943
5.553849697113037
5.505393028259277
5.516748905181885
5.515721559524536
5.476182222366333
5.636188507080078
5.450611591339111
5.443133115768433
5.492829084396362
5.488098382949829
5.493958950042725
5.571652173995972
5.432748317718506
5.491720676422119
5.5693957805633545
5.432690382003784
5.620056390762329
5.4335222244262695
5.494402170181274
5.52872109413147
5.452099800109863
5.488739728927612
5.676252126693726
5.70063853263855
5.4997429847717285
5.59803581237793
5.47548770904541
5.504753828048706
5.6643335819244385
5.713172674179077
5.653450012207031
6.164785385131836
6.149427175521851
5.590697765350342
5.687316179275513
5.699468612670898
5.496546983718872
5.752904415130615
5.6223835945129395
6.039124011993408
6.0263519287109375
6.125344276428223
5.515228033065796
5.539941072463989
5.710093975067139
5.3982672691345215
5.646151542663574
5.837131977081299
5.796085357666016
5.711783409118652
6.051573038101196
5.924168109893799
5.9121434688568115
5.49096417427063
5.60278582572937
5.495254278182983
5.78557014465332
5.673852205276489
6.115020990371704
6.1010637283325195
6.04330039024353
5.373558044433594
5.616372108459473
5.712013483047485
5.615403652191162
5.623905181884766
5.661775350570679
5.665782928466797
6.021645784378052
5.975498199462891
5.549741268157959
5.556271553039551
5.658634185791016
5.515657901763916
5.770256996154785
5.820143699645996
5.644512891769409
6.127943992614746
6.325001001358032
5.816418409347534
5.599647521972656
5.372637748718262
5.523641109466553
5.577453851699829
5.51351261138916
5.653995037078857
5.596810817718506
5.625595569610596
5.704149007797241
5.659917116165161
5.680814743041992
6.067008018493652
6.000058889389038
6.007428169250488
5.520748615264893
5.340834379196167
5.714743614196777
5.566767930984497
5.679782390594482
5.579137563705444
5.682580471038818
6.116703271865845
6.15885591506958
5.393374919891357
5.544744253158569
5.5906267166137695
5.549843788146973
5.798037767410278
5.793109655380249
5.646738290786743
6.096351146697998
6.100242853164673
5.774739980697632
5.561691761016846
5.284952640533447
5.501494646072388
5.562695264816284
5.515721797943115
5.512130498886108
5.589191436767578
5.58429741859436
5.72432541847229
5.5544304847717285
5.741860866546631
5.542530536651611
6.078534364700317
5.897765159606934
6.316535472869873
6.077604532241821
5.495815277099609
5.449069499969482
5.703721523284912
5.511920690536499
5.675654649734497
5.71595025062561
5.576378583908081
6.014349937438965
6.0944273471832275
5.4941771030426025
5.428585767745972
5.599826097488403
5.75999641418457
5.568201303482056
5.803930044174194
5.682404518127441
5.800492763519287
5.690916299819946
5.6484456062316895
6.154313564300537
6.111230134963989
5.362311124801636
5.654194116592407
5.770057201385498
5.559794902801514
5.62349534034729
5.6628687381744385
5.727957725524902
6.170389413833618
6.032745122909546
5.551056861877441
5.526113986968994
5.709259033203125
5.537435293197632
5.801377773284912
5.700413227081299
5.688260555267334
5.8280534744262695
6.060288190841675
5.4236063957214355
5.47654914855957
5.540255069732666
5.681764602661133
5.668335437774658
5.350491523742676
5.652122735977173
5.669586658477783
6.1992621421813965
5.930592775344849
5.464272975921631
5.378976583480835
5.700066328048706
5.604492902755737
5.806146621704102
5.7419352531433105
5.638367414474487
6.129811525344849
6.067119598388672
5.427454233169556
5.6097588539123535
5.494126796722412
5.53849196434021
5.737488031387329
5.69629430770874
5.770740509033203
5.99877667427063
6.100364923477173
5.510067701339722
5.6363372802734375
5.510294437408447
5.502030372619629
5.586629152297974
5.7724127769470215
5.930269479751587
6.219153642654419
6.016640901565552
5.61529016494751
5.500422477722168
5.649808645248413
5.432163238525391
5.785065650939941
5.721792459487915
5.688876152038574
5.810869455337524
6.0467729568481445
6.138268232345581
5.5716025829315186
5.423175811767578
5.823235034942627
5.4614856243133545
5.59483528137207
5.783092498779297
5.785924911499023
5.503027677536011
6.095099687576294
5.455645799636841
5.566631078720093
5.636889219284058
5.401921272277832
5.68551230430603
5.581214666366577
5.646294593811035
5.636739730834961
6.009306907653809
5.76349949836731
5.7346203327178955
5.520251989364624
5.543295860290527
5.771623134613037
5.598251581192017
5.639653444290161
5.701266765594482
5.687704563140869
5.738759279251099
6.001701831817627
6.167792081832886
5.3892810344696045
5.531728029251099
5.7193763256073
5.564394474029541
5.807021856307983
5.610804080963135
5.5926268100738525
5.7610602378845215
6.031584024429321
6.120750427246094
5.508070707321167
5.4830162525177
5.6505701541900635
5.527009725570679
5.650264024734497
5.7249367237091064
5.54669713973999
5.808004379272461
6.01055645942688
6.131706237792969
5.489625692367554
5.512567520141602
5.472870349884033
5.6217827796936035
5.528082609176636
5.407830715179443
5.502811908721924
5.502071857452393
5.517569065093994
5.503169536590576
5.562344551086426
5.511610269546509
5.54377555847168
5.50285792350769
5.68138575553894
5.432398557662964
5.545528173446655
5.478023290634155
5.297295570373535
5.55660343170166
5.713371276855469
5.564697265625
5.48214054107666
5.413329124450684
5.428951740264893
5.4975738525390625
5.418659210205078
5.473552942276001
5.368038177490234
5.480002164840698
5.342526435852051
5.719117164611816
5.379456520080566
5.652207851409912
5.425723314285278
5.649719953536987
5.727349042892456
5.614361047744751
5.689022064208984
5.7549543380737305
6.0706024169921875
5.428106784820557
5.355302810668945
5.588542222976685
5.652418613433838
5.773671627044678
5.6568145751953125
5.7435033321380615
5.6941657066345215
5.789868593215942
5.346679210662842
5.415710926055908
5.65028190612793
5.459635972976685
5.627657651901245
5.804510831832886
5.713986396789551
5.707357406616211
5.727154493331909
5.409662485122681
5.465923070907593
5.541552305221558
5.451984882354736
5.686399936676025
5.7324042320251465
5.592191934585571
5.726792097091675
5.790698528289795
5.665302515029907
5.69089674949646
5.810047149658203
6.067599534988403
5.537126779556274
5.538705348968506
5.5026695728302
5.5230631828308105
5.80549430847168
5.6142706871032715
5.684241533279419
5.627890348434448
5.6808836460113525
5.359605550765991
5.528806209564209
5.501060724258423
5.487020254135132
5.730426788330078
5.757758617401123
5.54162073135376
5.773307800292969
5.587448596954346
5.577814340591431
5.31295108795166
5.6254003047943115
5.493367910385132
5.783897399902344
5.898910999298096
5.380056381225586
5.482488393783569
5.507551193237305
5.5297935009002686
5.50047492980957
5.668166160583496
5.79316782951355
5.608665227890015
5.675496578216553
5.640651702880859
5.4359660148620605
5.519832611083984
5.546657085418701
5.573491096496582
5.687854766845703
5.651273965835571
5.75027322769165
5.647772550582886
5.8340418338775635
5.534833192825317
5.648882627487183
5.65877103805542
5.57373046875
5.7035346031188965
5.731386661529541
5.723268747329712
5.761255741119385
5.728430271148682
5.45649528503418
5.4140472412109375
5.72183084487915
5.820006847381592
5.468032121658325
5.775298118591309
5.769904613494873
5.58051872253418
5.742478609085083
5.641542911529541
5.741898775100708
5.594665288925171
5.573491096496582
5.449279308319092
5.606592893600464
5.568834543228149
5.879462480545044
5.707743883132935
5.748796463012695
5.745355606079102
5.592636585235596
5.588398456573486
5.545712471008301
5.503188133239746
5.628880023956299
5.625129222869873
5.674522876739502
5.68718409538269
5.659332513809204
5.619632244110107
5.5101478099823
5.38587760925293
5.521557807922363
5.779820919036865
5.5716729164123535
5.625656843185425
5.709674119949341
5.738300561904907
5.760680913925171
5.747560501098633
5.522421836853027
5.574257135391235
5.399618625640869
5.453576564788818
5.53104043006897
5.732852935791016
5.771331071853638
5.61616849899292
5.64038610458374
5.650144577026367
5.710658311843872
5.564085245132446
5.602084636688232
5.483614921569824
5.553339958190918
5.702655553817749
6.010243654251099
5.811921119689941
5.687267065048218
5.73979640007019
5.761722087860107
5.487609386444092
5.455496788024902
5.4736008644104
5.8901331424713135
5.557845592498779
5.687290668487549
5.796412229537964
5.727740049362183
5.742989778518677
5.696328401565552
5.610881805419922
5.760968446731567
5.4909279346466064
5.589382648468018
5.62068510055542
5.53200888633728
5.848300457000732
5.747621774673462
5.632907867431641
5.864741802215576
5.672441005706787
5.737927675247192
5.498549222946167
5.5220746994018555
5.641732692718506
5.484531879425049
5.735369920730591
5.657592058181763
5.744929790496826
5.761370658874512
5.799214601516724
5.676540374755859
5.71186900138855
5.4537458419799805
5.837306976318359
5.741084098815918
5.533845663070679
5.7457685470581055
5.787638902664185
5.766662359237671
5.680182456970215
5.753016710281372
5.581087350845337
5.495997190475464
5.689173221588135
5.602982044219971
5.764478445053101
5.730559349060059
5.737345218658447
5.600347995758057
5.756103992462158
5.398969411849976
5.625187873840332
5.54960036277771
5.38053560256958
5.680619955062866
5.7084410190582275
5.735746145248413
5.788285255432129
5.733525514602661
5.578148603439331
5.399091005325317
5.569879531860352
5.4645655155181885
5.956383228302002
5.668921709060669
5.679138898849487
5.611114740371704
5.728731393814087
5.461227893829346
5.4444475173950195
5.762823104858398
5.596175670623779
5.576749324798584
5.718981027603149
5.589076995849609
5.723928689956665
5.707400560379028
5.646770000457764
5.792693138122559
5.503599166870117
5.5723137855529785
5.626606464385986
5.483957290649414
5.707172393798828
5.706859350204468
5.646629810333252
5.805404901504517
5.58185601234436
5.593628644943237
5.599087953567505
5.572159051895142
5.700835466384888
5.682817220687866
5.722293138504028
5.704193353652954
5.5870680809021
5.5284788608551025
5.783304929733276
5.737093448638916
5.622230291366577
5.686304569244385
5.598631381988525
5.595043420791626
5.988533020019531
5.758696794509888
6.1394758224487305
5.656231880187988
5.469480037689209
5.541473388671875
5.570750951766968
5.606081962585449
5.661362409591675
5.69734263420105
5.698721647262573
5.474576950073242
5.632117748260498
5.60068154335022
5.775568246841431
5.749907493591309
5.524564743041992
5.494851589202881
5.476062536239624
5.583303451538086
5.492130756378174
5.758493185043335
5.69811749458313
5.683689117431641
5.6272499561309814
5.554521560668945
5.812856197357178
5.5269598960876465
5.609734058380127
5.462447166442871
5.666227579116821
5.594683408737183
5.663507699966431
5.659105539321899
5.602252244949341
5.5035927295684814
5.630589246749878
5.539505243301392
5.701849460601807
5.703148603439331
5.694865703582764
5.640577554702759
5.499973297119141
5.781770944595337
5.621950626373291
5.71185302734375
5.776866912841797
5.686463832855225
5.6459221839904785
5.666317462921143
5.648370742797852
5.537551403045654
5.678708553314209
5.6490254402160645
5.760001182556152
5.506387233734131
5.42401909828186
5.612389802932739
5.500889539718628
5.40925145149231
5.593043565750122
5.7109808921813965
5.534363031387329
5.603821516036987
5.587205410003662
5.459824562072754
5.612779378890991
5.607186794281006
5.52041482925415
5.626089096069336
5.426525592803955
5.5185158252716064
5.918849229812622
5.5636680126190186
5.581161737442017
5.582141399383545
5.511172533035278
5.53017520904541
5.551684141159058
5.623627185821533
5.565574645996094
5.623509168624878
5.5400550365448
5.549540281295776
5.580291271209717
5.439412355422974
5.64977240562439
5.648117780685425
5.654613733291626
5.6841864585876465
5.729410648345947
5.404235601425171
5.634012699127197
5.523568153381348
5.561657667160034
5.597499847412109
5.618698596954346
5.449542999267578
5.447962522506714
5.416007995605469
5.5395402908325195
5.49308967590332
5.63768196105957
5.505181789398193
5.4516987800598145
5.535096883773804
5.475893497467041
5.598604440689087
5.489281415939331
5.471656322479248
5.685409069061279
5.503634214401245
5.538132905960083
5.605932950973511
5.580212593078613
5.56939172744751
5.60432505607605
5.6456217765808105
5.452949523925781
5.5367348194122314
5.5550696849823
5.53886079788208
5.556525945663452
5.5785698890686035
5.699948787689209
5.781159400939941
5.571063041687012
5.486105680465698
5.70976996421814
5.528998613357544
5.5174946784973145
5.598421096801758
5.567152738571167
5.57140326499939
5.564452648162842
5.652174234390259
5.687477350234985
5.50465989112854
5.543390512466431
5.562305450439453
5.471562623977661
5.697782754898071
5.579805612564087
5.552278757095337
5.6037421226501465
5.550115346908569
5.508130788803101
5.655110597610474
5.631006956100464
5.518580436706543
5.515004634857178
5.574132919311523
5.973984479904175
6.13174033164978
5.656465530395508
5.573542356491089
5.788575649261475
5.548948287963867
5.498560190200806
5.554562568664551
5.7914369106292725
5.716200351715088
5.6185455322265625
5.581402063369751
5.791495084762573
5.699772357940674
5.559010744094849
5.504136562347412
5.726292133331299
5.784245491027832
5.551154613494873
5.525448560714722
5.768383502960205
5.6994500160217285
5.587202787399292
5.5273284912109375
5.824317216873169
5.685211896896362
5.62046480178833
5.544663667678833
5.542083263397217
5.505474090576172
5.628107309341431
5.650989532470703
5.642575740814209
5.37952733039856
5.547106027603149
5.693627834320068
5.7317304611206055
5.400227308273315
5.548156261444092
5.942074775695801
5.6995508670806885
5.658533811569214
5.478647947311401
5.7668421268463135
5.698257923126221
5.639798641204834
5.543400526046753
5.7588136196136475
5.765992641448975
5.50200891494751
5.498942852020264
5.786301374435425
5.619169473648071
5.673352003097534
5.5356080532073975
5.7832350730896
5.7481818199157715
5.523148775100708
5.434209585189819
5.859207630157471
5.857346534729004
5.506311893463135
5.526233196258545
5.754340648651123
5.713521718978882
5.530566692352295
5.476922512054443
5.673403263092041
5.687167167663574
5.513087511062622
5.558247089385986
5.780395030975342
5.749423503875732
5.514300107955933
5.533371925354004
5.691291332244873
5.5870301723480225
5.562633037567139
5.5379533767700195
5.84276556968689
5.653063774108887
5.479088544845581
5.590743780136108
5.832010507583618
5.690392255783081
5.428130626678467
5.688556432723999
5.766281366348267
5.6375603675842285
5.459656476974487
5.811917543411255
5.590525150299072
5.583191633224487
5.508498907089233
5.6844353675842285
5.7281413078308105
5.533953428268433
5.564367055892944
5.790339946746826
5.673797369003296
5.5306665897369385
5.38997220993042
5.742098331451416
5.640602350234985
5.6789562702178955
5.560747861862183
5.760272264480591
5.992347478866577
5.851279973983765
5.6812639236450195
5.945911884307861
5.777842283248901
5.491915464401245
5.466655969619751
5.748832941055298
5.68377947807312
5.434601306915283
5.559518098831177
5.793345212936401
5.649310827255249
5.535319089889526
5.573644161224365
5.50107741355896
5.555539608001709
5.702391862869263
5.530285120010376
5.726156949996948
5.857298135757446
5.45271372795105
5.421854019165039
5.7889344692230225
5.646641731262207
5.504069089889526
5.414721965789795
5.779247760772705
5.679084539413452
5.633883237838745
5.5862250328063965
5.677417993545532
5.703266859054565
5.367248296737671
5.633352041244507
5.772542953491211
5.72939133644104
5.646587610244751
5.531088352203369
5.871698379516602
5.685473680496216
5.609039068222046
5.5681657791137695
5.806399822235107
5.721465349197388
5.633218765258789
5.593648672103882
5.875427961349487
5.669290065765381
5.726032018661499
5.459513187408447
5.620736122131348
5.687266111373901
5.721304655075073
5.515739440917969
5.562547922134399
5.868646144866943
5.734193801879883
5.528483867645264
5.566638946533203
5.77231240272522
5.719146490097046
5.637930393218994
5.619081974029541
5.85592794418335
5.720417737960815
5.6201746463775635
5.523732662200928
5.792881488800049
5.683607816696167
5.546641826629639
5.566112279891968
5.77426290512085
5.6598920822143555
5.613723993301392
5.505939722061157
5.472355127334595
5.903619289398193
6.004835605621338
5.616647958755493
5.487989664077759
5.6112961769104
5.93107533454895
5.517598867416382
5.635675430297852
5.402353286743164
5.706059694290161
5.813519716262817
5.687228441238403
5.576892852783203
5.527965784072876
5.958516597747803
5.735128879547119
5.542088747024536
5.435497760772705
5.724883556365967
5.637801885604858
5.55461859703064
5.6169798374176025
5.8740644454956055
5.704697608947754
5.569846868515015
5.579719543457031
5.915370941162109
5.643125772476196
5.541083335876465
5.524981737136841
5.617602586746216
5.817468643188477
5.971853256225586
6.1456944942474365
5.758043527603149
5.746733903884888
5.4854819774627686
5.587641716003418
5.516867637634277
5.609037160873413
5.62613582611084
5.387937068939209
5.45390510559082
5.933479309082031
5.749334812164307
5.488833904266357
5.300310850143433
5.739286661148071
5.66212797164917
5.5771825313568115
5.617720127105713
5.883847236633301
5.647284984588623
5.538093566894531
5.613500118255615
5.770338773727417
5.696188926696777
5.535627126693726
5.551974296569824
5.756524562835693
5.697078466415405
5.519639730453491
5.552397727966309
5.664437770843506
5.658716440200806
5.6917877197265625
5.671762943267822
5.58001708984375
5.6061437129974365
5.661599636077881
5.69312310218811
5.564981937408447
5.557804822921753
5.840288877487183
5.581554651260376
5.604969501495361
5.4614269733428955
5.729780673980713
5.696250677108765
5.456770420074463
5.588539361953735
5.773350954055786
5.745119333267212
5.533579111099243
5.6846923828125
5.855618953704834
5.868214845657349
5.599581003189087
5.463819265365601
5.836738348007202
5.648632526397705
5.633044004440308
5.587174415588379
5.633605480194092
5.844851016998291
5.8213536739349365
5.838911056518555
5.656680107116699
5.634294509887695
5.546003818511963
5.58806848526001
5.597653388977051
5.748338460922241
5.854236841201782
5.607093334197998
5.6384570598602295
5.988591909408569
5.65377140045166
5.71147346496582
5.585765600204468
5.581679821014404
5.7955849170684814
5.682780027389526
5.728707790374756
5.465588569641113
5.562215089797974
5.740718126296997
5.66709041595459
5.772169589996338
5.724159479141235
5.6437296867370605
5.51596212387085
5.552073955535889
5.458347797393799
5.7173497676849365
5.706756591796875
5.758951425552368
5.68440842628479
5.5976340770721436
5.82189416885376
5.679922819137573
5.603585720062256
5.6161744594573975
6.007428884506226
5.885398626327515
5.415463924407959
5.5480124950408936
6.355739593505859
5.891735792160034
5.758602857589722
5.588542699813843
5.5646092891693115
6.098189353942871
5.956647157669067
5.700080394744873
5.536588430404663
5.5821192264556885
5.925293207168579
5.9235827922821045
5.7347612380981445
5.5632805824279785
5.44521164894104
5.957025527954102
5.916962623596191
5.705460786819458
5.42145299911499
5.866361618041992
5.504101037979126
5.626583576202393
5.864903688430786
5.684633255004883
5.536257982254028
5.570514917373657
5.765480041503906
5.833374261856079
5.4634222984313965
5.822850465774536
5.831852674484253
5.478095054626465
5.488913297653198
5.9466071128845215
6.019019842147827
5.551470756530762
5.582497596740723
6.319275379180908
5.799705743789673
5.54908299446106
5.638828754425049
6.0714569091796875
5.963992118835449
5.563107252120972
5.460705518722534
6.006978988647461
6.102273941040039
5.569368362426758
5.5994651317596436
5.759011268615723
5.753171682357788
5.834007978439331
5.684235572814941
5.461463689804077
5.739234209060669
5.612337350845337
5.5556464195251465
5.694283485412598
5.535349607467651
5.558645963668823
5.939948797225952
5.982199192047119
5.44538950920105
5.514613628387451
5.774609327316284
5.920137643814087
5.7627339363098145
5.866149425506592
5.3863139152526855
5.570504426956177
6.076132535934448
6.434904336929321
5.522061347961426
5.443353176116943
5.557414770126343
5.9097676277160645
5.9733545780181885
5.421857595443726
5.667187690734863
5.830348253250122
5.831808805465698
5.7808332443237305
5.591038465499878
5.505922794342041
5.830231189727783
6.112151145935059
6.146872520446777
5.572567701339722
5.52306866645813
5.5220253467559814
5.993109703063965
5.931398391723633
5.546923637390137
5.582585573196411
5.857013940811157
5.814023733139038
5.677305459976196
5.427835702896118
5.414275646209717
5.8408050537109375
6.163353681564331
5.689377069473267
5.466919183731079
5.457003831863403
5.795621395111084
5.922847270965576
5.90340781211853
5.587393045425415
5.624784469604492
5.897148847579956
6.021519899368286
5.783804893493652
5.625198125839233
5.582313060760498
5.564101696014404
5.844217538833618
5.690666198730469
5.504044055938721
5.791097640991211
6.219353675842285
5.758318185806274
5.585991621017456
5.630600214004517
5.9349024295806885
5.896401405334473
5.549880027770996
5.614587783813477
5.939104080200195
6.040774822235107
5.585202932357788
5.493462562561035
5.955543041229248
6.048204183578491
5.799281120300293
5.434495687484741
5.5044472217559814
6.005784749984741
6.098950386047363
5.510230541229248
5.553895950317383
6.013624906539917
5.958810329437256
5.793375492095947
5.578135251998901
5.524034261703491
5.867985725402832
5.783066034317017
6.491354703903198
5.641041994094849
5.562502861022949
5.762564182281494
5.939955711364746
5.66346549987793
5.608270883560181
5.957856893539429
5.959883689880371
5.697519063949585
5.574977874755859
5.514283895492554
6.021219968795776
6.117588996887207
5.78741455078125
5.522931814193726
5.556701898574829
5.9077019691467285
6.07598876953125
5.892235517501831
5.602468252182007
5.479795455932617
6.093953847885132
6.017881870269775
6.1764349937438965
5.630049228668213
5.527057886123657
5.431029319763184
5.439347743988037
5.566770076751709
5.499090909957886
6.170922756195068
5.537853717803955
5.542693376541138
5.667021036148071
5.529347658157349
5.489074230194092
5.495110988616943
5.323015213012695
5.439408540725708
5.582623481750488
5.453001022338867
5.215640306472778
5.20936918258667
5.297674179077148
5.414174556732178
5.4548633098602295
5.4389519691467285
5.413865089416504
5.582901477813721
5.477424383163452
5.2057647705078125
5.254944324493408
5.8191914558410645
5.666433572769165
5.573596954345703
5.527986526489258
5.669824600219727
5.621528625488281
5.2948102951049805
5.235631227493286
5.633190631866455
5.667987108230591
5.516443252563477
5.480925559997559
5.455113410949707
5.613757848739624
5.153228759765625
5.210114240646362
5.78049898147583
5.703042268753052
5.599321365356445
5.573267459869385
5.468628644943237
5.666574001312256
5.267186880111694
5.312729597091675
5.643690824508667
5.7056567668914795
5.537017345428467
5.5079309940338135
5.510241985321045
5.580066204071045
5.30730128288269
5.334228754043579
5.334042549133301
5.705655574798584
5.685729265213013
5.613551378250122
5.594252824783325
5.614992380142212
5.559013366699219
5.280645132064819
5.294191598892212
5.268350124359131
5.735244989395142
5.679476022720337
5.7848732471466064
5.5295023918151855
5.610629558563232
5.324120283126831
5.415454864501953
5.316586017608643
5.116270542144775
5.299680471420288
5.375354051589966
5.673240661621094
5.594635009765625
5.722121000289917
5.500431537628174
5.709914922714233
5.28326416015625
5.470998287200928
5.844295263290405
5.839830636978149
6.1554114818573
5.589874982833862
5.547490358352661
6.081977844238281
6.038532257080078
5.721089839935303
5.7131288051605225
5.785668611526489
5.843738555908203
6.142291069030762
6.42305850982666
5.8812010288238525
6.066697359085083
5.844323635101318
5.873516321182251
5.767878532409668
5.846358776092529
5.868300437927246
5.761152505874634
5.783276081085205
5.507339715957642
5.766972064971924
5.772085905075073
5.811819076538086
5.781845808029175
5.78223443031311
5.722468614578247
5.705392599105835
5.5839996337890625
5.732193231582642
5.592661142349243
5.540065765380859
5.565961837768555
5.758059978485107
5.886097192764282
5.980214595794678
5.649000883102417
5.609279155731201
5.732680559158325
5.828335285186768
5.570643663406372
5.663168907165527
5.837714195251465
5.83237099647522
5.634092569351196
5.460406303405762
5.799829006195068
5.7599406242370605
5.708766937255859
5.478515625
5.855654954910278
5.691643714904785
5.446229934692383
5.580110549926758
5.7012012004852295
5.807963848114014
5.611131191253662
5.5707666873931885
5.660834074020386
5.837890863418579
5.580683946609497
5.354677200317383
5.771778583526611
5.749769687652588
5.591715574264526
5.557522773742676
5.767152547836304
5.821025848388672
5.597401142120361
5.69861364364624
5.667332410812378
5.854251146316528
5.4491496086120605
5.638361692428589
5.746798276901245
5.870229959487915
5.575671434402466
5.661166191101074
5.864499807357788
5.777805328369141
5.452106475830078
5.758402109146118
5.748953580856323
5.865882873535156
5.591960668563843
5.587564945220947
5.800951957702637
5.747141122817993
5.469517946243286
5.651045799255371
5.706218481063843
5.850953102111816
5.514909744262695
5.5570762157440186
5.781291961669922
6.2201621532440186
5.542579650878906
5.55750846862793
5.946803569793701
5.894150495529175
5.48523211479187
5.522083282470703
5.77355170249939
5.80935263633728
5.536209344863892
5.597541570663452
5.898116827011108
6.183412075042725
5.7143871784210205
5.59201717376709
5.813259124755859
5.951213836669922
5.679606199264526
5.692533254623413
5.757170915603638
5.959931373596191
5.710042238235474
5.702193021774292
5.88458514213562
5.853740215301514
5.6434924602508545
5.532559394836426
5.841461896896362
5.9042582511901855
5.631925344467163
5.619761228561401
5.7562055587768555
5.821037530899048
5.569052457809448
5.588634252548218
5.874316930770874
5.866900205612183
5.623218059539795
5.6682045459747314
5.822673559188843
5.756283760070801
5.479512929916382
5.540964365005493
5.6996448040008545
5.726258993148804
5.6631646156311035
5.57166862487793
5.8330078125
5.829211950302124
5.56708288192749
5.768515348434448
5.9546427726745605
5.893897771835327
5.477513313293457
5.645325183868408
5.7050940990448
5.821103572845459
5.66971755027771
5.64660382270813
5.887341499328613
5.821383953094482
5.51112961769104
5.6040730476379395
5.868804693222046
5.759446620941162
5.6577746868133545
5.50284743309021
5.841420412063599
5.886381387710571
5.5745744705200195
5.63504695892334
5.746765613555908
5.8042216300964355
5.588533639907837
5.5945563316345215
5.733586549758911
5.817957878112793
5.572604417800903
5.6119704246521
5.735942840576172
5.786196947097778
5.589576721191406
5.446910619735718
5.682645082473755
5.845848798751831
5.609692573547363
5.383474826812744
5.716670989990234
5.776727199554443
5.503543376922607
5.631170988082886
5.781438589096069
5.917433261871338
5.5885374546051025
5.612438440322876
6.004591703414917
5.763177394866943
5.852325677871704
5.670686960220337
5.5981926918029785
5.744606018066406
5.794762372970581
6.151735544204712
5.883390426635742
5.797506093978882
5.939146280288696
5.632713079452515
5.525474548339844
5.756783962249756
5.777358770370483
5.390217542648315
5.534486532211304
5.778620719909668
5.950699329376221
5.589143753051758
5.5436482429504395
5.803663730621338
5.774609565734863
5.855612754821777
5.561713218688965
5.483893632888794
5.705742597579956
5.822240591049194
5.63680362701416
5.585750579833984
5.748806715011597
5.738097667694092
5.511870622634888
5.513518810272217
5.767834186553955
5.833786964416504
5.8758933544158936
5.541574478149414
5.722920894622803
5.760563135147095
5.771373748779297
5.605633735656738
5.565107345581055
5.742347717285156
5.766716957092285
5.612497329711914
5.540923357009888
5.827467203140259
5.7372987270355225
5.697697639465332
5.570961236953735
5.576094150543213
5.855105400085449
5.661097288131714
5.434794664382935
5.556889533996582
5.711994409561157
5.790958881378174
5.505725622177124
5.590728282928467
5.677536249160767
5.766702890396118
5.688068389892578
5.549083709716797
5.714053392410278
5.83522891998291
5.798867464065552
5.615541934967041
5.520490646362305
5.961405515670776
5.967300176620483
5.610914468765259
5.598024129867554
5.709134340286255
5.796663999557495
5.695157527923584
5.633643388748169
5.562481164932251
5.7596986293792725
5.784893274307251
5.647895097732544
5.5085296630859375
5.747763395309448
5.644290447235107
5.80689549446106
5.549147129058838
5.5665833950042725
5.929893970489502
6.085909605026245
5.822117328643799
5.537945032119751
5.77178955078125
5.811882019042969
5.476070404052734
5.541524410247803
5.795262098312378
5.785678148269653
5.854339838027954
5.583812236785889
5.6033642292022705
5.8842737674713135
5.785588979721069
5.549323558807373
5.584454298019409
5.820783376693726
5.821209669113159
5.935089588165283
5.6399571895599365
5.597169637680054
5.914652109146118
5.837501287460327
5.543367862701416
5.717814922332764
5.835654973983765
5.7765114307403564
5.852243900299072
5.548049449920654
5.4829301834106445
5.821828365325928
5.785332679748535
5.595121145248413
5.735119581222534
5.840826034545898
5.990877628326416
5.80868673324585
5.5369579792022705
5.629136323928833
5.8468451499938965
5.978356838226318
5.4837806224823
5.675736665725708
5.787676811218262
5.826769828796387
5.833409070968628
5.658782482147217
5.669497728347778
5.697729110717773
5.919887542724609
5.612558364868164
5.581822395324707
5.9369261264801025
5.7654948234558105
5.747676372528076
5.633470296859741
5.622106552124023
5.847805738449097
5.85891056060791
5.6642820835113525
5.552780389785767
5.739857196807861
5.872234106063843
5.7958619594573975
5.5567240715026855
5.48553204536438
5.8361122608184814
5.6372973918914795
5.61463189125061
5.557599782943726
5.70452618598938
5.810246229171753
5.737320423126221
5.595352411270142
5.625561714172363
5.679059028625488
5.820187330245972
5.541790723800659
5.392504692077637
5.761324167251587
5.745184898376465
5.7928242683410645
5.511457204818726
5.552300453186035
5.736139297485352
5.699581861495972
5.58561635017395
5.639147043228149
5.804761648178101
5.847798109054565
5.7896177768707275
5.627051591873169
5.549489259719849
5.585516452789307
5.684333801269531
5.650454759597778
5.804893255233765
5.491022825241089
5.594566822052002
5.56946587562561
5.731739282608032
5.68782114982605
5.806418418884277
5.619214296340942
5.481502294540405
5.534517526626587
5.7545061111450195
5.788798570632935
5.810331583023071
5.462740898132324
5.6586833000183105
5.580541372299194
5.739152908325195
5.750215291976929
5.8108415603637695
5.637187480926514
5.592559814453125
5.570788860321045
5.787814617156982
5.715219020843506
5.792680978775024
5.562589645385742
5.525630474090576
5.553639650344849
5.781447649002075
5.74325966835022
5.841104745864868
5.695554971694946
5.547600507736206
5.595349550247192
5.736828327178955
5.759689807891846
5.74324369430542
5.610409736633301
5.536939382553101
5.490078926086426
5.814030647277832
5.577839136123657
5.700567007064819
5.691514253616333
5.566216945648193
5.633497714996338
5.800739288330078
5.724299192428589
5.737636089324951
5.689244747161865
5.622997283935547
5.6803975105285645
5.690080165863037
5.762135982513428
5.827138423919678
5.532012939453125
5.733104467391968
5.631490230560303
5.757875204086304
5.894216537475586
5.761193752288818
5.71674656867981
5.675954103469849
5.601555824279785
5.712275266647339
5.722243309020996
5.826093673706055
5.519487142562866
5.688433885574341
5.590115547180176
5.847595930099487
5.700215578079224
5.768082857131958
5.484750986099243
5.677059888839722
5.504464864730835
5.680511474609375
5.65467643737793
5.836326837539673
5.630970001220703
5.527633190155029
5.51862645149231
5.743747234344482
5.772214889526367
5.813503742218018
5.632261514663696
5.660044431686401
5.67119574546814
5.728830814361572
5.743758678436279
5.665961980819702
5.574706554412842
5.552488565444946
5.537131309509277
5.698972225189209
5.6958839893341064
5.735348224639893
5.479162693023682
5.706440687179565
5.514428615570068
5.656683444976807
5.624160528182983
5.760739326477051
5.9662535190582275
5.750552177429199
5.5166802406311035
5.719275236129761
5.739649295806885
5.796393156051636
5.595492362976074
5.603537082672119
5.7058141231536865
5.766549825668335
5.66982889175415
5.825451135635376
5.613548994064331
5.532031059265137
5.621890306472778
5.776274681091309
5.712859153747559
5.809205532073975
5.652164936065674
5.555675029754639
5.5865795612335205
5.816359519958496
5.752515077590942
5.796713590621948
5.549318313598633
5.505595922470093
5.6793482303619385
5.768797874450684
5.713773965835571
5.896996021270752
5.50680947303772
5.5578906536102295
5.666194200515747
5.736766338348389
5.722038745880127
5.738737106323242
5.561259746551514
5.611129999160767
5.698426961898804
5.856860876083374
5.835228443145752
5.840144872665405
5.643994092941284
5.429971218109131
5.592996597290039
5.723756313323975
5.869374990463257
5.84867525100708
5.600266933441162
5.4850263595581055
5.462589263916016
5.774717569351196
5.544530153274536
5.6733551025390625
5.562891244888306
5.51738429069519
5.614665746688843
5.822317600250244
5.787725210189819
5.815129518508911
5.514025449752808
5.625939846038818
5.485960960388184
5.735235691070557
5.638558864593506
5.867572784423828
5.559500217437744
5.592379331588745
5.501331806182861
5.7898664474487305
5.802624940872192
5.851242780685425
5.670335531234741
5.519340515136719
5.683020830154419
5.794215440750122
5.831169128417969
5.827728748321533
5.716712474822998
5.610797882080078
5.575881004333496
5.7568464279174805
5.7691240310668945
5.712916612625122
5.583218336105347
5.593024969100952
5.679188966751099
5.7805495262146
5.717087745666504
5.799170255661011
5.596619129180908
5.476417541503906
5.54548192024231
5.793241500854492
5.773069620132446
5.800007581710815
5.609638452529907
5.537315607070923
5.65217399597168
5.826267242431641
5.668599843978882
5.81914496421814
5.675870895385742
5.577987194061279
5.660917520523071
5.814751148223877
5.75772500038147
5.594701528549194
5.715620040893555
5.432487964630127
5.716571092605591
5.709078550338745
5.605201721191406
5.618595838546753
5.690832853317261
5.669234275817871
5.907533407211304
5.781653165817261
5.6931822299957275
5.75434136390686
5.707295894622803
5.702238082885742
5.6455724239349365
5.601681232452393
5.636693239212036
5.90541410446167
5.79085373878479
5.5549211502075195
5.571588039398193
5.636645793914795
5.821512699127197
5.74189305305481
5.534552574157715
5.6083457469940186
5.559187173843384
5.8593268394470215
5.863739728927612
5.7008044719696045
5.593502759933472
5.530276298522949
5.649699449539185
5.748819589614868
5.4963788986206055
5.470892429351807
5.731476306915283
5.725705146789551
5.851169586181641
5.5232813358306885
5.508549213409424
5.602538347244263
5.697168350219727
5.78157639503479
5.591011047363281
5.593519449234009
5.549998044967651
5.660720109939575
5.633421421051025
5.633463382720947
5.601831912994385
5.586969375610352
5.800817489624023
5.722774505615234
5.701859474182129
5.60365104675293
5.579087257385254
5.726403474807739
5.739105701446533
5.739642143249512
5.526546955108643
5.500047445297241
5.676576614379883
5.79564356803894
5.566852569580078
5.538922548294067
5.607071876525879
5.751645565032959
5.747358798980713
5.527551889419556
5.512793302536011
5.711967945098877
5.73875880241394
5.83729100227356
5.6094043254852295
5.618001222610474
5.539374828338623
5.60637354850769
5.869063138961792
5.603621482849121
5.539628982543945
5.506906032562256
5.6712892055511475
5.720269441604614
5.639495372772217
5.5136003494262695
5.615561485290527
5.832105398178101
5.784574747085571
5.7081756591796875
5.587022066116333
5.60639214515686
5.752307415008545
5.958319902420044
5.856750011444092
5.912463426589966
