Timing log for each step:
0.02101898193359375
5.341946125030518
5.2754456996917725
5.374962568283081
5.302330017089844
5.258352756500244
5.24922513961792
5.326727390289307
5.386706352233887
5.367772817611694
5.385027647018433
5.339802503585815
5.385853290557861
5.3540825843811035
5.378663778305054
5.342455148696899
5.369281053543091
5.414977550506592
5.350401401519775
5.372996091842651
5.380282878875732
5.414526700973511
5.475793838500977
5.342246055603027
5.350276231765747
5.343825101852417
5.387848854064941
5.588635683059692
5.372697353363037
5.4485273361206055
5.402242660522461
5.423088550567627
5.411884069442749
5.430142164230347
5.455100059509277
5.359222412109375
5.416223049163818
5.404123306274414
5.35587477684021
5.420559644699097
5.497193813323975
5.4093616008758545
5.399899005889893
5.39769172668457
5.380699157714844
5.376765727996826
5.43649697303772
5.38774037361145
5.423071384429932
5.363654851913452
5.326325178146362
5.360929727554321
5.478597402572632
5.46837854385376
5.418154001235962
5.317901849746704
5.292450428009033
5.361111879348755
5.3599512577056885
5.4276816844940186
5.354396820068359
5.406318426132202
5.3774049282073975
5.394814491271973
5.427779674530029
5.403382778167725
5.407103538513184
5.587409496307373
5.421865940093994
5.377000331878662
5.4675984382629395
5.413915395736694
5.461310625076294
5.438900709152222
5.41349720954895
5.4054155349731445
5.408366680145264
5.402915716171265
5.437068462371826
4.705977201461792
5.496613502502441
5.477319717407227
5.430007219314575
5.351834774017334
5.337528228759766
5.3290252685546875
5.411262273788452
5.445322036743164
5.3138816356658936
5.421045541763306
5.4218080043792725
5.4281463623046875
5.448774576187134
5.469525575637817
5.4327778816223145
5.398437976837158
5.420066833496094
5.429344415664673
5.415979623794556
5.350126028060913
5.341206073760986
5.4175684452056885
5.412249803543091
5.431707143783569
5.46350622177124
5.377042055130005
5.443174839019775
5.468831777572632
5.3813629150390625
5.435779809951782
5.380335807800293
5.449704170227051
5.330543041229248
5.415564060211182
5.361474990844727
5.4214746952056885
5.333833456039429
5.433934688568115
5.421577215194702
5.346634149551392
5.456455707550049
5.413229703903198
5.423582315444946
5.482332468032837
5.455209970474243
5.482992887496948
5.5383594036102295
5.642423868179321
5.546842336654663
5.471373558044434
5.361712694168091
5.471618890762329
5.470211505889893
5.9021897315979
5.583969593048096
5.441964626312256
5.454158067703247
5.480786323547363
5.522040843963623
5.409325122833252
5.4318013191223145
5.368217945098877
5.488583564758301
5.4937145709991455
5.409924268722534
5.505352735519409
5.424466133117676
5.4807047843933105
5.3689727783203125
5.489540100097656
5.51405668258667
5.473353862762451
5.473990440368652
5.380970239639282
5.4009788036346436
5.467179298400879
5.395997047424316
5.466740369796753
5.42825174331665
5.52880597114563
5.527568817138672
5.618080139160156
5.477599382400513
5.4820849895477295
5.409754276275635
5.4178619384765625
5.434384107589722
5.519090175628662
5.491342544555664
5.452670097351074
5.472808837890625
5.445956707000732
5.4479079246521
5.4810590744018555
5.431687593460083
5.635744333267212
5.436506986618042
5.701095342636108
5.364087104797363
5.426248550415039
5.380915880203247
5.39239501953125
5.442541122436523
5.444971084594727
5.495060682296753
5.349982738494873
5.4655373096466064
5.430196046829224
5.472371816635132
5.3944091796875
5.460242986679077
5.4572594165802
5.3738014698028564
5.450807809829712
5.504892349243164
5.414750099182129
5.413814306259155
5.384622097015381
5.400595664978027
5.427231550216675
5.447851181030273
5.45482325553894
5.4190897941589355
5.363831520080566
5.432819366455078
5.429700136184692
5.456664800643921
5.3808753490448
5.466468572616577
5.461724281311035
5.417869329452515
5.3726983070373535
5.568210601806641
5.487543106079102
5.3058226108551025
5.460195779800415
5.399038553237915
5.38039231300354
5.388260364532471
5.415300130844116
5.3694236278533936
5.418522596359253
5.414586067199707
5.442443370819092
5.457128524780273
5.341876029968262
5.444386005401611
5.396251678466797
5.399479150772095
5.372776985168457
5.45455002784729
5.450682640075684
5.413142919540405
5.420465469360352
5.425936698913574
5.393559455871582
5.441480398178101
5.42647385597229
5.416778802871704
5.527759552001953
5.418658494949341
5.406086444854736
5.374866485595703
5.443609714508057
5.441297769546509
5.472730875015259
5.489315748214722
5.470578908920288
5.49271297454834
5.6641685962677
5.491673231124878
5.337717294692993
5.394805669784546
5.495791673660278
5.311661720275879
5.404414892196655
5.382729768753052
5.519939422607422
5.515981435775757
5.454092979431152
5.397545099258423
