Timing log for each step:
0.012011289596557617
10.542542934417725
10.06728196144104
10.17051911354065
10.518018245697021
10.484439134597778
10.590887784957886
10.583517074584961
10.547513246536255
10.551998376846313
10.577443599700928
10.552252292633057
10.51279878616333
10.547162294387817
10.157430171966553
10.305278301239014
10.206172704696655
10.285965204238892
10.138605833053589
10.262013673782349
10.229567766189575
10.159432649612427
10.311843395233154
10.21826696395874
9.985641241073608
10.046977758407593
10.115980863571167
10.445849180221558
10.288519859313965
10.383695125579834
10.184415102005005
10.124426364898682
10.200241088867188
10.220276594161987
10.301167249679565
10.22639536857605
10.232189893722534
10.342843770980835
10.768983840942383
10.548446416854858
10.256075620651245
10.227700471878052
10.186385154724121
10.24430775642395
10.276307344436646
11.060286045074463
11.397168397903442
10.231135606765747
11.09021544456482
10.624825239181519
10.52141523361206
10.361817598342896
10.351872444152832
10.409795999526978
10.233887195587158
10.243515014648438
10.29636001586914
10.237734317779541
10.322827339172363
10.313683032989502
10.401662588119507
10.457590341567993
10.37439751625061
10.214483261108398
10.29505467414856
10.271512508392334
10.386552810668945
10.320839881896973
10.352930784225464
10.327474117279053
10.406230449676514
10.312191009521484
10.286812543869019
10.387959003448486
10.412038803100586
10.4406156539917
10.239974021911621
10.316931962966919
10.344537019729614
10.325782537460327
10.407840013504028
10.363118410110474
10.455142498016357
10.410045623779297
10.418938636779785
10.317721366882324
10.295876026153564
10.301781177520752
10.379807472229004
10.345865964889526
10.426078081130981
10.574934244155884
10.380647659301758
10.32691216468811
10.459413528442383
10.461162805557251
10.553824424743652
10.432823657989502
11.019241094589233
10.638112545013428
10.546339750289917
10.348454475402832
10.503919124603271
10.460137128829956
10.561973810195923
10.373578548431396
10.30184817314148
10.356939315795898
10.391456842422485
10.44145941734314
10.332882642745972
10.425221920013428
11.429481983184814
10.402400493621826
10.948548078536987
10.671420574188232
10.758640766143799
10.287336349487305
10.368695974349976
10.327119588851929
10.335954189300537
10.281928062438965
10.277696132659912
10.374605655670166
10.423502445220947
10.443585395812988
10.376616716384888
10.38709020614624
10.523782014846802
10.483099937438965
10.47732162475586
10.453636884689331
10.573386907577515
10.314390420913696
10.453479528427124
10.340291500091553
10.206542015075684
10.640406847000122
10.310133457183838
10.41838550567627
10.239611625671387
10.318607568740845
10.325413465499878
10.89863395690918
10.850022315979004
10.572850227355957
10.440501689910889
10.52964973449707
11.202974796295166
10.821955442428589
10.61825966835022
10.574001789093018
10.723607778549194
10.667603492736816
10.675133466720581
10.48891019821167
10.150044441223145
10.306827545166016
10.319401025772095
10.196449995040894
10.499475240707397
10.53828477859497
10.419093132019043
10.567037343978882
10.536890983581543
10.548882007598877
10.555343389511108
10.682467937469482
10.497304439544678
10.454238176345825
10.520645380020142
10.571783542633057
10.610901594161987
10.553696393966675
10.43794584274292
10.593484163284302
10.479706525802612
10.396589279174805
10.522022247314453
10.377906560897827
10.506019353866577
10.429524898529053
10.439152240753174
10.62648606300354
10.365700244903564
10.354588747024536
10.601598739624023
10.490158081054688
10.500884294509888
10.61410140991211
10.95695948600769
10.76029634475708
10.542059898376465
10.426714420318604
10.445232152938843
10.4574613571167
10.561068296432495
10.491276741027832
10.33241319656372
10.341919422149658
10.328120946884155
10.317407846450806
10.376331567764282
10.326032638549805
10.339454889297485
10.307151556015015
10.380425691604614
10.470635890960693
10.424412488937378
10.343960523605347
10.43168020248413
10.601562976837158
10.532999038696289
10.485460042953491
10.443535089492798
10.488171577453613
10.306872844696045
10.524351835250854
10.498255968093872
10.465273141860962
10.64182424545288
10.526905059814453
10.380409240722656
10.437126398086548
10.421768188476562
10.51282525062561
10.490529775619507
10.460747957229614
10.340982437133789
10.541192054748535
10.500611782073975
10.3885498046875
10.480547904968262
10.519441843032837
10.542632579803467
10.426549911499023
10.500944137573242
10.49134111404419
10.331430435180664
10.360152244567871
10.264718770980835
10.339003562927246
10.435973405838013
10.365035772323608
10.575655937194824
10.403682708740234
10.577822923660278
10.629534482955933
10.339657306671143
10.3917076587677
10.40476131439209
10.50166392326355
10.439547777175903
10.436608791351318
10.586834192276001
10.666578531265259
10.52748155593872
10.310808658599854
10.346396923065186
10.398835897445679
10.433039426803589
10.310953855514526
10.309988021850586
10.578079223632812
10.376180410385132
10.485074520111084
10.41286325454712
10.76655650138855
10.610130071640015
10.58230209350586
10.506147384643555
10.683114290237427
10.327547788619995
10.48061227798462
10.644355773925781
10.516137599945068
10.52094841003418
10.710934400558472
10.493999004364014
10.439536571502686
10.515942096710205
10.425415754318237
10.464750051498413
10.512986898422241
10.389031171798706
10.308144330978394
10.296415090560913
10.421036005020142
11.1501624584198
10.871124029159546
11.116165399551392
10.732135534286499
10.31770372390747
10.18979811668396
10.225560188293457
10.377233743667603
10.254145383834839
10.12649130821228
10.204465866088867
10.302775144577026
10.24969220161438
10.246680974960327
10.68784475326538
10.279950618743896
10.305734634399414
10.299985647201538
10.154014348983765
10.180923700332642
10.329817295074463
10.299602270126343
10.34093952178955
10.398924112319946
10.23981499671936
10.247740030288696
10.195800065994263
10.29290246963501
10.335920810699463
10.352713584899902
10.524916887283325
10.32819390296936
10.349018096923828
10.098936796188354
10.390528440475464
10.155159711837769
10.207602739334106
10.263909816741943
10.262180805206299
10.358820915222168
10.188895463943481
10.040724039077759
10.316354036331177
9.737747192382812
9.616645097732544
10.230644464492798
10.402849912643433
10.2728910446167
10.270824193954468
10.208537578582764
10.352094411849976
9.772156476974487
9.919761180877686
10.23368787765503
10.479829549789429
10.405876398086548
10.325810194015503
10.306100606918335
10.329639673233032
10.28561019897461
10.154947757720947
9.788898706436157
9.849953174591064
9.68491244316101
9.683922052383423
10.28681206703186
9.828784465789795
10.183008909225464
10.211949348449707
10.426568031311035
10.688337564468384
11.220349311828613
10.394590854644775
10.372903823852539
11.51921820640564
10.370135307312012
10.345624923706055
10.262060165405273
10.281952142715454
9.792436838150024
9.791888952255249
9.092034339904785
9.019575595855713
9.346012830734253
9.568935632705688
10.380740880966187
10.327211856842041
10.293962001800537
10.272361278533936
10.292192935943604
10.387077331542969
10.390869379043579
10.187940120697021
10.165921449661255
10.320497274398804
10.350854873657227
11.191871166229248
11.417380094528198
10.048521041870117
9.194095611572266
9.677941083908081
10.402872085571289
10.549050092697144
10.267165184020996
10.737162113189697
10.529622554779053
10.476237058639526
11.1382417678833
10.88216257095337
10.993834972381592
10.757309436798096
10.791992425918579
10.72610354423523
10.911067247390747
10.77728009223938
10.26678466796875
10.476010084152222
9.897425174713135
10.025254487991333
10.037298202514648
10.714029550552368
11.094289064407349
10.964010953903198
10.754628658294678
10.851756572723389
10.791717052459717
10.748609781265259
10.97098422050476
10.851104259490967
10.874682903289795
10.871021509170532
10.856987714767456
11.189733982086182
10.174567222595215
10.415710926055908
10.015117406845093
10.268980979919434
10.209426164627075
10.238043546676636
10.808391332626343
10.988900899887085
