Timing log for each step:
0.01701807975769043
5.349576950073242
5.867139101028442
6.42331337928772
6.416962385177612
5.863369941711426
5.815706253051758
5.778115272521973
5.702438831329346
5.849066495895386
5.674829721450806
5.7585625648498535
5.71504020690918
6.0038673877716064
6.025376796722412
5.661915063858032
5.625997543334961
5.5947558879852295
5.631722927093506
5.660975933074951
5.80039381980896
5.66514778137207
5.67264723777771
5.668059349060059
5.3887879848480225
5.389703989028931
5.669809818267822
5.4192280769348145
5.498408079147339
4.729897737503052
4.639485836029053
4.712899923324585
4.680632591247559
4.698030710220337
4.652365684509277
4.6915223598480225
4.636848211288452
4.534742593765259
4.493443727493286
4.812877416610718
4.497856140136719
4.469188928604126
4.473066806793213
4.640100717544556
4.5286548137664795
5.025189161300659
5.126152992248535
5.033573865890503
5.027708292007446
5.0514867305755615
5.462456464767456
5.300570249557495
5.279576778411865
5.373366117477417
5.263152360916138
5.359798431396484
5.2981181144714355
5.293912887573242
5.7138307094573975
5.369358777999878
5.312783479690552
5.331614971160889
5.312384128570557
5.286463975906372
5.293609619140625
5.364348649978638
5.309431314468384
5.2602128982543945
5.209676504135132
5.465199708938599
5.2451863288879395
5.341289043426514
5.226277589797974
5.319816827774048
5.2354326248168945
5.476872682571411
5.514827013015747
5.422229766845703
5.693943500518799
5.511789560317993
5.245335102081299
5.397820234298706
5.186663866043091
5.3118815422058105
5.197225332260132
5.174098253250122
5.193235158920288
5.214022159576416
5.189335823059082
5.144097328186035
5.151116132736206
5.222258567810059
5.720172882080078
5.710209608078003
5.794763565063477
5.807105541229248
5.76768159866333
5.741606950759888
5.729322195053101
5.827775001525879
5.725626707077026
5.761891603469849
5.780909061431885
5.6723620891571045
5.816526174545288
5.78164005279541
5.737428188323975
6.0424065589904785
6.227025270462036
5.81748104095459
5.7388014793396
6.091614246368408
5.87024712562561
5.898606300354004
6.090129137039185
6.463203430175781
6.089220285415649
6.319692134857178
5.911060333251953
5.9140307903289795
6.193715810775757
5.9358813762664795
5.8263795375823975
6.017612457275391
5.9871110916137695
6.319581031799316
6.055036306381226
6.0487024784088135
6.166801929473877
6.599808692932129
6.36421012878418
6.190301418304443
5.973515510559082
5.878656387329102
5.788083553314209
5.759918212890625
5.746516942977905
5.822477579116821
5.761155128479004
5.735093832015991
5.7352986335754395
5.7803099155426025
5.762913465499878
6.106875658035278
6.198820114135742
6.151637554168701
5.799395799636841
5.870406150817871
5.566617727279663
5.550157785415649
5.519641637802124
5.670603275299072
6.0483105182647705
6.0912299156188965
5.860138654708862
5.897803544998169
5.472144365310669
5.73815393447876
6.410696029663086
6.00304388999939
5.471170425415039
