Timing log for each step:
0.01901721954345703
5.312844753265381
5.455974340438843
5.40192437171936
5.362889766693115
5.3078391551971436
5.2938268184661865
5.328856945037842
5.304835796356201
5.286820650100708
5.3488757610321045
5.324853420257568
5.453970909118652
5.3919148445129395
5.338866949081421
5.311842679977417
5.347875595092773
5.385911226272583
5.421942710876465
5.6271302700042725
5.207747459411621
5.259794235229492
5.368895053863525
5.359886407852173
5.24177885055542
5.410933017730713
5.303835153579712
5.325855493545532
5.40492844581604
5.357884168624878
5.369894504547119
5.390915632247925
5.381906986236572
5.401923894882202
5.689184665679932
5.381905794143677
5.36088752746582
5.525036573410034
5.348875522613525
5.415937662124634
5.680178165435791
5.385910749435425
5.358884811401367
5.42294454574585
5.3608880043029785
5.426947593688965
5.420941591262817
5.452969312667847
5.400922775268555
5.465984106063843
5.488001585006714
5.362886428833008
5.31884765625
5.523035526275635
5.523035526275635
5.424943923950195
5.3438708782196045
5.426947593688965
5.389912843704224
5.418941259384155
5.426947116851807
5.329859256744385
5.411933183670044
5.451970338821411
5.460976600646973
5.357884407043457
5.425946950912476
5.424946069717407
5.408931255340576
5.512026309967041
5.414934396743774
5.7492406368255615
5.451969385147095
5.4649817943573
5.440960168838501
5.620122909545898
5.432953357696533
5.43595552444458
5.450967311859131
5.441961050033569
5.542053461074829
5.482999086380005
5.4920079708099365
5.422942876815796
5.543054103851318
5.9924635887146
5.318849086761475
5.435956239700317
5.365890741348267
5.470987558364868
5.410932779312134
5.4579761028289795
5.531041383743286
5.401922225952148
5.355883359909058
5.469986915588379
5.826311111450195
5.390913963317871
5.417940139770508
5.523036241531372
5.402925252914429
5.457976579666138
5.401922941207886
5.551061630249023
5.371897459030151
5.508021116256714
5.273808479309082
5.365891456604004
5.444963693618774
5.434956312179565
5.420942068099976
5.539048194885254
5.426947832107544
5.52703857421875
5.4940080642700195
5.49801230430603
5.476992845535278
5.5030176639556885
5.370896339416504
5.366893529891968
5.608114242553711
5.418941259384155
5.452972412109375
5.535045862197876
5.488003969192505
5.438958406448364
5.611116886138916
5.417941093444824
5.589095830917358
5.449967622756958
4.89045786857605
5.3238537311553955
5.6551549434661865
5.34687352180481
5.3618879318237305
5.630131244659424
5.297830104827881
5.2257654666900635
5.196739435195923
5.336864948272705
5.3398683071136475
5.298830032348633
5.447965145111084
5.382906913757324
5.465984106063843
5.352879524230957
5.450970649719238
5.4179394245147705
5.439959287643433
5.432953834533691
5.385911703109741
5.267804384231567
5.3829076290130615
5.4699866771698
5.388912916183472
5.419940710067749
5.462979793548584
5.435956001281738
5.420941591262817
5.410933256149292
5.3398683071136475
5.431953430175781
5.350879430770874
5.417939901351929
5.375901222229004
5.338866949081421
5.390913963317871
5.256793737411499
5.443962335586548
5.566075563430786
5.239777088165283
5.412933588027954
5.278812885284424
5.28481912612915
5.431953430175781
5.51102352142334
5.3929150104522705
5.385911226272583
5.396920442581177
5.493007659912109
5.372898578643799
5.329859018325806
5.366892337799072
5.351879119873047
5.387915372848511
5.342872142791748
5.4279491901397705
5.3749003410339355
5.361887454986572
5.333863258361816
5.4529709815979
5.38690972328186
5.375900030136108
5.407930612564087
5.41393518447876
5.460978031158447
5.4920055866241455
5.374899387359619
5.341869831085205
5.3598878383636475
5.4779953956604
5.533045530319214
5.446965932846069
5.337867259979248
5.461979150772095
5.4489686489105225
5.357885122299194
5.31684684753418
5.342870712280273
5.47699236869812
5.299832820892334
5.411933898925781
5.512027025222778
5.474991321563721
5.500014781951904
5.3438720703125
5.3799052238464355
5.540050983428955
5.42995023727417
5.375901222229004
5.492007732391357
5.35588264465332
5.403926610946655
5.37289834022522
5.403927326202393
5.5680766105651855
5.5310423374176025
5.327857255935669
5.454973220825195
5.4549736976623535
5.30583930015564
5.422943353652954
5.299832344055176
5.321852207183838
5.373900651931763
5.3819074630737305
5.417938947677612
5.367894649505615
5.423945903778076
5.399923801422119
5.334864377975464
5.417940139770508
5.422944068908691
5.426947832107544
5.406929016113281
5.405928134918213
5.388912200927734
5.2978293895721436
5.301832437515259
5.387912750244141
5.46198034286499
5.379904270172119
5.394917964935303
5.36589241027832
5.503017902374268
5.441961765289307
5.338867664337158
5.433955192565918
5.315845489501953
5.33786678314209
5.354882478713989
5.355883359909058
5.413935899734497
5.4019248485565186
5.390913248062134
5.44396448135376
5.443962097167969
5.404928684234619
5.399923086166382
5.412933588027954
5.464982986450195
5.388912916183472
5.4850006103515625
5.4970104694366455
5.446966886520386
5.438958644866943
5.307838678359985
5.4049296379089355
5.461979866027832
5.519032001495361
5.476992607116699
5.446965932846069
5.328858852386475
5.535045862197876
5.475991249084473
5.4239466190338135
5.5560643672943115
5.463982105255127
5.308840274810791
5.40092396736145
5.359886407852173
5.3728978633880615
5.36789345741272
5.450970411300659
5.454972982406616
5.403925657272339
5.456974029541016
5.361888647079468
5.407929182052612
5.370895862579346
5.455974102020264
5.413935422897339
5.35788369178772
5.437957048416138
5.394917249679565
5.422943830490112
5.378904581069946
5.470987796783447
5.411934852600098
5.231771230697632
5.374900579452515
5.346874952316284
5.405927658081055
5.429950714111328
5.328858137130737
5.430951356887817
5.358885765075684
5.417938947677612
5.409932851791382
5.41894006729126
5.507021427154541
5.391916275024414
5.405928611755371
5.442961692810059
5.373900413513184
5.357884645462036
5.369894504547119
5.3789026737213135
5.340869188308716
5.429949045181274
5.49000358581543
5.424945831298828
5.348876476287842
5.4399590492248535
5.301832675933838
5.331860780715942
5.600104570388794
5.422945022583008
5.3979222774505615
5.371897220611572
5.311842441558838
5.392915725708008
5.472989320755005
5.479996681213379
5.406929016113281
5.406928300857544
5.336864948272705
5.462979555130005
5.387912034988403
5.372898101806641
5.285820245742798
5.567075729370117
5.518030643463135
5.43695592880249
5.474991321563721
5.324854612350464
5.47699236869812
5.453972578048706
5.421943187713623
5.4559736251831055
5.369894742965698
5.288822889328003
5.422943592071533
5.375901460647583
5.401923894882202
5.5270373821258545
5.414936304092407
5.4379565715789795
5.444963693618774
5.425946474075317
5.532044410705566
5.408931255340576
5.469986915588379
5.4139368534088135
5.425946950912476
5.410933494567871
5.427950143814087
5.414935350418091
5.3929173946380615
5.430951356887817
5.424946308135986
5.475994110107422
5.408931255340576
5.4019248485565186
5.44596529006958
5.36288857460022
5.51903223991394
5.516029357910156
5.398923397064209
5.406930446624756
5.31985068321228
5.576084136962891
5.467985153198242
5.382907390594482
5.494009494781494
5.381906986236572
5.4429612159729
5.485000133514404
5.410933017730713
5.448967456817627
5.413934707641602
5.457976579666138
5.400924921035767
5.404928684234619
5.305837392807007
5.441962242126465
5.3678953647613525
5.546057224273682
5.473991870880127
5.499013423919678
5.416938781738281
5.516029119491577
5.369894981384277
5.415937662124634
5.271806240081787
5.451970338821411
5.382908582687378
5.452971458435059
5.4309515953063965
5.4019248485565186
5.346874713897705
5.4409613609313965
5.414936780929565
5.41293478012085
5.408931255340576
5.43595552444458
5.317847013473511
5.5300421714782715
5.448967933654785
5.521033763885498
5.3148462772369385
5.260797500610352
5.431952714920044
5.367898941040039
5.466982364654541
5.472989797592163
5.372898101806641
5.420941591262817
5.396921396255493
5.395919322967529
5.614117860794067
5.36188817024231
5.445964574813843
5.371897220611572
5.390915632247925
5.315847635269165
5.462980508804321
5.4039270877838135
5.382907390594482
5.430951118469238
5.45197057723999
5.4960105419158936
5.426947116851807
5.433953762054443
5.425948619842529
5.321852922439575
5.44696569442749
5.500015020370483
5.441960573196411
5.495009899139404
5.344872713088989
5.4900054931640625
5.334863901138306
5.420942306518555
5.440960168838501
5.430952787399292
5.368895530700684
5.425947189331055
5.421942710876465
5.389915227890015
5.367893695831299
5.400916337966919
5.365892648696899
5.426947116851807
5.262799024581909
5.407931089401245
5.361889362335205
5.4039270877838135
5.454973220825195
5.3999223709106445
5.426948308944702
5.381907224655151
5.404928684234619
5.701195955276489
5.403926610946655
5.33086085319519
5.54705548286438
5.488002300262451
5.291825771331787
5.456974983215332
5.367894649505615
5.374899864196777
5.441960573196411
5.3919172286987305
5.428947687149048
5.376903533935547
5.41193413734436
5.4059295654296875
5.41293478012085
5.459977626800537
5.3718976974487305
5.256791830062866
5.374900579452515
5.397922039031982
5.436957836151123
5.497012376785278
5.438957691192627
5.393919229507446
5.372900009155273
5.443963527679443
5.399923086166382
5.316847085952759
5.458977699279785
5.327857971191406
5.383908748626709
5.447968244552612
5.43895959854126
5.442962646484375
5.422944068908691
5.485001087188721
5.481997966766357
5.45197057723999
5.466984033584595
5.335864782333374
5.4319517612457275
5.432950735092163
5.549058675765991
5.32385516166687
5.3598854541778564
5.4099321365356445
5.470988035202026
5.3588855266571045
5.412932872772217
5.44096040725708
5.440958261489868
5.4259467124938965
5.4659833908081055
5.413937091827393
5.43795919418335
5.393918514251709
5.458976745605469
5.45597505569458
5.3859100341796875
5.36188817024231
5.333864212036133
5.45096755027771
5.795775413513184
5.4890031814575195
5.386911153793335
5.449968338012695
5.595101356506348
5.5590643882751465
5.814300060272217
5.640141725540161
5.602105617523193
5.556065559387207
5.512024402618408
5.521032333374023
5.525038480758667
5.557064771652222
5.486000299453735
5.5110249519348145
5.465984344482422
5.56207013130188
5.556105136871338
