Timing log for each step:
0.01300954818725586
5.306761264801025
5.217269420623779
5.300447225570679
4.949376344680786
5.037667751312256
5.204205513000488
5.07813024520874
5.126460075378418
5.1209375858306885
5.053118944168091
5.135043144226074
5.1112706661224365
5.146761178970337
5.148685693740845
5.154172420501709
5.157533884048462
5.097117185592651
5.171865701675415
5.088831663131714
5.181228399276733
5.206156492233276
5.159714221954346
5.073062896728516
5.223881721496582
5.107314586639404
5.087154150009155
5.2119269371032715
5.174133777618408
5.256573915481567
5.20613431930542
5.210588693618774
5.249051332473755
5.158193826675415
5.2273218631744385
5.193295478820801
5.109560012817383
5.115561246871948
5.220295429229736
5.270724296569824
5.234769105911255
5.229629039764404
5.273191690444946
5.253725051879883
5.085698843002319
5.233339309692383
5.2882537841796875
5.289794683456421
5.242380619049072
5.307458400726318
5.115650177001953
5.217498302459717
5.225633859634399
5.36690616607666
5.0795276165008545
5.199610233306885
5.209401369094849
5.235326528549194
5.221069812774658
5.257077693939209
5.294437408447266
5.367884635925293
5.243198394775391
5.232831001281738
5.1156251430511475
5.286078929901123
5.121049880981445
5.2862937450408936
5.112532377243042
5.132689952850342
5.221632242202759
5.2057318687438965
5.210531949996948
5.294776439666748
5.268848896026611
5.1603264808654785
5.193233251571655
5.279472589492798
5.275729656219482
5.287667512893677
5.363915205001831
5.268665313720703
5.297833681106567
5.29723858833313
5.304363965988159
5.300163984298706
5.334378719329834
5.384978771209717
5.362135410308838
5.2281577587127686
5.262168884277344
5.3168253898620605
5.313699722290039
5.293237924575806
5.139272451400757
5.238277912139893
5.325369119644165
5.342697381973267
5.200182199478149
5.336852312088013
5.294618606567383
5.347764492034912
5.295215845108032
5.1556596755981445
5.322368860244751
5.297845363616943
5.291306495666504
5.20525598526001
5.287075519561768
5.297245979309082
5.312269926071167
5.760600328445435
5.443267107009888
5.632529258728027
5.830580472946167
5.432788610458374
5.26635217666626
5.27667236328125
5.335362672805786
5.226750373840332
5.307508707046509
5.3353705406188965
5.204801797866821
5.434321403503418
5.582210063934326
5.337435722351074
5.279238939285278
5.294821739196777
5.338987350463867
5.289406061172485
5.230429410934448
5.288438320159912
5.334808588027954
5.341866493225098
5.27668833732605
5.397458791732788
5.391883850097656
5.287984848022461
5.412551403045654
5.3719165325164795
5.235922574996948
5.224057912826538
5.292455196380615
5.4080657958984375
5.238252878189087
5.331584215164185
5.333463430404663
5.273439168930054
5.313327312469482
5.348490238189697
5.327739000320435
5.372010946273804
5.317007303237915
5.3130292892456055
5.331555604934692
5.330610036849976
5.399155378341675
5.44311261177063
5.294782400131226
5.3823652267456055
5.406548023223877
5.52506947517395
5.426974773406982
5.27065372467041
5.379400968551636
5.402535676956177
5.350984573364258
5.4625325202941895
5.266443967819214
5.386651039123535
5.340363502502441
5.367543458938599
5.304149627685547
5.269302845001221
5.343775749206543
5.272397994995117
5.346034288406372
5.1908791065216064
5.258845567703247
5.331468105316162
5.35440468788147
5.402530193328857
5.323966979980469
5.422893285751343
5.362973690032959
5.371029376983643
5.587976455688477
5.299508094787598
5.387645244598389
5.284935235977173
5.396928071975708
5.401430130004883
5.331050157546997
5.375680208206177
5.315976619720459
5.325479030609131
5.378556728363037
5.415792226791382
5.26302170753479
5.435170888900757
5.314523220062256
5.391862630844116
5.3679587841033936
5.389030933380127
5.448772192001343
5.452433109283447
5.3849310874938965
5.331448078155518
5.319331407546997
5.487524032592773
5.356387138366699
5.370725154876709
5.270504474639893
5.364406585693359
5.4305455684661865
5.420279264450073
5.402053356170654
5.346115350723267
5.383669137954712
5.335528373718262
5.332500457763672
5.428459167480469
5.318972110748291
5.349032878875732
5.393061876296997
5.3073484897613525
5.378140211105347
5.349353790283203
5.148238182067871
5.315072298049927
5.268929958343506
5.096730947494507
5.275325059890747
5.181399822235107
5.372882604598999
5.486189365386963
5.32248330116272
5.397186756134033
5.416595458984375
5.324104070663452
5.427497386932373
5.302676439285278
5.451592206954956
5.429129600524902
5.330694913864136
5.457571983337402
5.2162580490112305
5.224431037902832
5.37186074256897
5.164857387542725
5.374521732330322
5.4164488315582275
5.355989933013916
5.3024938106536865
5.444774627685547
5.331216335296631
5.22461199760437
5.437412977218628
5.244116544723511
5.31567645072937
5.431037187576294
5.425431251525879
5.375967025756836
5.472709894180298
5.743960857391357
5.351097583770752
5.3438880443573
5.372690677642822
5.297886371612549
5.205769777297974
5.401087522506714
5.4480299949646
5.462682008743286
5.258037090301514
5.389395713806152
5.452581405639648
5.258474111557007
5.393444061279297
5.398595333099365
5.339854001998901
5.34198784828186
5.383523225784302
5.392564535140991
5.36493182182312
5.357122898101807
5.435701847076416
5.377054691314697
5.4393205642700195
5.339157342910767
5.188415765762329
5.396024703979492
5.4161365032196045
5.359557628631592
5.371495962142944
5.483059406280518
5.339466094970703
5.472203493118286
5.34209680557251
5.4645562171936035
5.460712194442749
5.4571692943573
5.310579299926758
5.421020984649658
5.49713134765625
5.390024423599243
5.5134358406066895
5.434420585632324
5.319634914398193
5.405665874481201
5.36720871925354
5.264047622680664
5.476527214050293
5.41965651512146
5.384225845336914
5.450760364532471
5.322408437728882
5.615779161453247
5.356122016906738
5.3777971267700195
5.3930675983428955
5.482423782348633
5.291527986526489
5.270394802093506
5.6438539028167725
5.4332990646362305
5.177951812744141
5.476125478744507
5.341673851013184
5.443207263946533
5.337193012237549
5.439948558807373
5.458190679550171
5.377921104431152
5.304456472396851
5.334107160568237
5.465287685394287
5.450122117996216
5.59898829460144
5.293411016464233
5.452801942825317
5.444865465164185
5.423831462860107
5.466857433319092
5.502729415893555
5.349527835845947
5.397251129150391
5.380793571472168
5.394826650619507
5.416829824447632
5.453803539276123
5.439539432525635
5.3160789012908936
5.442475080490112
5.549277067184448
5.4472150802612305
5.410691976547241
5.404798269271851
5.4047534465789795
5.3325889110565186
5.4381279945373535
5.459204435348511
5.460242033004761
5.495617389678955
5.322625160217285
5.486191034317017
5.511659860610962
5.411096572875977
5.380098819732666
5.404716491699219
5.307583808898926
5.458130836486816
5.389127969741821
5.420508861541748
5.409217119216919
5.42369270324707
5.324888706207275
5.435548782348633
5.421127080917358
5.3074915409088135
5.424562692642212
5.505738973617554
5.4676008224487305
5.379666090011597
5.448528528213501
5.393638849258423
5.499619007110596
5.321487665176392
5.453044176101685
5.366115570068359
5.5331597328186035
5.6072118282318115
5.600013017654419
5.628836631774902
5.565616607666016
5.618952512741089
5.63280463218689
5.4998509883880615
5.555083274841309
5.4705469608306885
5.4111878871917725
5.296422958374023
5.4729084968566895
5.395468711853027
5.266910552978516
5.313561201095581
5.428596496582031
5.494187355041504
5.395019292831421
5.4000084400177
5.316467523574829
5.227850914001465
5.500446796417236
5.3184494972229
5.3496012687683105
5.371030330657959
5.5249035358428955
5.3565263748168945
5.392253637313843
5.533807754516602
5.605943441390991
5.475633859634399
5.4522974491119385
5.404701232910156
5.385130405426025
5.385585069656372
5.431640386581421
5.470205783843994
5.379636526107788
5.4192516803741455
5.401151418685913
5.249093770980835
5.499635934829712
5.264021158218384
5.381645202636719
5.389121770858765
5.325073719024658
5.421589612960815
5.472224473953247
5.398163557052612
5.4167656898498535
5.343500137329102
5.447676181793213
5.426796913146973
5.394019842147827
5.362051963806152
5.397953033447266
5.46957802772522
5.344898223876953
5.4177234172821045
5.418704032897949
5.407687187194824
5.371539831161499
5.526037931442261
5.465667009353638
5.541224479675293
5.375117063522339
5.229048013687134
5.394123554229736
5.329679489135742
5.296323537826538
5.403596878051758
5.42916202545166
5.354001998901367
5.404590606689453
5.350601434707642
5.435156345367432
5.498169422149658
5.380660772323608
5.273305416107178
5.47672176361084
5.600076913833618
5.4472455978393555
5.3322670459747314
5.3664867877960205
5.368638038635254
5.4134697914123535
5.3976359367370605
5.471951007843018
5.442605018615723
5.3848114013671875
5.436223983764648
5.307011127471924
5.47022271156311
5.4216532707214355
5.459636926651001
5.328782796859741
5.319639682769775
5.456719398498535
5.291135549545288
5.479120254516602
5.378592491149902
5.4047322273254395
5.353268623352051
5.349183797836304
5.459772109985352
5.422737121582031
5.2500855922698975
5.399265766143799
5.409606695175171
5.483350038528442
5.445842981338501
5.464170455932617
5.357221364974976
5.37322998046875
5.433141469955444
5.464820623397827
5.542355537414551
5.3768150806427
5.352187395095825
5.516800165176392
5.345551490783691
5.361191272735596
5.361782789230347
5.339520215988159
5.415766954421997
5.443650007247925
5.3907012939453125
5.279120683670044
5.446172714233398
5.292853355407715
5.349631071090698
5.417904615402222
5.318569660186768
5.313143730163574
5.412620782852173
5.421625375747681
5.396129131317139
5.3752827644348145
5.362735033035278
5.483504295349121
5.400111436843872
5.399709701538086
5.414258718490601
5.439251899719238
5.341001033782959
5.422765016555786
5.495432138442993
5.452339172363281
5.3665382862091064
5.453295707702637
5.29865288734436
5.435614585876465
5.425095796585083
5.337642192840576
5.403606414794922
5.439608573913574
5.44769287109375
5.467490911483765
5.433759927749634
5.370591878890991
5.352184772491455
5.36921238899231
5.406159400939941
5.42624568939209
5.470081806182861
5.529242753982544
5.492323160171509
5.479140758514404
5.328521966934204
5.545361280441284
5.427677392959595
5.521384954452515
5.3914430141448975
5.331884145736694
5.3512022495269775
5.476174592971802
5.51271390914917
5.407721757888794
5.268222332000732
5.5487635135650635
5.431311130523682
5.486679315567017
5.308639049530029
5.3897705078125
5.366125822067261
5.435255527496338
5.421647548675537
5.467349052429199
5.394500255584717
5.334195375442505
5.223459959030151
5.796393394470215
5.443917989730835
5.541717529296875
5.39164662361145
5.391596078872681
5.434272289276123
5.464553356170654
5.43118143081665
5.414215087890625
5.518637657165527
5.295238256454468
5.348954200744629
5.417119026184082
5.26610803604126
5.4438042640686035
5.296715497970581
5.386203050613403
5.490161418914795
5.391184329986572
5.4571404457092285
5.396509885787964
5.486470460891724
5.407212257385254
5.3106420040130615
5.438788890838623
5.400862693786621
5.370707273483276
5.46730637550354
5.207071542739868
5.286162614822388
5.485773801803589
5.348171710968018
5.489179372787476
5.532305717468262
5.396975994110107
5.539796590805054
5.393223524093628
5.321020841598511
5.399593114852905
5.358629941940308
5.389801502227783
5.409616470336914
5.29870343208313
5.547661066055298
5.398318529129028
5.217055797576904
5.414794445037842
5.291609764099121
5.522685289382935
5.756435871124268
5.316094398498535
5.291593790054321
5.409147262573242
5.439302682876587
5.3892128467559814
5.467701196670532
5.359103441238403
5.461461544036865
5.377163887023926
5.3090832233428955
5.3962624073028564
5.3820013999938965
5.435157537460327
5.521242618560791
5.405298709869385
5.4231178760528564
5.354166746139526
5.491049289703369
5.442273378372192
5.472226142883301
5.355874300003052
5.345857620239258
5.4275829792022705
5.492254018783569
5.430932998657227
5.341708660125732
5.45111346244812
5.3246588706970215
5.345203161239624
5.515390157699585
5.6399781703948975
5.327489376068115
5.3617331981658936
5.27866005897522
5.395763158798218
5.4367992877960205
5.529878616333008
5.374743700027466
5.472829103469849
5.288668155670166
5.460819959640503
5.322699785232544
5.347721576690674
5.412779092788696
5.4247887134552
5.3547282218933105
5.332706928253174
5.361732482910156
5.263646602630615
5.314691543579102
5.46282172203064
5.351763486862183
5.434798002243042
5.340713977813721
5.423788547515869
5.410776138305664
5.44480562210083
5.351724863052368
5.270653486251831
5.437799692153931
5.496851444244385
5.425789833068848
5.37074089050293
5.309688329696655
5.302680015563965
5.514867782592773
5.429792881011963
5.484841823577881
5.313690185546875
5.309752702713013
5.438801288604736
5.331707000732422
5.433796167373657
5.447808742523193
5.3407142162323
5.457818269729614
5.5288801193237305
5.493849039077759
5.384754419326782
5.534878969192505
5.330703973770142
5.309250116348267
5.4097747802734375
5.281660795211792
5.478835582733154
5.366737365722656
5.332707643508911
5.3116888999938965
5.39376163482666
5.39075779914856
5.513867139816284
5.370741128921509
5.43079400062561
5.378747940063477
5.479837417602539
5.412777662277222
5.280654191970825
5.343717813491821
5.394761323928833
5.682015895843506
5.258638620376587
5.392760753631592
5.364737033843994
5.365736484527588
5.399767160415649
5.419780969619751
5.5108630657196045
5.420785665512085
5.354726552963257
5.812130451202393
5.40777063369751
5.506861686706543
5.381752252578735
5.439800500869751
5.306679010391235
5.354726791381836
5.2156031131744385
5.379747629165649
5.442804574966431
5.255640268325806
5.38375186920166
5.445807218551636
5.377747297286987
5.484841823577881
5.466822385787964
5.3537256717681885
5.538888692855835
5.407773971557617
5.217606067657471
5.248633146286011
5.433790922164917
5.458818435668945
5.397764444351196
5.4559361934661865
5.356727600097656
5.417782306671143
5.394763231277466
5.237623453140259
5.433796644210815
5.173566579818726
5.321697950363159
5.53788948059082
5.302680492401123
5.286683559417725
5.09850001335144
5.50185751914978
5.432794094085693
5.415781259536743
5.529258489608765
5.3457183837890625
5.436798810958862
5.425788164138794
5.255640268325806
5.394762277603149
5.408774375915527
5.482839584350586
5.377747535705566
5.284665107727051
5.40577244758606
5.378748655319214
5.353727102279663
5.262645483016968
5.432795763015747
5.243629217147827
5.4187843799591064
5.325700283050537
5.354727745056152
5.417782306671143
5.562909841537476
5.309687852859497
5.180571794509888
5.312512159347534
5.453813314437866
5.352724075317383
5.291671991348267
5.419783592224121
5.2326178550720215
5.347720623016357
5.410775661468506
5.329704284667969
5.22561240196228
5.348720073699951
5.406771421432495
5.516871452331543
5.417782783508301
5.316693305969238
5.446808099746704
5.394761800765991
5.393762826919556
5.355727434158325
5.324700355529785
5.475833892822266
5.43379545211792
5.413267374038696
5.383752107620239
5.418783903121948
5.282662391662598
5.364734888076782
5.340714454650879
5.398764610290527
5.266648292541504
5.385751962661743
5.428792238235474
5.467819929122925
5.263646125793457
5.389797925949097
5.340754985809326
5.507903575897217
5.39480185508728
5.4098169803619385
5.4548561573028564
5.490888357162476
5.451853275299072
5.37478494644165
5.369780540466309
5.492888689041138
5.2847044467926025
5.281700372695923
5.431835889816284
5.414891004562378
5.52692174911499
5.485883712768555
5.300718307495117
5.409815788269043
5.435838937759399
5.296714782714844
5.328742980957031
5.260683059692383
5.4028098583221436
5.35076379776001
5.384793996810913
5.789154767990112
5.335750579833984
5.460862159729004
5.426830291748047
5.252676010131836
5.372782230377197
5.335750579833984
5.29571533203125
5.3928022384643555
5.411817312240601
5.265688180923462
5.486884593963623
5.661039113998413
5.341755151748657
5.310727119445801
5.315731525421143
5.274695634841919
5.291710138320923
5.39380145072937
5.327740669250488
5.203632354736328
5.429833889007568
5.231657266616821
5.352766275405884
5.386796236038208
5.310728549957275
5.305721282958984
5.3717827796936035
5.403811931610107
5.310727834701538
5.728100538253784
5.7731382846832275
5.50490140914917
5.33174729347229
5.430834531784058
5.422828197479248
5.439839839935303
5.295714378356934
5.273695945739746
5.386795520782471
5.261684417724609
5.34675669670105
5.409816741943359
5.145580768585205
5.288707256317139
5.2756969928741455
5.3277435302734375
5.417822599411011
5.375783920288086
5.441842079162598
5.39780592918396
5.413820266723633
5.464863300323486
5.364776134490967
5.46986985206604
5.391798973083496
5.39280104637146
5.262686014175415
5.252676010131836
5.425830841064453
5.393800973892212
5.413817644119263
5.3174285888671875
5.216886520385742
5.282702684402466
5.221648454666138
5.2997167110443115
5.471871614456177
5.2947142124176025
5.376787424087524
5.3447582721710205
5.561952590942383
5.400808572769165
5.376785516738892
5.457859992980957
5.412818670272827
5.485883474349976
5.389797925949097
5.295714616775513
5.332748174667358
5.3988072872161865
5.375785827636719
5.4648661613464355
5.310727596282959
5.38679575920105
5.451853513717651
5.399805784225464
5.290709495544434
5.207636594772339
5.282703161239624
5.3437581062316895
5.42582893371582
5.37078070640564
5.393801927566528
5.302720546722412
5.414820671081543
5.336750268936157
5.362772703170776
5.217644453048706
5.527920961380005
5.419580698013306
5.343756437301636
5.373783826828003
5.419825077056885
5.298717021942139
5.210639238357544
5.36177134513855
5.357770919799805
5.298717021942139
5.338752508163452
5.250673770904541
5.445847749710083
5.345759153366089
5.167600870132446
5.309726715087891
5.3187360763549805
5.429833889007568
5.313730239868164
5.308725833892822
5.366776943206787
5.454855680465698
5.3637731075286865
5.398806095123291
5.393800973892212
5.366779088973999
5.42282772064209
5.465865612030029
5.363775968551636
5.390798330307007
5.330746412277222
5.463863849639893
5.224651098251343
5.394802808761597
5.211640119552612
5.2466700077056885
5.515910387039185
5.279699087142944
5.453855991363525
5.389798164367676
5.43583869934082
5.450851678848267
5.497893810272217
5.373783826828003
5.43283486366272
5.2656872272491455
5.343756675720215
5.409816741943359
5.311729669570923
5.274696111679077
5.42585563659668
5.223678350448608
5.302748680114746
5.35879921913147
5.290740013122559
5.35479474067688
5.337780475616455
5.472902536392212
5.555975914001465
5.372813701629639
5.3187572956085205
5.323766469955444
5.36080002784729
5.243696451187134
5.395833730697632
5.340783357620239
5.291738986968994
5.511935710906982
5.445877313613892
5.2326860427856445
5.200658082962036
5.381820201873779
5.223678350448608
5.401836633682251
5.307754993438721
5.4108452796936035
5.396833181381226
5.306752920150757
5.426861524581909
5.305749416351318
5.305752515792847
5.4208550453186035
5.255707025527954
5.353794813156128
5.273720741271973
5.5199432373046875
5.3517937660217285
5.329773426055908
5.404834508895874
5.254706621170044
5.449880599975586
5.44671106338501
5.255706071853638
5.4137279987335205
5.2757179737091064
5.474903345108032
5.3557963371276855
5.3838210105896
5.4068427085876465
5.42986273765564
5.1866455078125
5.386198043823242
5.417853116989136
5.366806983947754
5.423400163650513
5.302749395370483
5.470901250839233
5.411846876144409
5.421012878417969
5.314760446548462
5.383821964263916
5.307754755020142
5.325770139694214
5.335874319076538
5.292738437652588
5.3828206062316895
5.181640863418579
5.455885648727417
5.371812343597412
5.348789691925049
5.372809171676636
5.376816749572754
5.448880672454834
5.316761255264282
5.3878254890441895
5.409844398498535
5.561980962753296
5.295742511749268
5.497924566268921
5.334775447845459
5.38582181930542
5.49992561340332
5.412888765335083
5.357751846313477
5.413847923278809
5.362803936004639
5.43887186050415
5.34078311920166
5.3708109855651855
5.471900939941406
5.391829490661621
5.397834539413452
5.333911657333374
5.288737535476685
5.402838468551636
5.316762208938599
5.330773115158081
5.501927375793457
5.343795537948608
5.443875312805176
5.3968329429626465
5.300747394561768
5.473901748657227
5.4198548793792725
5.416851758956909
5.322767019271851
5.290738344192505
5.4108452796936035
5.406842470169067
5.237689733505249
5.368808031082153
5.316761255264282
5.329773664474487
5.3968329429626465
5.421855926513672
5.412847518920898
5.371811151504517
5.151612997055054
5.445877313613892
5.250702857971191
5.366806983947754
5.216670989990234
5.443875789642334
5.413849115371704
5.273721694946289
5.363804340362549
5.405904054641724
5.555975437164307
5.477906227111816
5.517941951751709
5.432866096496582
5.5089335441589355
5.3818182945251465
5.481909513473511
5.357256650924683
5.431865215301514
5.307391405105591
5.382821083068848
5.217673301696777
5.410845041275024
5.401839017868042
5.452617645263672
5.376814842224121
5.346801519393921
5.4779052734375
5.446877956390381
5.2917397022247314
5.300748348236084
5.267718553543091
5.432864189147949
5.417853355407715
5.415849924087524
5.321766376495361
5.325769662857056
5.34378457069397
5.394831895828247
5.438871622085571
5.386824131011963
5.429863214492798
5.461884260177612
5.398836851119995
5.5259928703308105
5.271721363067627
5.3828465938568115
5.139600992202759
5.338782787322998
5.275725841522217
5.415851354598999
5.439872980117798
5.4058403968811035
5.171631813049316
5.40584135055542
5.391830921173096
5.335800647735596
5.392849683761597
5.3828394412994385
5.422877073287964
5.366826057434082
5.359821081161499
5.363823413848877
5.4008588790893555
5.107594966888428
5.417874336242676
5.406862258911133
5.409858465194702
5.596033573150635
5.228703022003174
5.3508141040802
5.379839658737183
5.509955406188965
5.414839744567871
5.315249681472778
5.446899175643921
5.285755157470703
5.2387096881866455
5.359821319580078
5.317783355712891
5.332797288894653
5.303770303726196
5.415871620178223
5.458908319473267
5.627068758010864
5.36482572555542
5.255727767944336
5.363823413848877
5.418874263763428
5.479928493499756
5.2877562046051025
5.414871692657471
5.4148688316345215
5.488939046859741
5.406863689422607
5.2987658977508545
5.332796812057495
5.377835750579834
5.268739223480225
5.302769660949707
5.168649911880493
5.5079545974731445
5.443896770477295
5.458910942077637
5.36482572555542
5.3938517570495605
5.352814674377441
5.300767421722412
5.476926565170288
5.338801622390747
5.326791524887085
5.433887958526611
5.381840467453003
5.5019495487213135
5.407864093780518
5.406864404678345
5.235708951950073
5.354816913604736
5.364826202392578
5.3398027420043945
5.448901891708374
5.506953954696655
5.2156901359558105
5.3778369426727295
5.491938352584839
5.41987419128418
5.402859926223755
5.301769256591797
5.337800741195679
5.3978564739227295
5.205682039260864
5.362824440002441
5.189666032791138
5.355818033218384
5.339802980422974
5.392849922180176
5.239320516586304
5.3578197956085205
5.424879312515259
5.370830297470093
5.362822771072388
5.182661294937134
5.386845350265503
5.418872356414795
5.3548173904418945
5.331794023513794
5.31177830696106
5.356818675994873
5.355818510055542
5.564005136489868
5.427883148193359
5.3858442306518555
5.420874834060669
5.325789451599121
5.372833251953125
5.408865690231323
5.487936735153198
5.472920894622803
5.295761585235596
5.294762134552002
5.254726886749268
5.388845205307007
5.357818841934204
5.503949880599976
5.361823081970215
5.3608222007751465
5.395854473114014
5.154635190963745
5.379838228225708
5.299763441085815
5.526971340179443
5.422878980636597
5.448901653289795
5.458910703659058
5.316783666610718
5.280750274658203
5.429883718490601
5.380839109420776
5.432886362075806
5.3628222942352295
5.2857537269592285
5.325791120529175
5.461913108825684
5.450903654098511
5.26173210144043
5.540984630584717
5.492940187454224
5.353815078735352
5.396854877471924
5.427881240844727
5.347810983657837
5.425879240036011
5.359821319580078
5.323789834976196
5.54498553276062
5.442895889282227
5.505953788757324
5.408865213394165
5.482932090759277
5.35381555557251
5.457907438278198
5.302770137786865
5.476926565170288
5.385845422744751
5.722146272659302
5.430882692337036
5.1766579151153564
5.342805862426758
5.430885553359985
5.531975507736206
5.175654649734497
5.481930732727051
5.317782878875732
5.343807220458984
5.362823724746704
5.526971340179443
5.352809429168701
5.475925922393799
5.291760444641113
5.429941654205322
5.334797382354736
5.236710548400879
5.377837657928467
5.241714715957642
5.30076789855957
5.3287928104400635
5.272338390350342
5.200235605239868
5.413884162902832
5.092596054077148
5.3308093547821045
5.341818571090698
5.404725551605225
5.482945203781128
5.380855083465576
5.301783800125122
5.365840435028076
5.470936298370361
5.300782203674316
5.254740953445435
5.54400110244751
5.560015916824341
5.39286470413208
5.387859582901001
5.331810235977173
5.361836910247803
5.325804948806763
5.35883355140686
5.5369954109191895
5.382880687713623
5.334813356399536
5.396867752075195
5.341819763183594
5.175661087036133
5.428897380828857
5.3888630867004395
5.288770437240601
5.275757789611816
5.378852367401123
5.50596809387207
5.39886999130249
5.352828741073608
5.5019636154174805
5.4218902587890625
5.49996280670166
5.47293758392334
5.360835790634155
5.371845722198486
5.388861894607544
5.443910837173462
5.4319024085998535
5.527986288070679
5.497959136962891
5.405877113342285
5.189681053161621
5.434904336929321
5.529988527297974
5.41888952255249
5.3838560581207275
5.287770986557007
5.429899454116821
5.375850439071655
5.544000625610352
5.421891927719116
5.456922769546509
5.4389050006866455
5.364839792251587
5.9793922901153564
6.546906232833862
6.62736964225769
6.066617250442505
5.708113670349121
5.844094276428223
5.77649998664856
5.659634113311768
5.484949588775635
5.586039781570435
5.5780322551727295
5.421890497207642
6.514876842498779
5.474937200546265
5.570025205612183
5.651099443435669
5.518980026245117
5.494958400726318
5.481945514678955
5.5720274448394775
5.877302646636963
5.815244197845459
5.648095369338989
5.8983213901519775
5.451918125152588
5.804235458374023
6.178573131561279
5.566023111343384
5.6300787925720215
5.721162796020508
6.5184643268585205
6.66898250579834
5.72226619720459
5.765478610992432
6.116986513137817
6.20356297492981
6.131957769393921
6.068934440612793
5.947500944137573
6.132717132568359
6.1223249435424805
5.875187873840332
5.741907358169556
5.78520393371582
5.79668402671814
5.771622657775879
5.7399890422821045
5.784215927124023
5.712009429931641
5.814017295837402
5.8255391120910645
5.861593246459961
5.904769420623779
5.786290884017944
5.8571577072143555
5.663548707962036
5.774547576904297
5.84524941444397
5.844928503036499
5.827284097671509
5.8021931648254395
5.789604902267456
5.771410703659058
5.706915855407715
5.785728216171265
5.9080564975738525
5.884649991989136
5.809306621551514
5.719604015350342
5.790209054946899
5.881280899047852
5.835520505905151
5.901160717010498
5.951897859573364
6.011599063873291
5.902888774871826
5.874995470046997
6.132837533950806
7.2853684425354
7.256547689437866
6.527707576751709
6.74049186706543
5.960314750671387
6.104555606842041
5.82152533531189
5.830534219741821
6.2154412269592285
5.89835786819458
5.756381273269653
5.783891201019287
5.931771993637085
6.01198148727417
5.836750030517578
6.01170015335083
6.12894606590271
6.231884717941284
5.911818265914917
5.868999004364014
5.72527551651001
5.655799627304077
5.810445547103882
5.646455764770508
5.682891368865967
5.7805726528167725
5.734872102737427
5.928168296813965
5.689673900604248
5.871419668197632
5.673973798751831
5.71558403968811
5.749671697616577
5.726902484893799
5.6787941455841064
5.80194091796875
5.729156255722046
5.618224143981934
5.801276922225952
5.699394941329956
5.747998476028442
5.686253547668457
5.705769300460815
5.749711036682129
5.788146257400513
5.663679122924805
5.734740972518921
5.694342374801636
6.073301553726196
5.667953729629517
5.731952428817749
5.707560777664185
5.672691345214844
5.663815975189209
5.888577938079834
5.666017055511475
5.700393915176392
6.133662462234497
5.740882158279419
5.689459800720215
5.735995769500732
5.654895782470703
6.175342321395874
5.718170642852783
5.4779558181762695
5.590054988861084
5.554022550582886
5.452929735183716
5.728180885314941
5.972401857376099
5.658115863800049
5.531017065048218
5.502975940704346
5.684139966964722
5.721174240112305
6.243645429611206
6.5839524269104
6.231634855270386
5.804249048233032
5.906404256820679
6.074491739273071
5.733184576034546
5.661119222640991
5.721173286437988
5.709161996841431
5.915351867675781
5.932365417480469
5.89833402633667
6.176584959030151
5.849289178848267
6.115191698074341
5.839280366897583
5.746195554733276
5.689144849777222
5.846285581588745
5.660118341445923
5.709162712097168
5.890330076217651
5.6461052894592285
5.807248592376709
5.626087188720703
5.705063104629517
5.632266283035278
6.141554355621338
5.685141086578369
5.666120767593384
5.73118257522583
5.625085830688477
5.655113458633423
5.646105527877808
5.687142610549927
5.657115936279297
5.656855821609497
5.667124509811401
5.734621524810791
5.687143087387085
6.1288487911224365
5.723175048828125
5.6541125774383545
5.825267314910889
5.78200626373291
5.62608790397644
5.756204843521118
5.711165428161621
5.651976585388184
5.701159954071045
5.700153589248657
5.5810465812683105
5.587051868438721
6.187513589859009
6.187595844268799
5.618080139160156
5.951545238494873
5.765188694000244
5.736732721328735
5.747724771499634
5.9764039516448975
5.712165594100952
5.845285415649414
5.86423134803772
5.713167190551758
6.148198843002319
5.786233186721802
5.66111946105957
5.674990653991699
5.654113531112671
5.728179454803467
5.674130439758301
5.725177526473999
5.737187623977661
6.216620683670044
5.880317687988281
5.898333549499512
5.700154542922974
5.601064920425415
5.738188743591309
5.7001543045043945
5.637098073959351
5.729179859161377
5.872311115264893
6.165574073791504
6.098518371582031
5.81525993347168
5.945374488830566
5.694148540496826
5.727177858352661
5.737188339233398
5.6721296310424805
5.567033767700195
5.52699875831604
5.7842302322387695
5.842243909835815
6.011435270309448
5.761209487915039
5.733185052871704
5.729179620742798
5.793239116668701
5.740097761154175
5.668125867843628
5.785231113433838
5.903335332870483
5.5500168800354
5.661118268966675
5.546015977859497
5.570042371749878
5.5890607833862305
5.4989800453186035
5.522001028060913
5.561036586761475
5.84929633140564
5.796249151229858
5.71917986869812
5.6531195640563965
5.674137353897095
5.7021613121032715
5.7231833934783936
5.596068382263184
5.654119491577148
5.626095771789551
5.788243055343628
5.727187156677246
5.797250986099243
5.768224716186523
5.96740460395813
5.8863325119018555
5.672136306762695
5.660126209259033
5.641108989715576
5.710172653198242
5.648115873336792
5.694157123565674
5.6421098709106445
5.638103485107422
5.709170818328857
5.742199897766113
5.846294641494751
5.512993574142456
5.615083456039429
5.804256916046143
5.581044673919678
5.5760498046875
5.628095865249634
5.443930387496948
5.483966588973999
5.540017604827881
5.562038421630859
5.5450217723846436
5.522998332977295
5.511992454528809
5.453884601593018
5.530009031295776
5.419909715652466
5.556852102279663
5.490972280502319
5.489971876144409
5.57905387878418
5.662127256393433
5.48796820640564
5.489971876144409
5.465950965881348
5.518998146057129
5.43692421913147
5.544019937515259
5.558032751083374
5.711171865463257
5.709171533584595
5.505986213684082
5.435921907424927
5.488972187042236
5.4809629917144775
5.475959062576294
5.515995264053345
5.482964515686035
5.461946487426758
5.508986473083496
5.629098653793335
5.532011270523071
5.747334003448486
5.592064380645752
5.553028345108032
5.553028583526611
5.527005910873413
5.4819629192352295
5.500982046127319
5.532936334609985
5.711172819137573
6.020453691482544
5.749206066131592
5.669133424758911
5.489970684051514
5.499981641769409
5.451937913894653
5.5700438022613525
5.462948799133301
5.603074550628662
5.53400993347168
5.544021368026733
5.681145906448364
5.485968112945557
5.50999116897583
5.499981164932251
5.514994382858276
5.462265729904175
5.4509360790252686
5.765220880508423
5.66012716293335
5.662128448486328
5.484968662261963
5.5500264167785645
5.551027774810791
5.499980926513672
5.527005672454834
5.742201328277588
5.64811372756958
5.6881561279296875
5.458944320678711
5.474957466125488
5.568043231964111
5.591064691543579
5.905349016189575
5.611081838607788
5.589062452316284
5.674138784408569
5.531008958816528
5.49497652053833
5.555032253265381
5.493975639343262
5.488259792327881
5.533010482788086
5.532009840011597
5.505985260009766
5.507988929748535
5.554029226303101
5.86331033706665
5.523000955581665
5.503981828689575
5.44793438911438
5.485968828201294
5.476960182189941
5.486969232559204
5.530008316040039
5.508988618850708
5.4449310302734375
5.586059331893921
5.582056045532227
5.492974758148193
5.433921575546265
5.502984046936035
5.553029298782349
5.510599374771118
5.518998622894287
5.4669506549835205
5.522000074386597
5.438924789428711
5.479964017868042
5.475958824157715
5.5890607833862305
5.5810546875
5.715174674987793
5.688049077987671
5.610079050064087
5.609078407287598
5.514994859695435
5.4689531326293945
5.524002313613892
5.563038110733032
5.598070383071899
5.568042278289795
5.702169418334961
5.633106708526611
5.765227794647217
5.535914897918701
5.397898197174072
5.558039903640747
5.579057455062866
5.572052240371704
5.690159559249878
5.647120714187622
5.633108139038086
5.664135694503784
5.70116925239563
5.501988887786865
5.465956449508667
5.482970714569092
5.786247253417969
5.685153007507324
5.636110782623291
5.604668378829956
5.585064649581909
5.671142578125
5.432926416397095
5.621095895767212
5.691160202026367
5.50899600982666
5.80626368522644
5.647119760513306
5.6301045417785645
5.734199047088623
5.742206573486328
5.6381096839904785
5.537019729614258
5.553748607635498
5.481971263885498
5.79545521736145
5.706174373626709
5.6030802726745605
5.621096611022949
5.557036876678467
5.608085632324219
5.758423089981079
5.548029899597168
5.452944278717041
5.448940992355347
5.645118236541748
5.637109756469727
5.679150819778442
5.654127359390259
5.62209939956665
5.60007905960083
5.8032615184783936
5.493981838226318
5.695164680480957
5.7392048835754395
5.38288140296936
5.748209714889526
5.729194641113281
5.617093086242676
5.748213052749634
5.7602221965789795
5.667138338088989
5.769231796264648
5.528012752532959
5.598076820373535
5.435928106307983
5.657129287719727
5.597074270248413
5.606086730957031
5.69015908241272
5.553035259246826
5.7682294845581055
5.717183351516724
5.777239084243774
5.7672278881073
5.7752366065979
5.811269044876099
5.523007392883301
5.548030614852905
5.500987768173218
5.648121356964111
5.611242055892944
5.74621057510376
5.516001462936401
5.547029495239258
5.501988649368286
5.561789512634277
5.469964981079102
5.472718238830566
5.622413396835327
5.708175897598267
5.507992506027222
5.727191209793091
5.6381120681762695
5.682152986526489
5.811269521713257
5.577056884765625
5.482970714569092
5.842297077178955
5.687156677246094
5.729195594787598
5.762224912643433
5.549030542373657
5.443936347961426
5.501989126205444
5.692161321640015
5.703170537948608
5.749212741851807
5.530013799667358
5.431926250457764
5.787247896194458
5.761224031448364
5.709182024002075
5.733198881149292
5.409404516220093
5.438931941986084
5.441934108734131
5.496983766555786
5.675145864486694
5.736201286315918
5.799257516860962
5.703171014785767
5.7492125034332275
5.758194208145142
5.713180303573608
5.524008512496948
5.551032304763794
5.79825758934021
5.774235725402832
5.790249824523926
5.692161560058594
5.484973907470703
5.59407114982605
5.663135528564453
5.707379341125488
5.691160202026367
5.744235038757324
5.7502121925354
5.472963333129883
5.382882595062256
5.716182470321655
5.728194952011108
5.779240846633911
5.774235248565674
5.885335922241211
5.489977836608887
5.463953733444214
5.443937063217163
5.495982885360718
5.395893573760986
5.722188711166382
5.4459381103515625
5.423919200897217
5.752217054367065
5.71182918548584
5.767228126525879
5.736201524734497
5.775237321853638
5.752103090286255
5.721186399459839
5.748213768005371
5.716217756271362
5.750213384628296
5.787245988845825
5.748215913772583
5.792255878448486
5.703197479248047
5.816277503967285
5.76022744178772
5.670145273208618
5.782246828079224
5.753220796585083
5.699172258377075
5.812273979187012
5.767233848571777
5.7942588329315186
5.726196527481079
5.746214151382446
5.761227607727051
5.7231926918029785
5.787252426147461
5.738207578659058
5.659134387969971
5.754220008850098
5.777242660522461
5.706178665161133
5.786250114440918
5.690162897109985
5.733201742172241
5.72019100189209
5.738048791885376
5.681155443191528
5.871326923370361
5.733159780502319
5.788253307342529
5.785250663757324
5.715186357498169
5.774240970611572
5.775086879730225
5.717187404632568
5.756223440170288
5.772237539291382
5.751219272613525
5.8242857456207275
5.755223035812378
5.746214151382446
5.749216556549072
5.831291675567627
5.778242588043213
5.723984718322754
5.713184356689453
5.680153846740723
5.804266691207886
5.655131101608276
5.693165302276611
5.787250757217407
5.7472147941589355
5.749216794967651
5.80226469039917
5.603084325790405
5.7111828327178955
5.741209506988525
5.893348217010498
5.974422216415405
5.845304727554321
5.734202861785889
5.697169065475464
5.694165945053101
5.755223274230957
5.7352049350738525
5.710182428359985
5.6871607303619385
5.7572243213653564
5.712182998657227
5.751219272613525
5.748216867446899
5.739208459854126
5.699172735214233
5.73520565032959
5.656133413314819
5.733203411102295
5.66513991355896
5.821283340454102
5.792255640029907
5.746213912963867
5.74721622467041
5.677151441574097
5.699170827865601
5.748216867446899
5.795257329940796
5.6871607303619385
5.771237134933472
5.751219034194946
5.782247066497803
5.744212627410889
5.722198486328125
5.6751508712768555
5.696168422698975
5.724194526672363
5.770235538482666
5.790571689605713
5.726423740386963
5.811272859573364
5.712503671646118
5.684035539627075
5.687161684036255
5.712748050689697
5.765232086181641
5.772238731384277
5.8112733364105225
5.754221677780151
5.809271574020386
5.765231609344482
5.7261962890625
5.742044448852539
5.741210460662842
5.672147274017334
5.670145750045776
5.7742390632629395
5.769234657287598
5.768234491348267
5.789252758026123
5.704175233840942
5.759226322174072
5.795259237289429
5.7732391357421875
5.669145345687866
5.799262762069702
5.735204458236694
5.645122051239014
5.761228799819946
5.745213747024536
5.736205816268921
5.704174757003784
5.7822465896606445
5.755223035812378
5.7742390632629395
5.757225751876831
5.70918083190918
5.736205339431763
5.728197813034058
5.7352049350738525
5.77423882484436
5.717187166213989
5.724349498748779
5.698171138763428
5.7402143478393555
5.760226726531982
5.738918781280518
5.7502171993255615
5.73420262336731
5.703174829483032
5.768234491348267
5.843107461929321
5.7927069664001465
5.735177993774414
5.656945466995239
5.7281975746154785
5.712183475494385
5.850308895111084
5.686160087585449
5.813274145126343
5.727197885513306
5.718189716339111
5.677152872085571
5.706178188323975
5.733203411102295
5.716186761856079
5.801267147064209
5.757227420806885
5.729201316833496
5.692169427871704
5.734206676483154
5.777471303939819
5.688164472579956
5.801267147064209
5.696171522140503
5.819284677505493
5.677154302597046
5.666145086288452
5.717190980911255
5.790257692337036
5.709182977676392
5.748216867446899
5.690166473388672
5.723198652267456
5.73220419883728
5.7091827392578125
5.8057639598846436
5.7251975536346436
5.802267074584961
5.732204437255859
5.780249118804932
5.759228944778442
5.707181692123413
5.775244235992432
5.770239591598511
5.7512218952178955
5.6981728076934814
5.734206438064575
5.7682366371154785
5.672149419784546
5.7131874561309814
5.733206272125244
5.771238803863525
5.767236232757568
5.7072594165802
5.797264099121094
5.667145013809204
5.694170236587524
5.735208034515381
5.725198268890381
5.756457567214966
5.737304210662842
5.726912260055542
5.725196599960327
5.686162233352661
5.721194744110107
5.675152540206909
5.7612316608428955
5.719196796417236
5.735208034515381
5.708183288574219
5.698173761367798
5.772241592407227
5.73220419883728
5.836299896240234
5.723196506500244
5.741212606430054
5.707182884216309
5.774623155593872
5.782250165939331
5.720191955566406
5.68015718460083
5.700175762176514
5.7081828117370605
5.71418833732605
5.715189218521118
5.687163591384888
5.728201389312744
5.693367958068848
5.693169116973877
5.8028035163879395
5.759456157684326
5.788255929946899
5.743213891983032
5.7251975536346436
5.765228986740112
5.731204271316528
5.750221014022827
5.809274911880493
5.806271553039551
5.761230707168579
5.750011205673218
5.826290607452393
5.729145050048828
5.7071826457977295
5.785253286361694
5.674152612686157
5.734206914901733
5.733205080032349
5.6571362018585205
5.726200342178345
5.714188098907471
5.648129224777222
5.731130838394165
5.774242162704468
5.780249118804932
5.695170879364014
5.739211082458496
5.736208438873291
5.760230302810669
5.720191955566406
5.734206676483154
5.686040639877319
5.7362072467803955
5.775243759155273
5.7191925048828125
5.7662353515625
5.759227752685547
5.747217893600464
5.757227420806885
5.670147180557251
5.759229898452759
5.720194339752197
5.78825569152832
5.742213726043701
5.666144132614136
5.81185507774353
5.8463075160980225
5.7482171058654785
5.680221796035767
5.688164234161377
5.727201461791992
5.751221179962158
5.772240400314331
5.6811583042144775
5.801266193389893
5.6521313190460205
5.759229421615601
5.752231121063232
5.747218608856201
5.784250736236572
5.688165903091431
5.786252975463867
5.723196744918823
5.72507119178772
5.678155422210693
5.767235994338989
5.6511311531066895
5.733204364776611
5.731665134429932
5.691167831420898
5.771239995956421
5.703178405761719
5.6191017627716064
5.718192100524902
5.696169137954712
5.587074041366577
5.710185289382935
5.779247283935547
5.73620867729187
5.6231043338775635
5.630111455917358
5.6941704750061035
5.788798809051514
5.715189456939697
5.771244287490845
5.886344909667969
5.702176809310913
5.698173522949219
5.69717264175415
5.71919322013855
5.725200653076172
5.72820258140564
5.682159423828125
5.6821608543396
5.733207702636719
5.848312854766846
5.8142805099487305
5.453954458236694
5.395224571228027
5.483980417251587
5.6746506690979
5.598084449768066
5.41692042350769
5.36687445640564
5.406911373138428
5.425929307937622
5.478977918624878
5.356864929199219
5.4429450035095215
5.367875576019287
5.389895439147949
5.38789439201355
5.3979034423828125
5.5810699462890625
5.494991064071655
5.446946144104004
5.5200135707855225
5.493991136550903
5.472971200942993
5.4549560546875
5.426928520202637
5.39990496635437
5.412916898727417
5.494691371917725
5.396902322769165
5.482981443405151
5.388893127441406
5.435939073562622
5.463964223861694
5.454954385757446
5.491008520126343
5.475973129272461
5.372880458831787
5.386892795562744
5.431934595108032
5.3708741664886475
5.3818888664245605
5.3658740520477295
5.630114793777466
5.698628902435303
5.524018049240112
5.769241094589233
5.493991136550903
5.925382614135742
5.813280344009399
5.718194484710693
5.5440356731414795
5.517012119293213
5.46296238899231
5.60008692741394
5.482981204986572
5.520014762878418
5.579068183898926
5.964837551116943
5.967072486877441
8.190062761306763
8.50542950630188
6.027677536010742
6.172201156616211
6.112833499908447
6.210641145706177
6.129566431045532
6.262021780014038
5.734211444854736
5.900400638580322
5.781850337982178
5.715743064880371
5.714503049850464
5.621941804885864
5.54175591468811
5.723045110702515
5.604990720748901
5.629552125930786
5.744221925735474
5.68880033493042
5.60638165473938
5.68361496925354
5.801999807357788
5.873999834060669
6.042555809020996
5.711275815963745
6.3698930740356445
5.705047369003296
5.658862113952637
5.681254148483276
5.621511459350586
5.675947666168213
5.630714654922485
6.292195081710815
6.303460597991943
6.56096625328064
6.027475118637085
5.417921304702759
6.735117435455322
6.267194509506226
5.795069694519043
6.158793210983276
5.799505233764648
5.806103467941284
5.968403339385986
5.845243692398071
5.812717914581299
5.993244647979736
5.829925775527954
5.7514142990112305
6.085920095443726
