Timing log for each step:
0.014014482498168945
5.3681957721710205
5.2708539962768555
5.218016147613525
5.178451299667358
5.2935216426849365
5.316236972808838
5.289364337921143
5.318526983261108
5.268374681472778
5.260195255279541
5.392714262008667
5.340667963027954
5.2222349643707275
5.228832006454468
5.248447895050049
5.346900463104248
5.245926141738892
5.319448232650757
5.270434617996216
5.192616939544678
5.289017915725708
5.328510046005249
5.290248155593872
5.3483545780181885
5.293729543685913
5.305922031402588
5.272430181503296
5.283708572387695
5.300750494003296
5.3850953578948975
5.3869547843933105
5.399955987930298
5.417007923126221
5.454528093338013
5.38107442855835
5.322583436965942
5.352015495300293
5.294961452484131
5.277238845825195
5.366825580596924
5.414910078048706
5.475490570068359
5.402966022491455
5.4182209968566895
5.270718097686768
5.395380258560181
5.413030385971069
5.347887754440308
5.398155689239502
5.34370231628418
5.3947436809539795
5.367388725280762
5.295857906341553
5.362074613571167
5.401191473007202
5.403478145599365
5.418240308761597
5.409083127975464
5.43752121925354
5.529499053955078
5.441120147705078
5.43196177482605
5.402181386947632
5.4486072063446045
5.370278835296631
5.427496910095215
5.337713956832886
5.317216157913208
5.492541551589966
5.489766597747803
5.424714088439941
5.509549856185913
5.443300247192383
5.460977554321289
5.292848110198975
5.465078592300415
5.400226593017578
5.463710784912109
5.499772548675537
5.337892293930054
5.42678689956665
5.402499198913574
5.476304531097412
5.478963613510132
5.427624702453613
5.46488618850708
5.361755847930908
5.507568597793579
5.438995599746704
5.49056601524353
5.422508955001831
5.299890518188477
5.395467042922974
5.454560279846191
5.47083854675293
5.4331958293914795
5.459459543228149
5.478909492492676
5.3972766399383545
5.490439414978027
5.354909420013428
5.419745445251465
5.505337476730347
5.3673996925354
5.428048610687256
5.479071378707886
5.409930467605591
5.420527696609497
5.4720282554626465
5.435022592544556
5.4954001903533936
5.474580764770508
5.4900453090667725
5.435029983520508
5.408851146697998
5.5098817348480225
5.409857511520386
5.408130645751953
5.43082070350647
5.481919527053833
5.5242626667022705
5.3724188804626465
5.452232122421265
5.393517971038818
5.482922077178955
5.207015037536621
5.481478214263916
5.4511497020721436
5.484323263168335
5.4718639850616455
5.3785786628723145
5.488482236862183
5.513460636138916
5.4184722900390625
5.488495111465454
5.551045179367065
5.45910120010376
5.502125024795532
5.513998985290527
5.5449378490448
5.493546724319458
5.36803674697876
5.493517637252808
5.470489025115967
5.364154100418091
5.441002607345581
5.403528213500977
5.553650379180908
5.573633670806885
5.461318731307983
5.426175117492676
5.454159736633301
5.4990763664245605
5.534236669540405
5.444995403289795
5.458509922027588
5.422403573989868
5.477134943008423
5.414467811584473
5.532794237136841
5.324147939682007
5.3924031257629395
5.555129766464233
5.471475839614868
5.495055675506592
5.433874607086182
5.514073848724365
5.549916744232178
5.461275339126587
5.4615418910980225
5.362461090087891
5.490548372268677
5.482459783554077
5.321904182434082
5.463597774505615
5.478528261184692
5.411088943481445
5.4353837966918945
5.4766716957092285
5.470874309539795
5.473227500915527
5.564290761947632
5.441288709640503
5.4454169273376465
5.4523539543151855
5.5529844760894775
5.4410388469696045
5.4024817943573
5.298482894897461
5.718340873718262
5.469534397125244
5.455686807632446
5.497919321060181
5.539678335189819
5.420979976654053
5.394231081008911
5.451194524765015
5.354498863220215
5.530899524688721
5.419578790664673
5.5388524532318115
5.46662974357605
5.453173637390137
5.455887794494629
5.522538185119629
5.477482080459595
5.328005313873291
5.398850679397583
5.507842540740967
5.556970596313477
5.477743148803711
5.485246419906616
5.4921746253967285
5.464010715484619
5.517128944396973
5.524672985076904
5.413904190063477
5.474635362625122
5.313929080963135
5.472782611846924
5.406296730041504
5.408863306045532
5.478163480758667
5.450197696685791
5.48701548576355
5.333200216293335
5.500060796737671
5.380378246307373
5.358381271362305
5.497050523757935
5.49983549118042
5.48297381401062
5.3158533573150635
5.484045505523682
5.419355392456055
5.361249923706055
5.453605890274048
5.436142444610596
5.409456491470337
5.38484787940979
5.444969177246094
5.566028118133545
5.472959280014038
5.503259181976318
5.355404376983643
5.419825315475464
5.419003963470459
5.519993782043457
5.559009790420532
5.507106304168701
5.433617115020752
5.3533501625061035
5.417111873626709
5.380217552185059
5.553079605102539
5.313412427902222
5.521656036376953
5.481612205505371
5.540599822998047
5.532470703125
5.487572908401489
5.520550489425659
5.404982566833496
5.381343603134155
5.3619384765625
5.4104838371276855
5.451941251754761
5.46663761138916
5.354421854019165
5.453256130218506
5.496806621551514
5.572624921798706
5.4822633266448975
5.499550819396973
5.477959871292114
5.398110866546631
5.484341144561768
5.538264751434326
5.436528921127319
5.770668983459473
5.639278411865234
5.552464246749878
5.560327529907227
5.444522142410278
5.452464818954468
5.46636438369751
5.347365379333496
5.403787851333618
5.394388198852539
5.424470901489258
5.45404839515686
5.4072418212890625
5.50531530380249
5.442010879516602
5.3562469482421875
5.609243869781494
5.4110095500946045
5.394193649291992
5.3974714279174805
5.492385387420654
5.481414794921875
5.465214490890503
5.38757586479187
5.28252100944519
5.425818920135498
5.495458364486694
5.346200704574585
5.398691892623901
5.3720221519470215
5.348896026611328
5.397990465164185
5.483912706375122
5.513593912124634
5.465462684631348
5.656313419342041
5.702223777770996
5.268839597702026
5.444351673126221
5.491466045379639
5.5566322803497314
5.471168518066406
5.782770395278931
5.531450986862183
5.3910040855407715
5.5012736320495605
5.514254570007324
5.440062522888184
5.563647508621216
5.554996013641357
5.5284130573272705
5.415076732635498
5.5626466274261475
5.666049957275391
5.530249118804932
5.55551815032959
5.536085367202759
5.442463636398315
5.507278203964233
5.495050430297852
5.539942264556885
5.441241025924683
5.50996994972229
5.4180238246917725
5.562829971313477
5.452129125595093
5.597548007965088
5.466692209243774
5.410735607147217
5.33241605758667
5.53720760345459
5.642693758010864
5.353442430496216
5.444041013717651
5.386661052703857
5.532841205596924
5.511561632156372
5.450356721878052
5.473035573959351
5.486922979354858
5.4404802322387695
5.402005195617676
5.535888910293579
5.4839441776275635
5.49815821647644
5.450412750244141
5.482048988342285
5.459219455718994
5.460726022720337
5.626223087310791
5.483482837677002
5.45851469039917
5.43830418586731
5.480769634246826
5.47151780128479
5.495373725891113
5.4505720138549805
5.459517955780029
5.486100912094116
5.551111459732056
5.453241586685181
5.433286666870117
5.487368106842041
5.485384464263916
5.444485187530518
5.473552703857422
5.543270826339722
5.317187786102295
5.557392358779907
5.339844226837158
5.4507386684417725
5.5670084953308105
5.487016677856445
5.435894966125488
5.520966053009033
5.430157423019409
5.366910219192505
5.401606321334839
5.525061368942261
5.571142673492432
5.508563995361328
5.479501724243164
5.58417534828186
5.349761486053467
5.502296209335327
5.461976051330566
5.4099485874176025
5.427188158035278
5.575621843338013
5.4535229206085205
5.462011098861694
5.334532976150513
5.5740907192230225
5.478600025177002
5.495111465454102
5.496197700500488
5.4754414558410645
5.550354480743408
5.467050075531006
5.423692941665649
5.300010919570923
5.550724267959595
5.429453134536743
5.573591709136963
5.423468828201294
5.463228940963745
5.53528356552124
5.460015058517456
5.512149333953857
5.47933030128479
5.4585912227630615
5.407005310058594
5.3591907024383545
5.429060697555542
5.338063716888428
5.410217046737671
5.480212450027466
5.6323559284210205
5.446138858795166
5.471018314361572
5.639415979385376
5.564716339111328
5.491142272949219
5.424632549285889
5.5874879360198975
5.840665817260742
5.8126256465911865
5.565412998199463
5.46441912651062
5.424287796020508
5.486628293991089
5.563339471817017
5.53813099861145
5.3811938762664795
5.462377071380615
5.570097208023071
5.5360963344573975
5.479870796203613
5.523261547088623
5.568660736083984
5.389585971832275
5.461719751358032
5.45261287689209
5.388447046279907
5.500195264816284
5.496240854263306
5.497950792312622
5.5946972370147705
5.482020139694214
5.463977575302124
5.52208137512207
5.56049919128418
5.383073568344116
5.503777027130127
5.444122076034546
5.4955949783325195
5.441137790679932
5.5212907791137695
5.500482082366943
5.474441766738892
5.2897374629974365
5.59666895866394
5.5009074211120605
5.365943431854248
5.578639984130859
5.523036003112793
5.508487701416016
5.393896102905273
5.488114356994629
5.555161714553833
5.464452505111694
5.529970169067383
5.518493413925171
5.38447904586792
5.3918843269348145
5.4125306606292725
5.545379161834717
5.372997760772705
5.493542909622192
5.552617788314819
5.510397911071777
5.509687662124634
5.4646546840667725
5.303359508514404
5.495594024658203
5.50449800491333
5.446986436843872
5.541146516799927
5.5101892948150635
5.556616306304932
5.457166910171509
5.443488836288452
5.661659002304077
5.28875207901001
5.436359643936157
5.508481979370117
5.402410507202148
5.45698356628418
5.567353010177612
5.400640487670898
5.428176164627075
5.528486013412476
5.501274108886719
5.405215263366699
5.592580318450928
5.45740270614624
5.561882972717285
5.486934185028076
5.5050272941589355
5.631897211074829
5.501519203186035
5.366844177246094
5.391388416290283
5.542087078094482
5.441283226013184
5.3378965854644775
5.439221382141113
5.425860643386841
5.364412069320679
5.5243823528289795
5.503345727920532
5.394538879394531
5.506174087524414
5.333847284317017
5.517015695571899
5.350299596786499
5.482370615005493
5.605783700942993
5.469590663909912
5.510539531707764
5.396841764450073
5.562991142272949
5.423037528991699
5.382024526596069
5.527874708175659
5.523539304733276
5.66661262512207
5.555269241333008
5.400942325592041
5.5804665088653564
5.626705646514893
5.543895959854126
5.454349517822266
5.616668701171875
5.734889030456543
5.410746097564697
5.38412880897522
5.433258056640625
5.499746084213257
5.579610109329224
5.527022838592529
5.458008289337158
5.433956146240234
5.406373977661133
5.552016496658325
5.486116647720337
5.624533176422119
5.3768310546875
5.392069101333618
5.395289421081543
5.636810779571533
5.808304071426392
5.692198276519775
5.447975397109985
5.651159286499023
5.423953294754028
5.509030818939209
5.496018409729004
5.435964345932007
5.3979291915893555
5.764263868331909
5.631143569946289
5.494017601013184
5.491014719009399
5.677185535430908
5.45297908782959
5.401933431625366
5.366901636123657
5.608121871948242
5.636146545410156
5.2688117027282715
5.407938480377197
5.40693736076355
5.337874174118042
5.385918378829956
5.337874174118042
5.57409143447876
5.458985805511475
5.6391496658325195
5.5650835037231445
5.589103937149048
5.476000070571899
5.304844856262207
5.418949127197266
5.804300546646118
5.579095840454102
5.488012075424194
5.493016958236694
5.5871031284332275
5.662170886993408
5.511033773422241
5.534053564071655
5.549066781997681
5.467993259429932
5.541061162948608
5.489013910293579
5.5030248165130615
5.576092958450317
5.395916700363159
5.383916616439819
5.591105699539185
5.534053564071655
5.323862075805664
5.444971799850464
5.442970037460327
5.425955295562744
5.356891870498657
5.6761839389801025
5.6731812953948975
5.38191556930542
5.586098670959473
5.495018243789673
5.329869031906128
5.573089361190796
5.449977397918701
5.364898443222046
5.50402569770813
5.547065258026123
5.532051086425781
5.481996536254883
5.567084074020386
5.485010147094727
5.578095197677612
5.48600959777832
5.416947841644287
5.425954341888428
5.516037702560425
5.458984613418579
5.3689024448394775
5.7182207107543945
5.567084074020386
5.493016004562378
5.703208923339844
6.588016033172607
5.713217496871948
5.785279273986816
5.706209421157837
5.579907417297363
5.648158073425293
5.668535470962524
5.698204040527344
5.764261960983276
5.663166284561157
5.549063682556152
5.645147085189819
5.627259731292725
5.665167331695557
5.659161329269409
5.6391448974609375
5.665169954299927
5.666171550750732
5.703205108642578
5.727226257324219
5.6451520919799805
5.62513279914856
5.645150423049927
5.761257171630859
5.611120223999023
5.768263816833496
5.658163785934448
5.638230562210083
5.61312198638916
5.666170597076416
5.615125417709351
5.6141228675842285
5.622130870819092
5.560074329376221
5.5961081981658936
5.6541595458984375
5.621129035949707
5.703204870223999
5.792285442352295
5.822312831878662
5.679181814193726
5.65947413444519
5.701202630996704
5.709209680557251
5.643149137496948
5.656161069869995
5.503021240234375
5.5931055545806885
5.594104528427124
5.613121509552002
5.707208156585693
5.60011100769043
5.676180601119995
5.599109649658203
5.721219301223755
5.622131109237671
5.636144399642944
5.562075853347778
5.627135276794434
5.665167570114136
5.697199821472168
5.569080591201782
5.52203893661499
5.575085878372192
5.57865047454834
5.672811508178711
5.536052227020264
5.58309531211853
5.576088190078735
5.5660786628723145
5.673175811767578
5.774268627166748
5.672175168991089
5.58509635925293
5.554067850112915
5.641146659851074
5.707207679748535
5.507026433944702
5.566077947616577
5.673177003860474
5.648151159286499
5.570083379745483
5.657160997390747
5.62012791633606
5.708209991455078
5.775269985198975
5.746243715286255
5.6261351108551025
5.602112531661987
5.755251407623291
5.655160903930664
5.607116460800171
5.654160737991333
5.681184530258179
5.670175075531006
5.745241641998291
5.708208799362183
5.616125106811523
5.603112697601318
5.700202703475952
5.673177242279053
5.578089952468872
5.571082830429077
5.659164905548096
5.666167736053467
5.856343507766724
5.716216802597046
5.680183410644531
5.7582550048828125
5.52604341506958
5.674177885055542
5.4259514808654785
5.671175718307495
5.516032457351685
5.609118223190308
5.470993280410767
5.662167072296143
5.40092921257019
5.5680787563323975
5.523039817810059
5.428954124450684
5.542057275772095
5.5130321979522705
5.35088324546814
5.459977388381958
5.511028289794922
5.424948692321777
5.406932592391968
5.459982395172119
5.527042865753174
5.473995923995972
5.466989994049072
5.435960531234741
5.436959505081177
5.493013143539429
5.516033172607422
5.526042938232422
5.529046058654785
5.424950361251831
5.4609832763671875
5.463984727859497
5.5230393409729
5.48200249671936
5.458980321884155
5.54906153678894
5.447972297668457
5.413939952850342
5.34687876701355
5.533048629760742
5.333866357803345
5.519035339355469
5.31685209274292
5.379907846450806
5.468990802764893
5.5670812129974365
5.452975749969482
5.503021717071533
5.517035722732544
5.426952362060547
5.436960697174072
5.469991683959961
5.496016263961792
5.5230393409729
5.383911848068237
5.4039318561553955
5.568079948425293
5.476996898651123
5.548061847686768
5.501019716262817
5.409937381744385
5.382912635803223
5.57508659362793
5.3418731689453125
5.472991943359375
5.570080518722534
6.233686685562134
5.782274484634399
5.4699907302856445
5.515028715133667
5.574085474014282
5.569080352783203
5.496013402938843
5.595104932785034
5.3248584270477295
5.520036458969116
5.464986801147461
5.546059608459473
5.554067850112915
5.4539759159088135
5.521036386489868
5.595102787017822
5.5410544872283936
5.506022930145264
5.472992420196533
5.503020286560059
5.495012521743774
5.54806113243103
5.516031265258789
5.48700475692749
5.503019571304321
5.4249491691589355
5.442965269088745
5.4860053062438965
5.490008354187012
5.562074661254883
5.573084831237793
5.588097810745239
5.393919467926025
5.393921613693237
5.477997064590454
5.529041767120361
5.55206561088562
5.443964958190918
5.53705096244812
5.421947956085205
5.473993539810181
5.448969841003418
5.375905752182007
5.4789979457855225
5.299835920333862
5.486005067825317
5.444967031478882
5.588096857070923
5.383912086486816
5.472992181777954
5.391923189163208
5.3749024868011475
5.517033100128174
5.545059680938721
5.582093000411987
5.507024049758911
5.4409637451171875
5.397924900054932
5.366894006729126
5.544057607650757
5.43596076965332
5.605113983154297
5.4669883251190186
5.4409637451171875
5.568080186843872
5.3979246616363525
5.567078351974487
5.556067943572998
5.415939807891846
5.524039268493652
5.508023738861084
5.530045032501221
5.441965341567993
5.652155876159668
5.464985609054565
5.501018762588501
5.477997303009033
5.474995374679565
5.428952693939209
5.608115196228027
5.51202917098999
5.574085235595703
5.408934116363525
5.410936594009399
5.392922639846802
5.29883337020874
5.51603102684021
5.567079305648804
5.457978248596191
5.447969675064087
5.455976963043213
5.570081472396851
5.379907608032227
5.454976558685303
5.452974557876587
5.535048961639404
5.5200347900390625
5.546059608459473
5.42294454574585
5.443966865539551
5.4930078983306885
5.445967197418213
5.455978155136108
4.789369583129883
4.97653865814209
5.460981845855713
5.455978155136108
5.0656208992004395
5.384913682937622
5.455978870391846
5.500018358230591
5.469990015029907
5.535049676895142
5.515030384063721
5.318852186203003
5.463984251022339
5.46398401260376
5.5130298137664795
5.4249489307403564
5.317850351333618
5.575084924697876
5.457980155944824
5.487006187438965
5.51102876663208
5.715214014053345
5.622129440307617
5.414939880371094
5.5300452709198
5.513029336929321
5.45998215675354
5.519034147262573
5.391918897628784
5.498015403747559
5.531045198440552
5.592101812362671
5.482001781463623
5.48500394821167
5.4269514083862305
5.589098930358887
5.37890625
5.473992347717285
5.402929067611694
5.555066823959351
5.504021406173706
5.4930102825164795
5.528042554855347
5.584092378616333
5.485004425048828
5.3869147300720215
5.440963983535767
5.458979368209839
5.518034219741821
5.536050081253052
5.412936449050903
5.563074827194214
5.552066802978516
5.524040222167969
5.612119674682617
5.399924993515015
5.570080041885376
5.474994659423828
5.437960624694824
5.382909774780273
5.444965124130249
5.493009328842163
5.553064823150635
5.4469664096832275
5.3859124183654785
5.467987775802612
5.382908582687378
5.436959743499756
5.374902009963989
5.469987869262695
5.468986511230469
5.3809099197387695
5.408933162689209
5.474992990493774
5.343873500823975
5.475994110107422
5.361891031265259
5.527040243148804
5.357884168624878
5.417941331863403
5.343873500823975
5.463983774185181
5.53304648399353
5.469987630844116
5.530043840408325
5.540052652359009
5.56707763671875
5.417941331863403
5.445966958999634
5.434957265853882
5.53404688835144
5.4129369258880615
5.408932685852051
5.395921230316162
5.465986490249634
5.50201678276062
5.551063776016235
5.484001636505127
5.554065942764282
5.3949196338653564
5.401926040649414
5.399925470352173
5.475994110107422
5.527040958404541
5.472991466522217
5.4890055656433105
5.41293478012085
5.4840004444122314
5.446966648101807
5.319852352142334
5.534045696258545
5.456977605819702
5.436957836151123
5.336867094039917
5.622126817703247
5.392918825149536
5.425947666168213
5.528041124343872
5.555066347122192
5.445966482162476
5.494011878967285
5.3929173946380615
5.386911869049072
5.522036552429199
5.408933877944946
5.513027906417847
5.536048889160156
5.438960313796997
5.50802206993103
5.428951025009155
5.481999158859253
5.503021240234375
5.4519734382629395
5.440963506698608
5.570079803466797
5.501016855239868
5.359888315200806
5.4269492626190186
5.469988822937012
5.456977367401123
5.4990153312683105
5.527040958404541
5.430954217910767
5.447967052459717
5.422945976257324
5.479997396469116
5.4239466190338135
5.4719884395599365
5.437958240509033
5.507023334503174
5.4890055656433105
5.4319541454315186
5.544056177139282
5.463982820510864
5.474993705749512
5.527041435241699
5.439961671829224
5.339868783950806
5.472991228103638
5.419941186904907
5.465985536575317
5.487004995346069
5.288824081420898
5.446967124938965
5.579087972640991
5.478996992111206
5.354884386062622
5.47499418258667
6.082547187805176
5.502017259597778
5.655158042907715
5.658161163330078
5.5100257396698
5.390917539596558
5.501017808914185
5.463982582092285
5.443965196609497
5.358888626098633
5.433955669403076
5.50101637840271
5.386912822723389
5.298834800720215
5.500015497207642
5.408933162689209
5.5520641803741455
5.475993871688843
5.412936687469482
5.458979845046997
5.52103590965271
5.4319539070129395
5.433954477310181
5.525039434432983
5.468989372253418
5.428950786590576
5.483000755310059
5.38490891456604
5.428951263427734
5.497013568878174
5.467986583709717
5.535048723220825
5.410939455032349
5.491008758544922
5.516031503677368
5.446967840194702
5.449969291687012
5.450971603393555
5.4469687938690186
5.424948692321777
5.484001636505127
5.390915632247925
5.503019094467163
5.570079326629639
5.432955741882324
5.38491153717041
5.447968006134033
5.402926921844482
5.447968482971191
5.577086687088013
5.498014450073242
5.465981960296631
5.326857089996338
5.39892315864563
5.447965860366821
5.455973386764526
5.471989870071411
5.40492844581604
5.455974578857422
5.4469664096832275
5.454974174499512
5.463982820510864
5.49401068687439
5.465983629226685
5.389913558959961
5.513025283813477
5.31384539604187
5.275810956954956
5.412935495376587
5.489003896713257
5.410933494567871
5.463982820510864
5.417940378189087
5.483999729156494
5.427949666976929
5.371896505355835
5.449969530105591
5.43395471572876
5.488004684448242
5.385910749435425
5.4659833908081055
5.428950786590576
5.317849397659302
5.4079320430755615
5.361887216567993
5.443964719772339
5.449970245361328
5.435956001281738
5.500013113021851
5.379903554916382
5.506020545959473
5.557066202163696
5.495010852813721
5.5160298347473145
5.2808144092559814
5.518031597137451
5.484999895095825
5.480994939804077
5.362889051437378
5.457976579666138
5.409932851791382
5.501016139984131
5.415937900543213
5.501016616821289
5.44496488571167
5.4249467849731445
5.360887289047241
5.471989154815674
5.412935018539429
5.4409589767456055
5.352880954742432
5.5590691566467285
5.414935827255249
5.488004446029663
5.4009246826171875
5.410934209823608
5.36689305305481
5.314846754074097
5.420942783355713
5.342870473861694
5.440960645675659
5.503018140792847
5.517030954360962
5.442964553833008
5.478996276855469
5.452970027923584
5.3538830280303955
5.319849491119385
5.374901056289673
5.557067632675171
5.397918462753296
5.398922681808472
5.445964813232422
5.560070276260376
5.476994752883911
5.558067798614502
5.4589784145355225
5.5310447216033936
5.416938543319702
5.458977460861206
5.457975149154663
5.592099189758301
5.442963361740112
5.211752414703369
5.4940104484558105
5.453973054885864
5.440961599349976
5.433955669403076
5.518032073974609
5.427949666976929
5.314847230911255
5.396921396255493
5.553061485290527
5.423946142196655
5.504019498825073
5.462981700897217
5.433955430984497
5.4799957275390625
5.506020784378052
5.504019021987915
5.434955596923828
5.476994037628174
5.4870030879974365
5.465985536575317
5.495010137557983
5.382907390594482
5.33786678314209
5.5080225467681885
5.497011423110962
5.53204345703125
5.315846920013428
5.47599196434021
5.385910987854004
5.346874952316284
5.4069294929504395
5.431952714920044
5.425945997238159
5.535045385360718
5.438959121704102
5.503013610839844
5.345872402191162
5.4619786739349365
5.4359564781188965
5.5730814933776855
5.374901056289673
5.462980270385742
5.537048816680908
5.4199419021606445
5.42494535446167
5.412935733795166
5.465984582901001
5.437958002090454
5.45197057723999
5.487003326416016
5.495011568069458
5.468987464904785
5.447967767715454
5.4980103969573975
5.438959836959839
5.499013900756836
5.472989082336426
5.4890055656433105
5.412935495376587
5.345873832702637
5.44996976852417
5.4389567375183105
5.409932851791382
5.413936614990234
5.5220348834991455
5.459979295730591
5.452972650527954
5.352881908416748
5.499011516571045
5.4589784145355225
5.507019758224487
5.452972888946533
5.468987464904785
5.495009183883667
5.520032167434692
5.880355596542358
5.404926538467407
5.314844131469727
5.4789955615997314
5.523035049438477
5.492007732391357
5.557066202163696
5.5480568408966064
5.4639809131622314
5.417939901351929
5.473989963531494
5.5440545082092285
5.527038812637329
5.37790584564209
5.392915725708008
5.461977958679199
5.498012542724609
5.513026237487793
5.551059246063232
5.421942472457886
5.454972743988037
5.519030809402466
5.474990606307983
5.471986293792725
5.398921728134155
5.512024641036987
5.421940088272095
5.44196081161499
5.537046432495117
5.5120251178741455
5.511022567749023
5.445965766906738
5.426948070526123
5.370895147323608
5.42694878578186
5.441960334777832
5.451969385147095
5.413935661315918
5.480996608734131
5.467984676361084
5.409931898117065
5.511023998260498
5.553061485290527
5.476992607116699
5.600105047225952
5.764253616333008
5.388913154602051
5.512024641036987
5.3508782386779785
5.489003658294678
5.444964170455933
5.499013185501099
5.4960081577301025
5.478995323181152
5.395919322967529
5.43996000289917
5.365891218185425
5.28982138633728
5.408930778503418
5.466984272003174
5.477991819381714
5.483999490737915
5.529040813446045
5.417938947677612
5.536043882369995
5.532044172286987
5.448966026306152
5.541051387786865
5.383908748626709
5.546055316925049
5.500014543533325
5.553062677383423
5.49801230430603
5.506019592285156
5.531041145324707
5.4009246826171875
5.449967622756958
5.388913154602051
5.430950880050659
5.5070202350616455
5.575082302093506
5.450969696044922
5.4880030155181885
5.547057867050171
5.423946142196655
5.522033929824829
5.530041694641113
5.523035287857056
5.352878570556641
5.456975221633911
5.447966814041138
5.457975625991821
5.527037143707275
5.371898889541626
5.475992679595947
5.411932468414307
5.473989725112915
5.444962978363037
5.499012231826782
5.400921821594238
5.487002611160278
5.397920846939087
5.450967311859131
5.359885931015015
5.429948806762695
5.533042907714844
5.404927015304565
5.437957286834717
5.529037952423096
5.455974578857422
5.436956405639648
5.504017114639282
5.445963144302368
5.440960645675659
5.458976745605469
5.394917249679565
5.540050268173218
5.39391827583313
5.479994535446167
5.549056768417358
5.5000128746032715
5.337865829467773
5.3338634967803955
5.48700213432312
5.42394495010376
5.514025449752808
5.453973054885864
5.348874807357788
5.597102642059326
5.344871997833252
5.298830986022949
5.489003896713257
5.459977626800537
5.45897650718689
5.495007038116455
5.376901865005493
5.445964813232422
5.49100399017334
5.532043933868408
5.396920204162598
5.558067083358765
5.427948951721191
5.5200324058532715
5.42494535446167
5.433954238891602
5.7892773151397705
5.646145820617676
5.388913631439209
5.405928611755371
5.509021520614624
5.365891695022583
5.428950548171997
5.598100662231445
5.419939041137695
5.422942638397217
5.541051387786865
5.499013662338257
5.363887071609497
5.504017353057861
5.444963693618774
5.448967456817627
5.5050201416015625
5.499013423919678
5.480988502502441
5.528038501739502
5.625126838684082
5.4739906787872314
5.393915891647339
5.432952642440796
5.424944877624512
5.392916440963745
5.308838844299316
5.391916275024414
5.523032903671265
5.5290374755859375
5.47698974609375
5.4289491176605225
5.589094400405884
5.449968099594116
5.269803524017334
5.378903150558472
5.49300742149353
5.487001180648804
5.390913248062134
5.498011827468872
5.4059271812438965
5.495006322860718
5.417938470840454
5.690187454223633
5.641142129898071
5.422943592071533
5.476992845535278
5.495009899139404
5.429949760437012
5.352879762649536
5.300832033157349
5.474990129470825
5.389913082122803
5.413934946060181
5.553062438964844
5.506018161773682
5.473990440368652
5.4509687423706055
5.4819958209991455
5.51002311706543
5.453972101211548
5.375894784927368
5.494006633758545
5.452969789505005
5.318855047225952
5.465980291366577
5.390915632247925
5.422943830490112
5.569076299667358
5.409929990768433
5.456974267959595
5.517029285430908
5.449968338012695
5.523035049438477
5.405928134918213
5.497010707855225
5.481996297836304
5.375899791717529
5.461978435516357
5.497011423110962
5.410932302474976
5.4829981327056885
5.487174034118652
