Timing log for each step:
0.019017696380615234
5.98545241355896
6.084864854812622
6.184079885482788
6.036930084228516
5.868005990982056
5.99934458732605
6.127739906311035
6.125738620758057
6.602185964584351
6.170778512954712
6.196805715560913
6.068687200546265
6.102717161178589
6.205813407897949
6.190800666809082
6.081698656082153
6.080697298049927
6.092707395553589
6.142755508422852
6.03065037727356
6.108723402023315
6.206815242767334
6.3729705810546875
6.304907321929932
6.341942310333252
6.248854875564575
6.088703870773315
6.00762939453125
6.075693130493164
5.9856085777282715
6.070687532424927
6.206815719604492
6.0686867237091064
6.21382212638855
6.170780897140503
6.0847015380859375
6.199808597564697
6.2048139572143555
6.207815170288086
6.263870000839233
6.337939023971558
6.318920612335205
6.110726594924927
6.19680643081665
6.178789854049683
6.295898675918579
6.113729000091553
6.250856876373291
6.187797546386719
6.2228312492370605
6.213820695877075
6.151764154434204
6.318922758102417
6.25786280632019
6.348949193954468
6.115729808807373
6.137748718261719
6.227834463119507
6.264869689941406
6.261866569519043
6.274878263473511
6.125739812850952
6.204814195632935
6.242849826812744
6.309912204742432
6.197805881500244
6.433029413223267
6.405000448226929
6.6252076625823975
6.52311110496521
6.569154977798462
6.234841585159302
6.298901557922363
6.213821887969971
6.195804119110107
6.288892984390259
6.340940237045288
6.520110368728638
6.257863283157349
6.251856327056885
6.261866569519043
6.297900676727295
6.350950479507446
6.337938547134399
6.271876335144043
6.353952169418335
6.318920612335205
6.310913562774658
6.482073545455933
6.346947193145752
6.220828533172607
6.331932306289673
6.151763200759888
6.565151929855347
6.346947431564331
6.182794094085693
6.279883146286011
6.3309314250946045
6.450044393539429
6.293896913528442
6.425019979476929
6.338939666748047
6.4500439167022705
6.29289698600769
6.340941905975342
6.823392868041992
6.697275876998901
6.583167552947998
6.340940952301025
6.184794187545776
6.161772966384888
6.235842704772949
6.2468531131744385
6.2438507080078125
6.192800760269165
6.2088165283203125
6.427983522415161
6.371922254562378
6.369921445846558
6.4139628410339355
6.35791015625
6.297854661941528
6.147714853286743
6.1707375049591064
6.220782518386841
6.327882289886475
6.301857948303223
6.341893434524536
6.433981418609619
6.241802453994751
6.492035865783691
6.347901821136475
6.338892936706543
6.421971559524536
6.311867952346802
6.468013048171997
6.303860902786255
6.494037628173828
6.233795642852783
6.342897176742554
6.282839059829712
6.2337939739227295
6.420969247817993
6.226787805557251
6.308864593505859
6.334888696670532
6.252813100814819
6.373924255371094
6.297854423522949
6.319876194000244
6.401951789855957
6.251813173294067
6.407956123352051
6.400951147079468
6.338892221450806
6.418965816497803
6.537076950073242
6.42397141456604
6.380932092666626
6.506048917770386
6.4940385818481445
6.407956838607788
6.440988063812256
6.410959720611572
6.425974607467651
6.225788593292236
6.2057695388793945
6.3408942222595215
6.346900701522827
6.25981879234314
6.3529052734375
6.258818626403809
6.334887981414795
6.317873477935791
6.411961078643799
6.315868854522705
6.369920492172241
6.272832155227661
6.221783876419067
6.204767942428589
6.267826318740845
6.271830320358276
6.214776277542114
6.262822151184082
6.2968525886535645
6.202765941619873
6.218780755996704
6.334890127182007
6.863380432128906
6.456002712249756
6.499041795730591
6.62315821647644
8.306724071502686
7.052940130233765
8.604000329971313
6.1256937980651855
6.137904405593872
6.6471803188323975
5.768986940383911
