Timing log for each step:
0.02602243423461914
7.875675916671753
5.761564254760742
5.62444281578064
5.980618476867676
6.050539255142212
5.92711329460144
5.544063568115234
5.48429536819458
6.217893600463867
5.7238218784332275
6.055488586425781
6.256952285766602
5.983998775482178
5.848486661911011
5.798494815826416
5.4683592319488525
5.460362195968628
5.489709854125977
5.506846904754639
5.546140670776367
5.420605897903442
5.432484149932861
5.446822643280029
5.456347465515137
5.518552541732788
5.583150148391724
5.544766426086426
5.4556989669799805
5.507591724395752
5.439597845077515
5.346433877944946
5.494985580444336
5.488727331161499
5.420774936676025
5.461365699768066
5.375401496887207
5.3859124183654785
5.552834749221802
5.427629470825195
5.478538751602173
5.523280143737793
5.555971384048462
5.5012712478637695
5.530477046966553
5.474667549133301
5.436717987060547
5.534792900085449
5.524972915649414
5.3349244594573975
5.4676454067230225
5.484845399856567
5.344362735748291
5.5931665897369385
5.404288053512573
5.460399150848389
5.533142328262329
5.499152421951294
5.362053155899048
5.4758405685424805
5.526501178741455
5.598471403121948
5.578253746032715
5.561368703842163
5.4758031368255615
5.517139673233032
5.552661180496216
5.541637897491455
5.616237163543701
5.524119853973389
5.572344779968262
5.613521575927734
5.496070146560669
5.5404393672943115
5.574106216430664
5.512171745300293
5.519057512283325
5.528335809707642
5.410815715789795
5.49557900428772
5.468789339065552
5.4659743309021
5.463342905044556
5.555440425872803
5.660090208053589
5.584476947784424
5.49352765083313
5.425379753112793
5.453800916671753
5.571673393249512
5.627208948135376
5.746128082275391
5.4932427406311035
