Timing log for each step:
0.012011289596557617
10.58501935005188
10.133821964263916
10.206623554229736
10.171603202819824
10.132373571395874
10.256427764892578
10.275563478469849
10.33719801902771
10.171770095825195
10.174928665161133
10.066538572311401
10.201423168182373
10.2379891872406
10.348756551742554
10.414165735244751
10.292611598968506
10.338698863983154
10.180471897125244
10.133536338806152
10.370611190795898
10.209503173828125
10.227843999862671
10.423759460449219
10.216102600097656
10.198732852935791
10.372707605361938
10.551930665969849
10.182761430740356
10.394526481628418
10.270881414413452
10.22348165512085
10.16762638092041
10.348219871520996
10.477930068969727
10.358946323394775
10.489475011825562
10.464605569839478
10.54160475730896
10.574910163879395
10.34761929512024
10.341033935546875
10.384513854980469
10.151878118515015
10.40103030204773
10.469169616699219
10.391408205032349
10.245992183685303
10.201256513595581
10.52536392211914
10.303890943527222
10.278300762176514
10.367766857147217
10.279860973358154
10.486365795135498
10.355406522750854
10.441311359405518
10.426883697509766
10.441808700561523
10.527084589004517
10.162498235702515
10.424121141433716
10.520966529846191
10.510517835617065
10.50065565109253
10.391416311264038
10.344574451446533
10.333609342575073
10.358522891998291
10.299553632736206
10.567708969116211
10.61848258972168
10.694862842559814
10.43006181716919
10.603878736495972
10.492227554321289
10.44586181640625
10.526722431182861
10.570106267929077
10.453430652618408
10.498354434967041
10.510765552520752
10.490468502044678
10.491571187973022
10.557123184204102
10.457151174545288
10.52148699760437
10.422707319259644
10.42118787765503
10.53068470954895
10.615608930587769
10.513922214508057
10.412782669067383
10.578546524047852
10.343348979949951
10.503000736236572
10.50285005569458
10.658778190612793
10.682362794876099
10.296273946762085
10.56950330734253
10.423527479171753
10.524761199951172
10.496625423431396
10.612516403198242
10.479551792144775
10.26682710647583
10.619751691818237
10.531482696533203
10.422729969024658
10.474674940109253
10.43274736404419
10.355768918991089
10.451781988143921
10.452730417251587
10.2555673122406
10.521966457366943
10.4436674118042
10.522724390029907
10.413782835006714
10.60182809829712
10.41820240020752
10.348474264144897
10.54474949836731
10.531724452972412
10.697724103927612
10.530714511871338
10.321915626525879
10.519691467285156
10.660882234573364
10.47914171218872
10.553922653198242
10.37645673751831
10.438363313674927
10.54461121559143
10.448111772537231
10.445537567138672
10.56829285621643
10.441094875335693
10.454548835754395
10.52935528755188
10.426424026489258
10.567065477371216
10.575453758239746
10.56000566482544
10.360761404037476
10.429645538330078
10.51138710975647
10.661792755126953
10.61964750289917
10.521841764450073
10.596642971038818
10.469120025634766
10.46908950805664
10.525561809539795
10.40943956375122
10.429701566696167
10.648733377456665
10.721535682678223
10.527284622192383
10.650863409042358
10.355220317840576
10.34936809539795
10.644653081893921
10.43694519996643
10.47659707069397
10.508681774139404
10.383089065551758
10.510479927062988
10.705062866210938
10.497828960418701
10.37931513786316
10.530802726745605
10.34290099143982
10.407123565673828
10.635842323303223
10.49547266960144
10.529311418533325
10.50117015838623
10.659820079803467
10.612603902816772
10.473779201507568
10.4551362991333
10.308613777160645
10.501635313034058
10.23776364326477
10.407275915145874
10.37638545036316
10.475896835327148
10.35264539718628
10.55512285232544
10.679672241210938
10.518456220626831
10.460801124572754
10.671254396438599
10.579659700393677
10.557353734970093
10.370058298110962
10.444772005081177
10.728816509246826
10.579445123672485
10.30399227142334
10.416834831237793
10.445874214172363
10.566592454910278
10.720948696136475
10.468551397323608
10.444926023483276
10.549509763717651
10.363075017929077
10.545783758163452
10.645817756652832
11.079246282577515
10.28766918182373
10.450876712799072
10.359644174575806
10.605186939239502
10.613844633102417
10.522441625595093
10.51284146308899
10.454933404922485
10.610989332199097
10.395503759384155
10.351083278656006
10.498711347579956
10.648020029067993
10.56087350845337
10.232203960418701
10.433071851730347
10.438904762268066
10.531676769256592
10.43309211730957
10.299306869506836
10.473970890045166
10.399102687835693
10.743123769760132
10.487374305725098
10.569811582565308
10.439547061920166
10.458251476287842
10.694738626480103
10.519052505493164
10.51845383644104
10.620718002319336
10.594825029373169
10.475290298461914
10.598932981491089
10.430577516555786
10.409294605255127
10.439878463745117
10.454395294189453
10.581675052642822
10.455832719802856
10.643431186676025
10.608654499053955
10.466590642929077
10.509858131408691
10.438904285430908
10.564975261688232
10.565085172653198
10.58996033668518
10.43625807762146
10.612788438796997
10.509539604187012
10.49375057220459
10.61623764038086
10.621796131134033
10.55890965461731
10.563881874084473
10.543123960494995
10.723812341690063
10.51537036895752
10.60912537574768
10.200540542602539
10.716326236724854
10.516266107559204
10.446168422698975
10.606440544128418
10.525961637496948
10.506874561309814
10.731411218643188
10.44724416732788
10.55447268486023
10.562795400619507
10.471787691116333
10.51453161239624
10.562686920166016
10.579764366149902
10.465315103530884
10.431081056594849
10.68360686302185
10.540702819824219
10.57076358795166
10.590367078781128
10.546172618865967
10.521802425384521
10.335718393325806
10.301784753799438
10.516217708587646
10.498941898345947
10.478627443313599
10.708826780319214
10.28386378288269
10.578937530517578
10.709909915924072
10.42078423500061
10.490131855010986
10.445776224136353
10.547629594802856
10.54292607307434
10.568763494491577
10.510246753692627
10.510223150253296
9.936225414276123
9.451724529266357
9.160897016525269
9.069352865219116
10.055859565734863
9.229822158813477
8.972685813903809
9.392299890518188
9.091014623641968
9.265017986297607
9.290434837341309
9.026195764541626
9.211362361907959
9.05822491645813
8.776968240737915
9.267412900924683
8.78197431564331
8.972146034240723
8.822010040283203
8.766959190368652
8.92110013961792
8.840026140213013
8.877060174942017
8.948123693466187
8.902081966400146
8.94211721420288
8.813002109527588
8.983155727386475
8.956131219863892
10.434473276138306
10.127194166183472
10.289341688156128
10.229286193847656
10.26031494140625
10.290341854095459
9.986067295074463
10.250305891036987
9.723828077316284
10.24329924583435
10.425464630126953
10.474510431289673
10.364409446716309
10.31636667251587
10.154219627380371
10.071143388748169
10.39543867111206
10.12719440460205
10.120187520980835
10.4434814453125
10.047120809555054
9.95703935623169
10.23128890991211
10.33137845993042
10.314364194869995
10.168232202529907
10.023099422454834
10.25631046295166
10.442479848861694
10.54056978225708
9.983063220977783
10.149215459823608
10.260315895080566
10.176238775253296
10.313363075256348
10.38742995262146
10.150214433670044
10.279333353042603
10.288341760635376
10.293345212936401
10.322371482849121
10.207266807556152
10.32137155532837
10.1912522315979
10.112180709838867
10.074146032333374
10.17323613166809
10.217275381088257
10.47851300239563
10.337385654449463
10.19625735282898
10.398441076278687
10.103172302246094
9.937021732330322
10.212271451950073
10.384428024291992
10.04612112045288
10.493527173995972
9.848938941955566
10.147213697433472
9.933018207550049
10.360405921936035
10.291341543197632
10.39143443107605
10.383427858352661
10.22928762435913
10.033108711242676
9.975057363510132
10.069141387939453
10.172234058380127
10.165228843688965
10.235292434692383
9.132291316986084
10.259315252304077
10.218277931213379
10.290343284606934
10.04011583328247
10.232290506362915
10.158223628997803
10.110179662704468
10.267321348190308
10.229286909103394
10.168232917785645
10.487521886825562
10.101170063018799
10.307357549667358
10.095165252685547
10.308359384536743
10.007083415985107
10.423463344573975
10.35239839553833
10.178239822387695
10.149215459823608
10.08115291595459
10.382425785064697
10.176238775253296
10.13420033454895
10.239296197891235
10.376417875289917
9.987067699432373
10.201262712478638
10.22928762435913
10.084155321121216
9.94302773475647
10.29434609413147
10.187248706817627
10.221279621124268
10.246302366256714
10.194255352020264
10.165228366851807
10.220279455184937
10.113181829452515
10.268322706222534
10.085156440734863
10.131199598312378
10.217276573181152
9.871963500976562
10.222280740737915
10.147212743759155
10.145210981369019
10.2453031539917
10.111178398132324
10.0651376247406
9.896985292434692
10.264317989349365
9.946030616760254
10.242298364639282
9.971052646636963
10.081153154373169
10.075146436691284
10.002081871032715
10.267321825027466
9.97905969619751
10.199256896972656
9.891980648040771
9.929015398025513
10.181243896484375
10.155220031738281
10.428467988967896
10.071144104003906
10.036111116409302
9.942026138305664
10.022096872329712
10.069139957427979
10.258313179016113
10.197257280349731
9.919004440307617
10.213273525238037
10.16322660446167
10.085156440734863
10.173235893249512
10.218276500701904
9.495620489120483
10.14020562171936
9.562681913375854
9.662771940231323
10.053125381469727
9.854946851730347
10.251801490783691
9.857592582702637
10.158886432647705
9.900634527206421
10.095823764801025
9.949680089950562
10.199924945831299
10.305028915405273
10.029759883880615
10.217942476272583
10.041772365570068
9.89162564277649
9.436182975769043
10.11184048652649
10.32805061340332
10.180907726287842
9.789525747299194
10.052782773971558
10.2029287815094
9.747485399246216
10.184911489486694
10.051781415939331
9.580322265625
9.803540468215942
10.176902532577515
10.130858659744263
9.834569215774536
9.576320171356201
10.1879141330719
10.057789325714111
10.286009550094604
10.000732183456421
10.189916372299194
10.103831052780151
10.031761169433594
10.163891077041626
10.366086959838867
10.284005880355835
10.29001235961914
10.022751808166504
10.152880668640137
10.072801113128662
10.299020528793335
9.415160417556763
9.722461223602295
10.378100156784058
10.149878025054932
10.129857063293457
10.01674771308899
10.172898769378662
10.18891453742981
10.195921421051025
10.226950883865356
10.354075908660889
10.330053329467773
10.256980895996094
9.898631811141968
10.023753643035889
10.072801113128662
10.40712594985962
10.091821670532227
9.959692239761353
9.921655654907227
10.09382152557373
10.243968963623047
9.827561616897583
9.886621475219727
10.0277578830719
10.347068786621094
10.472190141677856
10.184910297393799
10.507234334945679
10.124853372573853
10.185911655426025
10.176903009414673
10.189913034439087
10.332053422927856
10.055785179138184
10.089818239212036
10.092822074890137
10.430150032043457
10.208935499191284
10.186913013458252
10.074804306030273
10.096825361251831
10.087816953659058
10.013744831085205
10.17289924621582
10.200926065444946
10.2079336643219
10.163890361785889
10.231956243515015
10.15688419342041
10.312035322189331
10.080772638320923
9.903462886810303
9.60317611694336
9.994550943374634
9.396979093551636
9.594168901443481
8.632248163223267
8.942545413970947
8.548167705535889
9.415996789932251
9.361945867538452
10.274817943572998
9.46204137802124
10.001556396484375
10.385922908782959
10.229774713516235
9.861422538757324
10.284836053848267
10.043596982955933
10.037591218948364
10.204749345779419
10.167714357376099
10.296836614608765
9.961517333984375
10.187735319137573
9.770334720611572
10.027581930160522
10.26080322265625
10.157706022262573
10.092644214630127
10.030584573745728
10.17171859741211
10.091642618179321
10.287828207015991
10.144691705703735
10.228772401809692
9.910470008850098
10.102654218673706
10.077629327774048
10.014569520950317
10.246790170669556
10.186733722686768
10.090641498565674
9.375959157943726
10.20775294303894
10.297840356826782
10.135683298110962
9.929487943649292
10.052606582641602
10.241785526275635
10.1386878490448
10.187733888626099
9.880441427230835
10.586116075515747
10.432967901229858
9.950508117675781
10.01857328414917
9.985541820526123
9.985541343688965
9.90746784210205
10.068619728088379
9.969526052474976
9.780343770980835
10.225769996643066
10.187735080718994
10.177725076675415
10.284827470779419
10.255797386169434
10.16471266746521
10.280823469161987
10.055609226226807
10.466999530792236
10.225770473480225
10.086637258529663
10.078629732131958
10.014569520950317
10.157705783843994
9.990545511245728
10.297848224639893
9.983540534973145
10.104653120040894
10.301843404769897
10.158708095550537
10.180726528167725
10.265809297561646
10.234779357910156
10.200747728347778
10.405944585800171
10.39893651008606
10.10665774345398
10.060614109039307
9.960517406463623
10.00856351852417
10.24578857421875
10.095640897750854
10.102548122406006
9.704151630401611
9.657104730606079
10.256671905517578
10.063489437103271
9.975406408309937
10.021450519561768
10.176594734191895
10.153571844100952
10.179598569869995
10.214632272720337
10.087510347366333
10.020447731018066
10.085510492324829
10.25066590309143
10.10152530670166
10.373782873153687
9.997426509857178
9.988417148590088
10.25366759300232
10.046473264694214
9.961393117904663
10.173592567443848
10.10753059387207
10.19161057472229
10.193610429763794
10.076502799987793
10.229643821716309
10.141563415527344
10.107529878616333
10.317728281021118
10.162582397460938
10.133555889129639
10.1725914478302
10.316728830337524
9.57903242111206
9.895329236984253
10.165586233139038
10.21563196182251
10.182601690292358
10.249664783477783
9.869306087493896
10.169589281082153
10.287701845169067
10.351760387420654
10.115537166595459
10.220638513565063
10.386793375015259
10.232648372650146
10.297710657119751
10.167587280273438
10.135557413101196
10.01444149017334
9.987416982650757
9.930363893508911
9.982412576675415
10.218635082244873
10.100523233413696
10.343753099441528
10.064490556716919
10.249665260314941
10.382790327072144
10.086510419845581
10.027456045150757
10.228646039962769
10.17159104347229
10.306719064712524
10.185604333877563
10.041468381881714
10.01244044303894
10.09552001953125
9.970401048660278
10.06749439239502
9.929362297058105
10.050475835800171
10.361770153045654
10.175595998764038
9.787226915359497
10.111534595489502
10.092516422271729
10.06048583984375
10.205624103546143
10.199627161026001
10.17159128189087
9.991421222686768
10.003433227539062
10.147568225860596
9.976406812667847
9.784226655960083
10.221638679504395
10.168587923049927
10.035463571548462
9.989419221878052
10.08450984954834
9.977388381958008
9.970311880111694
10.004340887069702
9.988327741622925
9.99233102798462
10.004342555999756
9.813163995742798
9.831180810928345
9.889235973358154
9.778132677078247
10.032369136810303
10.372686624526978
9.957298278808594
9.988327980041504
10.044380903244019
10.25157356262207
10.163491010665894
9.79714846611023
10.21453857421875
9.970309495925903
10.432742595672607
10.140469312667847
10.053388357162476
10.060394525527954
10.182509899139404
10.070404529571533
10.01835560798645
10.160488367080688
10.05939507484436
10.24056339263916
10.424734592437744
9.988327741622925
9.65301513671875
9.657018899917603
10.067400693893433
9.955296754837036
10.172508001327515
10.233556985855103
9.936279535293579
9.909254312515259
10.035372257232666
9.850198745727539
10.177503824234009
10.269590854644775
10.006345272064209
10.01735520362854
9.902247190475464
10.061397075653076
9.978326797485352
10.101433515548706
9.97431468963623
9.821171998977661
9.80115294456482
10.001338958740234
9.677037477493286
9.78914213180542
10.114445447921753
9.912257194519043
9.847196578979492
9.810173034667969
9.950292587280273
9.981318235397339
9.783135890960693
9.947289228439331
9.931273937225342
10.138468027114868
9.95930004119873
10.077419996261597
10.069404602050781
9.953304290771484
10.021358728408813
10.051385164260864
10.001338720321655
9.908252954483032
10.005342960357666
9.748103618621826
9.960301160812378
9.908253192901611
9.806157112121582
9.982322692871094
10.012349367141724
10.032369136810303
10.220544338226318
9.792144298553467
9.923266410827637
10.003341913223267
9.686044931411743
10.037382125854492
9.83218002319336
9.863210678100586
9.821171522140503
10.036372423171997
10.026363611221313
9.914257287979126
9.794146060943604
10.003342628479004
9.909241914749146
9.884166240692139
10.004278659820557
9.87015414237976
10.034305810928345
9.77706789970398
9.820107698440552
9.983259439468384
9.753046035766602
10.100368022918701
9.928207874298096
9.743036985397339
9.982258319854736
10.070340871810913
9.813102960586548
9.871155977249146
9.688985586166382
9.940218925476074
9.991267204284668
10.044316530227661
9.929208755493164
9.809098243713379
9.928208589553833
9.894176721572876
9.800090074539185
10.133407831192017
9.983259201049805
9.75905179977417
9.794084072113037
10.04831838607788
10.073343276977539
10.120396375656128
10.08735466003418
9.847131967544556
10.200470447540283
10.078346967697144
11.136329650878906
10.354602575302124
9.758050441741943
9.997271537780762
9.983259201049805
10.115379095077515
9.885167837142944
9.655956745147705
9.816104173660278
9.879162788391113
9.790080070495605
9.789079427719116
9.805093765258789
9.954232931137085
9.883166313171387
9.766057252883911
9.645947933197021
9.75404691696167
9.76505708694458
10.056339025497437
9.906188011169434
9.961247682571411
10.021294116973877
9.939217567443848
9.71100640296936
9.769073247909546
9.952230453491211
9.941220045089722
10.238496780395508
9.91019058227539
9.760061025619507
9.967253684997559
9.772063493728638
9.811099767684937
9.646947860717773
9.84813404083252
9.93721604347229
10.086353063583374
9.846132516860962
9.75004267692566
9.740033388137817
9.754045724868774
9.731023788452148
9.834120512008667
9.704000234603882
9.612914562225342
9.678977012634277
9.618921041488647
9.958244800567627
9.776067018508911
10.004278421401978
9.73202633857727
9.767058372497559
9.835121870040894
9.641943216323853
9.792081832885742
9.621923446655273
9.641941785812378
9.823111057281494
10.046330690383911
9.678976774215698
9.809097528457642
9.779030084609985
9.708959817886353
9.798041105270386
9.674926519393921
9.702953815460205
9.805047512054443
9.520785808563232
10.10432505607605
9.790033340454102
9.464733600616455
9.585845470428467
9.907142400741577
9.95619511604309
9.498764514923096
9.989227771759033
9.759005308151245
9.503770112991333
9.566827774047852
9.853092670440674
9.639894723892212
9.861112117767334
9.779023885726929
9.601860046386719
9.471739768981934
9.642898559570312
9.692944288253784
9.637893676757812
9.799041748046875
9.421694278717041
9.791034698486328
9.622879028320312
9.808051109313965
9.854093313217163
9.700952053070068
9.992219924926758
9.818059206008911
10.012239217758179
9.710962295532227
9.565827369689941
9.630888223648071
9.578839302062988
9.729978799819946
9.735984325408936
10.09932827949524
9.938170194625854
9.942174196243286
9.777021884918213
9.407680988311768
9.86910629272461
9.79603886604309
9.498765468597412
9.608867168426514
9.578839540481567
9.703954935073853
9.69394588470459
9.553816556930542
9.761007070541382
9.670921564102173
9.557819604873657
9.674928188323975
9.848088264465332
9.71095895767212
9.660913944244385
9.749997615814209
9.797040462493896
9.69394588470459
9.850087881088257
9.768013000488281
9.631887674331665
9.58784818649292
9.824064254760742
9.781025886535645
9.625882387161255
10.019254207611084
9.746995449066162
9.618875503540039
9.702953100204468
9.53980302810669
9.705955982208252
9.799041271209717
9.832072973251343
9.615874290466309
9.710960865020752
9.746994495391846
9.812053680419922
9.893129110336304
9.709960699081421
9.719969511032104
9.77301836013794
9.771016359329224
9.876112937927246
9.90614128112793
9.748995780944824
9.82806921005249
9.519784927368164
9.67793083190918
9.625883102416992
9.72697639465332
9.394648313522339
9.797008514404297
9.795005321502686
9.686906576156616
9.925135612487793
9.726943492889404
9.679900407791138
9.692912578582764
9.787999391555786
9.774987936019897
9.962160348892212
9.603830575942993
9.609837055206299
9.549781322479248
9.435676097869873
9.847054958343506
9.803013563156128
9.89109468460083
9.78900146484375
9.973169565200806
9.82303237915039
9.56879711151123
9.723942279815674
9.894096851348877
9.705925226211548
9.750965595245361
9.688910007476807
9.873079299926758
10.03622841835022
9.68390417098999
9.921122550964355
9.82503366470337
9.877081155776978
9.748964071273804
9.650873899459839
9.75096607208252
9.88008427619934
9.889092445373535
9.961159944534302
9.816025972366333
9.894096851348877
9.506742238998413
9.67689847946167
9.75797152519226
9.793004751205444
9.743958950042725
9.614840030670166
9.901104211807251
9.816025495529175
9.698918104171753
9.631856679916382
9.926126480102539
9.977173566818237
9.83704423904419
9.844051837921143
9.75096607208252
9.950149297714233
9.632856369018555
10.034225463867188
9.900102615356445
9.853059768676758
9.906107902526855
9.73294973373413
9.753967761993408
9.777990579605103
9.878082752227783
9.808018207550049
9.733949899673462
9.918118953704834
9.697916269302368
9.817027568817139
9.88508939743042
9.693913698196411
9.867072820663452
9.748963594436646
9.839046716690063
9.644867897033691
9.58981728553772
9.77899169921875
9.962161302566528
9.50974416732788
9.781994819641113
9.72794485092163
10.002197265625
9.972169399261475
9.764978408813477
9.792004108428955
10.252426862716675
10.174352884292603
9.884088516235352
9.83504343032837
10.074263095855713
10.00820255279541
9.730948448181152
9.861067771911621
9.92612624168396
9.837043046951294
9.819018840789795
9.873054027557373
9.9911630153656
10.050216913223267
9.941117525100708
9.803992986679077
9.99917197227478
9.877058267593384
9.94512152671814
9.679877758026123
9.807995557785034
10.089253664016724
9.93411111831665
9.870052576065063
10.015185356140137
9.914093494415283
10.042210578918457
10.033201217651367
10.022191524505615
9.91209101676941
9.961134672164917
10.042210102081299
9.947123765945435
9.8970787525177
9.950125455856323
9.907086849212646
9.94011664390564
9.782972574234009
10.123284816741943
10.076241731643677
9.958134412765503
9.956131219863892
9.876058101654053
10.023190975189209
9.835018873214722
9.897074937820435
9.825011491775513
10.122293472290039
9.796985387802124
10.037206172943115
9.970144987106323
10.128289461135864
9.95513105392456
10.104267597198486
9.865046977996826
9.957132577896118
9.824011325836182
9.875057935714722
10.036205053329468
9.951125860214233
9.840025186538696
9.950125217437744
9.857040405273438
10.03420376777649
9.960135698318481
9.873055219650269
9.89007043838501
9.724919557571411
9.834019184112549
10.483613729476929
9.996167421340942
9.971144676208496
9.882064819335938
10.055222511291504
10.111273765563965
9.850033283233643
10.043211698532104
9.956131219863892
9.981155395507812
9.908086776733398
9.911090612411499
9.944120407104492
10.015185356140137
9.901081800460815
9.959134578704834
10.251402616500854
9.893073320388794
10.026196002960205
9.824011087417603
10.011181354522705
9.784974336624146
9.793983221054077
9.894075870513916
10.077242374420166
9.80199122428894
10.062228918075562
10.061228036880493
9.869051456451416
9.877058744430542
9.975148439407349
9.944119691848755
9.683881044387817
10.032201051712036
9.906085729598999
9.916094779968262
9.96514081954956
9.892067909240723
9.915076971054077
10.05720567703247
10.045197010040283
9.949108123779297
9.894057989120483
9.79496693611145
10.00916314125061
9.872037649154663
9.945103168487549
9.787961721420288
9.787960529327393
10.190596580505371
9.753929138183594
