Timing log for each step:
0.013011932373046875
5.260820627212524
5.227956533432007
5.362303733825684
5.385218620300293
5.7065839767456055
5.285442113876343
5.297814130783081
5.17272686958313
5.243727445602417
5.14835524559021
5.235719680786133
5.238770484924316
5.245795488357544
4.71271014213562
4.611600160598755
5.232915878295898
5.288915395736694
4.6196448802948
4.631436347961426
5.2819812297821045
5.228718519210815
5.3243749141693115
5.341203689575195
5.260054588317871
5.297022581100464
5.535083532333374
5.335619211196899
5.3673834800720215
5.347672462463379
5.332564115524292
5.314112663269043
5.362742185592651
5.34743070602417
5.34832763671875
5.294153690338135
5.334977865219116
5.260903596878052
5.472118616104126
5.323477745056152
5.338118314743042
5.2982566356658936
5.347647666931152
5.287667751312256
5.330533981323242
5.334918260574341
5.358726263046265
5.291863203048706
5.376760005950928
5.3178205490112305
5.377301931381226
5.3032660484313965
5.350489854812622
5.562600135803223
5.347108364105225
5.371488571166992
5.399019956588745
5.400350570678711
5.506545782089233
5.409298896789551
5.368048667907715
5.351294040679932
5.344503402709961
5.355668783187866
5.370940923690796
5.401471376419067
5.373484373092651
5.393087863922119
5.394715309143066
5.299925088882446
5.433578968048096
5.414003849029541
5.3975183963775635
5.350709676742554
5.371774673461914
5.354686975479126
5.415754318237305
5.373481512069702
5.3513123989105225
5.3876402378082275
5.44570779800415
5.334739446640015
5.374079465866089
5.364136219024658
5.3639233112335205
5.346102476119995
5.46172833442688
5.404331207275391
5.482980966567993
5.427104711532593
5.387449741363525
5.370721817016602
5.349875450134277
5.4036171436309814
5.401545524597168
5.420226097106934
5.382333278656006
5.352835178375244
5.375048637390137
5.372808456420898
5.390934944152832
5.376161813735962
5.370822191238403
5.390104532241821
5.3990538120269775
5.403403282165527
5.346998453140259
5.350937366485596
5.368039131164551
5.393110036849976
5.416442394256592
5.396162748336792
5.434619665145874
5.355813503265381
5.420853853225708
5.357540130615234
5.390248775482178
5.347757339477539
5.428954362869263
5.3270134925842285
