Timing log for each step:
0.010007858276367188
10.455142974853516
10.630515575408936
10.248430490493774
10.074361801147461
11.59693431854248
10.879905939102173
10.370471239089966
10.978392839431763
10.952515125274658
10.87567925453186
10.524961471557617
10.773972511291504
10.426889419555664
11.243085622787476
11.112948417663574
10.4664466381073
10.851759195327759
11.161165952682495
10.762539386749268
10.715250492095947
11.393027782440186
11.687906503677368
10.991862773895264
11.042216539382935
10.96343207359314
11.11375617980957
11.219363689422607
11.179170370101929
11.065368890762329
11.049962282180786
11.680588722229004
11.626851320266724
11.535792589187622
11.170736312866211
11.096514701843262
11.10283374786377
11.108532667160034
11.136974334716797
11.11129879951477
11.118388891220093
11.103976964950562
11.103995084762573
11.15650463104248
11.22325611114502
11.345057010650635
11.1751229763031
11.248613119125366
11.199447631835938
11.142884254455566
11.163630723953247
11.24607515335083
11.209656238555908
12.024487733840942
11.580958366394043
11.874799489974976
11.843735456466675
11.254343509674072
10.894549369812012
11.229216575622559
10.760061979293823
10.713391304016113
10.699733257293701
11.433264970779419
10.768260717391968
10.836488008499146
10.835875034332275
10.892770767211914
10.765092372894287
10.925636291503906
10.78298044204712
10.671483278274536
10.85020661354065
10.985575199127197
11.40614914894104
11.25250506401062
10.859269857406616
11.032488584518433
10.828186988830566
11.119889974594116
11.231298685073853
11.464013576507568
11.007567167282104
11.049180746078491
11.74904751777649
11.473243713378906
11.094284534454346
10.891066551208496
11.893233299255371
11.561610221862793
10.830413579940796
11.071287631988525
10.854182243347168
10.765679836273193
10.704781770706177
11.088847160339355
10.868980169296265
10.803998947143555
11.016066312789917
10.782510042190552
10.85447382926941
10.711045742034912
10.446581602096558
10.70375919342041
10.51300859451294
10.600152254104614
10.698204040527344
10.776306629180908
10.69576358795166
10.815055847167969
10.655428409576416
10.731988191604614
10.758341312408447
10.72133469581604
10.6845064163208
10.650373935699463
10.680665254592896
10.64322829246521
10.713504076004028
10.765802145004272
10.83540940284729
10.711737155914307
10.7088623046875
10.76106572151184
10.778918027877808
11.20643424987793
10.579458236694336
10.798429489135742
10.78750467300415
10.536470890045166
10.765911340713501
10.690221548080444
10.74336576461792
10.75744891166687
10.687622547149658
10.758152484893799
10.664796590805054
10.518409013748169
10.78401517868042
10.738718271255493
10.5912024974823
10.686548471450806
10.906644344329834
11.911854267120361
13.238313913345337
13.04922366142273
13.091722011566162
13.152641534805298
13.089937448501587
13.222741603851318
12.858379125595093
13.440360069274902
13.252484560012817
13.370459079742432
13.030331134796143
13.001023769378662
13.26938009262085
12.880023956298828
13.642190933227539
13.516632556915283
13.076149225234985
11.235035419464111
10.83523416519165
10.994602918624878
11.016648292541504
10.831648349761963
10.809655666351318
10.64873719215393
11.272316217422485
10.77540636062622
10.808509588241577
10.865910291671753
10.828879117965698
10.669727563858032
10.745916604995728
11.539427042007446
12.342707633972168
12.003162384033203
11.578542232513428
11.270860433578491
11.383238554000854
11.37862491607666
11.333300113677979
11.351391315460205
11.330503225326538
11.337998628616333
11.50235104560852
11.872366428375244
11.618231058120728
12.486811399459839
13.731324195861816
13.422335624694824
13.333885669708252
13.506879329681396
13.660428285598755
13.285451889038086
13.87743330001831
13.318362712860107
13.414734125137329
13.099509954452515
13.697454929351807
13.735725402832031
13.819602489471436
13.552613973617554
13.237710237503052
13.65140962600708
12.948107719421387
13.54318881034851
12.972259283065796
12.83246898651123
12.962757349014282
13.353638887405396
13.187962532043457
13.013332605361938
11.476266860961914
11.061765193939209
11.356477975845337
11.279550552368164
11.305563688278198
11.334574460983276
11.278220653533936
11.239023447036743
11.174543619155884
11.203341007232666
11.323730230331421
11.18032717704773
11.236193656921387
11.243590116500854
11.2035231590271
11.254247903823853
11.226107597351074
11.30782699584961
11.157312154769897
11.25632357597351
11.165850639343262
11.275322675704956
11.277488946914673
11.411568880081177
11.26872730255127
11.217236280441284
11.989306926727295
11.267414093017578
11.216915369033813
11.202330350875854
11.372339963912964
11.223684310913086
11.181768894195557
11.194184064865112
11.196679592132568
11.159233331680298
11.152539491653442
11.302116632461548
11.195498704910278
11.145813226699829
11.145242929458618
11.064013481140137
11.634217023849487
11.311133623123169
11.21007490158081
11.319938659667969
11.254749774932861
11.32127833366394
11.31376051902771
11.516459465026855
11.160906553268433
11.113976001739502
11.188921213150024
11.110831022262573
11.23149037361145
11.151760578155518
11.42459774017334
11.244643926620483
11.161197185516357
11.187012910842896
11.221205949783325
11.20274806022644
11.117393016815186
11.218816041946411
11.10939645767212
11.221410274505615
11.078271865844727
11.1567063331604
11.123016595840454
11.096951961517334
11.08034086227417
11.094750881195068
11.126817226409912
11.208554744720459
11.137979507446289
11.238641738891602
11.144281148910522
11.282805681228638
11.22047233581543
11.225006818771362
11.302807807922363
11.413800954818726
11.130262851715088
11.225986242294312
11.151639223098755
11.183567762374878
12.296255111694336
12.890724658966064
11.635718822479248
11.00923752784729
11.293407678604126
11.62732481956482
10.928979873657227
11.475380182266235
11.337048768997192
11.821985483169556
11.18623971939087
11.237082481384277
11.27600884437561
11.301586627960205
11.263556957244873
11.043265342712402
12.322056770324707
11.990099668502808
12.014076948165894
12.038132667541504
12.06937050819397
12.195547819137573
12.362532377243042
12.474056243896484
12.432820558547974
12.211089134216309
12.17771601676941
12.134962558746338
12.2064950466156
12.094050407409668
12.152478694915771
12.533827543258667
11.296050310134888
11.937017917633057
12.432672500610352
12.44422721862793
11.860770225524902
12.266509294509888
12.287543058395386
12.264363050460815
12.469001531600952
12.142296075820923
11.765339851379395
12.269463062286377
12.3114755153656
12.293365240097046
11.770066738128662
11.883566856384277
12.276995182037354
12.293981552124023
12.334138631820679
12.157524347305298
12.352044105529785
11.915955543518066
11.762440919876099
11.880476236343384
12.343661546707153
12.397624969482422
12.334575891494751
12.377631664276123
12.19762110710144
12.125820636749268
12.287298202514648
12.055779457092285
12.394361734390259
12.220644235610962
12.270589351654053
12.33282470703125
12.081353664398193
11.995712757110596
12.150609970092773
12.14972472190857
12.005588293075562
11.677587032318115
12.025783061981201
12.169710636138916
12.280921220779419
12.226625204086304
12.252116203308105
12.25017261505127
12.419912338256836
12.003087282180786
11.710795640945435
11.508944034576416
11.533209800720215
11.25644564628601
11.228230476379395
11.294814586639404
11.356923818588257
11.33791184425354
11.311899423599243
11.292648792266846
11.31572675704956
11.253302335739136
11.287427425384521
11.240863800048828
11.34082317352295
11.343829870223999
11.267036199569702
11.298489093780518
11.276079654693604
11.269968509674072
11.372287511825562
11.240846157073975
11.393574476242065
11.191228151321411
11.367681980133057
11.356155395507812
11.288790464401245
11.263745784759521
11.295355558395386
11.285041093826294
11.316746711730957
11.357366561889648
11.28046178817749
11.237986326217651
11.210995197296143
11.27956223487854
11.263101577758789
11.338001489639282
11.349375009536743
11.28544282913208
11.25416612625122
11.291579484939575
11.27963662147522
11.254545450210571
11.197365999221802
11.31086254119873
11.226733446121216
11.199915170669556
11.24537992477417
11.241039037704468
11.26570463180542
11.297995805740356
11.31644868850708
11.272865772247314
11.284512519836426
11.207240343093872
11.186506509780884
10.68197774887085
11.071716070175171
11.15700626373291
11.239827632904053
11.29224944114685
11.163624286651611
11.226771831512451
11.266505241394043
11.292370080947876
11.294401168823242
11.158619165420532
11.301760196685791
11.302124261856079
11.274857521057129
11.138803482055664
11.265721321105957
11.291717290878296
11.173574209213257
11.333561182022095
11.283418893814087
11.263951063156128
11.291245460510254
11.280894756317139
11.281226873397827
11.281232833862305
11.283713340759277
11.190595865249634
11.293354272842407
11.318233251571655
11.21746015548706
11.284676790237427
11.27868390083313
11.268742084503174
11.220616817474365
11.344018936157227
11.245057106018066
11.278342723846436
10.551351308822632
10.477148532867432
10.55616569519043
11.353683233261108
11.175584077835083
11.292767524719238
11.478201866149902
11.166723251342773
11.241123676300049
11.302221059799194
11.30768871307373
11.278276920318604
11.221112728118896
11.226806640625
11.272372007369995
11.25836443901062
11.244200468063354
11.19775938987732
11.224175453186035
11.247294187545776
11.25973916053772
11.31221342086792
11.254889011383057
11.32249927520752
11.312280178070068
11.319973468780518
11.273178577423096
11.334609985351562
11.346636295318604
11.271118402481079
11.38678526878357
11.846122741699219
11.839343309402466
12.20634412765503
11.727397680282593
11.743507385253906
11.748764038085938
11.70281434059143
11.895277976989746
11.952771663665771
11.89882755279541
12.091051578521729
11.947002172470093
12.022993087768555
11.894809007644653
12.139874696731567
12.170576095581055
11.855252504348755
12.032925367355347
12.128071069717407
12.033976316452026
11.631558418273926
11.966529369354248
11.862643718719482
11.977293968200684
12.020556449890137
11.148659467697144
12.056499004364014
11.965131759643555
12.102144241333008
11.58142638206482
11.440148830413818
11.653532266616821
11.638598918914795
11.614674091339111
11.927336692810059
11.921603441238403
11.915128946304321
12.108978033065796
11.731879234313965
12.017817974090576
11.344913482666016
11.983803987503052
11.386576890945435
11.328330755233765
11.205396890640259
11.255199193954468
11.110351085662842
11.318700075149536
11.108453035354614
11.293656587600708
11.332656860351562
11.210773944854736
11.23447561264038
11.233150482177734
11.347196817398071
11.833370923995972
11.495038270950317
11.107696533203125
11.952009201049805
11.370450735092163
11.441184759140015
12.135884046554565
11.364519596099854
11.488103151321411
12.062317848205566
11.473124265670776
11.455864667892456
11.9291672706604
11.450070858001709
11.325369596481323
11.53717827796936
10.958306550979614
11.423099756240845
12.011283874511719
11.327404975891113
11.119520425796509
11.244128704071045
12.08942198753357
11.787980794906616
11.195550203323364
11.443910121917725
11.455988645553589
11.382078409194946
12.111745357513428
11.73378324508667
11.64994740486145
11.820441007614136
11.700138568878174
11.78043007850647
12.23179316520691
11.523674488067627
11.629669666290283
12.172508716583252
11.751135110855103
12.123745203018188
12.177424907684326
11.88170838356018
12.193392038345337
12.163741827011108
11.982903957366943
11.887425899505615
11.65881061553955
12.087979555130005
11.83804178237915
12.232328653335571
12.234438180923462
12.073034763336182
12.048430681228638
11.509961605072021
11.826720237731934
11.980955362319946
11.987151145935059
10.857706069946289
11.031333208084106
11.487718105316162
12.174139022827148
12.065242052078247
11.336638927459717
11.567460298538208
12.010438442230225
11.556623220443726
11.629955530166626
12.12093186378479
11.410502195358276
11.301819324493408
11.597773551940918
11.415532350540161
11.097187995910645
10.891583681106567
11.026470184326172
12.329951524734497
10.965259790420532
10.153413534164429
10.224719762802124
10.27400541305542
10.28875470161438
10.299793243408203
10.243214130401611
10.194616079330444
10.04340648651123
10.213032245635986
10.28621530532837
11.044541358947754
11.402472972869873
11.468395233154297
11.235653400421143
11.522427082061768
11.514651775360107
11.552823066711426
11.718313217163086
11.574650287628174
11.619441032409668
11.7227783203125
11.353123903274536
11.565921068191528
11.935109615325928
11.585002660751343
11.236073732376099
11.856288194656372
11.596353530883789
11.453016996383667
11.542677164077759
11.248840808868408
11.577275514602661
11.644166469573975
11.538615942001343
11.52443528175354
11.632264614105225
11.163768768310547
11.65461254119873
11.613248825073242
11.586133003234863
11.65535569190979
11.590953350067139
11.767369031906128
11.659587383270264
11.509679555892944
11.670796871185303
11.637229919433594
11.444618463516235
11.392169952392578
11.681253910064697
11.772329568862915
11.495993852615356
11.635487794876099
11.145827293395996
11.574174880981445
11.833810091018677
11.687604904174805
11.53429651260376
11.330488204956055
11.513342142105103
11.611021518707275
11.370333909988403
11.586024761199951
11.514238119125366
11.549135208129883
11.560204029083252
11.19300889968872
11.139283657073975
11.201331615447998
11.347829103469849
11.98735499382019
10.891896486282349
10.785584211349487
10.833042860031128
10.923788070678711
10.781534910202026
10.834457635879517
10.744409084320068
10.652169466018677
11.28408432006836
11.598161935806274
11.320569038391113
11.675311088562012
11.081335544586182
11.251024007797241
11.052011489868164
10.955633640289307
11.608583211898804
11.550492525100708
11.270430326461792
10.990210771560669
10.95693826675415
11.027074337005615
11.58455514907837
11.064112186431885
11.05136752128601
10.984620094299316
11.318163394927979
11.23833179473877
11.342745065689087
10.818521499633789
11.298516511917114
11.840473890304565
11.156683206558228
10.742863178253174
10.620916366577148
10.819712400436401
10.867187976837158
10.7497878074646
10.769668102264404
10.721402406692505
10.937512874603271
10.912415027618408
10.845117330551147
11.121152877807617
10.957827091217041
11.014286518096924
11.147008180618286
10.80147647857666
11.326033115386963
10.681905269622803
10.867372989654541
11.183842897415161
11.273862838745117
10.918633937835693
10.945248365402222
10.923847913742065
10.410263776779175
11.108900308609009
11.068989515304565
10.816236972808838
10.999522924423218
11.025024175643921
10.974655866622925
11.032488584518433
11.614850997924805
10.807450771331787
10.799305438995361
11.296466827392578
11.532191038131714
11.189509868621826
11.637267827987671
11.399192094802856
11.313629627227783
11.285524368286133
11.323081254959106
11.391792058944702
11.96022891998291
11.244266033172607
11.512630939483643
11.324601650238037
11.203396558761597
11.149004459381104
11.257050514221191
11.057581901550293
11.881028175354004
10.891535758972168
12.495106220245361
11.971397399902344
11.624820947647095
10.95040249824524
10.828445434570312
10.86717700958252
10.89395546913147
10.792322397232056
10.733144044876099
10.77774977684021
10.898444414138794
11.13184404373169
10.757887601852417
10.748141765594482
10.966776847839355
11.698521375656128
11.358144044876099
11.244951009750366
11.349203109741211
11.354209423065186
11.178891658782959
11.256787061691284
11.128841638565063
11.105823993682861
11.20109748840332
11.169244050979614
11.129496097564697
11.214164733886719
11.625662803649902
11.307182788848877
11.322546482086182
11.267350673675537
11.355179786682129
11.277518510818481
11.18361783027649
11.244604349136353
11.182539224624634
11.200546979904175
11.275053024291992
11.201998233795166
11.322489976882935
11.355133056640625
11.40813946723938
11.2470543384552
11.242766857147217
11.230703115463257
11.451526403427124
11.434107542037964
11.80576777458191
12.064753293991089
11.378039836883545
11.085110902786255
11.297394514083862
11.089334964752197
11.077773571014404
11.331784009933472
11.226764440536499
10.974711418151855
11.083129644393921
11.194178342819214
10.991011142730713
11.000056266784668
10.974310874938965
11.067970514297485
10.95023512840271
11.038782119750977
11.014967679977417
10.914178609848022
10.960832118988037
10.969930410385132
11.026488065719604
10.97833800315857
10.876421928405762
10.996420860290527
10.890175104141235
10.998433113098145
11.0297691822052
10.959904909133911
11.255750179290771
11.559285879135132
11.755785703659058
11.33393406867981
10.779802799224854
10.897008895874023
11.047269582748413
10.882893562316895
10.762096881866455
11.098058938980103
10.74479627609253
10.71068263053894
10.614118337631226
10.656754732131958
10.680783987045288
10.861559391021729
10.739235162734985
10.993521928787231
11.231321573257446
10.623684644699097
11.04788088798523
11.085260152816772
10.936522245407104
10.877705097198486
11.693835735321045
10.913613319396973
11.01244831085205
11.110014915466309
11.02077603340149
11.005248069763184
10.769834756851196
10.936080694198608
10.888298988342285
11.017162561416626
10.850139141082764
11.08320426940918
11.428533792495728
11.030397653579712
11.054440021514893
10.986244916915894
10.961427688598633
10.924248695373535
10.904911994934082
10.961051940917969
10.93432092666626
11.309206485748291
