Timing log for each step:
0.022017955780029297
5.628117799758911
5.571065187454224
5.591082572937012
5.535033226013184
5.571065902709961
5.638126373291016
5.656142234802246
5.615105867385864
5.509007692337036
5.588077068328857
5.580073356628418
5.673157691955566
5.535034894943237
5.628133058547974
5.525023460388184
5.566061019897461
5.540036916732788
5.582074165344238
5.596088409423828
5.592083930969238
5.597089767456055
5.593085050582886
5.620110750198364
5.632120847702026
5.59708833694458
5.510010004043579
5.698180913925171
5.625114679336548
5.622111797332764
5.68216609954834
5.664150714874268
5.697180509567261
5.619109153747559
5.614104509353638
5.608098745346069
5.581074237823486
5.612102508544922
5.669155120849609
5.673157215118408
5.669154405593872
5.586078882217407
5.490998268127441
5.676159858703613
5.631120920181274
5.647135019302368
5.569063425064087
5.640127658843994
5.591083526611328
5.6040966510772705
5.5600550174713135
5.867335319519043
5.623112678527832
5.694177865982056
5.544041156768799
5.662148714065552
5.585076808929443
5.639127492904663
5.666149854660034
5.6411292552948
5.681165456771851
5.652138948440552
5.56005597114563
5.619108438491821
5.671156406402588
5.641128778457642
5.675159931182861
5.620109796524048
5.7412192821502686
5.652139902114868
5.664149761199951
5.655141830444336
5.747225522994995
5.759235620498657
5.655142784118652
5.529027938842773
5.7462239265441895
5.69217586517334
5.692176342010498
5.897361993789673
5.559053897857666
5.746224641799927
5.631119728088379
5.6461334228515625
5.660146236419678
5.654140949249268
5.726206064224243
5.719199895858765
5.632120847702026
5.672157287597656
5.663149833679199
5.695178508758545
5.629119157791138
5.649136304855347
5.67415976524353
5.689172267913818
5.622113227844238
5.635123014450073
5.653139591217041
5.6191089153289795
5.6201090812683105
5.675160646438599
5.945405721664429
5.592084646224976
5.661147832870483
5.655141592025757
5.720200777053833
5.581075429916382
5.625114679336548
5.691174507141113
5.57807183265686
5.708190441131592
5.655141592025757
5.583077430725098
5.619109869003296
5.596083641052246
5.660146474838257
5.638126373291016
5.6401286125183105
5.623112916946411
5.659145355224609
5.639127016067505
5.632120847702026
5.691174507141113
5.645133018493652
5.713194131851196
5.583076477050781
5.7051873207092285
5.6321210861206055
5.670156240463257
5.602092742919922
5.650137186050415
5.629118204116821
5.5930867195129395
5.652139902114868
5.641129493713379
5.624112606048584
5.720199108123779
5.6601479053497314
5.6060967445373535
5.64212965965271
5.651138067245483
5.60609769821167
5.603094577789307
5.6421308517456055
5.66414999961853
5.70819091796875
5.641129493713379
5.664150238037109
5.672157526016235
5.703185319900513
5.636124849319458
5.712193727493286
5.710192680358887
5.703185558319092
5.627117395401001
5.641128301620483
5.614104986190796
5.680164813995361
5.569063901901245
5.70618748664856
5.626115083694458
5.680164575576782
5.648134708404541
5.722203493118286
5.704186677932739
5.704186201095581
5.6991822719573975
5.629117488861084
5.640133380889893
5.706188201904297
5.569064140319824
5.629117012023926
5.696180105209351
5.706188201904297
5.712193727493286
5.622111558914185
5.647135019302368
5.579072713851929
5.599091291427612
5.642130136489868
5.655141115188599
5.616106033325195
5.718198299407959
5.652139663696289
5.634122371673584
5.630119562149048
5.580074787139893
5.709190845489502
5.610100984573364
5.605096340179443
5.702185392379761
5.530027866363525
5.678162336349487
5.6381261348724365
5.641129732131958
5.618108749389648
5.612102746963501
5.608099699020386
5.6171064376831055
5.804277420043945
5.664149284362793
5.584076166152954
5.634122848510742
5.597089052200317
5.615105390548706
5.63712477684021
5.668154001235962
5.726205825805664
5.615104675292969
5.577070951461792
5.605100393295288
5.571065425872803
5.607097625732422
5.7692461013793945
5.730209589004517
5.72120213508606
5.636125087738037
5.659146070480347
5.727206468582153
5.815287351608276
5.58307671546936
5.684168815612793
5.683166980743408
5.714195966720581
5.5580527782440186
5.719201326370239
5.703185558319092
5.60209321975708
5.692174911499023
5.66014552116394
5.625114679336548
5.690173864364624
5.708190202713013
5.696179628372192
5.649137496948242
5.6711578369140625
5.6931774616241455
5.674159049987793
5.636124610900879
5.617108106613159
5.635123014450073
5.673158168792725
5.7021849155426025
5.666152238845825
5.6461341381073
5.631124496459961
5.674160480499268
5.653141021728516
5.654139995574951
5.651137590408325
5.731212377548218
5.683167219161987
5.602093696594238
5.615106105804443
5.706187725067139
5.671156883239746
5.621110916137695
5.676161050796509
6.026479959487915
5.822293996810913
5.66515040397644
5.6431310176849365
5.653140306472778
5.6351237297058105
5.678161859512329
5.705187082290649
5.622112512588501
5.676161527633667
5.7242043018341064
5.752230405807495
5.741219758987427
5.612101793289185
5.679163932800293
5.695178508758545
5.66214919090271
5.5880820751190186
5.667152166366577
5.684167861938477
5.660146474838257
5.626116037368774
5.711193561553955
5.586079835891724
5.637125492095947
5.655142784118652
5.672157526016235
5.650137424468994
5.64713454246521
5.740218877792358
5.731212139129639
5.611102819442749
5.554050445556641
5.6971800327301025
5.6511383056640625
5.670155763626099
5.734214544296265
5.612103223800659
5.65714430809021
5.680164813995361
5.708189964294434
5.698181390762329
5.6301188468933105
5.668154001235962
5.576070547103882
5.696179151535034
5.680163621902466
5.646133184432983
5.6491358280181885
5.687170743942261
5.645133018493652
5.684167861938477
5.7392191886901855
5.65914511680603
5.616106033325195
5.651137828826904
5.968425989151001
5.734212160110474
5.6291162967681885
5.6431310176849365
5.648135662078857
5.720201730728149
5.634123802185059
5.653140068054199
5.635123252868652
5.650137424468994
5.6721577644348145
5.574068546295166
5.679163694381714
5.700183391571045
5.7051873207092285
5.681165933609009
5.7482264041900635
5.630118131637573
5.673158645629883
5.633139133453369
5.659145832061768
5.638125896453857
5.6261162757873535
5.674159049987793
5.650136947631836
5.674158811569214
5.637125730514526
5.581075668334961
5.6351234912872314
5.647135972976685
5.670155763626099
5.689172744750977
5.701183080673218
5.967425346374512
5.709190607070923
5.699181795120239
5.618107795715332
5.669154405593872
5.691174268722534
5.580074310302734
5.71719765663147
5.655141830444336
5.622110366821289
5.604098320007324
5.657143831253052
5.572066068649292
5.802275657653809
5.720201015472412
5.667151927947998
5.662148714065552
5.700183153152466
5.727206707000732
5.721201419830322
5.651137828826904
5.6161065101623535
5.743221998214722
5.633121013641357
5.578072547912598
5.621110200881958
5.624114274978638
5.683166742324829
5.64513373374939
5.725206136703491
5.615105628967285
5.659145355224609
5.66515040397644
5.621112585067749
5.679163932800293
5.700183629989624
5.627116680145264
5.685168743133545
5.65213942527771
5.754230737686157
5.631119728088379
5.674158573150635
5.707189083099365
5.581075668334961
5.666152477264404
5.683167457580566
5.644132137298584
5.7051873207092285
5.6000916957855225
5.627115964889526
5.571062803268433
5.668154239654541
5.593085765838623
5.656143426895142
5.672157526016235
5.644131422042847
5.664148807525635
5.646132946014404
5.697181224822998
5.674159288406372
5.644131660461426
5.733212471008301
5.610100984573364
5.507007122039795
5.606099605560303
5.6731579303741455
5.671157121658325
5.702185153961182
5.664149761199951
5.596089601516724
5.634124279022217
5.724205493927002
5.6251139640808105
5.6921751499176025
5.552049398422241
5.645132541656494
5.738216876983643
5.677161693572998
5.749228477478027
5.677162408828735
5.704185724258423
5.604094982147217
5.640127897262573
5.586079359054565
5.590081214904785
5.640128135681152
5.656141757965088
5.599091291427612
5.52001953125
5.613102912902832
5.625114440917969
5.594086170196533
5.800274133682251
5.690172910690308
6.028481721878052
7.0674262046813965
6.15659761428833
5.655141592025757
5.693176746368408
5.600091218948364
5.639127254486084
5.603095531463623
5.55405068397522
5.6421308517456055
5.633121728897095
5.540038108825684
5.614104509353638
5.68717098236084
5.558053016662598
5.6451334953308105
5.576070547103882
5.545041799545288
5.590082406997681
5.605096340179443
5.629118204116821
5.653140068054199
5.700182676315308
5.539036273956299
5.572067499160767
5.658145189285278
5.623111963272095
5.690172910690308
5.656142950057983
5.629117727279663
5.660145998001099
5.659144878387451
5.573068380355835
5.647135019302368
5.657144784927368
5.7832581996917725
5.660145998001099
5.70618748664856
5.602094888687134
5.551046848297119
5.548043727874756
5.568061113357544
5.550046920776367
5.6161065101623535
5.524023771286011
5.59608793258667
5.60209321975708
5.56305718421936
5.520018577575684
5.576069593429565
5.6341233253479
5.545042037963867
5.611101388931274
5.594085931777954
5.715196132659912
5.602095127105713
5.590084075927734
5.586080074310303
5.584077835083008
5.973431348800659
5.612102270126343
5.582076072692871
5.620110034942627
5.754232168197632
5.616106748580933
5.564059257507324
5.661147117614746
5.768244504928589
5.657144069671631
5.646136045455933
5.6291184425354
5.577070474624634
5.639127016067505
5.506006479263306
5.533030033111572
5.459963321685791
5.603095054626465
5.586079120635986
5.693176031112671
5.689172267913818
5.567061424255371
5.590082406997681
5.63011908531189
5.5360329151153564
5.685169458389282
5.6531407833099365
5.568062782287598
5.652140140533447
5.744223117828369
5.644133806228638
5.639126539230347
5.676161527633667
5.591083765029907
5.594084978103638
5.601092576980591
5.603093862533569
5.5540502071380615
5.5470428466796875
5.752229928970337
5.779254913330078
5.678162097930908
5.594085931777954
5.622112035751343
5.69017481803894
5.663148403167725
5.601098299026489
5.632120847702026
5.485989332199097
5.685168981552124
5.556050539016724
5.583076477050781
5.546041965484619
5.594086170196533
5.628116846084595
5.562057018280029
5.571065425872803
5.564059019088745
5.608098983764648
5.646133184432983
5.676161050796509
5.564059734344482
5.6251161098480225
5.5870795249938965
5.568061828613281
5.637126207351685
5.605096340179443
5.629118204116821
5.5320305824279785
5.514014005661011
5.6101014614105225
5.596086263656616
5.6100993156433105
5.686170816421509
5.633121728897095
5.503003120422363
5.53903603553772
5.528026580810547
5.552048683166504
5.535033464431763
5.600092172622681
5.485988140106201
5.54304051399231
5.4789814949035645
5.52101993560791
5.633257150650024
5.567358732223511
5.572066783905029
5.6411285400390625
5.590083837509155
5.57507061958313
5.5080084800720215
5.578072547912598
5.561056613922119
5.692175626754761
5.715196132659912
5.5310280323028564
5.508008718490601
5.68316650390625
5.58307671546936
5.530028343200684
5.4649693965911865
5.484987497329712
5.6401286125183105
5.871338844299316
5.57206654548645
5.760238885879517
5.438945770263672
5.528025388717651
5.459964036941528
5.471975564956665
5.519633531570435
5.623113393783569
5.644131660461426
5.52802586555481
5.60709810256958
5.455961465835571
5.601091146469116
5.697180509567261
5.473966360092163
5.527025938034058
5.58908224105835
5.458963632583618
5.569063901901245
5.569063186645508
5.377888917922974
5.504004240036011
5.6020941734313965
5.534033536911011
5.6191086769104
5.594086408615112
5.452959060668945
5.553049325942993
5.508008241653442
5.59809136390686
5.490993499755859
5.594084978103638
5.5140135288238525
5.646135091781616
5.512011289596558
5.472975492477417
5.551048278808594
5.460965633392334
5.688171863555908
5.578071594238281
5.606097221374512
5.580073356628418
5.4809839725494385
5.4469523429870605
5.545041084289551
5.4389448165893555
5.467971324920654
5.492994070053101
5.587080240249634
5.492995500564575
5.5680625438690186
5.519017934799194
5.514013290405273
5.54704213142395
5.5460429191589355
5.430938482284546
5.601092576980591
5.456962585449219
5.453958511352539
5.483986139297485
5.604095458984375
5.534031391143799
5.699181318283081
5.79526948928833
5.581074953079224
5.754232168197632
5.644570827484131
5.6461341381073
5.602094650268555
5.425934076309204
5.542039394378662
5.492994785308838
5.551047325134277
5.592085599899292
5.425933122634888
5.499000072479248
5.552963733673096
5.461966276168823
5.50400447845459
5.5250244140625
5.547043085098267
5.463821649551392
5.532029867172241
5.53703498840332
5.642130136489868
5.694401025772095
5.521021127700806
5.599090814590454
5.535033464431763
5.415924072265625
5.568063735961914
5.517016172409058
5.743221044540405
5.766242504119873
5.994450569152832
6.049500226974487
5.880345582962036
5.953412771224976
5.610100746154785
5.392903804779053
5.539036750793457
5.661147117614746
5.611326456069946
5.593085527420044
5.646133184432983
5.62311315536499
5.692175626754761
5.605097532272339
5.611101865768433
5.588081359863281
5.625114917755127
5.70318603515625
5.652140140533447
5.604096174240112
5.65914511680603
5.71920108795166
5.674158334732056
5.597089052200317
5.676161289215088
5.5665810108184814
5.725205659866333
5.656142950057983
5.717198610305786
5.612103223800659
5.645133018493652
5.694177150726318
5.6701555252075195
5.696179389953613
5.578072786331177
5.6251139640808105
5.680164813995361
5.582075834274292
5.620110511779785
5.635124683380127
5.655142784118652
5.659147024154663
5.599091291427612
5.638126611709595
5.472977638244629
5.701183795928955
5.57410740852356
5.608098983764648
5.656142234802246
5.6591455936431885
5.999455213546753
5.6291184425354
5.64713454246521
5.673158645629883
5.716197967529297
5.622112512588501
5.6811652183532715
5.703185558319092
5.631120204925537
5.689173221588135
5.549046039581299
5.617106914520264
5.697180986404419
5.748226642608643
5.749227523803711
5.621110916137695
5.670155763626099
5.598090887069702
5.620110273361206
5.685069561004639
5.647135496139526
5.613103628158569
5.737216234207153
5.533031463623047
5.603094816207886
5.716198205947876
5.678162574768066
5.6050965785980225
5.745224237442017
5.729209899902344
5.574068307876587
5.707190036773682
5.687171220779419
5.730210781097412
5.605096817016602
5.598089933395386
5.645133018493652
5.869338035583496
5.67415976524353
5.60552978515625
5.712193250656128
6.0184736251831055
5.6481359004974365
5.735215187072754
5.639127492904663
5.5720672607421875
5.605096340179443
5.514650344848633
5.612102746963501
5.5730671882629395
5.700622320175171
5.649137496948242
5.6421308517456055
5.495997905731201
5.630119562149048
5.611172676086426
5.623113632202148
5.601092576980591
5.615536689758301
5.714195728302002
5.714417219161987
5.6181089878082275
5.683167457580566
5.539037704467773
5.699182033538818
5.723204612731934
5.717199087142944
5.601471662521362
5.673956632614136
5.651138067245483
5.61110258102417
5.657145261764526
5.66815447807312
5.601093292236328
5.585077524185181
5.7101922035217285
5.620110750198364
5.580073595046997
5.615105628967285
5.663148880004883
5.662148475646973
5.614104270935059
5.581074476242065
5.605096340179443
5.589082479476929
5.653140068054199
5.565059661865234
5.61710786819458
5.559054136276245
5.581074237823486
5.603094816207886
5.58407735824585
5.6000916957855225
5.6321210861206055
5.607098817825317
5.584076881408691
5.749228000640869
5.572598457336426
5.535031318664551
5.627115964889526
5.568063020706177
5.650137662887573
5.582075119018555
5.701184034347534
5.597090721130371
5.444324016571045
5.594086408615112
5.653141021728516
5.69317626953125
5.6451334953308105
5.563058614730835
5.605095386505127
5.616106271743774
5.680359840393066
5.63512396812439
5.712272882461548
5.64212965965271
5.650136947631836
5.665151119232178
5.905369281768799
5.79782247543335
5.927232980728149
5.835305452346802
5.930392503738403
5.955415725708008
6.276707410812378
6.260692596435547
6.226660490036011
5.707188844680786
5.6411285400390625
5.645132541656494
5.691174507141113
5.676160573959351
5.615106821060181
5.717198371887207
5.656142234802246
5.7922680377960205
5.68316650390625
5.686170339584351
5.647135019302368
5.632119417190552
5.68116569519043
5.706188917160034
5.663150310516357
5.639127731323242
5.647134780883789
5.6591455936431885
5.5800745487213135
5.731210708618164
5.712193250656128
5.69818115234375
5.680164337158203
5.67816162109375
5.707189083099365
5.70418643951416
5.718198537826538
5.653140306472778
5.6241137981414795
5.6891725063323975
5.645132780075073
5.672157287597656
5.740219593048096
5.615106821060181
5.566061019897461
5.673158884048462
5.687171220779419
5.7622389793396
5.575069189071655
5.713194847106934
5.528026342391968
5.640128135681152
5.548044919967651
5.637124538421631
5.582075119018555
5.652140140533447
5.541038990020752
5.588080406188965
5.552048444747925
5.805274963378906
5.631119728088379
5.548044919967651
5.99144721031189
5.691175699234009
5.609100580215454
5.7482264041900635
5.516014814376831
5.629117965698242
5.553048849105835
5.632120847702026
5.549046039581299
5.594087362289429
5.531030178070068
5.6281163692474365
5.632121801376343
5.464968919754028
5.564059734344482
5.62010931968689
5.535032272338867
5.618107318878174
5.580073595046997
5.605096340179443
5.6321210861206055
5.560055494308472
5.5930845737457275
5.542039632797241
5.606096982955933
5.502001523971558
5.618108034133911
5.58007287979126
5.642130136489868
5.585078001022339
5.5060060024261475
5.62811803817749
5.533030033111572
5.630120038986206
5.614104270935059
5.644131422042847
5.573068380355835
5.572066307067871
5.507004737854004
5.592084884643555
5.486989498138428
5.567061424255371
5.618107557296753
5.616105079650879
5.619109392166138
5.559053897857666
5.524022340774536
5.618108034133911
5.554048776626587
5.643130302429199
5.5380377769470215
5.515014171600342
5.548046112060547
5.638126373291016
5.596088886260986
5.5510478019714355
5.5780720710754395
5.54504132270813
5.615105628967285
5.589080810546875
5.568062782287598
5.542039632797241
5.554049968719482
5.648134708404541
5.648135662078857
5.498999834060669
5.642130136489868
5.571064710617065
5.565060138702393
5.575068950653076
5.560056924819946
5.5480430126190186
5.5620574951171875
5.554049730300903
5.505005359649658
5.561057090759277
5.576069593429565
5.525023937225342
5.559054374694824
5.570065498352051
5.515014410018921
5.58407735824585
5.548046112060547
5.547043323516846
5.5410380363464355
5.643130302429199
5.609100818634033
5.785259962081909
5.773249864578247
5.519017696380615
5.627116918563843
5.600091934204102
5.519018173217773
5.567062616348267
5.574069023132324
5.544040203094482
5.625114917755127
5.507007598876953
5.7582361698150635
6.008460998535156
5.64781641960144
5.588080883026123
5.558053493499756
5.544040203094482
5.56906270980835
5.559054613113403
5.56305718421936
5.569063186645508
5.538036108016968
5.620109796524048
5.5050048828125
5.552048683166504
5.480983257293701
5.555050849914551
5.539036273956299
5.575068235397339
5.532029867172241
5.571066617965698
5.580073595046997
5.557052850723267
5.537034034729004
5.535032510757446
5.5860795974731445
5.520019769668579
5.547043800354004
5.5650599002838135
5.5520477294921875
5.561055898666382
5.554050922393799
5.500000715255737
5.540037155151367
5.567060708999634
5.542038917541504
5.549044609069824
5.511011838912964
5.552049398422241
5.521019220352173
5.569063901901245
5.555050611495972
5.545041799545288
6.316742897033691
5.800273180007935
6.43402624130249
