Timing log for each step:
0.015013456344604492
5.364891052246094
5.475993633270264
5.471988916397095
5.4099321365356445
5.388913154602051
5.305838108062744
5.405928373336792
5.342872381210327
5.305838584899902
5.062614917755127
4.6011950969696045
5.397921323776245
5.354882478713989
4.987548589706421
5.431952476501465
5.476995229721069
5.549058437347412
5.346875429153442
5.313845872879028
5.567075729370117
5.336865663528442
5.415937423706055
5.385911226272583
5.3198511600494385
5.286818981170654
5.578084945678711
5.383908033370972
5.234773635864258
5.3819050788879395
5.271805763244629
5.399922132492065
5.329859256744385
5.386910915374756
5.36689305305481
5.4089319705963135
5.332863092422485
5.223764181137085
5.269805669784546
5.443962097167969
5.432953119277954
5.364891767501831
5.4920079708099365
5.355883598327637
5.3799049854278564
5.53104305267334
5.378902912139893
5.456974983215332
5.430953025817871
5.446964740753174
5.3568830490112305
5.39992356300354
5.423944711685181
5.478995084762573
5.5220348834991455
5.376903772354126
5.449968576431274
5.453972339630127
5.460978984832764
5.342871904373169
5.481996774673462
5.558067083358765
5.3488757610321045
5.407930135726929
5.505017995834351
5.465981721878052
5.45097017288208
5.403926610946655
5.388913154602051
5.513026237487793
5.373900651931763
5.45397162437439
5.3648903369903564
5.436957120895386
5.46197772026062
5.436957836151123
5.423945426940918
5.436957597732544
5.6271302700042725
5.406929016113281
5.395919561386108
5.396920680999756
5.412935495376587
5.4850006103515625
5.430951356887817
5.522032976150513
5.389914274215698
5.313844203948975
5.453972339630127
5.403926372528076
5.697194576263428
5.4449639320373535
5.50301718711853
5.445960521697998
5.481997013092041
5.368894338607788
5.3078389167785645
5.423944711685181
5.425946235656738
5.362889289855957
5.335865259170532
5.442962884902954
5.428948640823364
5.512024879455566
5.405927658081055
5.269804000854492
5.440961122512817
5.403925180435181
5.4880030155181885
5.409932613372803
5.451969861984253
5.295827388763428
5.403926849365234
5.344873666763306
5.468986749649048
5.440961122512817
5.329859018325806
5.35588264465332
5.41193413734436
5.450969457626343
5.332860231399536
5.403925180435181
5.378905534744263
5.449969053268433
5.427948951721191
5.442962408065796
5.528039932250977
5.270805358886719
5.424946308135986
5.455973863601685
5.483999967575073
5.31384539604187
5.353881359100342
5.4799957275390625
5.419940233230591
5.390915393829346
5.384910345077515
5.350877523422241
5.441961050033569
5.427949666976929
5.475991487503052
5.41193413734436
5.477994680404663
5.426947116851807
5.459977865219116
5.51102352142334
5.434955835342407
5.469986200332642
5.421943187713623
5.32185173034668
5.456975221633911
5.311842918395996
5.50501823425293
5.454972982406616
5.4459638595581055
5.4659833908081055
5.4419615268707275
5.4699859619140625
5.446965932846069
5.420942306518555
5.382905960083008
5.414935827255249
5.333866119384766
5.433953285217285
5.468984603881836
5.41793966293335
5.341870069503784
5.498012065887451
5.449969291687012
5.3448731899261475
5.343871831893921
5.413937091827393
5.39391827583313
5.428948402404785
5.4069294929504395
5.416938304901123
5.292826890945435
5.605110168457031
5.4629809856414795
5.3708977699279785
5.337867498397827
5.374900579452515
5.43095064163208
5.402925968170166
5.413936376571655
5.477994441986084
5.266802072525024
5.437955141067505
5.496011257171631
5.417939186096191
5.402925968170166
5.385910272598267
5.348875045776367
5.41793966293335
5.486001968383789
5.40692925453186
5.407928466796875
5.385910511016846
5.43195366859436
5.42494535446167
5.317847013473511
5.367894649505615
5.362889528274536
5.476993083953857
5.3018341064453125
5.4679858684539795
5.54305362701416
5.413935422897339
5.5620715618133545
5.444965124130249
5.395917892456055
5.436956882476807
5.437958240509033
5.451969385147095
5.4489665031433105
5.3779027462005615
5.285817861557007
5.360888719558716
5.482998609542847
5.444965124130249
5.411933183670044
5.4319517612457275
5.421941518783569
5.344872713088989
5.293825626373291
5.493007659912109
5.357883930206299
5.331860065460205
5.454972267150879
5.4129345417022705
5.4890053272247314
5.409932613372803
5.3889124393463135
5.5080201625823975
5.385909795761108
5.451969623565674
5.455973863601685
5.44696569442749
5.5140252113342285
5.4499640464782715
5.349878311157227
5.450970649719238
5.408931493759155
5.393918037414551
5.396920680999756
5.426947832107544
5.3668928146362305
5.316847562789917
5.450969457626343
5.996795892715454
5.595911741256714
