Timing log for each step:
0.017016172409057617
5.590196847915649
5.707305431365967
5.635239124298096
5.749343633651733
5.846435308456421
5.882469177246094
5.841430425643921
5.6612632274627686
5.554162502288818
5.54615592956543
5.85744571685791
5.657259464263916
5.4911048412323
5.63924241065979
5.655257225036621
5.666267395019531
5.672272205352783
5.4881017208099365
5.630234479904175
5.631234884262085
5.68628454208374
5.6512532234191895
5.60621190071106
5.671272277832031
5.636240243911743
5.6892876625061035
5.603208065032959
5.602207899093628
5.746341228485107
5.612217903137207
5.707305908203125
5.615220308303833
5.614218473434448
5.577183485031128
5.655256986618042
5.661262512207031
5.581188678741455
5.751345872879028
5.754348993301392
5.6782801151275635
5.690289258956909
5.573180437088013
5.833423137664795
5.547156095504761
5.564172029495239
5.499111890792847
5.589195966720581
5.599205493927002
5.62923264503479
5.587194442749023
5.4600749015808105
5.505118131637573
5.710308313369751
5.618221044540405
5.716313600540161
5.614218711853027
5.634239196777344
5.641242265701294
5.666267156600952
5.590196132659912
5.625229835510254
5.740336179733276
5.627231121063232
5.695295572280884
5.717315673828125
5.529140472412109
5.565173625946045
5.724322080612183
5.604201316833496
5.743309259414673
5.714282512664795
5.621197700500488
5.691261291503906
5.5441248416900635
5.605180501937866
5.579156398773193
5.617190599441528
5.688258409500122
5.608184814453125
5.749314308166504
5.655227422714233
5.691260814666748
5.660232067108154
5.678248643875122
5.677247524261475
5.73530125617981
5.708275079727173
5.524106025695801
5.555133581161499
5.5281102657318115
5.637211322784424
5.541123390197754
5.653223991394043
5.697267293930054
5.588165998458862
5.664236783981323
5.61919379234314
5.601179122924805
5.6041810512542725
5.650224924087524
5.616191625595093
5.654226303100586
5.677248001098633
5.733298063278198
5.653226375579834
5.624198913574219
5.719286918640137
5.689258575439453
5.689259052276611
5.583161115646362
5.589166641235352
6.168701887130737
5.699268817901611
5.559138774871826
5.501085042953491
5.633204460144043
5.963514089584351
5.657227993011475
5.742308855056763
5.544125080108643
5.68325400352478
5.630204677581787
5.6592323780059814
5.650223970413208
5.658231496810913
5.665237188339233
5.597175598144531
5.626201152801514
5.577155113220215
5.682252883911133
5.544126272201538
5.634207725524902
5.700270414352417
5.632206678390503
5.656228542327881
5.596173524856567
5.627201557159424
5.650223255157471
5.607183933258057
5.63020396232605
5.634208679199219
5.629204988479614
5.622197389602661
5.703272342681885
5.595172882080078
5.613188982009888
5.6422154903411865
5.584162712097168
5.666238069534302
5.618194818496704
5.576154708862305
5.594171524047852
5.548130035400391
5.5871663093566895
5.630205392837524
5.5721516609191895
5.697267055511475
5.561141014099121
5.615191698074341
5.55413556098938
5.59617280960083
5.570149183273315
5.669241428375244
5.691261291503906
5.606184005737305
5.652225732803345
5.569148778915405
5.5351173877716064
5.5961737632751465
5.565144777297974
5.556136608123779
5.661233425140381
5.6021788120269775
5.664236307144165
5.534116983413696
5.59617280960083
5.656229019165039
5.651223659515381
5.580157279968262
5.674245834350586
5.695264577865601
5.623199939727783
5.611187696456909
5.73330020904541
5.711279630661011
5.57415246963501
5.652225017547607
5.68225359916687
5.68925929069519
5.703271865844727
5.600178480148315
5.624198913574219
5.648220777511597
5.58816385269165
5.616191625595093
5.5421226024627686
5.640214681625366
5.63620924949646
5.5941712856292725
5.665238380432129
5.582160472869873
5.711280345916748
5.665237665176392
5.662234544754028
5.676246404647827
5.649222135543823
5.639212369918823
5.595173120498657
5.6131861209869385
5.622197866439819
5.536118984222412
5.525107383728027
5.683254241943359
5.605181455612183
5.508092641830444
5.542122840881348
5.651224374771118
5.647221326828003
5.608184337615967
5.569149017333984
5.606182813644409
5.651224374771118
5.546127080917358
5.664236307144165
5.542121648788452
5.5631420612335205
5.59417200088501
5.631206035614014
5.446034669876099
5.527109384536743
5.676234483718872
5.622175455093384
5.63318657875061
5.623178005218506
5.657208681106567
5.652203321456909
5.654204845428467
5.615170001983643
5.590147018432617
5.652203798294067
5.674224376678467
5.610165357589722
5.6161699295043945
5.562122106552124
5.67722749710083
6.063579320907593
5.669220685958862
5.589144706726074
5.531092405319214
5.6151697635650635
5.588144779205322
5.585141897201538
5.583141088485718
5.548107624053955
5.59515118598938
5.601156711578369
5.532092332839966
5.651201963424683
5.5781354904174805
5.62818169593811
5.69223952293396
5.623176097869873
5.672223329544067
5.580138444900513
5.6872358322143555
5.605159759521484
5.668218612670898
5.606160402297974
5.612166166305542
5.661212205886841
5.614169359207153
5.6341872215271
5.614168167114258
5.679227590560913
5.667217493057251
5.635188817977905
5.634186506271362
5.57713508605957
5.595150947570801
5.545105218887329
5.646198272705078
5.60316014289856
5.632185459136963
5.661212205886841
5.640192270278931
5.589145183563232
5.4770424365997314
5.636188983917236
5.6291823387146
5.638190984725952
5.597152471542358
5.543104648590088
5.567124605178833
5.6321861743927
5.58113694190979
5.578136205673218
5.63318657875061
5.679226875305176
5.6251795291900635
5.585141181945801
5.557116270065308
5.6361894607543945
5.508070707321167
5.708254098892212
5.5541136264801025
5.604159355163574
5.508071184158325
5.586143493652344
5.618173360824585
5.5250866413116455
5.650201082229614
5.583141088485718
5.621175289154053
5.540100336074829
5.559117555618286
5.572131156921387
5.589146137237549
5.622176647186279
5.528089761734009
5.62818169593811
5.639191627502441
5.627180337905884
5.585140705108643
5.580137014389038
5.60616135597229
5.633185863494873
5.609162330627441
5.724270820617676
5.626179456710815
5.474040269851685
5.625180006027222
5.569127559661865
5.535096168518066
5.629183292388916
5.519080877304077
5.626179218292236
5.595150709152222
5.676225423812866
5.584140777587891
5.569127321243286
5.693241119384766
5.73327898979187
5.686235427856445
5.735280513763428
5.60816216468811
5.593149185180664
5.5791356563568115
5.57713508605957
5.418989181518555
5.473039388656616
5.371946573257446
5.554113864898682
5.4340033531188965
5.4099814891815186
5.539100408554077
5.445013523101807
5.4770426750183105
5.566124439239502
5.346923828125
5.558117389678955
5.602157115936279
5.5360963344573975
5.648200035095215
5.53509521484375
5.530091285705566
5.5060694217681885
5.556115388870239
5.726272344589233
5.731276750564575
5.480045557022095
5.494058132171631
5.548108339309692
5.550110816955566
5.438007831573486
5.4920570850372314
5.544104814529419
5.487051248550415
5.50406813621521
5.59515118598938
5.459026575088501
5.445013523101807
5.544104099273682
5.420992136001587
5.455023288726807
5.440008878707886
5.530091285705566
5.488052606582642
5.436005115509033
5.429998874664307
5.4039764404296875
5.461027383804321
4.8895018100738525
4.985590219497681
5.49604868888855
5.3368988037109375
5.368930101394653
5.342904806137085
5.4930431842803955
4.899498462677002
5.369929552078247
4.839443683624268
4.8174216747283936
5.0065977573394775
5.505053997039795
5.339902400970459
4.835440635681152
4.703316926956177
4.934530973434448
4.88648533821106
4.78239107131958
4.763375759124756
4.829433917999268
4.7333457469940186
4.848451614379883
4.825429916381836
4.8634655475616455
4.8234288692474365
4.855459213256836
4.817424297332764
4.822426795959473
4.9095072746276855
4.837439298629761
4.94153618812561
4.881482124328613
4.7143285274505615
4.774383544921875
4.727341175079346
4.911509275436401
4.9525465965271
4.867469787597656
4.712327241897583
4.824429273605347
4.8134191036224365
4.895495414733887
4.812418222427368
4.67829442024231
4.7173309326171875
4.700315713882446
4.830435037612915
4.882483243942261
4.711326599121094
4.8174216747283936
4.8734753131866455
4.733345985412598
4.772382974624634
4.782390117645264
4.866467475891113
4.834438800811768
4.982290744781494
4.885485410690308
4.865466833114624
4.8264319896698
4.843447685241699
4.803410291671753
4.831434965133667
4.828426122665405
4.759370803833008
4.718331336975098
5.372933387756348
4.847450017929077
5.521068096160889
4.8584606647491455
5.486034631729126
4.862465143203735
4.859462738037109
4.8204262256622314
4.761368751525879
4.802409887313843
4.762372255325317
4.75836968421936
4.781390905380249
4.786394357681274
4.782391548156738
4.929526090621948
4.938533306121826
4.760371208190918
4.88248348236084
4.862464189529419
4.8304359912872314
4.797404050827026
4.9035022258758545
4.766376495361328
4.801408767700195
4.826432228088379
4.7323455810546875
4.939534902572632
4.760368824005127
4.804410219192505
4.8024091720581055
4.820424556732178
4.911509275436401
4.707322597503662
4.730342149734497
4.734346866607666
4.775383949279785
4.802408695220947
4.780389785766602
4.8544557094573975
4.816423416137695
4.778387069702148
4.776386260986328
4.770379543304443
4.822428226470947
4.7533650398254395
4.870471954345703
4.876477003097534
4.782390832901001
4.878478288650513
4.876476287841797
4.783392667770386
4.8154213428497314
4.9395341873168945
4.761370897293091
4.785393953323364
4.8744752407073975
4.907503366470337
4.751361846923828
4.8144211769104
4.855458974838257
5.310877084732056
4.765375852584839
5.476027011871338
4.787395238876343
4.819424629211426
4.8264312744140625
4.8324360847473145
5.092675447463989
4.768377304077148
4.768377304077148
4.823428392410278
4.709324598312378
4.833436489105225
4.747359752655029
4.78539252281189
4.8934924602508545
4.766375780105591
4.809415817260742
5.439993858337402
5.396954774856567
4.8114173412323
4.740351676940918
4.746357202529907
5.384943246841431
5.298863649368286
4.905503511428833
4.7813897132873535
4.768378496170044
4.827252149581909
5.490039825439453
5.394953489303589
4.86646842956543
4.848451852798462
4.84544825553894
5.403960466384888
5.4750282764434814
4.721334457397461
4.751361131668091
4.873474359512329
5.48303484916687
5.347902774810791
4.917504549026489
4.995575904846191
4.896485090255737
5.432976484298706
5.418963432312012
4.821416854858398
4.753354549407959
4.794392108917236
4.8454389572143555
4.865457773208618
4.816413402557373
4.897486209869385
4.824419975280762
5.370919704437256
5.324877977371216
4.8954854011535645
4.719322681427002
4.733335971832275
5.331883907318115
5.37292218208313
4.783383369445801
4.774373531341553
4.871463060379028
4.80940580368042
4.784383058547974
4.812409162521362
4.88147234916687
4.779378175735474
5.3809287548065186
5.528063774108887
4.76836895942688
4.802399396896362
4.987568140029907
5.509046316146851
5.354905128479004
4.812408447265625
4.870460748672485
4.89448356628418
5.416963338851929
4.741342782974243
5.552086591720581
5.274832248687744
5.463005304336548
4.827422857284546
4.871464014053345
4.771371364593506
5.431975603103638
5.374924421310425
4.842435836791992
4.80940580368042
4.809404611587524
5.3589091300964355
5.321875095367432
4.837431907653809
4.750351905822754
4.917504072189331
5.3689186573028564
5.407954216003418
5.426972389221191
4.817414283752441
4.823419094085693
5.426971197128296
5.354905128479004
5.35690712928772
4.957542657852173
4.782381296157837
5.48002028465271
5.389936447143555
5.36891770362854
4.9125001430511475
4.72833251953125
5.334887742996216
5.258817911148071
5.318871974945068
4.861453533172607
5.394941806793213
4.780378818511963
5.391937971115112
4.815412521362305
5.465007066726685
4.877468109130859
5.480020523071289
4.879469871520996
5.263822078704834
4.815411567687988
5.378926992416382
4.981562376022339
5.428973913192749
4.746347665786743
5.35690712928772
4.918504953384399
5.562096357345581
4.907728672027588
5.43297815322876
4.808405160903931
5.556090593338013
5.423968553543091
5.418964624404907
5.463005304336548
5.532068252563477
5.438983201980591
5.3428943157196045
5.379929542541504
5.523059844970703
5.494034051895142
5.3879358768463135
5.386935234069824
5.435980796813965
5.483022689819336
5.4519944190979
5.49003005027771
5.588119745254517
5.349902153015137
5.48002028465271
5.484023094177246
5.503041744232178
5.993491172790527
5.882047176361084
5.7883830070495605
5.506043434143066
5.584115982055664
5.632158994674683
5.503040552139282
5.520056486129761
5.494033098220825
5.402949810028076
5.3549065589904785
5.3408918380737305
5.474015474319458
5.552086114883423
5.50204062461853
5.403949975967407
5.550084114074707
5.579110622406006
5.484023809432983
5.520056962966919
5.452996730804443
5.322877407073975
5.509047269821167
5.515050888061523
5.556090593338013
5.412959337234497
5.38893723487854
5.538073539733887
5.490030288696289
5.519055604934692
5.386935234069824
5.429974555969238
5.518054962158203
5.472013235092163
5.471012353897095
5.361912250518799
5.401949405670166
5.377924680709839
5.432976961135864
5.536070823669434
5.537072658538818
5.414959907531738
5.477017164230347
5.444988250732422
5.396944999694824
5.5881195068359375
5.541071891784668
5.437974214553833
5.47901177406311
5.4800124168396
5.5410683155059814
5.574098110198975
5.427966356277466
5.389931678771973
5.52405309677124
5.460996150970459
5.494025707244873
5.322868824005127
5.419957637786865
5.562088251113892
5.423961400985718
5.448984622955322
5.453989028930664
5.515046119689941
5.469002723693848
5.335880517959595
5.494025468826294
5.434972286224365
5.353898048400879
5.423961877822876
5.430968761444092
5.557085275650024
5.553079605102539
5.325871467590332
5.457993507385254
5.491022348403931
5.482014894485474
5.542068719863892
5.3579020500183105
5.398938179016113
5.5550830364227295
5.54206919670105
5.580105304718018
5.349893808364868
5.483015775680542
5.520049571990967
5.410948991775513
5.501033544540405
5.39993953704834
5.433972120285034
5.472005367279053
5.395934343338013
5.454990386962891
5.3639068603515625
5.432969093322754
5.397938251495361
5.500030517578125
5.54306960105896
5.50703763961792
5.243797302246094
5.332878828048706
5.408947467803955
5.03060245513916
4.877460718154907
5.476008892059326
5.400940895080566
5.4469828605651855
5.541069746017456
5.460995197296143
5.384926080703735
5.527055978775024
5.422961473464966
5.471005916595459
5.512042760848999
5.4339704513549805
5.502032995223999
5.499030590057373
5.447984457015991
5.557084083557129
5.445982217788696
5.412951946258545
5.445980787277222
5.38892936706543
5.541070461273193
5.498030662536621
5.487020015716553
5.446983337402344
5.405945062637329
5.639158010482788
5.511040925979614
5.483016490936279
5.476008892059326
5.429967641830444
5.450985908508301
5.305853843688965
5.439975738525391
5.4780113697052
5.425962209701538
5.296846389770508
5.483015775680542
5.480012893676758
5.491023302078247
5.412951231002808
5.613135099411011
5.601124286651611
5.753263711929321
5.586110591888428
5.459994316101074
5.41395378112793
5.528055667877197
5.549075126647949
5.480014085769653
5.620140790939331
5.484016418457031
5.447984933853149
5.4840168952941895
5.397937297821045
5.448984384536743
5.4489850997924805
5.312859535217285
5.5060365200042725
5.494025945663452
5.5240538120269775
5.719232082366943
5.7295708656311035
5.714021921157837
5.835141181945801
6.0029685497283936
5.7900145053863525
5.9214184284210205
5.704550504684448
5.635629415512085
5.577100992202759
5.562855243682861
5.514044761657715
5.573664426803589
5.594111919403076
5.7424492835998535
6.032518625259399
5.742253303527832
5.5260536670684814
5.4359729290008545
5.472006797790527
5.434971809387207
5.4870195388793945
5.516046047210693
5.387929677963257
5.410950183868408
5.349894046783447
5.473005294799805
5.370914459228516
5.438974380493164
5.434972763061523
5.453988790512085
5.565091133117676
5.413953065872192
5.349893808364868
5.414952754974365
5.4409778118133545
5.402942657470703
5.359903812408447
5.401941776275635
5.386927843093872
5.5170464515686035
5.463998079299927
5.339884996414185
5.40394401550293
5.492023468017578
5.4259631633758545
5.385925531387329
5.463993549346924
5.4589879512786865
5.296839237213135
5.334874153137207
5.491018056869507
5.468998670578003
5.42795991897583
5.406941890716553
5.377915382385254
5.476003885269165
5.367904424667358
5.331872224807739
5.4099438190460205
5.4029381275177
5.509033203125
5.346884489059448
5.3659021854400635
5.350890398025513
5.389925003051758
5.5220465660095215
5.341881036758423
5.673184633255005
5.373911619186401
5.438968658447266
5.332873344421387
5.521044731140137
5.462993144989014
5.320863246917725
5.369906663894653
5.3999340534210205
5.390927791595459
5.465994119644165
5.446977853775024
5.41594934463501
5.3649022579193115
5.436967611312866
5.425958156585693
5.365904092788696
5.45398473739624
5.343883991241455
5.434964895248413
5.490017414093018
5.412946462631226
5.472000598907471
5.431963920593262
5.443974733352661
5.501026153564453
5.465994834899902
5.408943176269531
5.4730000495910645
5.432963848114014
5.4179511070251465
5.422955513000488
5.562082767486572
5.461991786956787
5.516039848327637
5.388923406600952
5.507033586502075
5.562082529067993
5.402938365936279
5.400934934616089
5.465995788574219
5.44397497177124
5.54706883430481
5.455985069274902
5.521045446395874
5.497022867202759
5.597114562988281
5.447978973388672
5.471998929977417
5.475003480911255
5.521044969558716
5.416950941085815
5.533055782318115
5.413946866989136
5.46799635887146
5.550071954727173
5.568088531494141
5.421954870223999
5.619133949279785
5.5330564975738525
5.585103750228882
5.578097105026245
5.447978496551514
5.36290168762207
5.382918357849121
5.551072835922241
5.459988594055176
5.4409730434417725
5.498025417327881
5.529054164886475
5.5370612144470215
5.579098701477051
5.512036561965942
5.516039133071899
5.633147239685059
5.593111038208008
5.490017652511597
5.468997955322266
5.442974090576172
5.501027584075928
5.452983617782593
5.557077884674072
5.49001669883728
5.486012697219849
5.439972162246704
5.4399707317352295
5.571091651916504
5.59711480140686
5.510035037994385
5.52004337310791
5.473001718521118
5.423957586288452
5.369908094406128
5.465994834899902
5.462992191314697
5.631146430969238
5.562083721160889
5.546066522598267
5.588106155395508
5.536058664321899
5.594112157821655
5.567086935043335
5.487014532089233
5.592110633850098
5.44397497177124
5.510035514831543
5.473001956939697
5.516040563583374
5.3538923263549805
5.363901615142822
5.520043134689331
5.500025749206543
5.357895851135254
5.386922597885132
5.454984426498413
5.484010696411133
5.500026702880859
5.4549853801727295
5.4449756145477295
5.4199535846710205
5.400935173034668
5.401935577392578
5.3979332447052
5.474001884460449
5.557077884674072
5.449980974197388
5.493019342422485
5.496021270751953
5.496023416519165
5.537059545516968
5.525049448013306
5.490016460418701
5.392926454544067
5.472001314163208
5.416950225830078
5.474001884460449
5.565084457397461
5.458988428115845
5.557077169418335
5.42095422744751
5.554074764251709
5.554075479507446
5.3739097118377686
5.470995664596558
5.5510687828063965
5.528047800064087
5.42995810508728
5.440968990325928
5.448974609375
5.5100297927856445
5.445971965789795
5.398928880691528
5.413943529129028
5.505026817321777
5.374908447265625
5.465991735458374
5.458983659744263
5.455982685089111
5.522042751312256
5.526046276092529
5.4629881381988525
5.601113796234131
5.430958271026611
5.5290491580963135
5.452978849411011
5.45097804069519
5.502024412155151
5.478001356124878
5.489013433456421
5.341876983642578
5.445972442626953
5.457984447479248
5.445972204208374
5.377910852432251
5.446973562240601
5.52104115486145
5.542060852050781
5.479003190994263
5.585099697113037
5.51503586769104
5.554070711135864
5.399930477142334
5.450976848602295
5.481003999710083
5.294835329055786
5.540059328079224
5.476000547409058
5.489011526107788
5.401933431625366
5.411940336227417
5.373908281326294
5.509030818939209
5.460987329483032
5.39192271232605
5.588101387023926
5.413942337036133
5.522043228149414
5.478002309799194
5.5640809535980225
5.375909328460693
5.480003118515015
5.394925832748413
5.531049966812134
5.506027460098267
5.483006715774536
5.506027460098267
5.488011360168457
5.550067186355591
5.468993663787842
5.34387993812561
5.4259538650512695
5.391923904418945
5.479003429412842
5.492013216018677
5.516035795211792
5.4169464111328125
5.504024982452393
5.479002952575684
5.462987899780273
5.4780027866363525
5.424952745437622
5.451976776123047
5.412942409515381
5.483006477355957
5.524043798446655
5.444971799850464
5.489011287689209
5.526045322418213
5.491013765335083
5.429959058761597
5.527045965194702
5.45698356628418
5.4900126457214355
5.555073022842407
5.397928476333618
5.448975086212158
5.5050270557403564
5.420949459075928
5.496018648147583
5.516037464141846
5.453980922698975
5.394926071166992
5.526045083999634
5.4189488887786865
5.382914781570435
5.3959269523620605
5.462989091873169
5.448974609375
5.5300493240356445
5.454980134963989
5.55006742477417
5.515035390853882
5.526045322418213
5.393924951553345
5.421949863433838
5.510031461715698
5.516037225723267
5.51603627204895
5.498018741607666
5.4619879722595215
5.59110426902771
5.510031461715698
5.414944887161255
5.466991662979126
5.417947769165039
5.472997188568115
5.451976776123047
5.469995975494385
5.38291597366333
5.439968109130859
5.4579832553863525
5.404935121536255
5.443971157073975
5.372906923294067
5.473997354507446
5.465990781784058
5.4790027141571045
5.369904041290283
5.407939195632935
5.465991020202637
5.5090296268463135
5.4830076694488525
5.496017932891846
5.38291597366333
5.434962272644043
5.4569830894470215
5.497019290924072
5.434962511062622
5.541058540344238
5.425954341888428
5.577093601226807
5.525045394897461
5.4409685134887695
5.493014812469482
5.426954746246338
5.514034748077393
5.377909898757935
5.427955627441406
5.4179465770721436
5.439968585968018
5.487009525299072
5.372905969619751
5.607119798660278
5.378911018371582
5.443970441818237
5.530050277709961
5.562078475952148
5.374906539916992
5.4069342613220215
5.4179441928863525
5.543057918548584
5.430956602096558
5.317854166030884
5.411938667297363
5.428953409194946
5.3588902950286865
5.523038625717163
5.524040937423706
5.432957887649536
5.4309563636779785
5.445970058441162
5.544060230255127
5.475997686386108
5.439964294433594
5.41994571685791
5.332866430282593
5.47099232673645
5.363895416259766
5.510027885437012
5.48700737953186
5.453977584838867
5.511029481887817
5.466989278793335
5.537054061889648
5.523040533065796
5.453977346420288
5.41794490814209
5.43095588684082
5.557070255279541
5.441965341567993
5.51903510093689
5.394923210144043
5.493012428283691
5.376906156539917
5.458981275558472
5.506025791168213
5.446970701217651
5.456979990005493
5.518036603927612
5.448971509933472
5.491011381149292
5.464988470077515
5.5480639934539795
5.4069342613220215
5.4599831104278564
5.475996494293213
5.409936904907227
5.383912563323975
5.482002258300781
5.448972702026367
5.5010199546813965
5.5490641593933105
5.496014356613159
5.556070804595947
5.5350518226623535
5.473996162414551
5.4930126667022705
5.395923852920532
5.47299337387085
5.518036365509033
5.4980175495147705
5.408937215805054
5.406934022903442
5.53204870223999
5.440964221954346
5.537052631378174
5.453976392745972
5.453975677490234
5.559073448181152
5.330865144729614
5.492011308670044
5.340874195098877
5.458981037139893
5.50902795791626
5.461984157562256
5.44897198677063
5.393922328948975
5.433959007263184
5.485005617141724
5.401929140090942
5.518036603927612
5.41994571685791
5.460984230041504
5.332867622375488
5.476996660232544
5.523041248321533
5.490010023117065
5.45397686958313
5.49801778793335
5.516034364700317
5.49901819229126
5.6631691455841064
5.479000806808472
5.465987920761108
5.469990491867065
5.443967819213867
5.450973749160767
5.445969343185425
5.545060157775879
5.465987205505371
5.611120939254761
5.525042295455933
5.526042461395264
5.554066896438599
5.465989112854004
5.472995758056641
5.484004974365234
5.602112293243408
5.407936096191406
5.453977584838867
5.42995548248291
5.361892938613892
5.438963890075684
5.420946836471558
5.485005855560303
5.46198582649231
5.547062397003174
5.4339599609375
5.533047914505005
5.497016429901123
5.569082260131836
5.494012355804443
5.583094596862793
5.438965082168579
5.471993923187256
5.674177885055542
5.439965486526489
5.42595100402832
5.374905347824097
5.429955959320068
5.439964532852173
5.489008903503418
5.521038293838501
5.562075138092041
5.5150322914123535
5.421948194503784
5.481001377105713
5.380910873413086
5.449974298477173
5.463986396789551
5.381911039352417
5.486007213592529
5.527044296264648
5.413940668106079
5.567080020904541
5.472994565963745
5.420945882797241
5.44597053527832
5.396926164627075
5.488008499145508
5.405933141708374
5.529046535491943
5.427953004837036
5.303841590881348
5.474996566772461
5.369901657104492
5.521038293838501
5.4549784660339355
5.48800802230835
5.36089301109314
5.410938262939453
5.543057918548584
5.663166046142578
5.675175905227661
5.434957981109619
5.483002662658691
5.363892555236816
5.417941331863403
5.337869882583618
5.489007472991943
5.507022857666016
5.487004518508911
5.483001232147217
5.494012117385864
5.422947883605957
5.471992015838623
5.505021572113037
5.431955337524414
5.469989061355591
5.450973272323608
5.2738118171691895
5.483001947402954
5.536048889160156
5.454977035522461
5.4399614334106445
5.430953741073608
5.316850185394287
5.471991539001465
5.412938356399536
5.423947334289551
5.468987941741943
5.4259490966796875
5.524038553237915
5.4049293994903564
5.412935495376587
5.463983058929443
5.418943166732788
5.493009805679321
5.440962791442871
5.511026620864868
5.509026288986206
5.475995302200317
5.457978248596191
5.485002040863037
5.433956623077393
5.474994421005249
5.420944929122925
5.414937257766724
5.416941165924072
5.334865570068359
5.398924350738525
5.45897912979126
5.340872287750244
5.4669859409332275
5.3288609981536865
5.514030456542969
5.4519734382629395
5.573082447052002
5.642146110534668
5.5060224533081055
5.29182767868042
5.411936283111572
5.355886459350586
5.372900724411011
5.271808385848999
5.405930995941162
5.488005638122559
5.29983377456665
5.275813817977905
5.27881383895874
5.506021738052368
5.348878383636475
5.572083234786987
5.46098256111145
5.649152755737305
5.716214418411255
5.8753602504730225
5.697195768356323
5.729223966598511
5.346876621246338
5.317850589752197
5.456977128982544
5.329862117767334
5.319852352142334
5.315849304199219
5.470990180969238
5.369898319244385
5.192737102508545
5.4269514083862305
5.367897033691406
5.36189079284668
5.316848993301392
5.404931545257568
5.41794228553772
5.458980321884155
5.423947095870972
5.37890625
5.350881338119507
5.394921064376831
5.427951097488403
5.213755369186401
5.393919467926025
5.340872526168823
5.370899200439453
5.249789237976074
5.4319541454315186
5.497013092041016
5.185730934143066
5.3688976764678955
5.467988014221191
5.308842658996582
5.40292763710022
5.502018213272095
5.27080774307251
5.306841135025024
5.312847137451172
5.352882146835327
5.20875096321106
5.366895914077759
5.447969913482666
5.506021738052368
5.303838014602661
5.1867311000823975
5.412937164306641
5.341871738433838
5.295830965042114
5.475994825363159
5.320852518081665
5.125673770904541
5.318851947784424
5.425948619842529
5.343875408172607
5.374902725219727
5.454975366592407
5.413938283920288
5.180725336074829
5.374902963638306
5.309843063354492
5.425945997238159
5.567078351974487
5.435957670211792
5.415940761566162
5.413938283920288
5.340872049331665
5.365894079208374
5.442965030670166
6.512178897857666
5.753798484802246
5.806885242462158
5.3799073696136475
