Timing log for each step:
0.011008739471435547
5.935605525970459
5.943132400512695
5.820419073104858
5.916075229644775
5.884288549423218
5.924260854721069
5.860239267349243
5.92486834526062
5.956095218658447
5.847281455993652
5.748894929885864
5.826372146606445
5.935378074645996
5.828945875167847
5.811326265335083
5.834641218185425
5.931652784347534
5.852640151977539
5.874871253967285
5.993175745010376
6.018718957901001
6.09192967414856
5.975260019302368
5.900503396987915
5.984961748123169
5.89617133140564
5.916307687759399
6.074130296707153
6.125213384628296
6.1598961353302
5.957273244857788
5.960312366485596
5.937552213668823
5.955990552902222
5.950081825256348
5.920047283172607
5.994394779205322
6.046497106552124
5.932747840881348
5.9450201988220215
5.8929219245910645
5.770955324172974
5.759429216384888
5.81086540222168
5.8189778327941895
5.875280141830444
5.924225330352783
5.953437566757202
5.917401552200317
5.8373658657073975
5.883957862854004
5.92801570892334
5.911771059036255
5.942519903182983
6.074159622192383
5.976150989532471
5.98728609085083
6.004550218582153
5.936307668685913
6.126567125320435
6.252795934677124
5.9405388832092285
5.994472503662109
5.951586961746216
6.0710368156433105
5.9985573291778564
5.958042860031128
5.997605085372925
5.979223966598511
6.005411386489868
5.997508525848389
5.946640968322754
5.965423345565796
5.935493469238281
5.893640995025635
6.298261642456055
5.91946268081665
5.873260498046875
6.012452602386475
5.979128122329712
5.9737818241119385
6.006126642227173
5.998051404953003
5.907124996185303
6.1089091300964355
6.03094744682312
5.9524757862091064
6.065396070480347
5.982516050338745
5.925491809844971
5.9560017585754395
6.0466742515563965
6.043874025344849
6.035238742828369
5.986025333404541
5.9462409019470215
5.98516058921814
6.057232141494751
6.104449987411499
6.057329893112183
6.164002418518066
6.086696147918701
5.957717418670654
6.016387462615967
5.8905322551727295
5.978825330734253
5.956719875335693
5.9433979988098145
5.976072549819946
5.883727788925171
6.068920850753784
6.39445161819458
6.317021131515503
6.515313148498535
6.7989113330841064
6.7329583168029785
6.863536834716797
6.632133960723877
6.843614339828491
6.998620510101318
6.607271909713745
6.029795408248901
6.047175884246826
5.955366134643555
7.749842643737793
6.523244142532349
6.046576023101807
6.04988956451416
5.5525453090667725
5.982218503952026
6.972935914993286
5.502002716064453
5.546043395996094
5.4749767780303955
5.554049253463745
5.4679718017578125
5.494995355606079
5.511011838912964
5.5470428466796875
5.496997356414795
5.486989736557007
5.5190184116363525
5.512012243270874
5.587080240249634
5.4819841384887695
5.4869890213012695
5.4249327182769775
5.531027793884277
5.523021221160889
5.501229286193848
5.463306903839111
5.489442825317383
5.453957796096802
5.483985662460327
5.645132780075073
5.449955463409424
5.542038917541504
5.514012813568115
5.453958749771118
5.493995428085327
5.449956178665161
5.4319374561309814
5.476979970932007
5.4819841384887695
5.4489524364471436
5.530027866363525
5.494996547698975
5.681156396865845
5.6850972175598145
5.455960035324097
5.5790722370147705
5.470973253250122
5.46897292137146
5.48098349571228
5.526216268539429
5.484522819519043
5.466970682144165
5.583076238632202
5.6021082401275635
5.486989498138428
5.5900795459747314
5.461965322494507
5.416925430297852
5.447953462600708
5.504004716873169
5.51101016998291
5.446951627731323
5.52202033996582
5.480983734130859
5.411916971206665
5.53803563117981
5.4119203090667725
5.466970682144165
5.540035247802734
5.415927886962891
5.474977016448975
5.461682319641113
5.488988637924194
5.474977970123291
5.510010242462158
5.469973564147949
5.440946817398071
5.4519572257995605
5.44995641708374
5.47597861289978
5.47497820854187
5.4359424114227295
5.436943531036377
5.514011859893799
5.542038917541504
5.4778242111206055
5.517016887664795
5.431938648223877
5.586078882217407
5.438945055007935
5.470408916473389
5.460965394973755
5.483985900878906
5.4519572257995605
5.456961154937744
5.442948579788208
5.436944007873535
5.495997667312622
5.529026746749878
5.492994546890259
5.4569618701934814
5.510010242462158
5.482562065124512
5.493798017501831
5.515015125274658
5.5020012855529785
5.483986139297485
5.498999834060669
5.4489524364471436
5.565059661865234
5.733505487442017
6.019974231719971
6.0020787715911865
5.912962913513184
5.977371692657471
6.001713037490845
5.946716785430908
5.796963691711426
5.930192470550537
5.9019389152526855
5.965299367904663
5.9208173751831055
5.995847702026367
5.827070474624634
5.832063436508179
5.807383060455322
5.851739406585693
5.889408826828003
5.839982032775879
5.992969036102295
6.003796577453613
6.022531509399414
5.950281858444214
5.992120742797852
6.033065319061279
5.995417356491089
5.952943325042725
6.021402597427368
5.968954563140869
6.015825986862183
6.009665489196777
5.960166931152344
5.999224662780762
5.864469051361084
5.867766857147217
5.971905708312988
6.025609731674194
6.002196550369263
5.904535293579102
6.078784704208374
5.990944862365723
5.901642799377441
5.9019575119018555
5.949589014053345
6.014497995376587
5.887176275253296
5.862786531448364
5.913014888763428
5.898673057556152
5.87780237197876
6.069615364074707
5.981236696243286
5.99847149848938
5.971421957015991
5.937058448791504
6.001327037811279
5.982762098312378
5.889672040939331
5.921442270278931
5.944874286651611
6.00118350982666
5.849726438522339
5.768505811691284
5.883227586746216
5.838359832763672
5.954439878463745
5.975378036499023
5.961252450942993
5.891610622406006
5.984359502792358
5.922208547592163
6.014309644699097
6.056470155715942
5.914848327636719
6.021472692489624
5.766916036605835
5.846175909042358
5.882025241851807
5.847041368484497
5.911890983581543
5.81099271774292
5.823264122009277
5.950897932052612
5.993773698806763
5.892362833023071
5.933184862136841
5.99931788444519
5.989898443222046
5.977872610092163
6.4420106410980225
6.687079668045044
5.8393096923828125
5.693176507949829
5.498999834060669
5.5380353927612305
5.523021697998047
5.484986782073975
5.448953866958618
5.527024269104004
5.495997428894043
5.45295786857605
5.52202033996582
5.450955152511597
5.461965560913086
5.458963632583618
5.447953224182129
5.42393159866333
5.466969966888428
5.471975088119507
5.46396541595459
5.530028581619263
5.525024652481079
5.437944412231445
5.469972133636475
5.493668556213379
5.503003358840942
5.444951057434082
5.466968774795532
5.49899959564209
5.432939052581787
5.481984615325928
5.373886346817017
5.488990306854248
5.490992069244385
5.466970443725586
5.4619669914245605
5.518017292022705
5.447953224182129
5.49299430847168
5.448954343795776
5.4179253578186035
5.52799129486084
5.441947937011719
5.475978851318359
5.427935600280762
5.414923667907715
5.36587929725647
5.37488579750061
5.514013051986694
5.414922714233398
5.4809839725494385
5.42393159866333
5.368881940841675
5.632120370864868
5.36788010597229
5.4679718017578125
5.44795298576355
5.506005048751831
5.468971490859985
5.393904685974121
5.53203010559082
5.575066804885864
5.4299376010894775
5.349863767623901
5.669154405593872
5.965153932571411
5.89598274230957
5.936137914657593
5.948276042938232
6.238623380661011
6.064175367355347
6.219646692276001
6.166697025299072
5.8870790004730225
5.905596017837524
5.928379535675049
5.894544839859009
5.920239448547363
5.951867580413818
5.937696933746338
5.990652322769165
5.9759602546691895
5.919548511505127
5.9488584995269775
6.000927686691284
5.901453018188477
6.010526895523071
5.9720094203948975
5.928105354309082
5.997664928436279
5.937403678894043
5.875366926193237
5.823992490768433
5.678248167037964
5.974087476730347
6.000508785247803
6.014246225357056
5.97274112701416
5.9381279945373535
5.839606046676636
5.801571369171143
5.923201084136963
5.8903021812438965
5.842371463775635
5.763609170913696
5.826315402984619
5.892277240753174
5.8661768436431885
5.907794952392578
5.88086462020874
6.592144727706909
5.884928941726685
5.895566940307617
5.8385090827941895
5.8289244174957275
5.726912021636963
5.778212547302246
5.853049993515015
5.832241058349609
5.791671991348267
5.831991195678711
5.906015396118164
6.025283336639404
5.926461935043335
5.918791770935059
5.961559295654297
5.927914142608643
5.906655550003052
5.977320671081543
5.802304744720459
5.829106330871582
5.792290925979614
5.854712963104248
5.796448469161987
5.837664604187012
5.905669689178467
5.820721387863159
5.907348871231079
5.954552173614502
5.837400436401367
5.883610725402832
5.899012804031372
6.176050186157227
6.233712911605835
6.0082526206970215
5.815878868103027
5.8962953090667725
5.830343723297119
5.872190475463867
6.068666934967041
5.8111772537231445
5.897440671920776
5.802940607070923
5.915302991867065
5.868292808532715
5.774821758270264
5.834778070449829
5.847142696380615
5.977811336517334
5.845556974411011
5.89889669418335
5.833767890930176
5.8898844718933105
5.9850122928619385
5.800907135009766
6.431442975997925
6.306732892990112
6.2857255935668945
6.164670705795288
5.880876064300537
5.85166072845459
5.903038263320923
5.904502868652344
5.889212369918823
5.966944932937622
5.8011314868927
5.8721113204956055
5.8684751987457275
5.931479454040527
5.898017406463623
5.885637283325195
5.871539115905762
5.935987949371338
5.8849732875823975
5.878843069076538
5.880115747451782
5.910729885101318
5.890223026275635
5.90043568611145
5.956446170806885
5.90881085395813
5.8798980712890625
5.873040199279785
5.869818449020386
5.9024059772491455
5.907608985900879
5.854518890380859
5.982233762741089
5.850024700164795
5.801126718521118
6.01572585105896
6.3066301345825195
5.864513635635376
5.920494318008423
6.038670539855957
6.162533283233643
5.873516082763672
5.847071886062622
5.914161443710327
5.903283596038818
5.763223171234131
5.847231864929199
5.836009740829468
5.862044095993042
5.86652398109436
5.808828830718994
5.809369087219238
5.754889726638794
5.755855083465576
5.865626096725464
5.790651798248291
5.890058517456055
5.92151665687561
5.8820202350616455
5.833024740219116
5.797266483306885
5.799130439758301
5.761085510253906
5.7268385887146
5.70375919342041
6.24939227104187
5.826801538467407
5.786723852157593
5.726542234420776
5.762776136398315
5.785924911499023
5.774756193161011
5.696294546127319
5.766070127487183
5.770185232162476
5.758513450622559
5.780619382858276
5.820502042770386
5.784103870391846
5.763392686843872
5.857866287231445
5.784287452697754
5.77252721786499
5.765790939331055
5.795157432556152
5.764258146286011
5.813859462738037
5.779347658157349
5.748710632324219
5.827449083328247
5.719221115112305
5.74697470664978
5.786924600601196
5.796359062194824
5.692342519760132
5.79552435874939
5.771122694015503
5.655441045761108
5.743418216705322
5.808984994888306
5.742302894592285
5.784954071044922
5.790369749069214
5.716598987579346
5.840712308883667
5.761177062988281
5.667249441146851
5.744197368621826
5.736792325973511
5.681095361709595
5.733640670776367
5.8345818519592285
5.73033332824707
5.871382713317871
5.827861547470093
5.8935675621032715
5.784722805023193
5.79488205909729
5.730982542037964
5.676650524139404
5.607989311218262
5.380892276763916
5.360874652862549
5.540037155151367
5.331848621368408
5.48098349571228
5.4299352169036865
5.417927503585815
5.394905090332031
5.366883993148804
5.312828063964844
5.478981018066406
5.429933786392212
5.428934812545776
5.375886917114258
5.423931121826172
5.410919189453125
5.421929359436035
5.4529571533203125
5.394904375076294
5.571065664291382
5.311828374862671
5.293813228607178
5.405913591384888
5.424932241439819
5.327842950820923
5.434940338134766
5.448952674865723
5.439945697784424
5.355870008468628
5.7522478103637695
5.782505512237549
5.761469125747681
5.733386278152466
5.657243728637695
5.757841348648071
5.696957111358643
5.9051947593688965
5.6241135597229
5.489992141723633
5.588080644607544
5.49199366569519
6.467879772186279
6.159628629684448
6.429711580276489
6.525710821151733
6.336374759674072
6.489302396774292
5.937891960144043
5.725582122802734
6.0243682861328125
5.768146991729736
5.697577714920044
5.67517614364624
5.689248323440552
5.718554973602295
5.745743274688721
5.698550462722778
5.802491903305054
5.786549806594849
5.773359060287476
5.76292610168457
5.824116945266724
5.7436676025390625
5.677293062210083
5.801092624664307
5.791586637496948
5.796181678771973
5.780518531799316
5.9799511432647705
5.877233982086182
5.78834342956543
5.85019850730896
5.758868455886841
5.798577785491943
5.76113224029541
5.809971332550049
5.832502841949463
5.848550796508789
5.807651042938232
5.856553792953491
5.836965084075928
5.742175817489624
5.8135151863098145
5.844027280807495
5.800615310668945
5.74039888381958
5.9532506465911865
5.873782157897949
5.811824798583984
5.852843999862671
5.771281957626343
5.793996572494507
5.814956426620483
5.748285293579102
5.7754504680633545
5.867883920669556
5.755611896514893
6.358297824859619
6.064711093902588
5.775303840637207
5.809484243392944
5.836163282394409
6.150021076202393
6.251180410385132
6.150745153427124
5.733042001724243
5.7723472118377686
6.260685682296753
5.863116264343262
5.842812538146973
6.1749656200408936
5.853611469268799
5.763803243637085
5.7669878005981445
5.818601608276367
5.798866033554077
5.8663365840911865
5.782995939254761
5.778693914413452
5.968810081481934
6.713631629943848
6.859457969665527
6.243677377700806
5.56205677986145
5.61143159866333
5.710847854614258
5.59608793258667
5.685169696807861
5.671155214309692
6.382806062698364
6.761146306991577
5.849318981170654
5.591083526611328
5.806964635848999
5.50400447845459
5.728208541870117
5.691174507141113
5.5010011196136475
5.707189321517944
5.406912326812744
5.5320305824279785
6.056121110916138
5.9786646366119385
5.734635353088379
5.760580539703369
5.799919843673706
5.725127458572388
5.742190837860107
5.685367584228516
5.941166400909424
6.183781623840332
5.913398504257202
5.921988487243652
5.910410165786743
5.820445775985718
5.938259601593018
5.698216199874878
5.715453147888184
5.888862609863281
5.801025629043579
5.82279109954834
5.879780292510986
5.872793436050415
5.869380712509155
5.832451820373535
5.803608179092407
5.794679641723633
5.876506090164185
5.714933633804321
5.847725868225098
5.805053949356079
5.814208269119263
5.820434093475342
5.813218593597412
5.884507179260254
5.888563632965088
5.967608451843262
6.007720708847046
5.956902265548706
5.766021728515625
5.715559720993042
5.718402624130249
5.72807765007019
5.845915794372559
5.845337152481079
5.806359529495239
5.752295970916748
5.834641456604004
5.858790636062622
5.739090919494629
5.791964530944824
5.8501622676849365
5.94064998626709
5.847924470901489
5.840119361877441
5.740581750869751
5.850186109542847
5.860750436782837
5.740641832351685
5.780667543411255
5.817770719528198
5.750114917755127
5.793026685714722
6.028832674026489
5.8162620067596436
5.796521902084351
5.793430328369141
5.771928548812866
5.822542428970337
5.788036108016968
5.9289703369140625
5.806752443313599
5.800338268280029
5.89286994934082
5.7764832973480225
5.7973363399505615
5.779581308364868
5.913325786590576
5.866919040679932
5.746962785720825
5.780807256698608
5.851050615310669
5.809642791748047
5.831377267837524
5.874967336654663
5.876224517822266
6.0773444175720215
5.887680530548096
5.791081190109253
5.854028224945068
5.804749488830566
5.952592134475708
5.714693069458008
6.2617597579956055
6.1470983028411865
5.798877954483032
5.663416862487793
6.153528928756714
5.899024963378906
5.934853553771973
5.9361443519592285
5.894706726074219
5.8312482833862305
5.895330905914307
5.99044942855835
5.865031003952026
5.9486987590789795
5.913143634796143
5.959074258804321
5.85810112953186
5.919483661651611
5.91296124458313
5.89089298248291
5.876258850097656
5.911497354507446
5.924226999282837
5.921544551849365
5.959926605224609
5.943390369415283
5.970317840576172
5.864993333816528
5.900899648666382
5.947423458099365
5.967231750488281
5.962395191192627
5.926884651184082
5.936885356903076
5.9355244636535645
5.933450222015381
5.913355350494385
5.895726203918457
5.854425668716431
5.936746835708618
6.106544733047485
5.968149662017822
6.396714925765991
6.726131439208984
6.407346248626709
5.924089193344116
5.922724485397339
6.0190184116363525
5.970659017562866
5.870640277862549
5.97285270690918
6.024854898452759
6.2087647914886475
5.971422433853149
5.986037731170654
5.862867832183838
6.019831895828247
6.712433576583862
6.156415700912476
6.5036444664001465
6.487899541854858
7.079568147659302
6.824340581893921
6.242675542831421
6.214139223098755
5.852725505828857
5.790649652481079
5.784060478210449
5.817235708236694
5.917459487915039
6.016120910644531
5.735723257064819
5.743417501449585
5.734543561935425
5.797987222671509
5.7469322681427
5.782320976257324
5.77351713180542
5.7645628452301025
5.807415008544922
5.7995240688323975
5.768630743026733
5.749794960021973
5.840282440185547
5.780853509902954
5.780259132385254
5.738802194595337
5.76244592666626
5.722045421600342
5.741223335266113
5.83995246887207
5.71636176109314
5.795248746871948
5.821783065795898
5.770828723907471
5.756179332733154
5.751259088516235
5.7520129680633545
5.811664819717407
5.804807424545288
5.774667024612427
5.852498292922974
5.761822938919067
5.743726015090942
5.763432025909424
5.832762241363525
5.940691947937012
5.867426633834839
5.788529872894287
5.838164806365967
5.760624885559082
5.8014912605285645
5.7540271282196045
5.803864479064941
5.763306140899658
5.7803685665130615
5.7562291622161865
5.771450042724609
5.726702451705933
5.802290201187134
5.795337677001953
5.736318826675415
5.761281490325928
5.842607259750366
5.759145259857178
5.7786476612091064
5.791943550109863
5.770076751708984
5.81467080116272
5.772864818572998
5.756239175796509
5.798229694366455
5.703746795654297
5.7371673583984375
6.00100040435791
6.029320955276489
5.744226932525635
5.747051239013672
5.841118335723877
5.765658617019653
5.749000310897827
5.7476091384887695
5.764834880828857
5.742335796356201
5.77708888053894
5.776912212371826
5.969012260437012
5.932083368301392
6.506875276565552
6.09397292137146
6.025141716003418
5.898804664611816
5.995453596115112
5.986535310745239
6.010608673095703
6.132604360580444
6.04574179649353
6.145784139633179
6.115426063537598
5.904052257537842
5.985317945480347
5.866329908370972
6.183877468109131
5.812124729156494
5.888628959655762
5.79121732711792
5.818962335586548
5.847963094711304
5.839141368865967
5.819350719451904
5.882572650909424
6.0047972202301025
5.9486658573150635
6.60888147354126
6.328357458114624
6.0762670040130615
6.14915919303894
6.136584997177124
6.167275905609131
6.110285043716431
6.154517650604248
6.051342248916626
6.084280967712402
6.079766750335693
6.024705648422241
6.041763067245483
6.120785474777222
6.0754554271698
6.152555227279663
6.09856653213501
6.005798101425171
6.0837156772613525
6.099976539611816
6.288348436355591
6.2879486083984375
6.157465219497681
6.0238356590271
6.0711350440979
6.399081230163574
6.036799669265747
6.0704357624053955
6.014985084533691
6.096315383911133
6.019693851470947
6.062390327453613
6.042999744415283
6.136248588562012
6.0544116497039795
6.1675519943237305
5.973849534988403
5.932795286178589
5.989316940307617
6.3302202224731445
6.554564952850342
6.074464321136475
6.103302240371704
6.069483280181885
6.027647972106934
6.045660734176636
6.076316833496094
6.006061553955078
6.199506998062134
6.039832592010498
6.131362438201904
6.153182506561279
6.338321685791016
6.3100996017456055
6.1366212368011475
6.003116846084595
6.028853893280029
6.026633262634277
6.029415607452393
6.036179304122925
6.160837411880493
6.057294607162476
6.101540803909302
6.075608968734741
6.072601795196533
6.039017677307129
6.118274688720703
6.683290004730225
6.116700172424316
6.0908894538879395
6.170122861862183
6.100174188613892
6.112827301025391
6.12727165222168
5.898417949676514
5.878661632537842
6.092974424362183
6.0707008838653564
6.108271598815918
6.05921745300293
6.010135889053345
6.110962867736816
6.083076477050781
6.055302858352661
6.079324245452881
6.155949592590332
5.375788688659668
6.13830828666687
6.167793035507202
6.1935882568359375
6.073739767074585
6.0189831256866455
6.125025510787964
6.096275806427002
5.253031015396118
6.066730737686157
6.117602109909058
5.976747035980225
5.978148937225342
6.106357574462891
6.009594202041626
5.23508095741272
5.310058832168579
5.931013107299805
5.959109306335449
6.057326793670654
5.953046560287476
6.0130815505981445
6.073906421661377
6.194263696670532
5.976623773574829
6.021101474761963
6.055943012237549
6.09698748588562
5.960120439529419
6.035042762756348
5.990560293197632
6.126811742782593
6.087586879730225
6.031626462936401
5.9919750690460205
6.170406341552734
6.045790910720825
5.971695899963379
5.975625038146973
5.998138904571533
6.0159502029418945
6.017158269882202
6.005433082580566
6.007851839065552
6.212775707244873
6.045988321304321
6.1326985359191895
5.92900013923645
6.004217147827148
6.015137672424316
6.030052423477173
6.148194789886475
6.166139125823975
6.234381198883057
6.394155025482178
6.084329605102539
5.994521141052246
5.925156354904175
5.959362745285034
6.006023406982422
5.996326446533203
6.0151143074035645
6.0268940925598145
5.99135422706604
6.046985864639282
5.95915412902832
5.9609174728393555
5.952108860015869
5.959422588348389
5.993226766586304
6.073691368103027
6.079765796661377
5.981802463531494
5.962575674057007
5.960494518280029
5.926453113555908
6.011775016784668
6.025014400482178
5.987577438354492
6.0297369956970215
6.310980319976807
6.422331809997559
6.083314418792725
6.074126958847046
6.058319091796875
6.034162998199463
6.122298002243042
6.1575493812561035
6.1037726402282715
6.147805690765381
6.112369537353516
6.146048069000244
6.072261333465576
6.075673818588257
6.128453731536865
6.050822973251343
6.1729302406311035
6.131345748901367
6.149841547012329
6.115963935852051
6.093085050582886
6.084028720855713
6.137810945510864
6.027969598770142
6.149605989456177
6.058638334274292
6.087933778762817
6.129216194152832
6.044666767120361
6.10452127456665
6.0878400802612305
6.122805595397949
6.079324245452881
6.095657110214233
6.045909643173218
6.067028045654297
6.039703369140625
6.020142555236816
6.152174234390259
6.185554504394531
6.147451639175415
6.2061662673950195
6.29582667350769
6.183594703674316
5.86228609085083
5.685388565063477
6.315181732177734
6.377666711807251
6.150630474090576
6.119168519973755
6.104198694229126
6.139893293380737
5.551046848297119
5.590083599090576
5.605095863342285
5.539036512374878
5.600091457366943
5.602093696594238
5.6481359004974365
5.619108200073242
5.643131256103516
5.53703498840332
5.571065664291382
5.4949951171875
5.592082977294922
5.596087694168091
5.693174839019775
5.564059257507324
5.447953224182129
5.645132303237915
5.6060967445373535
5.624114513397217
5.418926954269409
5.541038990020752
5.626115798950195
5.562057256698608
5.548044919967651
5.584077835083008
5.632120132446289
5.591083765029907
5.668153762817383
5.762238502502441
5.665149688720703
5.798272132873535
5.649135589599609
5.537033557891846
5.563059329986572
5.557049751281738
5.570064306259155
5.535031080245972
5.737216472625732
5.513011693954468
5.561056613922119
5.691174745559692
5.597089529037476
5.7111921310424805
5.567061901092529
5.590083360671997
5.603094816207886
5.542039394378662
5.860327482223511
5.591079235076904
5.58407735824585
5.5410377979278564
5.547044277191162
5.6101014614105225
5.525023460388184
5.572066783905029
5.617107391357422
5.579071521759033
5.620105504989624
5.540037155151367
5.558054685592651
5.634123086929321
5.553048372268677
5.6040918827056885
5.557050943374634
5.612102746963501
5.5980894565582275
5.508009195327759
5.612101793289185
5.501001596450806
5.662146329879761
5.815287828445435
5.6871702671051025
5.715195894241333
5.6050965785980225
5.508008241653442
5.482982873916626
5.577070951461792
5.511009693145752
5.536033868789673
5.54604172706604
5.672154903411865
5.5340330600738525
5.578070640563965
5.493994951248169
5.5710649490356445
5.579072952270508
5.599090814590454
5.521018981933594
5.620107650756836
5.571064710617065
5.564059257507324
5.6771628856658936
5.600091457366943
5.565059661865234
5.538035154342651
5.5910820960998535
5.626115083694458
5.600090026855469
5.561055898666382
5.5950868129730225
5.4949963092803955
5.593086004257202
6.256191253662109
6.197331666946411
6.3399293422698975
6.335963726043701
6.119456768035889
6.342256784439087
6.082318305969238
6.245314359664917
6.105665445327759
6.125936985015869
6.096136093139648
6.177000522613525
6.0825982093811035
6.08694052696228
6.093663454055786
6.043812036514282
6.033826112747192
6.09506368637085
6.1236958503723145
6.0962042808532715
5.971532821655273
6.166460037231445
5.830177307128906
6.05667519569397
6.13488245010376
6.07889461517334
6.1307594776153564
6.115592002868652
6.063189506530762
6.032446384429932
6.009515762329102
6.16518497467041
6.028054475784302
6.209856271743774
6.175683498382568
6.127849102020264
6.177590608596802
6.124261140823364
6.122856855392456
6.111128091812134
6.1499857902526855
6.21674108505249
6.153217077255249
6.102165699005127
6.114276647567749
6.163763999938965
6.118590354919434
6.076475620269775
6.149752616882324
6.2252137660980225
6.192989826202393
6.200232744216919
6.1180267333984375
6.153215169906616
6.209343194961548
6.2351179122924805
6.089499235153198
6.048980236053467
6.108489751815796
6.058185338973999
6.195998430252075
6.147928476333618
6.060161352157593
6.074653148651123
6.543988466262817
6.048890590667725
5.8936591148376465
6.067121505737305
5.966942310333252
6.005581855773926
6.020823001861572
5.9906933307647705
6.0097997188568115
6.035682678222656
6.161112546920776
6.061863422393799
6.08092188835144
6.013470888137817
6.042074918746948
6.009910345077515
6.043886184692383
5.934939861297607
6.070113658905029
5.918795585632324
6.2557690143585205
6.0943543910980225
6.073579788208008
6.071437835693359
6.040631055831909
6.056157112121582
5.9875593185424805
6.0908966064453125
6.046282768249512
6.136187314987183
6.032430648803711
6.046724796295166
6.192344665527344
6.124788045883179
6.049085378646851
6.2207276821136475
6.32890510559082
6.05085563659668
6.0553505420684814
6.059627056121826
6.147633075714111
6.238514423370361
6.126112222671509
6.1335766315460205
6.1319739818573
6.193094730377197
6.114722967147827
6.15944504737854
6.121973752975464
6.1000776290893555
6.200330495834351
6.110104322433472
5.708585977554321
5.588081359863281
5.595087766647339
5.564058542251587
5.572067022323608
5.611101388931274
5.644129514694214
5.5810747146606445
5.607098340988159
5.566060781478882
5.578071117401123
5.546041488647461
5.587080001831055
5.660147190093994
5.64112663269043
5.621109962463379
5.577070474624634
5.539034605026245
5.636124134063721
5.571066617965698
5.6361236572265625
5.545041084289551
5.64713454246521
5.535032033920288
5.613102674484253
5.593084335327148
5.715195655822754
5.635122776031494
5.573065996170044
5.537035703659058
5.6651506423950195
5.60809850692749
5.617104768753052
5.50900936126709
5.5610551834106445
5.60509729385376
5.578071355819702
5.584078073501587
5.747224569320679
5.574066638946533
5.609098672866821
5.587080240249634
5.862329959869385
5.518017292022705
5.521019697189331
5.553048610687256
5.491994380950928
5.583077669143677
5.526024341583252
5.760236740112305
5.6381261348724365
6.130520343780518
6.069978713989258
6.499620676040649
6.199866771697998
6.156224489212036
6.081271648406982
6.1153810024261475
6.154896020889282
6.143404006958008
6.109065771102905
6.093247413635254
6.112465858459473
6.06080174446106
6.062785863876343
6.086640357971191
6.17739462852478
6.060989141464233
6.20732855796814
6.281789779663086
6.800416469573975
6.184517860412598
6.156742811203003
6.102597951889038
6.183339357376099
6.095473051071167
6.17193603515625
5.982872247695923
5.999276876449585
5.996517896652222
6.4077208042144775
6.246124744415283
6.421387195587158
5.969000577926636
6.030755519866943
6.190107107162476
6.115795373916626
6.083851099014282
6.206180572509766
6.166058778762817
6.111581563949585
6.190075874328613
6.365935325622559
6.904364824295044
6.1634557247161865
6.35516881942749
6.153865337371826
6.507419586181641
6.090048313140869
6.0966105461120605
6.081509590148926
6.38791823387146
6.013219356536865
6.444410562515259
6.264002799987793
6.077838897705078
6.012365102767944
6.386199951171875
6.045429468154907
6.019423246383667
6.054563999176025
6.098998785018921
6.055467128753662
6.143878221511841
6.070387840270996
6.1385016441345215
6.1528050899505615
5.975113868713379
6.373902797698975
6.6534528732299805
6.23372745513916
6.196592092514038
6.1421058177948
6.148705005645752
6.165168285369873
6.108023405075073
6.080094814300537
6.129917144775391
6.163583517074585
6.491003751754761
6.434983253479004
6.343888521194458
6.107977867126465
6.106490135192871
6.158008813858032
6.003448009490967
6.270460844039917
6.337608098983765
6.433829069137573
6.392554759979248
6.268735408782959
5.976127862930298
6.055001497268677
6.130589485168457
6.050911903381348
6.123152017593384
6.0557825565338135
6.127332925796509
6.009382724761963
6.001753807067871
6.0997889041900635
6.0846333503723145
6.10396146774292
6.156843423843384
6.238277435302734
6.1775617599487305
6.055211067199707
6.16216254234314
6.12375807762146
6.32788610458374
6.153271675109863
6.164872646331787
6.132063627243042
6.124726295471191
6.023159027099609
6.125369310379028
6.230434894561768
6.62269139289856
6.473081350326538
6.470388889312744
6.170270919799805
6.22303581237793
6.19223427772522
6.185788869857788
6.4342498779296875
6.0916502475738525
6.608918190002441
6.23994255065918
6.077996730804443
6.0809166431427
6.025561332702637
6.19936728477478
6.1201746463775635
6.158314228057861
6.0723960399627686
6.133177757263184
6.133185625076294
6.095909357070923
6.001013994216919
6.453554630279541
6.12643837928772
6.050424575805664
6.085769891738892
6.120333194732666
6.007368564605713
5.963503837585449
6.0444653034210205
6.041760683059692
6.005511045455933
6.130298852920532
6.031858682632446
6.064286708831787
6.057328939437866
6.00203013420105
6.028467655181885
6.073990821838379
6.15266752243042
6.362928152084351
6.433636665344238
6.097088813781738
6.172976493835449
6.171078205108643
6.387637138366699
6.324570894241333
6.544005393981934
6.118592262268066
6.0864739418029785
6.152257919311523
6.21220064163208
6.637080907821655
6.933780908584595
6.561125993728638
6.294157266616821
6.054288864135742
6.1332714557647705
6.049915075302124
6.410490036010742
6.069467544555664
6.04747748374939
6.0180182456970215
6.054063081741333
6.102876901626587
6.4854137897491455
6.218602418899536
6.705770015716553
6.376816511154175
6.252945899963379
6.182240009307861
6.074397325515747
6.157919645309448
6.125823497772217
6.124429702758789
6.168044090270996
6.146763563156128
6.205501317977905
6.246814012527466
6.153918027877808
6.058494806289673
6.082216501235962
6.165332317352295
6.199268579483032
6.3100504875183105
6.259763717651367
6.257915496826172
6.100315093994141
6.253325462341309
6.213873386383057
6.691828966140747
6.4905314445495605
6.286204099655151
6.414051294326782
6.720293998718262
6.199675559997559
6.059969425201416
6.0377357006073
6.060959339141846
6.0760817527771
6.133103847503662
6.1388044357299805
6.179505109786987
6.022549867630005
6.0673980712890625
6.121709585189819
6.053739070892334
6.123780965805054
6.066243886947632
6.009673595428467
6.0362935066223145
6.174920558929443
6.166937351226807
6.330508470535278
6.614722728729248
6.668849229812622
6.472965955734253
6.076714277267456
6.331446409225464
6.1192450523376465
6.188754558563232
6.134176969528198
6.129044532775879
6.117339134216309
6.0300774574279785
6.156897783279419
6.254345655441284
6.214947462081909
6.252578020095825
6.137185096740723
6.111335277557373
6.750415325164795
6.588336706161499
6.174360513687134
6.148140907287598
6.167311429977417
6.084700345993042
6.153152942657471
6.241433382034302
6.080178499221802
6.0091893672943115
6.131977081298828
6.162572383880615
6.15137243270874
6.133508682250977
6.094083309173584
6.209293842315674
6.189441442489624
6.234615802764893
6.509656667709351
6.148131370544434
6.124681711196899
6.44717264175415
6.1556785106658936
6.12490177154541
6.151067495346069
6.085150957107544
6.060453414916992
6.03099799156189
6.144315004348755
6.464413166046143
5.998196363449097
6.04111385345459
6.028926372528076
6.064260244369507
6.042410373687744
6.070813894271851
6.127817869186401
6.098913669586182
6.136469125747681
6.179697751998901
6.129645109176636
6.061515808105469
6.036416292190552
6.041718006134033
6.0869855880737305
6.160278081893921
6.184683084487915
6.08492636680603
5.9049646854400635
6.0226826667785645
6.05279803276062
5.992315053939819
6.107909679412842
6.101362943649292
5.98577880859375
6.0520243644714355
6.038431167602539
6.09933066368103
6.127254009246826
6.077018737792969
6.208492040634155
6.118617534637451
6.022489547729492
6.029255151748657
6.30523419380188
6.208926677703857
6.179426670074463
6.427191972732544
6.114021062850952
5.987962961196899
6.073302507400513
6.089771747589111
6.1105523109436035
6.179318904876709
6.123338222503662
6.041452884674072
6.078182697296143
6.073904991149902
6.153368711471558
6.191493511199951
6.3291871547698975
6.142850160598755
5.991823434829712
6.0907018184661865
6.167016267776489
6.134918689727783
6.075658321380615
6.05588436126709
6.17590856552124
6.146477937698364
6.1618876457214355
6.193637847900391
6.14763879776001
6.206226348876953
6.201220512390137
6.133283376693726
6.07534122467041
6.206671237945557
6.171917915344238
6.107699632644653
6.11332893371582
6.185855388641357
6.141676425933838
6.149435997009277
6.10278058052063
6.142420291900635
6.1289753913879395
6.157872200012207
6.135232210159302
6.19659423828125
6.122613430023193
6.23261570930481
6.175845146179199
6.218535900115967
6.166424989700317
6.175880193710327
6.290085077285767
6.1130383014678955
6.17974328994751
6.210174560546875
6.20989203453064
6.308152198791504
6.153719425201416
6.089165449142456
6.149076700210571
6.15010666847229
6.2224180698394775
6.1340696811676025
6.27720046043396
6.378088474273682
7.00133752822876
7.264604806900024
6.742757558822632
6.84074854850769
6.819800138473511
6.824956893920898
6.565970420837402
6.66105580329895
6.720579624176025
5.982049226760864
6.093660354614258
6.119563579559326
5.918380975723267
5.868334531784058
5.9974524974823
6.203416585922241
5.900641441345215
5.857325553894043
6.057024240493774
5.86601710319519
6.025104284286499
5.843312978744507
6.461874961853027
5.952820777893066
6.401569366455078
6.4610021114349365
6.4218590259552
6.168309926986694
6.632202863693237
6.397132396697998
6.190274238586426
6.091760158538818
6.135876655578613
6.202168703079224
6.345961809158325
6.164389133453369
6.094696760177612
6.1383044719696045
6.116473197937012
6.132530212402344
6.0113654136657715
6.179292678833008
6.253411531448364
6.112210035324097
6.5099146366119385
5.718770742416382
5.708784818649292
6.400820016860962
6.269835472106934
6.135068416595459
6.224250793457031
6.261054754257202
6.238446235656738
6.247272968292236
6.404050827026367
6.169063091278076
6.350252866744995
6.232495069503784
6.374838590621948
6.87866735458374
6.39683723449707
6.2117650508880615
6.269311189651489
6.261893033981323
6.2701098918914795
6.205170154571533
6.186560153961182
6.214861631393433
6.250980854034424
6.266127824783325
6.163018703460693
6.244865417480469
6.163373708724976
6.147342681884766
6.273473262786865
6.438725471496582
6.137408256530762
6.150369167327881
6.124586582183838
6.10401177406311
6.273372173309326
6.227969408035278
6.237338066101074
6.187878847122192
6.177234888076782
6.410712957382202
6.482366323471069
6.106332778930664
6.121124982833862
6.147125959396362
6.0668017864227295
6.164258003234863
6.183293342590332
6.115360260009766
6.192208528518677
6.221786737442017
6.136776447296143
6.110462427139282
6.1881492137908936
6.252068996429443
6.167843818664551
6.258423566818237
6.293855905532837
6.210026502609253
6.2842631340026855
6.278316497802734
6.239463806152344
6.212630987167358
6.159469127655029
6.119130373001099
6.225190162658691
6.236966609954834
6.07419228553772
6.198627948760986
6.160071849822998
6.121084928512573
6.031234502792358
6.195775270462036
6.175523042678833
6.248237133026123
6.429619789123535
6.183140754699707
6.2143354415893555
6.219577312469482
6.146626710891724
6.794003963470459
6.470665216445923
6.073457717895508
6.195514440536499
6.222778797149658
6.110440254211426
6.199838876724243
6.1543474197387695
6.2073280811309814
6.240184307098389
6.202082633972168
6.266096591949463
6.274241209030151
6.255247354507446
6.1971518993377686
6.250617742538452
6.772119998931885
6.666877031326294
6.291753053665161
6.542054176330566
6.189140796661377
6.307748317718506
6.189043760299683
6.227485656738281
6.23046350479126
6.276367664337158
6.460832595825195
6.5213096141815186
6.552200078964233
6.25265097618103
6.444406986236572
6.220700263977051
6.186749458312988
6.236156463623047
6.243134498596191
6.214197874069214
6.200154066085815
6.138773202896118
6.24360990524292
6.241642236709595
6.210538625717163
6.344680309295654
6.233992338180542
6.403198957443237
6.4915549755096436
6.350413799285889
6.310497283935547
6.346439838409424
6.366814374923706
6.230095386505127
6.246706962585449
6.6199750900268555
5.959794759750366
6.109633922576904
5.9630937576293945
5.909891366958618
5.94312310218811
6.032240390777588
6.418567895889282
6.926215887069702
6.7024829387664795
6.0915093421936035
5.985757827758789
5.9811484813690186
5.931060075759888
5.948799133300781
6.470804929733276
5.886090040206909
6.083431720733643
6.24013352394104
6.149101972579956
5.845315217971802
5.819292306900024
5.861329078674316
5.89426851272583
6.465879201889038
6.740597724914551
6.330010414123535
6.20722222328186
6.149675369262695
6.191251754760742
6.203789710998535
6.149138450622559
6.110940933227539
6.133161306381226
6.2138824462890625
6.210791349411011
6.14361572265625
6.168930768966675
6.100158214569092
6.1502931118011475
6.1822614669799805
6.160388469696045
6.179280519485474
6.382293224334717
6.4638612270355225
5.955414056777954
5.922383785247803
6.274705171585083
5.946407318115234
5.862590074539185
6.073580980300903
6.0943803787231445
5.901739835739136
6.030596971511841
6.064514636993408
5.958676099777222
5.89537239074707
5.836490154266357
