Timing log for each step:
0.014012336730957031
5.308954954147339
5.313904762268066
5.2181501388549805
5.149807929992676
5.183793306350708
5.227160215377808
5.241981029510498
5.249918222427368
5.253457546234131
5.163915157318115
5.253300905227661
5.197188138961792
5.182265520095825
5.171999454498291
5.1490654945373535
5.242255926132202
5.219406843185425
5.269391059875488
5.235960483551025
5.290946006774902
5.200630187988281
5.1422038078308105
5.187913179397583
5.2336931228637695
5.268922328948975
5.165780544281006
5.362030506134033
5.193829298019409
5.291855096817017
5.262932300567627
5.323479890823364
5.204498291015625
5.307021856307983
5.240758895874023
5.2432861328125
5.240711450576782
5.262766599655151
5.159976482391357
5.225071430206299
5.289078950881958
5.3692946434021
5.224376678466797
5.300101280212402
5.196278095245361
5.314787149429321
5.296569347381592
5.2572808265686035
5.16398549079895
5.2338244915008545
5.184370040893555
5.202256441116333
5.29736590385437
5.272421598434448
5.177793264389038
5.1912713050842285
5.232407331466675
5.277142286300659
5.257879734039307
5.261707544326782
5.258396148681641
5.192312955856323
5.282906770706177
5.2744529247283936
5.2294487953186035
5.189857482910156
5.204268455505371
5.333768844604492
5.288680553436279
5.33186674118042
5.194091320037842
5.2333738803863525
5.285281658172607
5.183755159378052
5.2679359912872314
5.275542259216309
5.274107217788696
5.233765363693237
5.34648585319519
5.212334871292114
5.34268593788147
5.208857297897339
5.193464994430542
5.201946973800659
5.19086766242981
5.296989440917969
5.276717901229858
5.324406385421753
5.22883939743042
5.382463693618774
5.214308977127075
5.236818075180054
5.32602334022522
5.313003778457642
5.1592442989349365
5.273321151733398
5.286359786987305
5.2495505809783936
5.229425430297852
5.286863088607788
5.391792058944702
5.2342689037323
5.203296184539795
5.4984776973724365
5.179667711257935
5.529476165771484
5.498055696487427
5.3471596240997314
5.2564826011657715
5.296268463134766
5.330975532531738
5.288939476013184
5.2791666984558105
5.2348644733428955
5.247920989990234
5.314324140548706
5.126234531402588
5.257238388061523
5.247345209121704
5.239994764328003
5.205036163330078
5.3740034103393555
5.30509352684021
5.28882360458374
5.22813606262207
5.169280052185059
5.258976221084595
5.454236745834351
5.196249008178711
5.183811664581299
5.313983678817749
5.253210067749023
5.2337965965271
5.278417587280273
5.292407989501953
5.144900798797607
5.269008636474609
5.2458600997924805
5.325943231582642
5.2829203605651855
5.310019254684448
5.241774320602417
5.414181709289551
5.338041067123413
5.263416528701782
5.329847574234009
5.466349363327026
5.178844213485718
5.278463840484619
5.160016775131226
5.269167423248291
5.186821222305298
5.256972789764404
5.258262634277344
5.293216943740845
5.164169549942017
5.325918674468994
5.330186128616333
5.24327278137207
5.308918714523315
5.279914855957031
5.298937082290649
5.288408994674683
5.169013261795044
5.3460612297058105
5.293090581893921
5.292622327804565
5.2679057121276855
5.1731297969818115
5.235973358154297
5.225243330001831
5.180730581283569
5.228952169418335
5.232686281204224
5.298036575317383
5.2190845012664795
5.337558031082153
5.246753692626953
5.201574802398682
5.3141138553619385
5.197199583053589
5.255716562271118
5.65773344039917
4.770888566970825
5.2719433307647705
5.360947608947754
5.286899566650391
5.37341833114624
5.417009115219116
5.2442522048950195
5.32606315612793
5.245861530303955
5.372488975524902
5.372091293334961
5.330563545227051
5.2789626121521
5.253096580505371
5.254487752914429
5.257946968078613
5.319395303726196
5.383220911026001
5.287734270095825
5.266201496124268
5.180178880691528
5.318162441253662
5.371678590774536
5.327792406082153
5.620760679244995
5.386944532394409
5.415772438049316
5.208327770233154
5.319986820220947
5.245394229888916
5.275242567062378
5.261920213699341
5.3074631690979
5.136236190795898
5.312264919281006
5.214842081069946
5.269466400146484
5.2698915004730225
5.186190128326416
5.263033866882324
5.256213903427124
5.341050863265991
5.47150731086731
5.351104497909546
5.27713418006897
5.293320417404175
5.291285276412964
5.418298006057739
5.199613809585571
5.334391355514526
5.3203125
5.284949064254761
5.207128047943115
5.2818896770477295
5.369194746017456
5.230947017669678
5.406982421875
5.262876272201538
5.285031080245972
5.2399046421051025
5.251531362533569
5.3620288372039795
5.326779365539551
5.2862608432769775
5.273848056793213
5.1917643547058105
5.230774879455566
5.3140504360198975
5.372204303741455
5.167095899581909
5.328112363815308
5.297043085098267
5.2772345542907715
5.262377738952637
5.293455362319946
5.201793909072876
5.276667356491089
5.287631034851074
5.271856069564819
5.3013763427734375
5.229884386062622
5.182007074356079
5.274913311004639
5.35653281211853
5.294910430908203
5.301387071609497
5.302930593490601
5.283475160598755
5.215340852737427
5.283371686935425
5.28235650062561
5.216867923736572
5.155184745788574
5.2306342124938965
5.350001811981201
5.193828582763672
5.370266437530518
5.320241689682007
5.329902172088623
5.256196975708008
5.21003794670105
5.357008457183838
5.255336046218872
5.239295244216919
5.253924369812012
5.208199501037598
5.217487096786499
5.316384553909302
5.263253927230835
5.231322288513184
5.34954833984375
5.254934787750244
5.267001390457153
5.286865472793579
5.292395830154419
5.257187366485596
5.358147382736206
5.287904500961304
5.288999319076538
5.1621997356414795
5.29224967956543
5.240433931350708
5.314174175262451
5.359043121337891
5.286928415298462
5.264301300048828
5.256162166595459
5.2429327964782715
5.3519675731658936
5.295392751693726
5.200215578079224
5.396568536758423
5.349775791168213
5.35645055770874
5.2958784103393555
5.296942234039307
5.218610525131226
5.268709659576416
5.266168832778931
5.225440740585327
5.363044261932373
5.239824295043945
5.383169174194336
5.3022682666778564
5.328096389770508
5.2194366455078125
5.304357290267944
5.188867568969727
5.247868537902832
5.333556890487671
5.301921129226685
5.218995571136475
5.268560171127319
5.2937846183776855
5.2973082065582275
5.264606475830078
5.270052671432495
5.279893636703491
5.364641189575195
5.270282745361328
5.332106113433838
5.158809423446655
5.320925951004028
5.332475662231445
5.2138283252716064
5.34135365486145
5.2887773513793945
5.2928245067596436
5.218796014785767
5.28333044052124
5.380802392959595
5.263238191604614
5.342936754226685
5.244801759719849
5.305084943771362
5.202299356460571
5.25931453704834
5.322842359542847
5.3119895458221436
5.299314975738525
5.268909454345703
5.186112642288208
5.325886011123657
5.256306886672974
5.392870664596558
5.679228782653809
5.191787004470825
5.387160539627075
5.215499639511108
5.621265888214111
5.229912996292114
5.262169599533081
5.219603776931763
5.249107122421265
5.55998420715332
5.500586271286011
5.366998672485352
5.261507034301758
5.370060920715332
5.301626920700073
5.150326490402222
5.642326593399048
5.5844810009002686
5.1708762645721436
5.3604936599731445
5.230818271636963
5.401498794555664
5.466946363449097
5.327216386795044
5.496108531951904
5.220850229263306
5.352783679962158
5.292160987854004
5.298015117645264
5.272956609725952
5.367928743362427
5.359283924102783
5.2663962841033936
5.219913005828857
5.169417142868042
5.463603258132935
5.3636603355407715
5.380063772201538
5.29905366897583
5.339922904968262
5.219438791275024
5.469560384750366
5.2771711349487305
5.323360443115234
5.4810919761657715
5.1783387660980225
5.263025760650635
5.419973611831665
5.305247068405151
5.43048620223999
5.37186598777771
5.302930593490601
5.344588041305542
5.363852262496948
5.5161614418029785
5.4126715660095215
5.309699535369873
5.274978399276733
5.302065134048462
5.502197742462158
5.382005929946899
5.221005201339722
5.302075386047363
5.256994962692261
5.507245302200317
5.593245029449463
5.3337788581848145
5.353935956954956
5.2637364864349365
5.500111818313599
5.448367357254028
5.276862382888794
5.385002374649048
5.451298952102661
5.322661876678467
5.389358282089233
5.29787540435791
5.566190242767334
5.248396396636963
5.278272390365601
5.329172372817993
5.294913053512573
5.375272512435913
5.524174451828003
5.401524066925049
5.497093677520752
5.2296552658081055
5.2044970989227295
5.353291273117065
5.6502368450164795
5.597305774688721
5.266049861907959
5.376159906387329
5.297957420349121
5.4192023277282715
5.31047797203064
5.368396282196045
5.486942768096924
5.161432266235352
5.563775539398193
5.2756264209747314
5.31542181968689
5.787198305130005
5.401831865310669
5.359150409698486
5.285280704498291
5.443446397781372
5.442158460617065
5.330816984176636
5.450078248977661
5.288881540298462
5.2659947872161865
5.445167541503906
5.489157676696777
5.264901161193848
5.386916875839233
5.416510820388794
5.333438158035278
5.487309694290161
5.188111066818237
5.282347679138184
5.737720251083374
5.49311900138855
5.341413736343384
5.285138845443726
5.451376914978027
5.5381410121917725
5.36437463760376
5.2373998165130615
5.291812181472778
5.675688743591309
5.524134874343872
5.244548320770264
5.337944507598877
5.508523941040039
5.707911491394043
5.250099182128906
5.286894798278809
5.487148761749268
5.514801740646362
5.36295223236084
5.424042463302612
5.430117130279541
5.446293115615845
5.565492630004883
5.384091138839722
5.320379734039307
5.3739540576934814
5.646285772323608
5.69730019569397
5.317988157272339
5.3815836906433105
5.732670783996582
5.482052803039551
5.36626672744751
5.5412328243255615
5.263272285461426
5.5312745571136475
5.780628681182861
5.282931327819824
5.439110040664673
5.625672101974487
5.312920093536377
5.309869289398193
5.229952573776245
5.70665168762207
5.745258808135986
5.2175774574279785
5.358375310897827
5.542273044586182
5.671303987503052
5.362982273101807
5.3856120109558105
5.456142902374268
5.706257581710815
5.361793041229248
5.273944854736328
5.456063508987427
5.692737102508545
5.591519594192505
5.368618965148926
5.528824806213379
5.326439619064331
5.575041055679321
5.52932596206665
5.263640403747559
5.557292461395264
5.4103803634643555
5.384373426437378
5.809401273727417
5.597237586975098
5.3913469314575195
5.46146821975708
5.625691652297974
5.3561131954193115
5.585429668426514
5.308325529098511
5.305037975311279
5.3328447341918945
5.5230185985565186
5.367973327636719
5.363788604736328
5.667380094528198
5.723022937774658
5.402264356613159
5.586156368255615
5.3021910190582275
5.545966386795044
5.6994242668151855
5.29842472076416
5.2383644580841064
5.7150092124938965
5.5814807415008545
5.2393481731414795
5.274320125579834
5.600149631500244
5.550322532653809
5.537833213806152
5.637658357620239
5.4853434562683105
5.215719223022461
5.321258544921875
5.476204872131348
5.671698093414307
5.601613998413086
5.176719903945923
5.124671936035156
5.5830910205841064
5.703200101852417
4.931497097015381
5.173717021942139
5.244782447814941
5.2557923793792725
5.416938781738281
5.037594318389893
5.367895603179932
5.097646713256836
5.35688328742981
5.396920919418335
5.212752342224121
5.176719665527344
5.587094306945801
5.440960645675659
4.793370723724365
5.217757225036621
5.526038408279419
5.598103761672974
5.4539713859558105
5.011570692062378
5.416938543319702
5.354881763458252
5.398920774459839
5.199741363525391
5.263798713684082
5.487002372741699
5.727220773696899
5.337867259979248
5.085636138916016
5.3528807163238525
5.609113693237305
5.142690181732178
5.322853088378906
5.6101155281066895
5.345872640609741
5.179722309112549
5.347877025604248
5.733227014541626
5.552061319351196
5.583090543746948
5.356884956359863
5.430951356887817
5.248786926269531
5.085636854171753
5.220759391784668
5.605109930038452
5.310842514038086
5.234773635864258
5.147693634033203
5.6731719970703125
5.525037050247192
5.380904674530029
5.155701160430908
5.276810646057129
5.493008375167847
5.281816005706787
5.265802621841431
5.204744577407837
5.31484580039978
5.597102642059326
5.242780447006226
5.2087485790252686
5.255791425704956
5.338868141174316
5.105654954910278
5.179722785949707
5.3668928146362305
5.6271302700042725
5.491006374359131
5.410933256149292
5.204745769500732
5.527040243148804
5.583089828491211
5.475992918014526
5.261798858642578
5.292825698852539
5.130677938461304
5.560068607330322
5.4299516677856445
4.839413166046143
5.3889124393463135
5.420942544937134
5.348876237869263
5.39091420173645
5.24077844619751
5.524035930633545
5.66816782951355
5.214754581451416
5.257794380187988
5.6601598262786865
5.419941663742065
5.239777326583862
5.174718856811523
5.404928922653198
5.3078389167785645
5.447967290878296
5.233772039413452
5.376901626586914
5.546056032180786
5.420942306518555
5.045598983764648
5.609114408493042
5.523035526275635
5.373899936676025
5.233771800994873
5.5910985469818115
5.593099355697632
5.099651098251343
5.2798144817352295
5.535047292709351
5.579086065292358
5.38591194152832
5.123672723770142
5.36589241027832
5.430951118469238
5.475992441177368
5.463981866836548
5.265800714492798
5.522034645080566
5.521034479141235
5.385910272598267
5.3728978633880615
4.970531702041626
5.472990274429321
5.535045385360718
5.52103328704834
5.370897054672241
5.245783805847168
5.414937973022461
5.0886383056640625
5.2537901401519775
5.367893695831299
5.568075656890869
5.471989631652832
5.639140605926514
5.596102714538574
5.16170597076416
5.1837263107299805
5.431952476501465
5.562071084976196
5.391915798187256
5.220760107040405
5.52703857421875
5.612117290496826
5.188730716705322
5.271806240081787
5.206747055053711
5.390915632247925
5.370897531509399
5.497013330459595
5.502016067504883
5.524035930633545
5.091642618179321
5.340870141983032
5.436957120895386
5.429951190948486
5.412936449050903
5.198740005493164
5.173717021942139
5.497012615203857
5.531043529510498
5.21075177192688
5.278812408447266
5.575081825256348
5.108656883239746
5.075628280639648
5.209750175476074
5.651152849197388
5.553063631057739
5.261796951293945
5.375900745391846
5.439959287643433
5.447968006134033
5.175718307495117
5.001560926437378
5.6701695919036865
5.5560643672943115
5.1887311935424805
5.562070608139038
5.4860007762908936
5.38190770149231
5.223762273788452
5.313844919204712
5.311844348907471
5.380906820297241
5.271806955337524
5.487002611160278
5.592098236083984
5.116665363311768
5.173717498779297
5.646148443222046
5.470987558364868
5.292823553085327
5.3368659019470215
5.349878311157227
5.1667115688323975
4.979540586471558
5.252788543701172
5.54105281829834
5.4649834632873535
5.579087018966675
5.131679058074951
5.235773324966431
5.71921443939209
5.479996204376221
5.197738885879517
5.271806478500366
5.526038646697998
5.498013734817505
5.1126625537872314
5.0616161823272705
5.5760838985443115
5.422945022583008
5.152698755264282
5.232770919799805
5.773263931274414
5.723217964172363
5.311842679977417
4.962522983551025
5.383908987045288
5.404927730560303
5.335865259170532
5.289822578430176
5.389914035797119
5.2107508182525635
5.125674724578857
5.569077491760254
5.591097354888916
5.02258038520813
5.056610107421875
5.598104000091553
5.5570666790008545
5.062615394592285
5.19974160194397
5.676175117492676
5.709203720092773
5.203744888305664
5.19473671913147
5.058613300323486
5.382907867431641
5.498013496398926
4.932498455047607
5.181725025177002
5.166711091995239
5.520032644271851
5.708204507827759
5.132680416107178
5.276810884475708
5.356884002685547
5.730224847793579
5.181725025177002
5.325857162475586
5.206747531890869
5.581087589263916
5.216756105422974
5.200742483139038
5.061615943908691
5.512025833129883
5.493008852005005
5.293823003768921
5.212752342224121
5.328857660293579
5.505019664764404
4.993554592132568
5.179722547531128
5.463982582092285
5.5190324783325195
5.177720785140991
5.197740316390991
5.5570666790008545
5.466984748840332
5.399923324584961
5.2127525806427
5.215754508972168
5.334863901138306
5.509023189544678
5.319849729537964
5.137684106826782
5.227765798568726
5.410933971405029
5.572080135345459
5.255791902542114
5.225764274597168
5.5730812549591064
5.3889148235321045
5.238776683807373
5.091642141342163
5.306838274002075
5.134681701660156
5.238776445388794
5.226765871047974
5.167711973190308
5.259795427322388
5.117665767669678
5.203744173049927
5.5060200691223145
5.293826341629028
5.353880882263184
5.235773086547852
5.414936780929565
5.345875024795532
5.217757225036621
5.103652477264404
5.602107286453247
5.103653907775879
5.22876763343811
5.324854373931885
5.309842109680176
5.1196675300598145
5.227766036987305
5.250786542892456
5.210750102996826
5.278813600540161
5.090641736984253
5.1847264766693115
5.317849397659302
5.159703731536865
5.132678747177124
5.237776756286621
5.197738885879517
5.253789186477661
5.187729120254517
5.174717664718628
5.236774206161499
5.146693229675293
5.386912107467651
5.098649978637695
5.199740171432495
5.306838274002075
5.219758749008179
5.073626518249512
5.244783163070679
5.136683225631714
5.2908241748809814
5.4579758644104
5.100650072097778
5.104654312133789
5.0415966510772705
5.221760988235474
5.214755296707153
5.164709568023682
5.159703731536865
5.12166953086853
5.177720785140991
5.121669769287109
5.174716949462891
5.212752342224121
5.2337706089019775
5.157702684402466
5.175718545913696
5.271806955337524
5.176720857620239
5.094644784927368
5.177720546722412
5.232771873474121
5.127676248550415
5.078630208969116
5.287821292877197
5.210751056671143
5.260796546936035
5.211751699447632
5.149693489074707
5.194737434387207
5.216756105422974
5.222761869430542
4.879448890686035
5.130677938461304
5.214753866195679
5.002562046051025
5.298830986022949
5.137685060501099
5.110659837722778
5.262797594070435
4.983543872833252
5.244781732559204
5.226765871047974
5.2097487449646
5.188730716705322
5.0185770988464355
5.172715902328491
5.3318610191345215
5.228767395019531
5.014571666717529
5.233771800994873
5.272805690765381
5.0716235637664795
5.220759868621826
5.114664077758789
5.279813289642334
5.236775875091553
5.256792783737183
5.1536993980407715
5.188731670379639
5.226764917373657
5.191733121871948
5.201743125915527
5.232769966125488
5.303835153579712
5.148693561553955
5.18572735786438
5.281815767288208
5.165709495544434
5.197738409042358
5.327857732772827
5.231771230697632
5.0646185874938965
5.240777969360352
5.231770038604736
5.013571262359619
5.302834510803223
5.260795831680298
5.036592245101929
4.982542991638184
5.306838512420654
5.199742078781128
5.2567925453186035
5.209749698638916
5.017574787139893
5.231769800186157
5.275810956954956
5.19273567199707
5.128676652908325
5.057612419128418
5.256792783737183
5.242780923843384
5.174717903137207
5.141687631607056
5.123671293258667
4.737318992614746
5.015573501586914
5.3718976974487305
5.185728073120117
4.949512481689453
5.149696588516235
5.089640378952026
5.268803358078003
5.1987409591674805
5.2457826137542725
5.245783090591431
5.321851491928101
4.95551872253418
5.099649906158447
5.137684106826782
5.148693799972534
5.1897313594818115
5.06261682510376
5.1546995639801025
5.296829700469971
5.079631090164185
5.069622039794922
5.317847490310669
5.276810884475708
4.99655556678772
5.249786853790283
5.221760272979736
5.259795427322388
4.941505670547485
5.215755224227905
5.236774206161499
5.179721832275391
5.214755058288574
5.026583671569824
5.219758749008179
5.208749055862427
5.179722309112549
5.172716856002808
5.149696111679077
4.892460823059082
5.252789735794067
5.0986487865448
5.211750030517578
5.007565498352051
5.225764513015747
5.159703969955444
5.172716379165649
5.331861257553101
5.291824817657471
5.21875786781311
5.1166651248931885
5.106656312942505
5.147693872451782
5.057612180709839
5.159703016281128
5.226765155792236
5.223762273788452
5.309841156005859
5.212751865386963
5.314845323562622
4.99455451965332
5.174717903137207
5.259795427322388
5.116664409637451
5.049604654312134
4.810385465621948
5.205745697021484
5.074627161026001
5.183726072311401
5.061615228652954
5.230768442153931
5.206747770309448
5.259795665740967
5.142688512802124
5.173717021942139
5.222761631011963
5.0175745487213135
5.171715259552002
5.174717903137207
5.128676891326904
5.236774206161499
5.174717903137207
5.122671842575073
5.0526063442230225
5.089641809463501
4.968529462814331
5.169713258743286
5.185728311538696
5.152697563171387
5.119667053222656
5.24177885055542
5.203744173049927
5.308840274810791
5.066619634628296
5.246783256530762
5.181724309921265
5.3028342723846436
5.2077476978302
5.169714450836182
4.970532178878784
5.099648714065552
5.048603773117065
5.227765798568726
5.1917335987091064
5.2017433643341064
5.095646619796753
5.270805597305298
5.234772205352783
5.181723594665527
5.050605535507202
5.265801191329956
5.175719738006592
5.082633972167969
5.28181529045105
5.16070556640625
5.139685869216919
5.230768918991089
5.214754343032837
5.210749864578247
4.853426456451416
5.256792306900024
5.0606138706207275
4.999558687210083
5.044599533081055
5.092642545700073
5.2668023109436035
5.164707183837891
5.240779161453247
5.257794380187988
5.227766513824463
5.257793188095093
4.868439435958862
5.262798070907593
5.084635257720947
4.951514482498169
5.050605535507202
5.232770919799805
5.158704519271851
5.1917335987091064
5.123670816421509
5.224763870239258
5.214753866195679
5.15870475769043
5.266801595687866
5.253790378570557
5.193735599517822
5.2187583446502686
5.2888219356536865
5.085636854171753
4.935500860214233
5.133681297302246
4.952515602111816
4.953516006469727
5.110660552978516
5.128676652908325
5.170714855194092
5.16170597076416
5.15870475769043
5.2597949504852295
5.200740098953247
5.216756105422974
5.2147536277771
5.1326799392700195
5.214755058288574
5.134681701660156
5.142688989639282
5.254790306091309
4.971532583236694
4.891460180282593
5.17972207069397
5.205745697021484
5.202744483947754
5.111661672592163
5.009567975997925
5.294827222824097
5.2127532958984375
5.216756105422974
5.180723428726196
4.958521842956543
5.244783163070679
5.0466015338897705
5.0135722160339355
5.178720235824585
5.2708046436309814
5.176719665527344
5.232771158218384
5.157700777053833
5.194737195968628
5.103653192520142
5.09064245223999
5.180722951889038
5.254790544509888
5.239774703979492
5.140686750411987
5.069622039794922
5.2357728481292725
5.332862854003906
5.3558831214904785
5.124672174453735
5.113662242889404
5.260796070098877
5.187729597091675
5.209749460220337
5.249785661697388
5.119668245315552
5.170714616775513
5.1787214279174805
5.163707971572876
5.080632925033569
5.330860376358032
5.026582717895508
5.047600984573364
5.1166651248931885
5.034590482711792
5.029584884643555
5.190731525421143
5.294827938079834
5.157703161239624
5.121670246124268
5.1977386474609375
5.255791187286377
5.014573097229004
5.115664482116699
5.142688035964966
5.238776445388794
5.267802476882935
4.963526248931885
5.217756986618042
5.057610750198364
5.052606582641602
5.236774444580078
4.991551160812378
5.158703088760376
5.130677700042725
5.085636377334595
5.2858192920684814
5.1587042808532715
5.132680654525757
5.165707349777222
5.190732002258301
5.1817262172698975
5.2507874965667725
5.195736408233643
5.135683059692383
5.186727046966553
5.089640140533447
5.014572381973267
5.218759059906006
5.230771064758301
5.068621397018433
5.06261420249939
5.089640140533447
5.211751461029053
5.161706209182739
5.318849802017212
5.17371678352356
5.092641830444336
4.992552995681763
4.963527202606201
5.14469051361084
5.1867287158966064
5.139683723449707
5.329859495162964
5.058613061904907
5.160706281661987
4.99055027961731
5.261796474456787
5.091643333435059
5.085637092590332
5.246784687042236
5.054609060287476
5.1406872272491455
5.0165746212005615
5.336866140365601
5.028584718704224
5.267802953720093
5.1867287158966064
5.174718379974365
5.0165746212005615
5.01457142829895
5.111661911010742
5.109658479690552
5.200740575790405
5.227766036987305
5.212753534317017
4.997557163238525
5.066620349884033
5.298830032348633
5.1116602420806885
5.216756105422974
5.203745603561401
5.144692420959473
4.947510719299316
5.168713808059692
5.121669769287109
5.203743934631348
5.224764108657837
5.2077484130859375
5.1116602420806885
5.247785329818726
5.204745531082153
5.232771158218384
5.214754581451416
5.033589839935303
5.168712139129639
5.026582479476929
5.0986487865448
5.26780104637146
4.997556447982788
5.264799118041992
5.216756820678711
5.033589839935303
5.16571044921875
5.064618825912476
5.170714616775513
4.9745354652404785
5.279814004898071
5.217757225036621
5.224764585494995
5.022579193115234
5.025582551956177
5.119668960571289
5.133680105209351
5.281815767288208
4.776353120803833
4.936500549316406
5.081632614135742
5.18472695350647
5.146692991256714
5.044600963592529
5.305837154388428
5.051606893539429
5.381906747817993
5.2137532234191895
5.087643623352051
5.136682748794556
5.082634687423706
5.20374321937561
5.317847728729248
5.1146628856658936
5.315846920013428
5.326855421066284
5.2427802085876465
5.221760988235474
5.043599367141724
5.188729524612427
5.120669603347778
5.713209390640259
5.005563974380493
5.1516969203948975
5.196736812591553
5.161705732345581
5.079630613327026
5.15670108795166
5.20975136756897
4.913480520248413
5.103654384613037
5.124670505523682
5.135682106018066
4.993552923202515
5.207749128341675
5.02057671546936
5.124671459197998
4.994553804397583
5.202744483947754
5.052607536315918
5.034590721130371
5.074626207351685
5.179722785949707
5.161706447601318
5.129677057266235
5.0185747146606445
4.919485569000244
5.088638782501221
5.202743291854858
5.175718784332275
4.969530820846558
5.0926432609558105
5.162706613540649
5.247784614562988
5.05961275100708
5.16471004486084
5.234772682189941
5.24177885055542
5.202744007110596
4.940505266189575
5.2227606773376465
5.279812574386597
5.140686750411987
5.1947362422943115
5.162708044052124
5.079630374908447
5.1246726512908936
5.200741529464722
5.27581000328064
5.2457826137542725
5.319849967956543
5.238776683807373
5.158704519271851
5.378904104232788
5.242779731750488
5.155701398849487
5.297830104827881
5.001561403274536
5.2647998332977295
5.107657432556152
4.998558759689331
5.136683225631714
5.057611465454102
5.180724382400513
5.209749460220337
5.202744483947754
5.202744960784912
5.225764513015747
5.195736885070801
5.19573712348938
5.2017433643341064
5.194724798202515
5.229768753051758
5.141688346862793
5.208749055862427
5.223763465881348
5.017575979232788
5.1056554317474365
5.184727191925049
5.076627731323242
5.029585838317871
5.088639259338379
5.179722785949707
5.280813932418823
5.156701326370239
5.0976479053497314
5.028585195541382
5.3278586864471436
5.126675367355347
5.036591529846191
5.1466920375823975
5.1787214279174805
5.318849325180054
5.1827263832092285
5.224763631820679
5.234772443771362
5.070624589920044
5.1356823444366455
5.268803834915161
5.2507874965667725
5.12667441368103
5.292825698852539
5.180723667144775
5.174718618392944
5.19573712348938
5.025582790374756
5.080631494522095
5.170714855194092
5.252788782119751
5.2117533683776855
5.199740886688232
4.85943078994751
5.333863019943237
5.217757940292358
5.160704612731934
5.1196677684783936
5.092644214630127
5.136682748794556
5.2437803745269775
5.102651834487915
5.19573712348938
5.082634210586548
5.130677700042725
5.23377251625061
5.028584957122803
5.096647024154663
4.9144816398620605
5.201742649078369
5.047602415084839
5.171715021133423
5.085636615753174
5.290823459625244
5.295828342437744
5.148694038391113
5.2217607498168945
5.117663860321045
5.113662004470825
5.0025599002838135
5.159704208374023
4.993553161621094
5.137683868408203
5.152697563171387
5.1627068519592285
5.1657092571258545
5.2297680377960205
5.195738792419434
5.20074200630188
5.0566112995147705
5.187730550765991
5.315845966339111
5.364891529083252
5.043599605560303
4.986546277999878
5.203745365142822
4.9214866161346436
5.227766275405884
5.036591529846191
5.2617974281311035
5.107656240463257
5.215755224227905
5.252789735794067
5.185728311538696
4.918484449386597
5.352880001068115
5.329859495162964
4.945508718490601
5.040597200393677
5.278812408447266
5.2497851848602295
5.2247631549835205
5.278812646865845
5.2728047370910645
5.108657121658325
5.163707494735718
5.260796546936035
5.102651834487915
5.01957631111145
5.2137534618377686
4.92749285697937
5.248786926269531
5.065618276596069
5.074625253677368
5.181724548339844
4.9975574016571045
5.176719903945923
5.066619634628296
5.244781732559204
5.016574382781982
5.145690679550171
5.13267970085144
5.158703088760376
5.095646858215332
4.977538347244263
5.044598817825317
5.214754581451416
5.132678031921387
5.164708614349365
4.99155068397522
5.0335893630981445
5.214754104614258
5.166710615158081
5.152697563171387
5.001560211181641
5.19573712348938
5.162707090377808
5.277811050415039
5.154698848724365
5.188730239868164
5.171715021133423
5.035591125488281
5.330860376358032
5.16170597076416
5.171715021133423
5.187728643417358
5.2487852573394775
5.1637091636657715
5.265800476074219
5.292825698852539
5.309840202331543
5.002561092376709
5.180724382400513
5.143690347671509
5.250787258148193
5.288821697235107
5.22176194190979
5.236774444580078
5.2287678718566895
5.262798547744751
5.1166651248931885
5.142688274383545
5.203744649887085
5.210750102996826
5.060612916946411
5.172716379165649
5.2397780418396
5.322853088378906
5.137685298919678
5.1526970863342285
5.215754985809326
5.16671085357666
5.11165976524353
5.177719354629517
5.268803596496582
5.088639497756958
5.128675699234009
5.198740005493164
5.089639186859131
5.077629327774048
5.231770038604736
5.255791187286377
5.338867664337158
5.145691633224487
5.130677700042725
4.858429670333862
5.051605224609375
5.019576549530029
5.040595531463623
5.069622278213501
5.035590887069702
5.326857328414917
5.005563497543335
5.259795188903809
5.182725429534912
5.19974160194397
5.096646308898926
4.873443126678467
5.109658718109131
5.099650859832764
5.2377753257751465
5.117666721343994
5.2217607498168945
5.155700445175171
5.141687393188477
5.015572547912598
5.059613943099976
5.263800382614136
5.352879762649536
5.113661527633667
5.199740409851074
5.253791093826294
5.201741695404053
5.31985068321228
5.143689155578613
5.2507874965667725
5.250787019729614
5.215756177902222
5.210751295089722
4.940504789352417
5.1967384815216064
5.054609060287476
5.203744411468506
5.124672889709473
5.318848133087158
5.27080512046814
5.2658021450042725
5.2247633934021
5.125672817230225
5.263798713684082
5.164709091186523
4.888458251953125
5.306838512420654
5.193734884262085
5.259796619415283
5.114664316177368
5.082634449005127
5.1276750564575195
5.00456166267395
5.217756271362305
5.207748174667358
5.2127525806427
5.177720785140991
5.165710687637329
5.236774206161499
5.01857590675354
5.156702518463135
5.216756582260132
5.0996503829956055
5.256792306900024
5.1787214279174805
5.214754819869995
5.1536993980407715
5.316847324371338
5.2557923793792725
5.103654146194458
5.161707162857056
5.094644784927368
5.2297680377960205
5.154699087142944
5.26379919052124
5.142688751220703
5.110659837722778
5.10565447807312
5.2287681102752686
5.079631328582764
5.070623874664307
5.244782447814941
5.0836358070373535
5.289823770523071
5.238776206970215
5.055609941482544
5.18673038482666
5.154701471328735
5.023580551147461
5.13868522644043
4.943508625030518
5.363890171051025
5.231769800186157
5.212752342224121
5.121668577194214
5.051606893539429
5.348876953125
5.3078391551971436
4.949512720108032
5.281816005706787
5.093644380569458
5.083634853363037
5.141688346862793
5.267801761627197
5.089638710021973
5.07062292098999
5.254790544509888
5.2838170528411865
5.250787019729614
5.196737289428711
4.987547397613525
5.188730955123901
4.948511600494385
5.1026527881622314
4.965527296066284
5.150696516036987
5.258793830871582
5.285818099975586
5.130678176879883
5.228766918182373
5.245782375335693
5.1657092571258545
5.095645427703857
5.160705089569092
5.167711973190308
5.137684345245361
5.229767799377441
5.147693157196045
4.847418785095215
5.358886241912842
5.07963228225708
5.195736885070801
5.1276750564575195
5.060614109039307
5.249786376953125
5.267802715301514
5.220760107040405
5.265800952911377
5.1997411251068115
5.240777969360352
5.190732955932617
5.191734552383423
5.193735361099243
5.232769012451172
5.226765155792236
4.966528654098511
5.212752819061279
5.3028342723846436
5.141688346862793
5.171715021133423
4.94851016998291
5.234771966934204
5.315845727920532
5.191734313964844
5.153697729110718
5.208750009536743
5.227766513824463
4.998558044433594
5.278813362121582
5.083634853363037
5.204745292663574
5.117666006088257
5.124672889709473
5.1136627197265625
5.15470027923584
5.231768369674683
4.721304178237915
5.244781970977783
5.19673752784729
5.155699729919434
4.787366151809692
5.180722951889038
5.144690990447998
5.2237632274627686
5.1627068519592285
5.308839797973633
5.017573833465576
5.228767156600952
5.156700849533081
5.301833868026733
5.343871831893921
5.098649263381958
5.144690752029419
5.2858192920684814
5.167711496353149
5.0796308517456055
5.1366822719573975
5.092642545700073
4.985544919967651
5.215755224227905
5.2858192920684814
5.172715663909912
5.138685703277588
5.236775159835815
5.258793354034424
5.236774444580078
5.184726715087891
5.152698040008545
5.122670650482178
5.224764108657837
5.245782375335693
5.117666006088257
5.2137532234191895
4.995554447174072
5.24177885055542
4.991552114486694
5.248785018920898
5.087639093399048
5.196738958358765
5.232770919799805
5.234772205352783
5.214754581451416
5.179723262786865
5.311842918395996
5.268804550170898
5.227766036987305
5.247783899307251
5.032589435577393
5.263799428939819
5.333859920501709
5.2347731590271
5.3268561363220215
5.29783034324646
5.118666648864746
5.2938268184661865
5.0506041049957275
4.821395635604858
5.18472695350647
5.1516969203948975
5.144691705703735
5.042596817016602
5.227765798568726
5.199740886688232
5.1827263832092285
5.299832105636597
5.182724475860596
5.234772443771362
5.229768514633179
5.232770919799805
5.126673936843872
5.22676420211792
5.065619468688965
5.165710210800171
4.9755377769470215
5.140688180923462
5.246784687042236
5.116666078567505
5.2537901401519775
5.3138439655303955
5.005563497543335
5.025581359863281
5.1196675300598145
5.1336798667907715
5.039594650268555
5.260796070098877
5.0906407833099365
5.1516969203948975
5.208747863769531
5.224763631820679
5.7612526416778564
6.727133750915527
6.602019786834717
7.105478286743164
6.157614231109619
6.380817890167236
8.111380815505981
8.240513801574707
8.071358680725098
7.465807199478149
7.5709028244018555
7.3346874713897705
6.9883713722229
8.037327766418457
8.053343057632446
6.464893817901611
7.889193058013916
8.383643627166748
6.115573883056641
6.847242593765259
8.400660037994385
8.084370851516724
7.420765161514282
7.966263294219971
8.282550811767578
6.231681823730469
7.364714622497559
7.260619640350342
6.541964530944824
8.784008741378784
6.117577791213989
7.31266713142395
8.157439947128296
7.417762756347656
7.48382306098938
7.926226377487183
7.27363133430481
7.787099361419678
6.787187576293945
6.781182765960693
6.721127510070801
6.1806347370147705
7.4998369216918945
7.753068447113037
6.19164514541626
6.025493383407593
7.683004856109619
7.389737606048584
6.360799074172974
6.326768159866333
7.558893203735352
7.692012786865234
7.4097559452056885
7.7000203132629395
7.373723268508911
7.639966011047363
6.573993921279907
8.015308141708374
7.790102481842041
6.367806673049927
7.358709096908569
7.324678421020508
8.062350988388062
6.593011140823364
6.552973508834839
7.8571624755859375
8.519767999649048
8.862080335617065
6.638051986694336
7.131502151489258
6.109570264816284
6.127586841583252
7.74005651473999
7.85316014289856
6.400835990905762
8.311578273773193
7.8371453285217285
7.258617877960205
6.104565620422363
6.343783378601074
6.713120937347412
8.31858515739441
6.042509078979492
8.107392072677612
6.440872430801392
8.102387189865112
7.402750015258789
7.47081184387207
6.116576433181763
6.117577314376831
6.355794668197632
6.566987752914429
7.831140041351318
8.337602138519287
6.478907108306885
7.864170074462891
6.247696161270142
7.616944074630737
6.073537826538086
6.230680704116821
6.353792667388916
7.454797029495239
6.911301612854004
8.096380949020386
8.380640983581543
8.138420104980469
7.143512725830078
7.467808246612549
5.850334167480469
7.7620766162872314
7.493832588195801
7.561894416809082
7.653978109359741
7.914215564727783
7.665989637374878
6.06052565574646
8.037328004837036
8.136417150497437
6.360799551010132
6.205657720565796
7.70602560043335
6.204657077789307
6.551973581314087
7.96225905418396
7.819129467010498
7.421766757965088
8.109394073486328
7.796107769012451
6.250699281692505
8.083369731903076
6.1956493854522705
6.965350866317749
8.300567865371704
6.046512842178345
7.454797267913818
7.3216753005981445
7.573904991149902
6.435866355895996
7.59092116355896
6.32276463508606
5.961436033248901
6.360796928405762
8.416674613952637
7.395743131637573
7.338690757751465
7.060437202453613
8.125406265258789
7.3547043800354
7.306662082672119
6.753157138824463
6.400835752487183
8.063351392745972
6.898289203643799
7.937236309051514
7.843150615692139
6.2637107372283936
6.184638500213623
7.806117057800293
7.858164310455322
6.478907108306885
7.782095432281494
8.198474407196045
8.061349868774414
6.893284797668457
6.078541994094849
6.182636976242065
8.3976571559906
7.618941307067871
7.438781499862671
6.205657958984375
6.069533109664917
7.347698450088501
6.739144325256348
7.080455780029297
6.54997181892395
7.508845567703247
6.880272626876831
5.138685464859009
5.242781162261963
5.3849101066589355
5.237775564193726
5.099650144577026
5.179722547531128
5.221760511398315
5.12767481803894
5.276810169219971
5.112661600112915
5.194735288619995
5.092643737792969
5.256792783737183
5.201743841171265
5.1837263107299805
5.281815528869629
5.29282546043396
5.001560211181641
5.015573024749756
5.056610584259033
5.198740005493164
5.100651264190674
5.221760511398315
4.974536418914795
5.12567400932312
5.182724714279175
5.1657092571258545
5.28682017326355
5.2587950229644775
5.171715021133423
5.22876763343811
5.152698040008545
5.381906986236572
5.30483603477478
5.098649501800537
4.983543872833252
5.071623802185059
5.0355918407440186
5.313844680786133
5.117666006088257
5.200740575790405
5.070621967315674
5.207747936248779
5.315846681594849
5.012570142745972
5.208749294281006
5.161705732345581
5.224764585494995
5.15169620513916
5.146692514419556
5.181723356246948
5.214753866195679
5.0956456661224365
5.301833868026733
5.20574688911438
5.255792140960693
5.173717021942139
5.1817238330841064
5.148694038391113
5.113661766052246
5.199740648269653
5.264800071716309
5.23577356338501
5.1997411251068115
5.216756582260132
5.036591529846191
5.238776206970215
5.123671054840088
5.158703088760376
5.064617156982422
5.140687942504883
5.056609869003296
5.097645282745361
5.145692348480225
5.2577948570251465
4.999558925628662
5.243780136108398
5.1597044467926025
5.091642141342163
5.1126625537872314
5.213754653930664
5.189730405807495
5.1707141399383545
5.101651191711426
5.033589601516724
5.233772039413452
5.187729835510254
5.205746650695801
5.0405964851379395
5.062615871429443
5.1697142124176025
5.332860946655273
5.222762107849121
5.151697397232056
5.204745531082153
5.194735765457153
5.02858567237854
5.0245819091796875
5.191734552383423
5.061614751815796
5.287821292877197
5.142688512802124
5.021578788757324
5.224764347076416
5.2517876625061035
5.198739528656006
5.133680582046509
5.013571500778198
5.082632780075073
5.173717737197876
5.190730333328247
5.177720785140991
5.028584718704224
5.096646308898926
4.992551803588867
5.032589435577393
5.305837392807007
5.209749937057495
5.1306774616241455
5.092643976211548
5.184729099273682
5.1657092571258545
5.165711164474487
5.20074200630188
5.291823625564575
5.168712854385376
5.177719831466675
5.178722620010376
5.194736480712891
5.068621873855591
5.006566047668457
5.171715974807739
5.1166651248931885
5.292825222015381
5.160705804824829
5.174717664718628
5.319849729537964
5.333862781524658
5.231770038604736
5.111661434173584
5.19473671913147
5.085638046264648
5.121670484542847
5.2097508907318115
5.149694919586182
5.240778207778931
5.107656717300415
5.116666078567505
5.1346821784973145
5.0556089878082275
5.1026527881622314
5.296828985214233
5.0726258754730225
5.1006505489349365
5.207748174667358
5.382906913757324
5.246783256530762
5.260795831680298
5.22376275062561
5.085636377334595
5.046600580215454
5.125673294067383
5.071623802185059
5.131678819656372
4.993553161621094
5.143689393997192
5.142688274383545
5.078629493713379
5.102653980255127
5.232771158218384
5.118666648864746
5.259793996810913
4.950515031814575
5.257792711257935
5.016573905944824
5.2327704429626465
5.064617395401001
5.27480936050415
5.04059624671936
5.066619396209717
5.271806478500366
5.227766275405884
5.17972207069397
5.152698278427124
5.062615394592285
5.180724382400513
5.179723501205444
5.2247631549835205
5.1086585521698
4.905472040176392
5.298831224441528
5.093645334243774
5.242779970169067
5.0786309242248535
5.2167558670043945
5.073625564575195
5.157702207565308
5.238776445388794
5.135684251785278
5.076627969741821
5.096646785736084
5.070624113082886
5.294827699661255
5.024582147598267
5.171714544296265
5.168712615966797
5.090641736984253
5.1276750564575195
5.174717903137207
5.171716213226318
5.226766586303711
5.0546088218688965
5.25779390335083
5.262799263000488
5.163708925247192
5.187729358673096
5.267802953720093
5.48600172996521
5.214755535125732
5.341870069503784
5.043281316757202
