Timing log for each step:
0.012012481689453125
10.414719104766846
10.050729274749756
10.214847803115845
10.057384252548218
10.244601249694824
10.304454326629639
10.287755012512207
10.36231017112732
10.20219898223877
10.180866956710815
10.06618356704712
10.125298738479614
10.408315420150757
10.399922370910645
10.395023584365845
10.116015911102295
10.112303018569946
10.138382911682129
10.187851905822754
10.337212324142456
10.521294593811035
10.427107572555542
10.283861875534058
10.297507047653198
10.491620540618896
10.262780904769897
10.391119956970215
10.324713945388794
10.395467042922974
10.300281286239624
10.411529779434204
10.394623279571533
10.403754234313965
10.405377388000488
10.417927503585815
10.17318344116211
10.344670534133911
10.377732038497925
10.48831844329834
10.450889110565186
10.357004642486572
10.1780526638031
10.418973684310913
10.21923542022705
10.337725400924683
10.463770389556885
10.302063703536987
10.241429090499878
10.364059925079346
10.397132396697998
10.485166072845459
10.202293157577515
10.542475938796997
10.51889944076538
10.443012237548828
10.380757331848145
10.40503978729248
10.49722933769226
10.530186176300049
10.529531955718994
10.508928775787354
10.580772399902344
10.509662628173828
10.476028680801392
10.345216751098633
10.434430360794067
10.321526765823364
10.60523271560669
10.407544374465942
10.557102918624878
10.555503606796265
10.298679828643799
10.592142105102539
10.448855876922607
10.527673482894897
10.605546712875366
10.29541301727295
10.511974811553955
10.5519278049469
10.309271335601807
10.556702136993408
10.450308561325073
10.62617015838623
10.417359828948975
10.422966957092285
10.36394715309143
10.60017704963684
10.453165292739868
10.559752702713013
10.442801237106323
10.288177490234375
10.246678352355957
10.465985774993896
10.098062515258789
10.378500699996948
10.635379552841187
10.37770938873291
10.485830068588257
10.512970447540283
10.461425065994263
10.47399616241455
10.207027912139893
10.346789360046387
10.413967847824097
10.45737361907959
10.52682614326477
10.411730289459229
10.29489779472351
10.271799325942993
10.422802209854126
10.362814664840698
10.467269897460938
10.211312532424927
10.60964846611023
10.374832153320312
10.41396951675415
10.384071588516235
10.25891661643982
10.165853500366211
10.3510000705719
10.308063983917236
10.367998600006104
10.434505939483643
10.473131895065308
10.142472743988037
10.28825831413269
10.361162900924683
10.403557538986206
10.580787181854248
10.052390336990356
10.473669052124023
10.381969928741455
10.160954236984253
10.510262250900269
10.357394456863403
10.168535709381104
10.399094104766846
10.381709098815918
10.346099615097046
10.252068758010864
10.288970470428467
10.478879451751709
10.494967699050903
10.379774808883667
10.360137462615967
10.6699059009552
10.286300659179688
10.321805477142334
10.224926233291626
10.51817798614502
10.170841693878174
10.331008434295654
10.412930965423584
10.50095248222351
10.29138731956482
10.439260959625244
10.467779636383057
10.453860998153687
10.226274490356445
10.30686068534851
10.125998735427856
10.388694047927856
10.29481315612793
10.453006029129028
10.265917301177979
10.537781238555908
10.331634044647217
10.458689212799072
10.239043474197388
10.278761386871338
10.242956161499023
10.32300329208374
10.432755947113037
10.398090124130249
10.31980848312378
10.376604080200195
10.372586250305176
10.50788688659668
10.443784475326538
10.389391422271729
10.400476455688477
10.389907836914062
10.40697455406189
10.578825950622559
10.413101196289062
10.297911405563354
10.374033451080322
10.335610389709473
10.312160730361938
10.456174850463867
10.397867202758789
10.44672417640686
10.15097975730896
10.553756952285767
10.320533514022827
10.404541254043579
10.307010412216187
10.322317600250244
10.28681492805481
10.256008386611938
10.454013586044312
10.224023818969727
10.537931442260742
10.502371549606323
10.46291184425354
10.422998905181885
10.240890979766846
10.332580327987671
10.01192593574524
10.360259771347046
10.339807987213135
10.366251468658447
10.460811853408813
10.369734525680542
10.413857698440552
10.250892877578735
10.31088399887085
10.424759864807129
10.396134614944458
10.388684749603271
10.278581142425537
10.298424005508423
10.409040689468384
10.236889600753784
10.187265634536743
10.389674186706543
10.270953893661499
10.381913661956787
10.306236028671265
10.498337030410767
10.244708061218262
10.42971134185791
10.604515075683594
10.259551525115967
10.241565227508545
10.352972745895386
10.193962335586548
10.281858444213867
10.382184028625488
10.36357855796814
10.250300645828247
10.24901294708252
10.409950494766235
10.436197519302368
10.342400550842285
10.189829349517822
10.156829357147217
10.131486654281616
10.36258864402771
10.492773056030273
10.354520082473755
10.343141317367554
10.323830127716064
10.386222124099731
10.437119722366333
10.336867332458496
10.376460313796997
10.25693655014038
10.500053644180298
10.25393533706665
10.159521341323853
10.271209001541138
10.299967527389526
10.390724658966064
10.259824514389038
10.40865445137024
10.433640956878662
10.686180353164673
10.473384618759155
10.189748764038086
10.422152042388916
10.359821796417236
10.397258520126343
10.37372612953186
10.350433588027954
10.143864870071411
10.219895124435425
10.30571722984314
10.410969018936157
10.245820045471191
9.675477504730225
9.060685873031616
9.128664493560791
8.918885946273804
9.057984113693237
8.987248182296753
9.039264440536499
9.036386489868164
9.229977130889893
9.115380048751831
9.124791145324707
8.985827684402466
9.040769577026367
9.02202296257019
9.08643388748169
9.180971145629883
8.915642499923706
8.927595376968384
9.08980393409729
8.940263986587524
9.068464517593384
9.102983713150024
9.17832636833191
9.123929023742676
9.027011394500732
8.933390617370605
9.116894006729126
10.363633394241333
10.477252960205078
10.414627075195312
10.135223627090454
10.45064663887024
10.441779375076294
10.257584810256958
9.570976495742798
10.31336259841919
10.516772985458374
10.234046220779419
10.397302865982056
10.346900463104248
10.302977323532104
10.362051725387573
10.408447027206421
10.492656946182251
10.27097487449646
10.404970169067383
10.321843147277832
10.335030794143677
10.509095430374146
10.55737566947937
10.3309645652771
10.58530330657959
10.296645879745483
10.436041593551636
10.444572448730469
10.646331548690796
10.588996410369873
10.200824499130249
10.289048194885254
10.431018352508545
10.417895078659058
10.68176531791687
10.362908363342285
10.39934515953064
10.491474151611328
10.438124179840088
10.512503862380981
10.649610757827759
10.38901662826538
10.595616579055786
10.20358395576477
10.545765399932861
10.395534992218018
10.474068641662598
10.372018098831177
10.28391146659851
10.47931957244873
10.419463634490967
10.447657585144043
10.445477724075317
10.481409788131714
10.413034915924072
10.32172703742981
10.483325719833374
10.625826835632324
10.28230905532837
10.362554788589478
10.50487732887268
10.386093854904175
10.352426052093506
10.553730487823486
10.439507722854614
10.429418325424194
10.54083514213562
10.51977252960205
10.283874750137329
10.49211311340332
10.448661804199219
10.401645183563232
10.471491575241089
10.516190528869629
10.509918451309204
10.415372610092163
10.33772611618042
10.582156658172607
10.431109189987183
10.558126211166382
10.412771701812744
10.526847839355469
10.350809574127197
10.649528503417969
10.526123523712158
10.45702600479126
10.381150960922241
10.607058763504028
10.48371410369873
10.36788558959961
10.298738956451416
10.483377695083618
10.258889198303223
10.504039525985718
10.371083974838257
10.375843524932861
9.887675285339355
9.681060552597046
10.375067472457886
10.346701860427856
10.204010486602783
10.46996808052063
10.564728498458862
10.290436267852783
10.178606748580933
10.474150657653809
10.30089020729065
10.564196825027466
10.337895154953003
10.561203002929688
10.66291618347168
10.370830774307251
10.39438796043396
10.491223812103271
9.577054262161255
10.496166467666626
10.312728881835938
10.235328435897827
10.26970887184143
10.674789667129517
10.868549823760986
10.403532028198242
10.251440525054932
10.244782447814941
10.516772031784058
10.487772226333618
10.489728689193726
10.435651779174805
10.310088634490967
10.418066501617432
10.427468538284302
10.409516334533691
10.424111127853394
10.57738709449768
10.433513402938843
10.334342956542969
10.543935060501099
10.520895957946777
10.32373571395874
10.473066329956055
10.45978593826294
10.353986501693726
10.478768110275269
10.69342851638794
10.563539505004883
10.486426830291748
10.248985528945923
10.361745357513428
10.182014465332031
10.417804956436157
10.216128587722778
10.51664924621582
10.438746452331543
10.629903078079224
10.426478147506714
10.721354007720947
10.397536754608154
10.452951908111572
10.634626865386963
10.406747817993164
10.767773389816284
10.348452806472778
10.489248037338257
10.51120138168335
10.525126457214355
10.543155670166016
10.327241897583008
10.667709350585938
10.399150133132935
10.538729667663574
10.510051488876343
10.395860195159912
10.56807017326355
10.68148922920227
10.326805830001831
10.333701133728027
10.196850061416626
10.567247152328491
10.471307277679443
10.674183130264282
10.611252069473267
10.542821407318115
10.149789810180664
10.414668083190918
10.363250494003296
10.449899911880493
10.484552383422852
10.451200723648071
10.295095205307007
10.364573955535889
10.382374286651611
10.450373888015747
10.460556983947754
10.31471586227417
10.415924310684204
10.445968627929688
10.553335666656494
10.584370613098145
10.261820793151855
10.24573302268982
10.326904058456421
10.463596820831299
10.381599426269531
10.251826047897339
10.263616800308228
10.365390300750732
10.320365190505981
10.175684690475464
10.174372434616089
10.474812507629395
10.510648488998413
10.213306903839111
10.169166564941406
10.221855163574219
10.271165370941162
10.556812524795532
10.23606538772583
10.459133625030518
10.217238664627075
10.317888736724854
10.154934406280518
10.077401876449585
10.236066341400146
10.506158113479614
10.192941188812256
10.235939741134644
10.323006629943848
10.307005882263184
10.193744897842407
10.128852844238281
10.317001104354858
10.203904390335083
10.358759641647339
10.300508260726929
10.130362510681152
10.10815715789795
12.211457967758179
11.38114047050476
11.298182964324951
11.2891206741333
11.215092420578003
11.35893988609314
11.474603176116943
11.199605941772461
11.237308263778687
11.472354650497437
11.443231105804443
11.461316108703613
11.497223854064941
11.511375665664673
11.527694940567017
11.304432392120361
11.327217102050781
11.419722557067871
11.28730845451355
11.3262038230896
11.232748985290527
11.155149936676025
10.905336618423462
10.45658540725708
10.530807733535767
11.499066352844238
10.376863479614258
10.469900369644165
10.309823989868164
10.519964456558228
11.49773359298706
10.386823177337646
10.264806985855103
10.259967565536499
10.703421354293823
10.371199607849121
10.337793588638306
10.478049278259277
10.414366483688354
10.34624695777893
10.21576452255249
10.337633609771729
11.053525447845459
11.036101579666138
11.743371725082397
11.389424800872803
11.014237403869629
11.068657636642456
11.04981279373169
10.82214069366455
10.88814401626587
10.797367334365845
10.920116662979126
11.22023892402649
10.920745611190796
10.91189980506897
10.877319097518921
10.788846969604492
10.931026697158813
10.849575757980347
10.88195514678955
10.898684978485107
10.878947973251343
10.908802032470703
10.701724290847778
10.874114036560059
10.847903490066528
10.834360122680664
10.999535083770752
10.84494137763977
10.908634662628174
10.892560005187988
10.960081815719604
10.90557074546814
10.745280742645264
10.879067420959473
10.84388780593872
10.893349170684814
10.841633558273315
10.84846305847168
10.889066219329834
10.86428952217102
10.896155595779419
10.766095876693726
10.941308975219727
10.911075592041016
10.77088713645935
10.89322018623352
10.855944871902466
10.961513996124268
11.194188594818115
11.342570543289185
10.825984001159668
10.93295693397522
10.913562774658203
10.15413212776184
10.132304191589355
10.123535633087158
10.173696279525757
10.130100727081299
10.17201828956604
10.157022953033447
10.210369110107422
10.118233680725098
10.141954898834229
10.164124727249146
10.132159948348999
10.126722812652588
10.101606130599976
9.821546077728271
10.198574304580688
10.146284818649292
10.140287160873413
10.128171443939209
10.104116201400757
10.186237573623657
10.15831208229065
10.161564826965332
10.47883677482605
10.139511346817017
10.167096853256226
10.184816837310791
10.1637544631958
10.212117195129395
10.174757242202759
10.096797704696655
10.154274702072144
10.087247371673584
10.029475688934326
10.206434965133667
10.113133907318115
10.074321985244751
10.114716053009033
10.323890209197998
10.135481595993042
10.2880380153656
10.144075870513916
10.294049978256226
10.097128629684448
10.118291139602661
10.212815761566162
10.307083129882812
10.131455898284912
10.15262770652771
10.242985725402832
10.146684408187866
10.342655658721924
10.19987440109253
10.287540674209595
10.364224433898926
10.200097560882568
10.184430122375488
10.263866186141968
10.336929559707642
10.221963167190552
10.216468811035156
10.191091299057007
10.183459043502808
10.204784631729126
10.210904121398926
10.114126920700073
10.123467445373535
10.175667762756348
10.289120197296143
10.20950961112976
10.226120471954346
10.198872089385986
10.310990333557129
10.200829267501831
10.173259258270264
10.258182048797607
10.275941610336304
10.248997688293457
10.188825368881226
10.23396348953247
10.33203935623169
10.238305807113647
10.2709379196167
10.301912069320679
10.239826917648315
10.438488245010376
10.257264852523804
10.242720127105713
10.151980638504028
10.245109558105469
10.24456787109375
10.271876573562622
10.367686986923218
10.3243088722229
10.287838697433472
10.277144432067871
10.255783319473267
10.429321527481079
10.198180437088013
10.288414001464844
10.281936883926392
10.34039306640625
10.303572177886963
10.23041820526123
10.336744785308838
10.219515085220337
10.359686851501465
10.434656858444214
10.020354747772217
10.216732263565063
10.343324899673462
10.122838973999023
10.250468730926514
10.259515285491943
10.220656394958496
10.249508619308472
10.204639911651611
10.257418394088745
10.220221757888794
10.174316883087158
10.402941226959229
10.127346754074097
10.284590721130371
10.287636756896973
10.243627548217773
10.23244833946228
10.108733415603638
10.315095663070679
10.209174156188965
10.373346328735352
10.36854863166809
10.255737543106079
10.294010162353516
10.354285955429077
10.364333152770996
10.346632242202759
10.248647451400757
10.32576870918274
10.220774412155151
10.371292352676392
10.281733512878418
10.276540994644165
10.275828123092651
10.361667394638062
10.36685585975647
10.491419315338135
10.277199268341064
10.381155967712402
10.342238426208496
10.262882947921753
10.297373533248901
10.341381072998047
10.324748277664185
10.327693462371826
10.347742795944214
10.222113132476807
10.247693061828613
10.18748164176941
10.415135145187378
10.404544591903687
10.390275001525879
10.257837772369385
10.243242502212524
10.314288854598999
9.798187255859375
10.20618724822998
10.276695966720581
10.301451683044434
10.18610167503357
10.358736276626587
10.362699270248413
10.369985103607178
10.37789273262024
10.217101335525513
10.483902215957642
10.368212461471558
10.088154792785645
10.287345170974731
10.336414813995361
10.34685206413269
10.346501588821411
10.267972707748413
10.230182886123657
10.32236123085022
10.302634954452515
10.318238496780396
10.265023231506348
10.20342206954956
10.461267948150635
10.16810917854309
10.249450445175171
10.210330724716187
10.363550662994385
10.346637725830078
10.555015802383423
10.374988794326782
10.346353530883789
10.180038452148438
10.490149736404419
10.496313333511353
10.29650592803955
10.119576454162598
10.324677467346191
10.273116827011108
10.286682367324829
10.205743551254272
10.08939266204834
10.360379695892334
10.159387588500977
10.37155294418335
10.485334634780884
10.197642803192139
10.222873210906982
10.218313217163086
10.460102319717407
10.534552097320557
10.334529399871826
10.10170030593872
10.138138055801392
10.173992156982422
10.298359870910645
10.17454719543457
10.230953216552734
10.353381633758545
10.417449951171875
10.221789121627808
10.276386976242065
10.268945217132568
10.256673812866211
10.17305874824524
10.336395263671875
10.207437515258789
10.504045486450195
10.290476560592651
10.273105382919312
10.229201793670654
10.402649402618408
10.430264234542847
10.284517765045166
10.338783979415894
10.212520599365234
10.25243330001831
10.662296772003174
10.27031922340393
10.207197666168213
10.281511545181274
9.927906036376953
10.953769207000732
11.415675163269043
11.144512414932251
11.135111570358276
11.01755142211914
11.585726976394653
11.604288101196289
11.183571577072144
11.243023157119751
11.068673610687256
11.586884260177612
11.577403545379639
11.306610584259033
11.421938419342041
10.962188005447388
11.601999044418335
11.995060920715332
11.023206233978271
11.33751368522644
11.968585014343262
12.455177307128906
11.957441806793213
12.388940334320068
10.672990322113037
10.619982481002808
10.428637981414795
10.469067573547363
10.950787544250488
10.633517503738403
10.704411268234253
10.404134750366211
10.896689176559448
10.606630325317383
10.95951247215271
10.450993537902832
10.668762445449829
11.253280639648438
10.483120918273926
10.385337114334106
10.596170902252197
10.338987588882446
10.325359106063843
10.470397472381592
10.492346286773682
10.406601428985596
10.867862701416016
11.761938095092773
11.221851825714111
10.982197999954224
11.140078783035278
11.873544931411743
11.154742240905762
11.086675643920898
10.943248271942139
10.434263944625854
10.961367845535278
10.925995349884033
10.99648404121399
11.045796394348145
11.084022283554077
10.991467237472534
10.962670087814331
10.871447563171387
11.001061916351318
11.014925479888916
10.970732688903809
10.954683542251587
10.967615365982056
10.960773468017578
11.052220582962036
10.92774510383606
11.260918855667114
10.993103504180908
11.02076768875122
10.897951364517212
10.886698484420776
10.859148979187012
10.92236876487732
10.846550941467285
11.024476289749146
11.375715255737305
11.073938369750977
10.919696569442749
10.960494995117188
11.008350133895874
11.01675033569336
10.958128452301025
11.328734636306763
11.008606672286987
11.89747428894043
11.762640953063965
10.906763553619385
10.890300273895264
10.900848865509033
10.857565879821777
10.87524676322937
10.920680522918701
10.940941333770752
10.889487743377686
10.942813634872437
10.889549493789673
10.865580081939697
10.98727536201477
10.98911714553833
10.897762775421143
10.961637735366821
10.935784339904785
10.86452341079712
10.93529987335205
11.552204370498657
11.871907234191895
11.69241213798523
12.335550785064697
11.137025117874146
11.098674774169922
11.308250427246094
10.982927560806274
11.111457824707031
11.368767499923706
11.03814435005188
10.978155374526978
11.073983669281006
11.070920705795288
10.957544565200806
11.027398347854614
10.870086669921875
10.84293508529663
10.959211826324463
10.846620559692383
10.958165407180786
11.048139810562134
10.91766905784607
10.911865234375
11.036089420318604
10.86525583267212
10.818408012390137
10.832732439041138
10.769098043441772
10.751142740249634
10.714512348175049
10.87950325012207
10.93031930923462
10.784339666366577
10.935611724853516
10.858584880828857
10.860201597213745
10.891718626022339
11.377678871154785
11.097822427749634
10.733320951461792
10.82865023612976
10.493815660476685
10.502076387405396
10.591678380966187
11.775718212127686
10.890334129333496
10.922321319580078
10.946212530136108
11.262433052062988
10.783766984939575
11.411377429962158
11.20900845527649
10.917461156845093
10.855750560760498
10.893197536468506
10.891350269317627
10.998260974884033
11.264185667037964
10.961631774902344
10.944093227386475
10.986778736114502
10.937777519226074
10.9373197555542
11.178081274032593
10.777204275131226
10.803778886795044
10.819055795669556
10.812394380569458
10.73005223274231
10.752880334854126
10.760074377059937
10.802364587783813
10.728428602218628
10.965180397033691
10.858008861541748
10.7478666305542
11.236906290054321
11.022281408309937
11.08854079246521
10.924740076065063
10.871799945831299
10.786359071731567
10.825987815856934
10.723393440246582
10.775970220565796
10.78253722190857
10.779999256134033
10.822575092315674
10.792027473449707
10.922831058502197
10.913192510604858
10.831077337265015
10.935381650924683
11.378089904785156
11.073745012283325
10.910308837890625
10.883673191070557
10.796877145767212
10.886735439300537
10.803128242492676
10.94846487045288
11.216057300567627
10.891135931015015
10.871861219406128
10.817168712615967
10.84225583076477
10.79755449295044
10.762718200683594
10.788682222366333
10.788599967956543
10.815720319747925
10.710295677185059
10.789544582366943
10.829317092895508
10.715513467788696
11.286409616470337
11.14190125465393
10.781437635421753
10.956950187683105
11.02427887916565
10.990050792694092
10.736060619354248
10.913091659545898
10.914056301116943
10.913025856018066
11.25093150138855
10.928959369659424
10.807662963867188
10.755920648574829
10.719382047653198
10.806777954101562
10.822387933731079
10.746198654174805
10.964928150177002
11.000229597091675
10.897691249847412
11.17717981338501
11.471610307693481
11.443410158157349
11.051032304763794
11.13648796081543
10.766983270645142
10.725743293762207
10.820731401443481
10.707970142364502
10.80556583404541
10.753185033798218
10.697597742080688
10.97556185722351
10.783574342727661
10.958420753479004
10.860882759094238
10.910802602767944
11.277471780776978
10.981212615966797
10.957424640655518
11.329612016677856
10.79311227798462
11.288830280303955
11.267293453216553
11.005307912826538
10.900018692016602
10.827848434448242
10.971431732177734
11.183454990386963
10.950289249420166
10.86068868637085
10.872266054153442
11.027573108673096
11.216210842132568
11.053668022155762
10.889039993286133
10.892862319946289
10.947043895721436
10.82210898399353
10.89017653465271
11.03940749168396
11.254033088684082
13.772632122039795
12.691407203674316
10.749666929244995
10.42233943939209
10.372947931289673
10.418108463287354
10.558976650238037
10.4006986618042
10.302358150482178
10.685767650604248
11.580816745758057
11.052141666412354
10.780117273330688
10.63323712348938
10.915148735046387
