Timing log for each step:
0.0150146484375
5.037593841552734
5.0005598068237305
5.063616514205933
5.11065936088562
5.322853088378906
5.297829866409302
5.170714855194092
5.1266748905181885
5.127675294876099
5.213752746582031
5.125673294067383
5.135682106018066
5.20074200630188
5.126673460006714
5.229767799377441
5.113662958145142
5.23076868057251
5.168712377548218
5.182725429534912
5.187730550765991
5.18272590637207
5.243780612945557
5.4960105419158936
5.142690420150757
5.215755462646484
5.338867664337158
5.1326799392700195
5.395919561386108
5.291824579238892
5.231771230697632
5.3538806438446045
5.211751461029053
5.405928134918213
5.236774921417236
5.203745603561401
4.722305059432983
4.7263100147247314
4.5661633014678955
5.360888242721558
4.552151203155518
4.511112928390503
4.535134315490723
4.511113882064819
5.272808074951172
4.6122047901153564
4.659248113632202
5.235773324966431
5.228767156600952
5.3718976974487305
5.284817695617676
5.4860005378723145
5.413935899734497
5.450969457626343
5.134680271148682
5.582097291946411
5.203744173049927
5.294827222824097
5.2978291511535645
5.3148462772369385
5.345873594284058
5.3098413944244385
5.329859972000122
5.331861257553101
5.263798952102661
5.2297680377960205
5.2968292236328125
5.418941259384155
5.363889455795288
5.372899055480957
5.238776445388794
5.397921562194824
5.264800071716309
5.346875190734863
5.4069297313690186
5.384909629821777
5.289822340011597
5.27380895614624
5.3128440380096436
5.2567925453186035
5.334862947463989
5.3228535652160645
5.316847562789917
5.429950714111328
5.367893934249878
5.334863662719727
5.363891124725342
5.26479959487915
5.403926610946655
5.437957763671875
5.3238537311553955
5.4219441413879395
5.245782136917114
5.224764347076416
5.30483603477478
5.510023593902588
5.351880311965942
5.370897531509399
5.380905389785767
5.316847085952759
5.291825771331787
5.219759225845337
5.295829772949219
5.306839227676392
5.391916036605835
5.270805597305298
5.400923728942871
5.367894649505615
5.415936470031738
5.483999252319336
5.248786449432373
5.324854612350464
5.323854446411133
5.384910583496094
5.314845323562622
5.370897054672241
5.343872547149658
5.4149370193481445
5.338867902755737
5.360888481140137
5.419941663742065
5.333864450454712
5.412935495376587
5.352881193161011
5.426947832107544
5.410933017730713
5.382906913757324
5.349877119064331
5.3298585414886475
5.301834344863892
5.385910272598267
5.391915559768677
5.37089729309082
5.296828746795654
5.285820245742798
5.423945665359497
5.448968172073364
5.324854850769043
5.274809837341309
5.43495512008667
5.33186149597168
5.363889932632446
5.312843084335327
5.385908842086792
5.247783660888672
5.3759002685546875
5.360888719558716
5.423945665359497
5.400923728942871
5.416938066482544
5.322853326797485
5.425945997238159
5.384909391403198
5.409932613372803
5.3558831214904785
5.458976745605469
5.400924205780029
5.423945665359497
5.422945261001587
5.310843229293823
5.377903461456299
5.277813196182251
5.324854612350464
5.365892171859741
5.392916679382324
5.328857898712158
5.4769933223724365
5.412935256958008
5.431952238082886
5.29883074760437
5.386911153793335
5.415937900543213
5.364891052246094
5.282817602157593
5.354881763458252
5.36589241027832
5.431951284408569
5.38390851020813
5.3799052238464355
5.32685661315918
5.228766202926636
5.343872785568237
5.457976579666138
5.44096040725708
5.2858192920684814
5.405929803848267
5.373898983001709
5.408932209014893
5.375901460647583
5.333863973617554
5.295824766159058
5.422944068908691
5.378904104232788
5.344873666763306
5.344873905181885
5.396921396255493
5.369895935058594
5.593731164932251
5.555584192276001
5.388744592666626
5.513606309890747
