Timing log for each step:
0.011010408401489258
10.082252502441406
10.154919147491455
10.155728816986084
10.058940649032593
10.021422863006592
9.862484693527222
9.973003149032593
10.220592260360718
9.947089672088623
9.449620962142944
9.574980020523071
9.84781527519226
9.854385137557983
9.929084300994873
9.584373235702515
9.604186296463013
9.845749378204346
9.20793342590332
9.246639728546143
10.178920984268188
10.197636842727661
9.0444917678833
9.90415072441101
9.491258382797241
10.250102043151855
10.303934335708618
10.240533828735352
10.206259965896606
10.445699453353882
10.259172916412354
10.334966659545898
10.368767738342285
10.242204666137695
10.346256732940674
10.249130725860596
10.421287059783936
10.28819727897644
10.305074691772461
10.414263486862183
10.379334449768066
10.57380223274231
10.5151948928833
10.56421160697937
10.648689031600952
10.59638524055481
10.412304401397705
