Timing log for each step:
0.014013528823852539
5.546574592590332
5.520308256149292
5.465003490447998
5.518411636352539
5.5576629638671875
5.499002695083618
5.419515609741211
5.5309789180755615
5.556236028671265
5.58452582359314
5.512122869491577
5.687845945358276
5.52951979637146
5.855207443237305
5.540007591247559
5.626216888427734
5.605414390563965
5.669508934020996
5.681896686553955
5.4732561111450195
5.435425043106079
5.583727121353149
5.52006459236145
5.582624197006226
5.415396213531494
5.509822607040405
5.444278717041016
5.600640296936035
5.471572637557983
5.689280986785889
5.512221097946167
5.478027582168579
5.389423131942749
5.446477174758911
5.458757638931274
5.5232093334198
5.4165332317352295
5.485947132110596
5.366862535476685
5.382446527481079
5.3642802238464355
5.419386386871338
5.440362453460693
5.425096035003662
5.5489513874053955
5.765220880508423
5.480506181716919
5.535762548446655
5.490172863006592
5.402830362319946
5.438589811325073
5.465895652770996
5.51898980140686
5.371019124984741
5.574680805206299
5.453031063079834
5.623754501342773
5.52299427986145
5.42020058631897
5.5362935066223145
5.515866041183472
5.518207311630249
5.490954399108887
5.487999200820923
5.433328151702881
5.420165777206421
5.535656929016113
5.534490585327148
5.499342918395996
5.435406446456909
5.407341241836548
5.535871744155884
6.058554172515869
5.650655746459961
5.483492136001587
5.490567207336426
5.552640438079834
5.483480453491211
5.575047731399536
5.540789365768433
5.498292922973633
5.563049554824829
5.498432636260986
5.498108863830566
5.51526665687561
5.495934009552002
5.420978546142578
5.5009167194366455
5.545293092727661
5.511387825012207
5.4789958000183105
5.447634696960449
5.4897894859313965
5.465805530548096
5.468444108963013
5.456453084945679
5.423471927642822
5.408969402313232
5.456554412841797
5.518730640411377
5.463724851608276
5.364881753921509
5.522114038467407
5.567975759506226
5.47589898109436
5.487222194671631
5.5269615650177
5.502389669418335
5.482698440551758
5.545690536499023
5.432845830917358
5.4782655239105225
5.454139232635498
5.448976755142212
5.413844347000122
5.348518133163452
5.409982919692993
5.501354694366455
5.5301353931427
5.5297417640686035
5.422317028045654
5.480010271072388
5.442358732223511
5.482922554016113
5.540253162384033
5.414327383041382
5.490454435348511
5.449970960617065
5.428873777389526
5.523460865020752
5.380693674087524
5.408785581588745
5.448304891586304
5.441083908081055
5.436175346374512
5.4597413539886475
5.4704718589782715
5.3905932903289795
5.378875255584717
5.436741828918457
5.372877836227417
5.437378883361816
5.52143406867981
5.469440460205078
5.522768497467041
5.390336275100708
5.399592876434326
5.460223913192749
5.487627267837524
5.467430830001831
5.412468433380127
5.464843034744263
5.459921360015869
5.675633668899536
5.415627717971802
5.484512805938721
5.454302072525024
5.435788154602051
5.483029127120972
5.360105752944946
5.418294429779053
5.595308303833008
5.3859333992004395
5.5066492557525635
5.422317028045654
5.439368724822998
5.4053099155426025
5.447282075881958
5.579599857330322
5.456353664398193
5.44297981262207
5.524647951126099
5.4485228061676025
5.424370050430298
5.522576093673706
5.489335536956787
5.429729461669922
5.404295206069946
5.481441020965576
5.503899812698364
5.422314167022705
5.469332456588745
5.418773651123047
5.495558738708496
5.430991888046265
5.425227642059326
5.514157772064209
5.451209306716919
5.403749942779541
5.469879627227783
5.417536735534668
5.56020712852478
5.464382171630859
5.543236494064331
5.396399974822998
5.433286905288696
5.512186527252197
5.441049098968506
5.3232715129852295
5.44701886177063
5.505323886871338
5.381114482879639
5.438438415527344
5.392049789428711
5.390141725540161
5.481080055236816
5.523136377334595
5.37087082862854
5.438075304031372
5.41619873046875
5.421235799789429
5.410552978515625
5.462954759597778
5.48491096496582
5.495032548904419
5.436905860900879
5.46660041809082
5.412122488021851
5.396591901779175
5.396350145339966
5.5448994636535645
5.5064990520477295
5.497061729431152
5.530630111694336
5.355096340179443
5.383382797241211
5.405433177947998
5.476536273956299
5.392456769943237
5.499557256698608
5.392497301101685
5.509574890136719
5.493506669998169
5.432013988494873
5.396333932876587
5.468483209609985
5.49931788444519
5.4017980098724365
5.481280565261841
5.368358135223389
5.3149919509887695
5.399776935577393
5.514084815979004
5.423272371292114
5.348773002624512
5.410382032394409
5.418222427368164
5.350314617156982
5.48770809173584
5.498589038848877
5.421135663986206
5.489402770996094
5.40359091758728
5.492386341094971
5.354423522949219
5.436436891555786
5.411245584487915
5.4622581005096436
5.516232967376709
5.450399398803711
5.453401565551758
5.530570983886719
5.403911352157593
5.518517971038818
5.423921823501587
5.419855356216431
5.3357813358306885
5.373956203460693
5.4337873458862305
5.3524909019470215
5.469933032989502
5.399575233459473
5.431813716888428
5.450878858566284
5.432596445083618
5.4528021812438965
5.465347766876221
5.4695353507995605
5.42827296257019
5.315056324005127
5.895679235458374
5.470455646514893
5.505268335342407
