Timing log for each step:
0.01501321792602539
10.317615985870361
10.333978414535522
10.19770884513855
10.320077657699585
10.410414218902588
10.459114789962769
10.314691066741943
10.274982690811157
10.398821830749512
10.527725458145142
10.448583841323853
10.29900050163269
10.399102687835693
10.32815432548523
9.819735765457153
10.295202493667603
9.849307775497437
9.832070350646973
9.81395673751831
9.737751722335815
9.783473253250122
9.884474515914917
9.701935291290283
9.562208652496338
9.74362325668335
9.826181173324585
9.896628618240356
9.852511882781982
9.721777200698853
9.766865968704224
9.76391077041626
9.734317541122437
9.740648984909058
9.883498430252075
9.673258543014526
9.797626495361328
9.771610736846924
9.820082426071167
9.7515230178833
9.6972336769104
9.591258525848389
9.883014440536499
9.721152544021606
9.796753883361816
9.854834794998169
10.01138162612915
9.900033235549927
10.354684829711914
9.915247440338135
9.903168201446533
9.997110366821289
10.148009777069092
10.736607074737549
10.360249757766724
10.469017505645752
10.52993392944336
10.580243587493896
10.374759912490845
10.37994909286499
10.336916208267212
10.441128015518188
10.527526617050171
10.425621747970581
10.526784896850586
10.497843027114868
10.370877027511597
10.467984437942505
10.328835487365723
10.405054569244385
10.465437650680542
10.532886028289795
10.341411113739014
10.516170740127563
10.682495594024658
10.537333726882935
10.603126287460327
10.605109691619873
10.685952186584473
10.543060064315796
10.682996273040771
10.653057098388672
9.272127389907837
10.679839611053467
10.607814311981201
10.58541464805603
10.613791942596436
10.520653009414673
10.501501560211182
10.600478649139404
10.628366231918335
10.618921995162964
10.498270034790039
10.520482063293457
10.66178560256958
10.626399993896484
10.38087272644043
10.62601637840271
10.631659984588623
10.578818082809448
10.654775619506836
10.561781883239746
10.636085987091064
10.520450353622437
12.101426601409912
