Timing log for each step:
0.012011528015136719
5.275066137313843
5.303664684295654
5.648267984390259
5.673854351043701
5.386807918548584
5.46569561958313
5.287501811981201
5.312909841537476
5.454176902770996
5.409869194030762
5.394153118133545
5.365024566650391
5.369006156921387
5.412578582763672
5.3969197273254395
5.3781585693359375
5.382482528686523
5.3899335861206055
5.418136119842529
5.42780327796936
5.379457235336304
5.385617256164551
5.483005523681641
5.396986246109009
5.430305480957031
5.4264914989471436
5.5419533252716064
5.481595516204834
5.465799331665039
5.488298177719116
5.4323570728302
5.459216833114624
5.435537576675415
5.463058948516846
5.472134590148926
5.53618311882019
5.524040222167969
5.702451467514038
5.5021071434021
5.445479869842529
5.4442808628082275
5.4987335205078125
5.472115755081177
5.461184501647949
5.397191047668457
5.447458982467651
5.511484861373901
5.495800971984863
5.803402900695801
5.8088884353637695
5.62157130241394
5.550896167755127
5.627684116363525
5.4929420948028564
5.544715404510498
5.540573358535767
5.487915277481079
5.7088844776153564
5.510406017303467
5.515221834182739
5.631161212921143
5.5385942459106445
5.594756364822388
5.511019229888916
5.559064626693726
5.529985427856445
6.02871298789978
5.45686936378479
5.50327467918396
5.51988673210144
5.559999227523804
5.494264602661133
5.555677890777588
5.561120271682739
5.497344017028809
5.564035415649414
5.5822083950042725
5.5345354080200195
5.508477687835693
5.451207160949707
5.46960711479187
5.516735553741455
5.775171518325806
5.496123313903809
5.5631492137908936
5.624064207077026
5.531402349472046
5.621920824050903
5.549404144287109
5.572136640548706
5.54204797744751
5.5098655223846436
5.551114082336426
5.5700523853302
5.509638547897339
5.5875349044799805
5.51755428314209
5.484634637832642
5.453235149383545
5.488259792327881
5.631819486618042
5.500396013259888
5.528816223144531
5.540300607681274
5.859795808792114
5.53263258934021
5.5647053718566895
5.705608367919922
5.636736631393433
5.553222417831421
5.486836671829224
5.467743635177612
5.524946928024292
5.495441675186157
5.487615585327148
5.506001710891724
5.52807354927063
5.529569625854492
5.547332763671875
5.675886154174805
5.573977708816528
5.447203159332275
5.512775421142578
5.511292934417725
5.429929494857788
5.541679620742798
5.727515459060669
5.445765733718872
5.488421201705933
5.543248414993286
5.506173372268677
5.503344297409058
5.491966009140015
5.512216806411743
5.542482137680054
5.503278017044067
5.536726474761963
5.634762525558472
5.551646947860718
5.4704909324646
5.503245830535889
5.44891095161438
5.509939193725586
5.52157998085022
5.51724648475647
5.586822986602783
5.526470899581909
5.465868234634399
5.563082218170166
5.557913541793823
5.491839170455933
5.5006208419799805
5.656206369400024
5.489494323730469
5.533562421798706
5.485937118530273
5.476618766784668
5.442721843719482
5.509665489196777
5.570221424102783
5.507300615310669
5.45260763168335
5.551841735839844
5.484167098999023
5.579427719116211
5.453184127807617
5.557993173599243
5.53059720993042
5.595624685287476
5.531858682632446
5.485280275344849
5.507491588592529
5.484457969665527
5.501149892807007
5.51916241645813
5.55999493598938
5.555447578430176
5.475051641464233
5.4977662563323975
5.557240724563599
5.501283884048462
5.5715532302856445
5.473564624786377
5.546768665313721
5.43346905708313
5.478568077087402
5.544067144393921
5.5141541957855225
5.479771614074707
5.554791688919067
5.519042491912842
5.4911110401153564
5.483777046203613
5.5706517696380615
5.557363748550415
5.6391518115997314
5.52081561088562
5.5625975131988525
5.518336296081543
5.484046459197998
5.526534795761108
5.541653156280518
5.517002105712891
5.548473596572876
5.490423679351807
5.526249647140503
5.561641216278076
5.510178327560425
5.523668527603149
5.5751752853393555
5.489559173583984
5.474762201309204
5.5324342250823975
5.573940277099609
5.555566787719727
5.566704273223877
5.6249237060546875
5.512269973754883
5.519669771194458
5.514657020568848
5.527272462844849
5.486640453338623
5.485218048095703
5.549129486083984
5.555081844329834
5.5147294998168945
5.532153129577637
5.441110372543335
5.567972421646118
5.497014760971069
5.4536662101745605
5.50237512588501
5.4697184562683105
5.5563743114471436
5.438103914260864
5.483707666397095
5.480865001678467
5.458673477172852
5.491522789001465
5.53208589553833
5.498444557189941
5.460848808288574
5.53803014755249
5.536432981491089
5.425423860549927
5.518693923950195
5.467883348464966
5.5149054527282715
5.520989656448364
5.521697521209717
5.54631781578064
5.625488996505737
5.463318586349487
5.511796712875366
5.522854566574097
5.4692909717559814
5.4790425300598145
5.510779142379761
5.518386363983154
5.486343860626221
5.507409572601318
5.549835443496704
5.482980012893677
5.486290216445923
5.522032260894775
5.510929822921753
5.48750114440918
5.5395848751068115
5.483314275741577
5.537252187728882
5.480031967163086
5.583397626876831
5.424741506576538
5.511073112487793
5.532222509384155
5.511407852172852
5.512225151062012
5.485554218292236
5.534721612930298
5.517008066177368
5.546032905578613
5.542449951171875
5.431429386138916
5.404565095901489
5.534534692764282
5.528340816497803
5.52697229385376
5.507293462753296
5.4894938468933105
5.462041854858398
5.537201166152954
5.534108400344849
5.503534317016602
5.542578935623169
5.493623495101929
5.483321905136108
5.546032190322876
5.530681133270264
5.509009838104248
5.507575273513794
5.440760850906372
5.506230592727661
5.664959669113159
5.585430383682251
5.552151441574097
5.542633771896362
5.529711723327637
5.471107006072998
5.509182453155518
5.557148694992065
5.46645975112915
5.5666210651397705
5.525751352310181
5.509299039840698
5.476196050643921
5.47560715675354
5.52802586555481
5.542234182357788
5.482946872711182
5.465445041656494
5.537439346313477
5.512549877166748
5.5441060066223145
5.477187395095825
5.510580062866211
5.546032905578613
5.498347759246826
5.517601251602173
5.537326097488403
5.515975475311279
5.519501209259033
5.443283557891846
5.53380823135376
5.554886102676392
5.511173725128174
5.451136589050293
5.562669515609741
5.516759634017944
5.530519723892212
5.505379676818848
5.4024739265441895
5.513020992279053
5.481058835983276
5.532618999481201
5.477617502212524
5.484941005706787
5.510852098464966
5.511329174041748
5.503701686859131
5.471055746078491
5.4676783084869385
5.510430812835693
5.53918981552124
5.515621900558472
5.489270448684692
5.523767948150635
5.533071041107178
5.486401081085205
5.500159740447998
5.486536741256714
5.515448570251465
5.569839239120483
