Timing log for each step:
0.016013622283935547
5.79327130317688
5.691178560256958
5.747229337692261
5.635128498077393
5.523025989532471
5.676164388656616
5.661151647567749
5.87634801864624
5.629121780395508
5.6681578159332275
5.603098630905151
5.521023750305176
5.674163818359375
5.57407283782959
5.548047780990601
5.473982095718384
5.64613676071167
5.478985548019409
5.6511430740356445
5.869340658187866
5.670159101486206
5.719205141067505
5.668159008026123
5.467976093292236
5.734218597412109
5.753235101699829
5.472980976104736
5.597092866897583
5.686173677444458
5.715201139450073
5.5220255851745605
5.944402456283569
5.687175750732422
5.553053617477417
5.599095344543457
5.540041446685791
5.545046806335449
5.669158220291138
5.562061309814453
5.622116804122925
5.6751649379730225
5.60509991645813
5.51101541519165
5.686173915863037
5.789268255233765
5.461974620819092
5.469980001449585
5.555055618286133
5.547048568725586
5.64713978767395
5.604100227355957
5.49700140953064
5.631124496459961
5.725209712982178
5.848321914672852
5.655146360397339
5.6541454792022705
5.548048496246338
5.728213310241699
5.538039207458496
5.474982976913452
5.521023750305176
5.540041208267212
5.6761651039123535
5.656146764755249
5.6331260204315186
5.652143239974976
5.693180799484253
5.694181680679321
5.658148765563965
5.614109754562378
5.779258728027344
5.749231338500977
5.903371810913086
5.465973615646362
5.662153720855713
5.663153409957886
5.8833534717559814
5.63713002204895
5.660151243209839
5.639132022857666
5.590087413787842
5.525028944015503
5.558059215545654
5.3048272132873535
5.570068597793579
5.736220121383667
5.698185920715332
5.573072195053101
5.666155576705933
5.662153005599976
5.463971853256226
5.610104560852051
5.657148599624634
5.51802134513855
5.560058832168579
5.78026008605957
5.490996360778809
5.581079006195068
5.420932054519653
5.55005145072937
5.580077648162842
5.525027513504028
5.649141550064087
5.526029109954834
5.681168079376221
5.468976259231567
5.350869417190552
5.55805778503418
5.455966234207153
5.681170225143433
5.319841384887695
5.431942701339722
6.007466554641724
5.469976902008057
5.774254560470581
5.434945106506348
5.783262491226196
5.481988906860352
5.460970401763916
5.5070106983184814
5.536037445068359
5.501006364822388
5.391906023025513
5.612106561660767
5.4990034103393555
5.445955038070679
5.667156457901001
5.60309910774231
5.606100559234619
5.606100797653198
5.5550537109375
5.468977212905884
5.448957681655884
5.4960010051727295
5.4609694480896
5.834308624267578
5.507011413574219
5.631125211715698
5.638130187988281
5.562060832977295
5.446956396102905
5.499002456665039
5.60409951210022
5.552052021026611
5.481989145278931
5.525027513504028
5.446956157684326
5.4569666385650635
5.471979141235352
5.580077648162842
5.5730719566345215
5.498003721237183
5.647139072418213
5.5280303955078125
5.459967851638794
5.507008790969849
5.590087413787842
5.5150182247161865
5.493989944458008
5.578076601028442
5.527029991149902
5.630123138427734
5.532034158706665
5.525027751922607
5.434945821762085
5.812289237976074
5.414918661117554
5.459968090057373
5.573070526123047
5.496002674102783
5.4980034828186035
5.486992597579956
5.609103202819824
5.389904737472534
5.698184967041016
5.492998361587524
5.571069955825806
5.562060594558716
5.4939985275268555
5.617110252380371
5.550051689147949
5.4649739265441895
5.40892219543457
5.429940700531006
5.69818639755249
5.680168628692627
5.425936698913574
5.369886159896851
5.750233173370361
5.4099225997924805
5.5250256061553955
5.462970733642578
5.439950227737427
5.500004291534424
5.464973449707031
5.479985475540161
5.568067789077759
5.554054498672485
5.51365327835083
5.655144691467285
5.671159029006958
5.686173915863037
5.532034158706665
5.56906795501709
5.48499059677124
5.561059951782227
5.625117540359497
5.563061714172363
5.742224931716919
5.487993001937866
5.677165746688843
5.543044805526733
5.446957349777222
5.631124019622803
5.656147241592407
5.449958801269531
5.560058832168579
5.519022464752197
6.09554648399353
5.610104322433472
5.666156768798828
5.533034563064575
5.5070106983184814
5.679168462753296
5.547048091888428
5.351869344711304
5.503008604049683
5.604100704193115
5.487993955612183
5.494998931884766
5.421933650970459
5.469976425170898
5.357875108718872
5.664153575897217
5.518021106719971
5.478984355926514
5.381897211074829
5.572071313858032
5.571069002151489
5.562061309814453
5.391905307769775
5.51301646232605
5.589085102081299
5.7352190017700195
5.516018629074097
5.444956064224243
5.53103232383728
5.625119924545288
5.368885040283203
5.536037921905518
5.433944463729858
5.633126974105835
5.4479570388793945
5.377894163131714
5.432943820953369
5.648139476776123
5.507011413574219
5.572070121765137
5.584082126617432
5.494999885559082
5.261788606643677
5.47298002243042
5.592088937759399
5.531033039093018
5.473982334136963
5.39390754699707
5.416928768157959
5.549049615859985
5.635128736495972
5.603099822998047
5.595092296600342
5.708194255828857
5.729212284088135
5.4419519901275635
5.548048734664917
5.48399019241333
5.502006530761719
5.647139549255371
5.521022319793701
5.697183847427368
5.305826902389526
5.303826332092285
5.4139275550842285
5.481988906860352
5.373888731002808
5.478986740112305
5.26779317855835
5.397911787033081
5.313836097717285
5.554054260253906
5.27079701423645
5.3128342628479
5.3668835163116455
5.377893447875977
5.20273494720459
5.278801918029785
5.188722610473633
5.381897211074829
5.507011413574219
5.352870464324951
5.355874300003052
5.435947418212891
5.237766265869141
5.456963777542114
5.475982189178467
5.22075080871582
5.374890327453613
5.312834024429321
5.362879514694214
5.368884801864624
5.317839860916138
5.5020060539245605
5.305829286575317
5.352871894836426
5.3909056186676025
5.500004529953003
5.475979328155518
5.32584547996521
5.305828094482422
5.256784200668335
5.470978021621704
5.533034801483154
5.4919984340667725
5.481989145278931
5.389904260635376
5.276799917221069
5.36888575553894
5.257785320281982
5.431943655014038
5.52302622795105
5.314836263656616
5.501006364822388
5.277803182601929
5.341861009597778
5.35086989402771
5.3558735847473145
5.317838191986084
5.336855888366699
5.361878871917725
5.3728883266448975
5.250778913497925
5.241769790649414
5.320841550827026
5.338857889175415
5.357876539230347
5.41692852973938
5.398913383483887
5.469977378845215
5.309832572937012
5.382897853851318
5.16670298576355
5.331852436065674
5.3358564376831055
5.311832427978516
5.4329447746276855
5.188720941543579
5.384899616241455
5.276803016662598
5.20974063873291
5.449958562850952
5.344864130020142
5.535035848617554
5.4359471797943115
5.352872133255005
5.400915145874023
5.421935081481934
5.390903949737549
5.381896495819092
5.228757619857788
5.338857173919678
5.277802467346191
5.2868123054504395
5.431943893432617
5.347866535186768
5.236764430999756
5.316839218139648
5.26078724861145
5.376892566680908
5.230759620666504
5.414927244186401
5.492997884750366
5.405920028686523
5.308830976486206
5.323845148086548
5.380896806716919
5.307830095291138
5.363881349563599
5.405919075012207
5.368885040283203
5.353872299194336
5.288813352584839
5.320841550827026
5.3758933544158936
5.1937267780303955
5.268795013427734
5.467975378036499
5.363882303237915
5.3328537940979
5.319840669631958
5.367884159088135
5.3188395500183105
5.459968328475952
5.214745998382568
5.389904499053955
5.288812160491943
5.383898496627808
5.375891447067261
5.225755453109741
5.247776746749878
5.384900093078613
5.301824331283569
5.251780033111572
5.233762741088867
5.322843074798584
5.348866939544678
5.239767551422119
5.7642457485198975
5.272799015045166
5.350870132446289
5.400915145874023
5.291814804077148
5.471977949142456
5.332851886749268
5.261788845062256
5.263789415359497
5.303826093673706
5.319840669631958
5.301826000213623
5.390906810760498
5.230759143829346
5.4529619216918945
5.420933246612549
5.238768100738525
5.369887590408325
5.43194317817688
5.370887279510498
5.3078296184539795
5.4179298877716064
5.625117778778076
5.480896949768066
5.374973297119141
