Timing log for each step:
0.012010812759399414
5.879923343658447
5.646963357925415
5.727141618728638
5.6844236850738525
5.6622254848480225
5.6305928230285645
5.764519214630127
5.9280712604522705
5.883251905441284
5.64847731590271
5.80925178527832
5.897902727127075
5.713425159454346
5.472276210784912
5.505478620529175
5.48760724067688
5.510181903839111
5.641877174377441
5.934047222137451
5.54084587097168
5.528407335281372
5.524038791656494
5.557578086853027
5.530996561050415
5.5035400390625
5.613446950912476
5.567254543304443
5.537041425704956
5.57147479057312
5.557932376861572
5.52000617980957
5.591279745101929
5.62808084487915
5.575739622116089
5.558718681335449
5.55527400970459
5.548114538192749
5.561612844467163
5.5342254638671875
5.549112558364868
5.507350206375122
5.615932464599609
5.537630081176758
5.6049041748046875
5.549885272979736
5.552594900131226
5.528749942779541
5.710545778274536
5.5231664180755615
5.515434980392456
5.589582443237305
5.6145312786102295
5.669977903366089
5.58734655380249
5.639190912246704
5.695199012756348
5.591353178024292
5.6207685470581055
5.578378915786743
5.665525913238525
5.591502904891968
5.6446545124053955
5.599578380584717
5.658231735229492
5.633739709854126
5.592942714691162
5.63643217086792
5.639566421508789
5.610916376113892
5.565984725952148
5.543157339096069
5.55146861076355
5.5211827754974365
5.593593597412109
5.7658843994140625
5.624020338058472
5.616751194000244
5.6429173946380615
5.6096556186676025
5.65199089050293
5.651946544647217
5.605940580368042
5.673386812210083
5.653309345245361
5.694309711456299
5.6542017459869385
5.601609230041504
5.620418548583984
5.6402366161346436
5.627559423446655
5.617274522781372
5.647886514663696
5.633504867553711
5.618446350097656
5.641585826873779
5.613088369369507
5.657738208770752
5.655899524688721
5.58361029624939
5.661810636520386
5.637679100036621
5.635945081710815
5.609351396560669
5.620401859283447
5.872800350189209
5.606218576431274
5.712424993515015
5.880582332611084
5.593334197998047
5.89033842086792
5.8339455127716064
5.696370601654053
5.940036296844482
5.7816407680511475
5.633681297302246
5.9405739307403564
5.820240497589111
5.6733503341674805
5.649980545043945
5.693965196609497
5.637707233428955
5.709638833999634
5.605881452560425
5.684553623199463
5.665713310241699
5.870808839797974
5.964384317398071
5.810915231704712
5.992442846298218
6.05904746055603
6.0644121170043945
5.951698303222656
5.983804225921631
5.995105981826782
5.949383020401001
6.036020755767822
5.978912115097046
6.0228142738342285
6.042911052703857
6.164255142211914
5.072139024734497
5.264937877655029
5.30824875831604
5.602651119232178
5.657785177230835
5.595599412918091
6.1526477336883545
6.0656421184539795
5.591642379760742
5.5914466381073
5.837486505508423
6.184157371520996
5.679776906967163
5.796451807022095
6.265206813812256
5.554293155670166
6.270781993865967
6.0136730670928955
6.318862676620483
5.907641410827637
5.899831295013428
5.985879182815552
6.037733793258667
5.906353235244751
5.930492162704468
5.783603668212891
5.7250354290008545
5.681700229644775
5.873854398727417
6.6968162059783936
6.923684120178223
6.67999267578125
6.305635690689087
5.870035648345947
6.0798020362854
5.978996753692627
5.838144302368164
6.566049814224243
6.327906370162964
6.552499771118164
6.3583760261535645
6.274837017059326
6.383920431137085
6.460509300231934
6.3078155517578125
6.239911794662476
6.634836912155151
6.812533617019653
6.400813817977905
6.054205656051636
5.926101922988892
6.05977988243103
6.331162452697754
6.533501148223877
5.976953029632568
5.957873821258545
6.066059589385986
6.1281163692474365
6.230058193206787
6.4102959632873535
6.428587198257446
6.215484142303467
5.898868083953857
5.876852989196777
5.96081280708313
5.911192417144775
6.0790205001831055
6.836766958236694
6.370676755905151
6.326208591461182
6.292426586151123
6.253789901733398
5.85554838180542
6.135574102401733
5.846672296524048
5.846325159072876
6.161476373672485
6.090226173400879
6.637165546417236
6.158733367919922
6.133913040161133
6.483978271484375
6.331422328948975
6.126936197280884
6.432704925537109
6.998441219329834
6.054841995239258
5.71722674369812
6.520986318588257
6.591606855392456
5.97688627243042
5.969587564468384
5.978678941726685
5.862256050109863
6.222153425216675
6.350184679031372
6.142228364944458
6.196321249008179
5.856745004653931
5.88384485244751
6.04495096206665
5.93026065826416
6.108036518096924
6.016351938247681
6.005876064300537
5.9595725536346436
5.988378286361694
5.991960763931274
5.910535573959351
5.95182991027832
6.021192789077759
5.929072856903076
5.936816215515137
5.914082765579224
5.91825532913208
5.863349676132202
6.003646612167358
5.958222150802612
5.945529460906982
5.973296165466309
5.985831260681152
5.994961500167847
5.974792718887329
5.986915111541748
6.741564989089966
6.625006675720215
6.2132248878479
6.1049644947052
6.078463315963745
6.4198784828186035
6.539010763168335
6.3641321659088135
6.2385852336883545
5.921749830245972
5.865494012832642
5.87573766708374
6.000443696975708
5.933068513870239
5.980496406555176
5.832925319671631
5.874058723449707
5.874767065048218
5.884286880493164
6.060144424438477
5.860244989395142
5.857730150222778
5.881408214569092
5.849536895751953
5.862901210784912
6.035630464553833
5.830075740814209
5.851814031600952
5.8394224643707275
5.857766389846802
5.812220573425293
5.864478826522827
5.770579814910889
5.645282983779907
5.639287948608398
5.68045449256897
5.714361667633057
5.626485586166382
5.773963689804077
6.157444000244141
6.170154809951782
5.846304178237915
5.872013330459595
5.634398937225342
5.666812419891357
5.653054714202881
5.6004462242126465
5.6260199546813965
5.620713233947754
5.707312345504761
5.721107721328735
5.657779216766357
5.638942241668701
5.597888946533203
5.58037257194519
5.614818096160889
5.5836169719696045
5.80376935005188
5.9119346141815186
5.601407527923584
5.62955641746521
5.659863710403442
5.621230125427246
5.643397569656372
5.656641960144043
5.655502796173096
5.648321866989136
5.6489787101745605
5.649557590484619
5.647644758224487
5.619629383087158
5.715311288833618
5.647615432739258
5.849239349365234
5.879821538925171
5.810903787612915
5.8450703620910645
5.871799468994141
5.869690418243408
6.299900054931641
5.683565855026245
5.652199745178223
5.647099256515503
