Timing log for each step:
0.021020889282226562
6.150472164154053
6.148725509643555
5.7680583000183105
5.7798192501068115
5.774184703826904
5.72257924079895
5.787942409515381
5.7785115242004395
5.762185096740723
5.740620136260986
5.842300176620483
5.766749382019043
5.73343300819397
5.801090240478516
5.789950132369995
5.7313807010650635
5.714780807495117
5.8188629150390625
5.750922441482544
5.7058265209198
5.729617118835449
5.75341272354126
5.75666880607605
5.773739814758301
5.780113697052002
5.805440187454224
5.674813747406006
5.658848762512207
5.72041130065918
5.708072900772095
5.7494797706604
5.720852613449097
5.727931499481201
5.719969987869263
5.762892723083496
5.711385011672974
5.750524044036865
5.7402002811431885
5.696284770965576
5.711900949478149
5.710572957992554
5.773942232131958
5.739622592926025
5.713113069534302
5.7295050621032715
5.699246168136597
5.735200881958008
5.686873912811279
5.716039419174194
5.732974290847778
5.777731418609619
5.6796042919158936
5.852769136428833
5.746155023574829
5.784273624420166
5.765807390213013
5.856366157531738
5.808525562286377
5.790064811706543
5.766317367553711
5.793109893798828
5.808155059814453
5.8175904750823975
6.338429927825928
5.794479608535767
5.746199369430542
5.816221237182617
5.745010137557983
5.771642446517944
5.790375232696533
5.777674913406372
5.7944934368133545
5.832154273986816
5.798006296157837
5.81892466545105
5.784742832183838
5.842851638793945
5.790895223617554
5.777351140975952
5.810312271118164
5.8707873821258545
5.807230710983276
5.867120742797852
5.772998332977295
5.845538377761841
5.775311708450317
5.8037025928497314
5.715929269790649
5.786712646484375
5.734858274459839
5.782470464706421
5.735574960708618
5.768945932388306
5.7877421379089355
5.94431471824646
5.822028398513794
5.837169885635376
5.766953468322754
5.761507272720337
5.7386794090271
5.787060737609863
5.807940483093262
5.854113340377808
5.778941631317139
5.793548107147217
5.752984046936035
5.792789936065674
5.762436628341675
5.786081075668335
5.892635822296143
5.712847709655762
5.804673433303833
6.089585065841675
5.789496183395386
5.794625282287598
6.064895391464233
5.945531368255615
5.741786479949951
5.535535573959351
5.313951730728149
5.357094764709473
5.299082517623901
5.324304819107056
5.357099771499634
5.355436563491821
5.375911235809326
5.390493392944336
5.321398735046387
5.579165697097778
5.590271234512329
5.613357305526733
5.5439043045043945
5.530553579330444
5.551466464996338
5.461341142654419
5.586588382720947
5.56231951713562
5.6030542850494385
5.5777788162231445
5.6289660930633545
5.5945961475372314
5.562546491622925
5.574178218841553
5.667665004730225
5.597301483154297
5.627213954925537
5.572244167327881
5.579875946044922
5.6047585010528564
5.621777534484863
5.655948162078857
5.6546478271484375
5.69520378112793
5.802043199539185
5.798855543136597
5.7589638233184814
5.774766683578491
5.7740747928619385
5.759006500244141
5.90078330039978
5.8369927406311035
5.791776657104492
5.817834138870239
5.884255886077881
5.830502510070801
5.797293663024902
5.755246877670288
5.8111958503723145
5.8250041007995605
5.784030914306641
5.8097357749938965
5.776960372924805
5.834778785705566
5.81356406211853
5.820233583450317
5.829666376113892
5.796696424484253
5.800843000411987
5.805443525314331
5.830526351928711
5.813889741897583
5.839725971221924
5.816717863082886
5.793306350708008
5.819927215576172
5.771658182144165
5.810948371887207
5.832771301269531
5.753681182861328
5.808709621429443
5.839894533157349
5.813040494918823
5.993227005004883
5.8336341381073
5.813314199447632
5.829247951507568
5.7826807498931885
5.796871662139893
5.784607410430908
5.801464080810547
5.720057964324951
5.787290573120117
5.778914213180542
5.812444448471069
5.7805705070495605
6.034144163131714
5.818231821060181
5.726064443588257
5.833967208862305
5.757335662841797
5.812261581420898
5.758107662200928
5.825705051422119
5.811925888061523
5.833277225494385
5.817462921142578
5.747450590133667
5.836807489395142
5.834932804107666
5.812609434127808
5.799559116363525
5.841855764389038
5.830838918685913
5.8091206550598145
5.801336050033569
5.771324157714844
5.829137563705444
5.852728605270386
5.8021240234375
5.817742347717285
5.80433464050293
5.780874490737915
5.720687389373779
5.794975757598877
5.7928643226623535
5.756678819656372
5.786579847335815
5.817594289779663
5.761829853057861
5.821061849594116
5.812433481216431
5.8208229541778564
5.802119016647339
5.834626913070679
5.791248321533203
5.788761615753174
5.8180317878723145
5.806352853775024
5.800387620925903
5.868590593338013
5.857898712158203
5.767791509628296
5.833004713058472
5.773686170578003
5.773088216781616
5.872394800186157
5.8081214427948
5.818855285644531
5.819788932800293
5.810838222503662
5.837858200073242
5.8287060260772705
5.79083776473999
5.778262615203857
5.835477590560913
5.813596963882446
5.827892303466797
5.796995401382446
5.768897533416748
5.846478223800659
5.8559393882751465
5.75750994682312
6.302403688430786
5.793383598327637
5.788503885269165
5.734050512313843
5.826913118362427
6.013239145278931
5.827995777130127
5.796612501144409
5.741136312484741
5.802452802658081
5.778882741928101
5.730719089508057
5.776918888092041
5.807673931121826
5.760993242263794
5.784669876098633
5.8126983642578125
5.73979926109314
5.79290771484375
5.801914930343628
5.819746017456055
5.8319761753082275
5.81981897354126
6.0846240520477295
5.917365550994873
5.67316746711731
5.670129776000977
5.625723123550415
5.716619968414307
5.5957722663879395
5.682194709777832
5.587706089019775
5.569979429244995
5.566561937332153
5.640055418014526
5.608248710632324
5.611114501953125
5.657625436782837
5.653630018234253
5.5615739822387695
5.6002326011657715
5.653491973876953
5.637305498123169
5.689383506774902
5.461925745010376
5.552363395690918
5.574353456497192
5.5455358028411865
5.621794700622559
5.615239143371582
5.491830348968506
5.52962327003479
5.593010425567627
5.5355870723724365
5.569586753845215
5.529323101043701
5.638753414154053
5.50267767906189
5.650544881820679
5.595703840255737
5.644906282424927
5.495577573776245
5.518710613250732
5.575413942337036
5.693008661270142
5.468520164489746
5.540790557861328
5.538326263427734
5.656712770462036
5.5936598777771
5.608635187149048
5.53901481628418
5.682865381240845
5.696187496185303
5.370685577392578
5.504825592041016
5.567546844482422
5.533929347991943
5.630365371704102
5.511794328689575
5.617855072021484
5.5272135734558105
5.620707750320435
5.458052396774292
5.583155632019043
5.482391357421875
5.593737840652466
5.456653833389282
5.516539096832275
5.5412468910217285
5.4912636280059814
5.603305816650391
5.54817533493042
5.539720296859741
5.717440366744995
5.547147274017334
5.507974624633789
5.547271728515625
5.623073577880859
5.5014894008636475
5.520346403121948
5.581078767776489
5.673378229141235
5.6305670738220215
5.630725860595703
5.707468271255493
5.577702283859253
5.668718338012695
5.607844114303589
5.482156991958618
5.622737407684326
5.520466327667236
5.536830186843872
5.5456862449646
5.567962408065796
5.325319051742554
5.435234308242798
5.559552907943726
5.556617975234985
5.535340785980225
5.384883642196655
5.59415602684021
5.632272481918335
5.579446077346802
5.591059923171997
5.643887996673584
5.636762619018555
5.589660406112671
5.606260299682617
5.539198398590088
5.5852367877960205
5.5595924854278564
5.579608678817749
5.3980553150177
5.581349849700928
5.616690158843994
5.4925925731658936
5.549286603927612
5.5939483642578125
5.588376045227051
5.946680307388306
5.638475179672241
5.518613576889038
5.658194541931152
5.618877172470093
5.49458384513855
5.599258184432983
5.573230743408203
5.527082443237305
5.635607957839966
5.445662975311279
5.608426094055176
5.560896635055542
5.548341512680054
5.57196569442749
5.5085108280181885
5.625306606292725
5.592623472213745
5.602739334106445
5.698503732681274
5.612110376358032
5.483082294464111
5.513527154922485
5.584215402603149
5.562180995941162
5.6166253089904785
5.524797677993774
5.530030012130737
5.577673673629761
5.531860828399658
5.5458996295928955
5.5545759201049805
5.638715982437134
5.6539270877838135
5.625260353088379
5.590747117996216
5.591704368591309
5.619380950927734
5.559455871582031
5.601717472076416
5.528786897659302
5.518031358718872
5.575923681259155
5.623676061630249
5.547208547592163
5.585441827774048
5.5121376514434814
5.576192140579224
5.65738582611084
5.645016431808472
5.531519412994385
5.553233861923218
5.502195358276367
5.514709234237671
5.546437501907349
5.582285642623901
5.549635648727417
5.600637912750244
5.570209264755249
5.582628488540649
5.557295799255371
5.5521862506866455
5.762064456939697
5.53607964515686
5.572298049926758
5.6183226108551025
5.411105632781982
5.581260919570923
5.612330198287964
5.550478219985962
5.354555130004883
5.638213396072388
5.625692129135132
5.51516056060791
5.568963050842285
5.52713680267334
5.603627920150757
5.635419607162476
5.599981307983398
5.508667230606079
5.431402921676636
5.671611070632935
5.582500457763672
5.611694812774658
5.68250298500061
5.677741765975952
5.6316819190979
5.530505180358887
5.57121467590332
5.588456630706787
5.532490491867065
5.612678289413452
5.470983028411865
5.593251943588257
5.6280272006988525
5.551589488983154
5.612369060516357
5.5821356773376465
5.519292831420898
5.522703647613525
5.6542439460754395
5.610776424407959
5.642721176147461
5.641298294067383
5.639997959136963
5.6206889152526855
5.5645751953125
5.544209241867065
5.578685522079468
5.534377813339233
5.51915431022644
5.538530349731445
5.603744268417358
5.503498315811157
5.585343837738037
5.644407272338867
5.5660765171051025
5.598237991333008
5.551461219787598
5.5947980880737305
5.606996297836304
5.5802223682403564
5.631300210952759
5.578945636749268
5.568603277206421
5.6036903858184814
5.5926477909088135
5.631804943084717
5.571808338165283
5.555175542831421
5.4544572830200195
5.5141441822052
5.574467897415161
5.634845733642578
5.590223073959351
5.605754852294922
5.701038122177124
5.683573007583618
5.568357467651367
5.562249422073364
5.578181743621826
5.5712175369262695
5.521681785583496
5.544338226318359
5.658603668212891
5.591808319091797
5.579493045806885
5.598691940307617
5.616334915161133
5.430172920227051
5.651151657104492
5.658271789550781
5.637495994567871
5.602283239364624
5.629666090011597
5.645809650421143
5.658961057662964
5.623219728469849
5.488314628601074
5.487005949020386
5.633066177368164
5.49958872795105
5.621978044509888
5.656672239303589
5.603511810302734
5.641843795776367
5.615013599395752
5.598935842514038
5.612584114074707
5.582340717315674
5.605262517929077
5.617776870727539
5.603778123855591
5.600224494934082
5.589468717575073
5.5705485343933105
5.558227062225342
5.655809164047241
5.606476068496704
5.562683343887329
5.6251442432403564
5.516569137573242
5.544164657592773
5.500222444534302
5.564352750778198
5.569458484649658
5.500035285949707
5.600332975387573
5.63051176071167
5.57642674446106
5.543231010437012
5.48214864730835
5.726005792617798
5.662830829620361
5.6195619106292725
5.521648406982422
5.586824655532837
5.468559265136719
5.5871806144714355
5.578844785690308
5.561026096343994
5.615467548370361
5.552600383758545
5.657606601715088
5.571753025054932
5.5686728954315186
5.62503981590271
5.5022923946380615
5.373450756072998
5.533263921737671
5.675804853439331
5.61656928062439
5.603509902954102
5.563242197036743
5.5234904289245605
5.568624019622803
5.575348138809204
5.657624959945679
5.649298906326294
5.607456207275391
5.6142473220825195
5.4925055503845215
5.6063783168792725
5.609269142150879
5.601073503494263
5.574441909790039
5.600170850753784
5.624689102172852
5.645921230316162
5.60858678817749
5.691714763641357
5.584214448928833
5.3837103843688965
5.558785676956177
5.532411813735962
5.442089319229126
5.436446666717529
5.32910943031311
5.506179332733154
5.534241437911987
5.525733947753906
5.443949460983276
5.5670061111450195
5.587272882461548
5.64395546913147
5.685880661010742
5.577212810516357
5.600235939025879
5.58209753036499
5.5926830768585205
5.652969837188721
5.556496620178223
5.605066537857056
5.634384870529175
5.515126943588257
5.6525843143463135
5.522256374359131
5.601982831954956
5.562058448791504
5.55233359336853
5.5586998462677
5.5723652839660645
5.462998390197754
5.570896625518799
5.544455289840698
5.590601921081543
5.649759769439697
5.6269776821136475
5.677401542663574
5.5385825634002686
5.614861488342285
5.541670799255371
5.583801031112671
5.589666128158569
5.545040607452393
5.6337878704071045
5.608072757720947
5.6168506145477295
5.603224277496338
5.5201256275177
5.625199556350708
5.53679633140564
5.58255934715271
5.620768070220947
5.601238012313843
5.582564353942871
5.540570974349976
5.537670612335205
5.605741739273071
5.66866660118103
5.609006643295288
5.589643239974976
5.574923753738403
5.516237020492554
5.565393686294556
5.577029705047607
5.513482093811035
5.496632099151611
5.592259645462036
5.636783123016357
5.547538757324219
5.526506423950195
5.5021398067474365
5.651848793029785
5.51515007019043
5.578310012817383
5.627811431884766
5.4490602016448975
5.557876348495483
5.579928398132324
5.561717510223389
5.610266447067261
5.642620325088501
5.579209327697754
5.620827674865723
5.594717979431152
5.528049468994141
5.5766894817352295
5.5545923709869385
5.520265340805054
5.522030353546143
5.484971046447754
5.661505222320557
5.513059377670288
5.603498220443726
5.591010808944702
5.614733457565308
5.638370752334595
5.650280237197876
5.463341474533081
5.5126307010650635
5.650248289108276
5.667718172073364
5.625860214233398
5.52844762802124
5.593097925186157
5.607695579528809
5.4911675453186035
5.631861925125122
5.535367965698242
5.5542895793914795
5.435069799423218
5.584949493408203
5.519597768783569
5.447669982910156
5.580003499984741
5.510590314865112
5.557530879974365
5.5453572273254395
5.544519662857056
5.573028564453125
5.5806474685668945
5.540146827697754
5.635444641113281
5.54146933555603
5.498160362243652
5.588727235794067
5.58242392539978
5.543172121047974
5.583477258682251
5.547463655471802
5.490566730499268
5.523186683654785
5.541859865188599
5.5549890995025635
5.623464107513428
5.527201175689697
5.56987190246582
5.559733629226685
5.541476726531982
5.5036749839782715
5.486923456192017
5.540208578109741
5.575213432312012
5.576792240142822
5.585354328155518
5.577237606048584
5.923245668411255
5.502639293670654
5.658819198608398
5.574204444885254
5.546707391738892
5.584960699081421
5.47653865814209
5.58868670463562
5.482486009597778
5.556265830993652
5.5201520919799805
5.87727427482605
5.514084339141846
5.545169353485107
5.5397961139678955
5.57224440574646
5.559929132461548
5.567316055297852
5.550304174423218
5.504581451416016
5.57712459564209
5.5385637283325195
5.5795958042144775
5.6196160316467285
5.604384183883667
5.654131650924683
5.649155139923096
5.504023551940918
5.39592432975769
5.446970462799072
5.400928735733032
5.383913278579712
5.694196701049805
5.527041435241699
5.5400550365448
5.4149415493011475
5.6001105308532715
5.5590715408325195
5.513031721115112
5.364896059036255
5.424951791763306
5.537052392959595
5.519036769866943
5.366897821426392
5.5520665645599365
5.395923137664795
5.611120939254761
5.275815963745117
5.626132011413574
5.465987920761108
5.5610737800598145
5.594104051589966
5.657162427902222
5.430955410003662
5.414940595626831
5.46598744392395
5.641146898269653
5.503021955490112
5.53404974937439
5.365896940231323
5.331865310668945
5.50802755355835
5.554068326950073
5.50201940536499
5.496016502380371
5.487006664276123
5.456979751586914
5.4930126667022705
5.4539783000946045
5.542058229446411
5.611119985580444
5.418944597244263
5.454977989196777
5.347879886627197
5.490008354187012
5.459982633590698
5.622130393981934
5.517035722732544
5.611120223999023
5.6101179122924805
5.629136562347412
5.438964366912842
5.268807411193848
5.510028123855591
5.554068326950073
5.5860981941223145
5.5330491065979
5.529045104980469
5.502021551132202
5.541056156158447
5.452976226806641
5.494013547897339
5.564077377319336
5.34487771987915
5.523040533065796
5.492010831832886
5.431957006454468
5.551064729690552
5.4419660568237305
5.5230393409729
5.551065921783447
5.620128631591797
5.540056228637695
5.551065921783447
5.51303243637085
5.482003688812256
5.438963890075684
5.469991445541382
5.634142160415649
5.51403284072876
5.630137920379639
5.440964937210083
5.495014667510986
5.583094835281372
5.393922328948975
5.4739954471588135
5.581093072891235
5.357889652252197
5.5881006717681885
5.569082260131836
5.671176433563232
5.387917995452881
5.587098836898804
5.7102110385894775
5.433959007263184
5.640144348144531
5.548062801361084
5.39892578125
5.507025241851807
5.412940263748169
5.4439685344696045
5.537052154541016
5.613122224807739
5.45898175239563
5.4719929695129395
5.497016668319702
5.5230395793914795
5.558071851730347
5.514032363891602
5.387916803359985
5.548062801361084
5.596107006072998
5.331865549087524
5.488009452819824
5.534049987792969
5.432958126068115
6.339786529541016
