Timing log for each step:
0.015012979507446289
5.71139669418335
5.316457271575928
5.215710163116455
5.225331544876099
5.234869003295898
5.215684413909912
5.325995445251465
5.326186418533325
5.21733546257019
5.317756175994873
5.214956521987915
5.271049976348877
5.266474008560181
5.160445213317871
5.2284064292907715
5.743736028671265
5.259063243865967
5.291013479232788
5.249798774719238
5.662522077560425
5.322307348251343
5.259951114654541
5.4983229637146
5.243582487106323
5.582611560821533
5.2357892990112305
5.559075593948364
5.2180585861206055
5.284314393997192
5.152786016464233
5.278925180435181
5.388504505157471
5.460859298706055
5.3291709423065186
5.361146450042725
5.337076187133789
5.18637490272522
5.0331854820251465
5.189962148666382
5.226492643356323
5.298424005508423
5.129286766052246
5.24546217918396
5.098089933395386
5.268899917602539
5.22325587272644
5.342665672302246
5.112369775772095
5.306239366531372
5.188284635543823
5.1531572341918945
5.261638402938843
5.3228864669799805
5.398815393447876
5.363455295562744
5.371537685394287
5.340516567230225
5.268427848815918
5.317692995071411
5.495637893676758
5.308915853500366
5.4399659633636475
5.3951661586761475
5.268941879272461
5.404453992843628
5.270882844924927
5.339658737182617
5.334027051925659
5.299309015274048
5.398149728775024
5.328973293304443
5.368134260177612
5.36907172203064
5.414406061172485
5.284992456436157
5.341411113739014
5.389124155044556
5.354862213134766
5.310317516326904
5.539987564086914
5.42147970199585
5.342806100845337
5.300888538360596
5.363173484802246
5.38305401802063
5.398685455322266
5.388072729110718
5.301416873931885
5.394349575042725
5.285953521728516
5.342391490936279
5.41901707649231
5.396648406982422
5.388368606567383
5.489684820175171
5.426503419876099
5.442599773406982
5.419560432434082
5.498264312744141
5.392951965332031
5.4375550746917725
5.386307716369629
5.404200077056885
5.401282548904419
5.4775567054748535
5.416330814361572
5.437733173370361
5.42683219909668
5.338625192642212
5.401190519332886
5.505552530288696
5.345541715621948
5.40548849105835
5.460524320602417
5.385482549667358
5.463284492492676
5.399306297302246
5.451969385147095
5.412359952926636
5.504006385803223
5.461339712142944
5.416523694992065
5.336496114730835
5.250852584838867
5.432479381561279
5.447448492050171
5.457152366638184
5.41374945640564
5.494231939315796
5.3919594287872314
5.4165544509887695
5.380285263061523
5.406222581863403
5.336513042449951
5.231981039047241
5.460747241973877
5.416829347610474
5.360082149505615
5.339592695236206
5.400563478469849
5.489862680435181
5.476698637008667
5.40944504737854
5.53231406211853
5.460795879364014
5.510227680206299
5.404474973678589
5.452836513519287
5.541835784912109
5.459286689758301
5.3508827686309814
5.451092481613159
5.300379514694214
5.463183641433716
5.480931043624878
5.461588382720947
5.449913263320923
5.508946895599365
5.413722038269043
5.463049411773682
5.474579095840454
5.396638870239258
5.367527961730957
5.467009544372559
5.519035339355469
5.469247579574585
5.524199962615967
5.477156639099121
5.4294211864471436
5.43572211265564
5.477252244949341
5.496967315673828
5.518282413482666
5.48655366897583
5.4596171379089355
5.383263349533081
5.46225905418396
5.323187589645386
5.507696151733398
5.517925500869751
5.456371307373047
5.394645690917969
5.432121753692627
5.412096261978149
5.409578323364258
5.389333724975586
5.465327978134155
5.49242377281189
5.373447418212891
5.49367618560791
5.3679890632629395
5.489293813705444
5.450184106826782
5.543384552001953
5.5495765209198
5.565268039703369
5.404289722442627
5.426113605499268
5.476454257965088
5.641545534133911
5.4075236320495605
5.469021320343018
5.353953838348389
5.425972938537598
5.454443693161011
5.503948211669922
5.5108253955841064
5.405574560165405
5.376485824584961
5.343400001525879
5.491927146911621
5.31695818901062
5.4560582637786865
5.480551481246948
5.3782055377960205
5.54631495475769
5.458492279052734
5.4311370849609375
5.466470956802368
5.451479911804199
5.413764715194702
5.482998847961426
5.375411033630371
5.459611415863037
5.411070108413696
5.570366144180298
5.484785795211792
5.463543891906738
5.480515480041504
5.473321914672852
5.42051100730896
5.383955478668213
5.306217193603516
5.493721961975098
5.498253107070923
5.390933990478516
5.457695960998535
5.460813283920288
5.415629625320435
5.4188714027404785
5.430589199066162
5.533828496932983
5.3723719120025635
5.4327311515808105
5.512916088104248
5.379956960678101
5.547788619995117
5.366384029388428
5.519937038421631
5.313911199569702
5.350281238555908
5.422040939331055
5.4994871616363525
5.387009143829346
5.513282537460327
5.354843616485596
5.446221113204956
5.372195243835449
5.475336074829102
5.5474162101745605
5.431593656539917
5.350475311279297
5.510559797286987
5.419091463088989
5.512623310089111
5.481807231903076
5.350178956985474
5.483238697052002
5.5402679443359375
5.422736167907715
5.5558226108551025
5.470852375030518
5.43773341178894
5.380023002624512
5.490452766418457
5.409803628921509
5.296687841415405
5.430073261260986
5.558556795120239
5.539623975753784
5.481001377105713
5.477177858352661
5.6826395988464355
5.547858953475952
