Timing log for each step:
0.028024673461914062
10.197819948196411
10.254453897476196
10.268838167190552
10.185287237167358
10.158968687057495
10.193624019622803
10.537856817245483
10.24582028388977
10.38247799873352
10.477962255477905
10.325087785720825
10.41990613937378
10.43022871017456
10.478093385696411
10.401418209075928
10.484382629394531
10.371934175491333
10.299866914749146
10.350065231323242
10.27611255645752
10.393251180648804
10.476780414581299
10.50647521018982
10.461158990859985
10.384924411773682
10.450009822845459
10.469717502593994
10.175288915634155
10.511849880218506
10.565016031265259
10.437902450561523
10.51086139678955
10.514603614807129
10.619502782821655
10.564512968063354
10.604869604110718
10.565451860427856
10.633661985397339
10.551799297332764
10.435522317886353
10.60018253326416
10.610565185546875
10.435484409332275
10.54066276550293
10.385647535324097
10.519487380981445
10.503719806671143
10.592572450637817
10.487486839294434
10.683866500854492
10.509799718856812
10.559634447097778
10.659649848937988
10.602368831634521
10.645342350006104
10.587077140808105
10.130071640014648
10.527618885040283
10.415701150894165
10.518900871276855
10.478024005889893
10.495862245559692
9.87108564376831
10.419323682785034
10.528315782546997
10.416914939880371
10.408761978149414
10.42979121208191
10.393215417861938
10.402772426605225
10.370805263519287
10.27932071685791
10.342044591903687
10.317697286605835
10.214550971984863
10.297499656677246
10.399906158447266
10.3606538772583
10.488407850265503
10.480063199996948
10.540029764175415
10.479336738586426
10.347853422164917
10.338252544403076
10.27271294593811
10.44267988204956
10.336069107055664
10.499098539352417
10.3306303024292
10.523019075393677
10.441267490386963
10.434131383895874
10.426990985870361
9.954869270324707
10.40871262550354
10.361359596252441
10.35544228553772
10.41176700592041
10.426433324813843
10.433520078659058
10.46083116531372
10.474677324295044
10.416970491409302
10.413227319717407
10.418394088745117
10.49946141242981
10.487364053726196
10.362317323684692
10.699499368667603
10.415914535522461
10.497278690338135
10.662501096725464
10.539508581161499
10.414114236831665
10.511931419372559
10.279174327850342
10.459139585494995
10.615365982055664
10.435389995574951
10.474007368087769
10.541740655899048
10.471631288528442
10.526549577713013
10.446020126342773
10.451959133148193
10.472863674163818
10.360249757766724
10.55300259590149
10.291433095932007
10.5655357837677
10.483030557632446
10.442422151565552
10.464863061904907
10.563685178756714
10.430340051651001
10.46884036064148
10.373429536819458
10.500163078308105
10.940940618515015
11.16724181175232
11.09768533706665
10.527339935302734
10.42099118232727
10.54867172241211
10.503636598587036
10.44770359992981
10.472623348236084
10.540657997131348
10.444887638092041
10.498053550720215
10.917698860168457
10.49378752708435
10.491401195526123
10.403227090835571
9.869425535202026
10.458958387374878
10.488582849502563
10.213524103164673
10.378235101699829
10.450233936309814
10.47085165977478
10.57017183303833
10.588283777236938
10.569946527481079
10.403953552246094
10.36120867729187
10.647381067276001
10.550457954406738
10.511159181594849
10.658399105072021
10.454419612884521
10.564430475234985
10.580315113067627
10.40617561340332
10.631481647491455
10.552222967147827
10.451225757598877
10.509992599487305
10.547309398651123
10.512701988220215
10.534676790237427
10.614036798477173
10.555526494979858
10.707907915115356
10.41843581199646
10.505584716796875
10.540471315383911
10.659506559371948
10.53490424156189
10.56954550743103
10.669600009918213
10.596619606018066
10.447475671768188
10.585383892059326
10.529330492019653
10.474632501602173
10.354881525039673
10.433654069900513
10.43170976638794
10.484155893325806
10.54989242553711
10.594764947891235
10.464916467666626
10.602028846740723
10.524141073226929
10.634461164474487
10.576619386672974
10.343735933303833
10.573881149291992
10.496003150939941
10.622742176055908
10.399998903274536
10.627516984939575
10.646814107894897
10.622188329696655
10.540233612060547
10.933960199356079
10.579893589019775
10.48720383644104
10.472505331039429
10.515945196151733
10.574090719223022
10.496962547302246
10.482820510864258
10.530480146408081
10.537727117538452
10.454200506210327
10.628745317459106
10.451443433761597
10.434295415878296
10.566207885742188
10.273897886276245
10.52750015258789
10.361346006393433
10.498052597045898
10.666377067565918
10.588576793670654
10.675313472747803
10.53165054321289
10.398541688919067
10.599166870117188
10.490240097045898
10.485721588134766
10.533469915390015
10.536093473434448
10.624776124954224
10.630117416381836
10.648530960083008
10.601292133331299
10.626548290252686
10.736718893051147
10.601954936981201
10.63623595237732
10.704708576202393
10.82050085067749
10.77617335319519
10.817469120025635
10.70930290222168
10.73801851272583
10.716151475906372
10.733195066452026
10.788272619247437
10.701168775558472
10.607478618621826
10.657503843307495
10.848153829574585
10.405683994293213
