Timing log for each step:
0.024020910263061523
5.215750455856323
5.347873210906982
5.505017042160034
5.248782634735107
5.394916534423828
5.421940565109253
5.326855182647705
5.401923179626465
5.33986759185791
5.414935111999512
5.374896764755249
5.247783660888672
5.260795593261719
5.199738502502441
5.241777181625366
5.122668743133545
5.309838533401489
5.246781587600708
5.37089467048645
5.389911890029907
5.233770132064819
5.311841726303101
5.3148438930511475
5.363888263702393
5.2808146476745605
5.321849584579468
5.285816669464111
5.288820028305054
5.276808261871338
5.446962833404541
5.334862232208252
5.269803524017334
5.28381609916687
4.937499761581421
5.048600435256958
5.2337706089019775
4.625216245651245
4.568164110183716
4.641220331192017
5.2908220291137695
5.139684677124023
4.867436170578003
5.344870567321777
5.411932706832886
5.349875211715698
5.496008634567261
5.335863351821899
5.333861589431763
5.354879140853882
5.322850942611694
5.3038330078125
5.453970909118652
5.617119550704956
5.427947759628296
4.988546848297119
5.072624683380127
4.990548610687256
5.168710470199585
5.313842535018921
5.324852705001831
5.341868162155151
5.389912128448486
5.379901170730591
5.348875284194946
5.437957048416138
5.367891073226929
5.27380633354187
5.360886335372925
5.32585334777832
5.233769416809082
5.200740814208984
5.4399573802948
5.340867042541504
5.404925584793091
5.339866638183594
5.396919250488281
5.274808645248413
5.2998316287994385
5.338865518569946
5.423944711685181
5.270803928375244
5.343869686126709
5.2878196239471436
5.530038356781006
5.341869592666626
5.262797594070435
5.321850061416626
5.38891077041626
5.4589738845825195
5.381904125213623
5.31784725189209
5.449966907501221
5.277811765670776
5.286817789077759
5.3178465366363525
5.457975387573242
5.412932634353638
5.354879856109619
5.339866399765015
5.45597243309021
5.360885858535767
5.3548808097839355
5.308838605880737
5.437955617904663
5.4039247035980225
5.335864067077637
5.286818027496338
5.3879101276397705
5.393915891647339
5.344870567321777
5.410930871963501
5.518028974533081
5.423943519592285
5.333860397338867
5.382906675338745
5.254789113998413
5.397917985916138
5.412933349609375
5.296826601028442
5.421940803527832
5.282815217971802
5.365890264511108
5.316846132278442
5.312841415405273
5.509020805358887
5.406926393508911
5.279812574386597
5.366891860961914
5.353879690170288
5.413934707641602
5.384907007217407
5.4149346351623535
5.370893955230713
5.411932945251465
5.378901243209839
5.306837320327759
5.277811288833618
5.325853109359741
5.361886262893677
5.400921821594238
5.394918441772461
5.440959692001343
5.4389567375183105
5.476989984512329
5.348875284194946
5.310841083526611
5.3658905029296875
5.507019281387329
5.313843488693237
5.35788369178772
5.399920463562012
5.45697283744812
5.370895147323608
5.362887620925903
5.485997200012207
5.239775657653809
5.406927824020386
5.263797760009766
5.342868328094482
5.289821147918701
5.370895147323608
5.259792804718018
5.390913724899292
5.330859422683716
5.363888263702393
5.435953140258789
5.337864637374878
5.34787392616272
5.2768096923828125
5.3869099617004395
5.348874807357788
5.440960168838501
5.40893030166626
5.372896194458008
5.38690972328186
5.4789934158325195
5.402922630310059
5.402924299240112
5.296828031539917
5.482997179031372
5.4609761238098145
5.364890098571777
5.497009992599487
5.449966907501221
5.312842130661011
5.374899387359619
5.311841249465942
5.413934707641602
5.433952569961548
5.313843727111816
5.291822671890259
5.331858158111572
5.431949853897095
5.404926776885986
5.387909650802612
5.358883380889893
5.284817934036255
5.412933826446533
5.270801782608032
5.413933992385864
5.375899791717529
5.343869686126709
5.412931203842163
5.264797210693359
5.358883380889893
5.404926061630249
5.504016160964966
5.40692663192749
5.491003751754761
5.448965072631836
5.420939207077026
5.434952735900879
5.395917892456055
5.459975957870483
5.415935754776001
5.402923345565796
5.433953046798706
5.40492582321167
5.303834438323975
5.286818027496338
5.353878021240234
5.312843561172485
5.400923490524292
5.384907007217407
5.395918607711792
5.397919178009033
5.428948163986206
5.321850061416626
5.39892053604126
5.4209418296813965
5.298830032348633
5.449966907501221
5.344871282577515
5.424944639205933
5.417936086654663
5.431950330734253
5.504017353057861
5.436955451965332
5.523033380508423
5.459975481033325
5.508019685745239
5.458975315093994
5.451968669891357
5.332860231399536
5.410931587219238
5.420939922332764
5.409928798675537
5.378900527954102
5.419939756393433
5.364891052246094
5.33085823059082
5.356881856918335
5.3418684005737305
5.380903720855713
5.25679087638855
5.426945686340332
5.411932468414307
5.439957618713379
5.406926393508911
5.339866638183594
5.374897718429565
5.368893146514893
5.420940399169922
5.334861755371094
5.329857349395752
5.345872640609741
5.360885381698608
5.457974910736084
5.409930467605591
5.4499671459198
5.421941757202148
5.387910842895508
5.295825719833374
5.305835485458374
5.385907888412476
5.462980270385742
5.302832126617432
5.458974838256836
5.294825077056885
5.419938564300537
5.366889715194702
5.324852466583252
5.319849729537964
5.328855752944946
5.295825004577637
5.343868732452393
5.497010231018066
5.4339518547058105
5.409930229187012
5.379903554916382
5.3538782596588135
5.407928228378296
5.452969551086426
5.401922941207886
5.267800331115723
5.454971075057983
5.364887952804565
5.3728954792022705
5.349876403808594
5.4069273471832275
5.446965217590332
5.404926061630249
5.503014326095581
5.65014910697937
5.3668906688690186
5.4229419231414795
5.425944566726685
5.364889621734619
5.3258538246154785
5.269803285598755
5.386908769607544
5.3769001960754395
5.364888906478882
5.486999988555908
5.451968431472778
5.373898267745972
5.366891384124756
5.360885858535767
5.273807048797607
5.358883619308472
5.416937589645386
5.398919343948364
5.331859827041626
5.416937351226807
5.434953927993774
5.302833557128906
5.503015756607056
5.328452110290527
