Timing log for each step:
0.010009288787841797
1.8777315616607666
1.8932077884674072
2.007812738418579
2.05043625831604
1.949852466583252
1.9337449073791504
1.995800495147705
1.9044830799102783
1.9177320003509521
1.867685079574585
1.9196598529815674
1.832242488861084
1.9547650814056396
1.8356564044952393
1.7369914054870605
1.789947509765625
1.8046281337738037
1.7425727844238281
1.8462178707122803
1.7758114337921143
1.7405712604522705
1.917731761932373
1.8206157684326172
1.8588252067565918
1.791616678237915
1.8576772212982178
1.757178783416748
1.9137279987335205
1.705540418624878
1.7997560501098633
1.7796657085418701
1.8276684284210205
1.7846128940582275
1.8989248275756836
1.7978827953338623
1.7705984115600586
1.7665948867797852
1.7982656955718994
1.809798240661621
1.769596815109253
1.8286504745483398
1.78598952293396
1.829787015914917
1.736567735671997
1.7851665019989014
1.7541391849517822
1.791774034500122
1.8106346130371094
1.852264404296875
1.7871522903442383
1.8377602100372314
1.8006253242492676
1.8892452716827393
1.742051362991333
1.8218333721160889
1.84466552734375
1.8884022235870361
1.739344596862793
1.7859089374542236
1.7736024856567383
1.8573286533355713
1.819704532623291
1.9087224006652832
1.9377491474151611
1.92631196975708
1.882002830505371
1.8586769104003906
1.7971539497375488
1.7700891494750977
1.756683111190796
1.8236443996429443
1.7661843299865723
1.8028442859649658
1.9807896614074707
1.7961881160736084
1.8631517887115479
1.8858933448791504
1.9767835140228271
1.7966890335083008
1.8617289066314697
1.8507041931152344
1.852677345275879
1.7911326885223389
1.8377315998077393
1.771643877029419
1.7585923671722412
1.7887294292449951
1.8353030681610107
1.8216474056243896
1.776606559753418
1.8788206577301025
1.834223985671997
2.017826795578003
1.8861901760101318
1.9174718856811523
1.8376820087432861
1.937753438949585
1.8471710681915283
1.8120512962341309
1.7816097736358643
1.8236510753631592
1.7869658470153809
1.911501407623291
1.9998080730438232
1.8076362609863281
1.8152062892913818
1.7907578945159912
1.8366620540618896
1.8256514072418213
1.8414323329925537
1.7656958103179932
1.8026297092437744
1.7931318283081055
1.7280449867248535
1.804748773574829
1.7635958194732666
1.7801730632781982
1.9191794395446777
1.8658678531646729
1.8386642932891846
1.7896184921264648
1.8387839794158936
1.757678747177124
1.7445800304412842
1.8455066680908203
1.8888325691223145
1.7946248054504395
1.8543503284454346
1.8915133476257324
1.7756071090698242
1.9067256450653076
1.8338549137115479
1.7377078533172607
1.8346619606018066
1.8136413097381592
1.7872040271759033
1.8619775772094727
1.833658218383789
1.7531843185424805
1.93727707862854
1.8771228790283203
1.862685203552246
1.8732118606567383
1.8607072830200195
2.0958642959594727
1.8608019351959229
1.8592207431793213
1.8975863456726074
1.829854965209961
1.837660312652588
1.8272721767425537
1.8113088607788086
1.8857059478759766
1.865687608718872
1.7642590999603271
1.7854888439178467
1.8756968975067139
1.8446695804595947
1.8081605434417725
1.9540462493896484
1.8746964931488037
1.957298994064331
1.8312013149261475
1.815796136856079
1.9197359085083008
1.778608798980713
1.833812952041626
1.8007473945617676
1.7706027030944824
1.8336586952209473
1.8094909191131592
1.8269710540771484
1.754586935043335
1.7696011066436768
1.8940508365631104
1.8478119373321533
1.8076331615447998
1.8136405944824219
1.783827304840088
1.8165621757507324
1.8937134742736816
1.7626948356628418
1.8257544040679932
1.8416664600372314
1.824167251586914
1.8787524700164795
1.7628123760223389
1.9677801132202148
1.7470979690551758
1.856595516204834
1.8122663497924805
1.8286561965942383
1.8237173557281494
1.9072389602661133
1.900719165802002
1.8546783924102783
1.9162633419036865
1.9919755458831787
1.8236486911773682
1.871694564819336
1.8721611499786377
1.8070554733276367
1.8606832027435303
1.7831487655639648
1.8216891288757324
1.8257007598876953
1.8296539783477783
1.830249547958374
1.8646125793457031
1.9047729969024658
1.7846143245697021
1.8982737064361572
1.8635845184326172
1.8656866550445557
1.8927137851715088
1.882220983505249
1.9739797115325928
1.845670461654663
1.7756068706512451
1.782240390777588
1.9360032081604004
1.8246519565582275
1.8386633396148682
1.9112536907196045
1.8586816787719727
1.9347505569458008
1.9531488418579102
1.9439752101898193
1.976787805557251
1.8156440258026123
1.7901585102081299
1.8767588138580322
1.8646867275238037
1.7719168663024902
1.8844327926635742
1.7345690727233887
1.805633306503296
1.8819291591644287
1.8427634239196777
1.8016281127929688
1.781202793121338
1.8446946144104004
1.8597633838653564
1.8146414756774902
1.8277759552001953
1.929844617843628
1.7555873394012451
1.84867262840271
1.8111014366149902
1.8794176578521729
1.8266518115997314
1.807636022567749
1.8373053073883057
1.912928581237793
1.8276543617248535
1.8828444480895996
1.8792319297790527
1.7797021865844727
1.8106396198272705
1.8122992515563965
1.8995916843414307
1.8681108951568604
1.8356602191925049
1.967860460281372
1.815845012664795
1.8786990642547607
1.8356609344482422
1.8853003978729248
1.8688030242919922
1.7926216125488281
1.8716909885406494
1.8048365116119385
1.8247888088226318
1.8857066631317139
1.832658052444458
1.8372719287872314
1.793654441833496
1.810638189315796
1.82527756690979
1.7867460250854492
1.8667421340942383
1.8867063522338867
1.8161442279815674
1.9058587551116943
1.8336589336395264
1.827652931213379
1.8410658836364746
1.8217852115631104
1.7555875778198242
1.87369704246521
1.8912241458892822
1.760667324066162
1.8016293048858643
1.811638593673706
1.8263165950775146
1.8934993743896484
1.9207372665405273
1.8591861724853516
1.7645456790924072
1.83984375
1.8416659832000732
1.8868842124938965
1.8310654163360596
1.78761625289917
1.8316562175750732
1.8682656288146973
1.7890896797180176
1.7808549404144287
1.8056325912475586
1.7927396297454834
1.8896033763885498
1.867689609527588
1.8026316165924072
1.7780601978302002
1.9068164825439453
1.8246502876281738
1.8036315441131592
2.027862548828125
1.8448467254638672
1.785614252090454
1.8766975402832031
1.830646276473999
1.8047950267791748
1.8506731986999512
1.842667818069458
1.8803369998931885
1.8392839431762695
1.837662696838379
1.8085663318634033
1.815380334854126
1.8807015419006348
1.8987174034118652
1.7869362831115723
1.8761463165283203
1.8306617736816406
1.7786083221435547
1.8001394271850586
1.94091796875
1.93575119972229
1.8932392597198486
1.8239810466766357
1.9398396015167236
1.8847053050994873
1.8672115802764893
1.816563367843628
1.8427057266235352
1.7635951042175293
1.8831932544708252
1.8197765350341797
1.8857059478759766
1.8286540508270264
1.8825719356536865
1.8247663974761963
1.9057247638702393
1.7500967979431152
1.838777780532837
1.8358104228973389
1.8807015419006348
1.8473093509674072
1.8517224788665771
1.827756643295288
1.862684965133667
1.8190038204193115
1.8816988468170166
1.8937132358551025
1.824650764465332
1.8161463737487793
1.8390884399414062
1.8877065181732178
1.7706012725830078
1.7636499404907227
1.8658907413482666
1.8276524543762207
1.8006296157836914
1.8357393741607666
1.9028904438018799
1.928743839263916
1.791621446609497
1.8077144622802734
1.8658185005187988
1.783613920211792
1.7405757904052734
1.8134372234344482
1.77681303024292
1.7936224937438965
1.7625935077667236
1.7911734580993652
1.8098890781402588
1.8076353073120117
1.880213975906372
2.0073444843292236
1.8460736274719238
1.8466708660125732
1.8266336917877197
1.8218271732330322
1.816643476486206
1.9207382202148438
1.8231520652770996
1.8237624168395996
1.7876172065734863
1.8817024230957031
1.8022449016571045
1.7877051830291748
1.8666892051696777
1.8266510963439941
1.843177080154419
1.7897605895996094
1.852674961090088
1.7741143703460693
1.8216066360473633
1.8978333473205566
1.8416666984558105
1.919245719909668
1.8616843223571777
1.8418128490447998
1.8656871318817139
1.8818330764770508
1.7842607498168945
1.8016886711120605
2.005814552307129
1.8652453422546387
1.842740535736084
1.7906219959259033
1.8216488361358643
1.8432893753051758
1.8337392807006836
1.7766070365905762
1.8226490020751953
1.9283175468444824
1.8478362560272217
1.8917100429534912
1.8706929683685303
1.8623626232147217
1.831789255142212
1.88970947265625
1.8141613006591797
1.7777228355407715
1.8018102645874023
1.9387528896331787
1.8742785453796387
1.8021314144134521
1.7888665199279785
1.8827030658721924
1.8939039707183838
1.818223237991333
1.7786104679107666
1.839662790298462
1.92427659034729
1.817725419998169
2.0348408222198486
1.8977179527282715
1.7621870040893555
1.8357713222503662
1.866689920425415
1.8722646236419678
2.0026819705963135
1.7710762023925781
1.8086369037628174
1.9310016632080078
1.7436938285827637
1.995805025100708
1.810638189315796
2.016310214996338
1.7506022453308105
1.7565884590148926
1.828653335571289
1.754986047744751
1.7714078426361084
1.9077260494232178
1.8046329021453857
1.7450671195983887
1.909986972808838
1.7986259460449219
1.8216488361358643
1.7608416080474854
1.8908839225769043
1.84366774559021
1.8817012310028076
1.8102014064788818
1.7925701141357422
1.77260422706604
1.8451826572418213
1.7940878868103027
1.8406953811645508
1.8236494064331055
1.8588886260986328
1.850766897201538
1.8256514072418213
1.8136403560638428
1.842170238494873
1.8547782897949219
1.8186454772949219
1.768599033355713
1.7791073322296143
1.7726712226867676
1.9377529621124268
1.7816119194030762
1.9006645679473877
1.8306620121002197
1.7966268062591553
1.8716697692871094
1.9064140319824219
1.8086354732513428
1.7946257591247559
1.8331360816955566
1.8046753406524658
1.7906193733215332
1.7846145629882812
1.835601568222046
1.7907354831695557
1.9567716121673584
1.809635877609253
1.8163299560546875
1.888824701309204
1.7525863647460938
1.8847057819366455
1.8034100532531738
1.8848552703857422
1.745577335357666
1.7721946239471436
1.8767364025115967
1.919959306716919
1.828655481338501
1.8760428428649902
1.773693323135376
1.9178154468536377
1.8436675071716309
1.885232925415039
1.8217682838439941
1.8476710319519043
1.7801132202148438
1.8645167350769043
1.8797855377197266
1.86368727684021
1.8637402057647705
1.862849473953247
1.8566784858703613
1.8636870384216309
1.8134605884552002
1.801819086074829
1.8236494064331055
1.8306572437286377
1.8897933959960938
1.9040231704711914
1.8596858978271484
1.8151800632476807
1.844341516494751
1.8777427673339844
1.8827061653137207
1.8340036869049072
1.8613336086273193
1.979795217514038
1.8756988048553467
1.8802855014801025
1.8608946800231934
1.8446714878082275
1.834662675857544
1.8105988502502441
1.8397400379180908
1.8736999034881592
1.7767901420593262
1.8314237594604492
1.8245341777801514
1.8136417865753174
1.8822064399719238
1.911487102508545
1.8967173099517822
1.8496754169464111
1.860353708267212
1.8470098972320557
1.8076374530792236
1.9623539447784424
1.7995362281799316
1.8396680355072021
1.8146445751190186
1.8931396007537842
1.8378822803497314
1.859684705734253
1.7866172790527344
1.8870046138763428
1.7594830989837646
1.9187381267547607
1.8156468868255615
1.9023699760437012
1.8678617477416992
2.0458548069000244
1.9824824333190918
1.749617576599121
1.9137346744537354
1.8296585083007812
1.8160607814788818
1.9589521884918213
1.9557723999023438
1.839667558670044
1.8163893222808838
1.9359307289123535
1.8166453838348389
1.7816147804260254
1.7766435146331787
1.828730583190918
1.8036348819732666
1.8348665237426758
1.8014507293701172
1.9727883338928223
1.9948084354400635
1.8086237907409668
1.7957370281219482
1.8036346435546875
1.9447612762451172
1.8008818626403809
1.7586865425109863
1.9637808799743652
1.897247552871704
1.8101606369018555
1.8959465026855469
1.808638095855713
1.9604017734527588
1.8138039112091064
1.7947521209716797
1.9187383651733398
1.802274227142334
1.8275444507598877
1.8676915168762207
1.84367036819458
1.831322193145752
1.81784987449646
1.9527690410614014
1.828160047531128
1.8206415176391602
1.8367023468017578
1.996809720993042
1.853642463684082
1.7846264839172363
1.8766987323760986
1.7802138328552246
1.928844690322876
1.8326597213745117
1.7736074924468994
1.865241289138794
1.947939157485962
1.8086390495300293
1.8326606750488281
1.8743088245391846
1.844822645187378
1.7716069221496582
1.840179443359375
1.8809165954589844
1.8436720371246338
1.8156449794769287
1.8124172687530518
1.7918193340301514
1.8486759662628174
1.849184274673462
1.7635886669158936
1.8484389781951904
1.764599323272705
1.9112529754638672
1.7984046936035156
1.9507670402526855
1.8266561031341553
1.8487145900726318
1.8948853015899658
1.8516790866851807
1.779611349105835
1.8304452896118164
1.8458213806152344
1.8726966381072998
1.84367036819458
1.7922565937042236
1.802701711654663
1.88370680809021
1.8231322765350342
1.8697819709777832
1.8066387176513672
1.8646886348724365
2.095634698867798
1.799729824066162
1.8156437873840332
1.8301997184753418
1.8226985931396484
1.877877950668335
1.9107322692871094
1.8828542232513428
1.8358378410339355
1.8246538639068604
1.855682373046875
1.7754874229431152
1.8159079551696777
1.8506770133972168
1.8767004013061523
1.8303627967834473
1.8427865505218506
1.7966282367706299
1.768141508102417
1.8507280349731445
1.8096396923065186
1.8446710109710693
1.9552156925201416
1.9309372901916504
1.8696930408477783
1.8166460990905762
1.9268052577972412
1.8077208995819092
1.9157366752624512
1.8208210468292236
1.9228973388671875
1.862769365310669
1.8656902313232422
1.7982518672943115
1.7426557540893555
1.8199758529663086
1.8096377849578857
1.864403486251831
1.879323959350586
1.867692470550537
1.804159164428711
1.7814619541168213
1.8557143211364746
1.8847074508666992
1.8727681636810303
1.7967162132263184
1.8156445026397705
1.7966282367706299
1.851921558380127
1.8598897457122803
1.8066365718841553
1.783616065979004
1.872215986251831
1.8229327201843262
1.8586838245391846
1.8902981281280518
1.810178279876709
1.7897984981536865
1.8366644382476807
1.816159963607788
1.8133397102355957
1.8771190643310547
1.8817040920257568
1.842223882675171
1.878767728805542
1.7996737957000732
1.819648027420044
1.7833175659179688
1.8264267444610596
1.8416693210601807
1.8877122402191162
1.8124237060546875
1.9213306903839111
1.896718978881836
1.8221559524536133
1.9421484470367432
1.8958909511566162
1.793626070022583
1.8902864456176758
1.767223834991455
1.9347984790802002
1.8086392879486084
1.9213733673095703
1.9968852996826172
1.8216514587402344
1.9172706604003906
1.8866682052612305
1.8807144165039062
1.8166465759277344
1.8643996715545654
2.0080113410949707
1.8426694869995117
1.8416690826416016
1.821270227432251
1.9508898258209229
1.7806131839752197
1.9507677555084229
1.9175293445587158
1.8728127479553223
1.8746979236602783
1.8121895790100098
1.8320457935333252
1.7947349548339844
1.801633596420288
1.7682008743286133
1.826343059539795
1.7566425800323486
1.7926230430603027
1.8613224029541016
1.8263349533081055
1.786618947982788
1.8096392154693604
1.7911021709442139
1.8505370616912842
1.8126423358917236
1.793623685836792
1.88413667678833
1.8728344440460205
1.8907124996185303
1.8351893424987793
1.8813917636871338
1.7987439632415771
1.8116414546966553
1.7833023071289062
1.815558910369873
1.8628380298614502
1.8056352138519287
1.8392114639282227
2.044935703277588
1.8787198066711426
1.8536791801452637
1.8396375179290771
1.786186933517456
1.7866182327270508
1.8016316890716553
1.8010752201080322
1.8022756576538086
1.823652982711792
1.8076374530792236
1.834132432937622
1.8141920566558838
1.858684778213501
1.7921395301818848
1.8940997123718262
1.8516790866851807
1.9713494777679443
1.8822355270385742
1.8370745182037354
1.793626308441162
1.7888593673706055
1.8344194889068604
1.860687494277954
1.8686926364898682
1.946371078491211
1.7874913215637207
1.9137332439422607
1.8186464309692383
1.9790217876434326
1.818725347518921
1.892714262008667
1.8953187465667725
1.8557302951812744
1.8838152885437012
1.8496766090393066
1.886242389678955
1.883683681488037
1.8276453018188477
1.830657720565796
1.8366641998291016
1.904407024383545
1.8070108890533447
1.8837058544158936
1.8662400245666504
1.9683969020843506
1.803633451461792
1.8506782054901123
1.8545074462890625
1.7697334289550781
1.8126435279846191
1.824653148651123
1.9563031196594238
1.830798625946045
1.8867099285125732
1.8043582439422607
1.9133872985839844
1.819648027420044
1.8626885414123535
1.807997465133667
1.9814801216125488
1.8426697254180908
1.8626885414123535
1.9794070720672607
1.791863203048706
1.889711856842041
1.7731122970581055
1.7897202968597412
1.7916219234466553
1.8396668434143066
1.8151512145996094
1.778205156326294
1.8036346435546875
1.7926239967346191
1.8498189449310303
1.883957862854004
1.850677251815796
1.8612170219421387
1.7946596145629883
1.8907439708709717
1.7706050872802734
1.846193552017212
1.8274309635162354
1.7966279983520508
2.0158255100250244
1.782346487045288
1.886795997619629
1.8746986389160156
1.8131914138793945
1.850313425064087
1.7856481075286865
1.8006300926208496
1.8228175640106201
1.876518726348877
1.821660041809082
1.8046355247497559
1.8459970951080322
1.945589542388916
1.807638168334961
1.967785358428955
1.8674345016479492
1.8342463970184326
1.806635856628418
1.79520583152771
1.8308064937591553
2.020829200744629
1.7866196632385254
1.8079981803894043
1.8469011783599854
1.805635929107666
1.8521876335144043
1.8594093322753906
1.8748719692230225
1.823652744293213
1.788132905960083
1.914076805114746
1.8666927814483643
1.810640573501587
1.8964831829071045
1.7928118705749512
1.8236525058746338
1.8176474571228027
1.796165943145752
1.8548181056976318
1.8096387386322021
1.8726966381072998
1.8912618160247803
1.824784517288208
1.8376636505126953
1.799849033355713
1.8037700653076172
1.896718978881836
1.8046362400054932
1.8419280052185059
1.7938439846038818
1.7916226387023926
1.8752033710479736
1.865234375
1.8207550048828125
1.8046362400054932
1.8382596969604492
1.8583123683929443
1.894765853881836
1.777611255645752
1.8352022171020508
1.9077732563018799
1.8517756462097168
1.8706951141357422
1.8326587677001953
1.8205084800720215
1.7808163166046143
1.83366060256958
1.7902743816375732
1.8166618347167969
2.0498578548431396
1.94976806640625
1.8166923522949219
1.8778274059295654
1.7956266403198242
1.8897113800048828
1.783048152923584
1.9499015808105469
1.8296568393707275
1.8351914882659912
1.8406977653503418
1.8297502994537354
1.8376660346984863
1.910346508026123
1.9172663688659668
1.8748035430908203
1.8376667499542236
1.8772451877593994
1.7558212280273438
1.8266544342041016
1.8066372871398926
1.8535034656524658
1.8897709846496582
1.9247448444366455
1.8331680297851562
1.8433864116668701
1.8176982402801514
1.8556818962097168
1.8653388023376465
1.8629083633422852
1.8426690101623535
1.7916228771209717
1.817488193511963
1.8277883529663086
1.9467628002166748
1.7706756591796875
1.8898823261260986
1.8396663665771484
1.9037246704101562
1.8237066268920898
1.877861738204956
1.8556816577911377
1.8021419048309326
1.8149175643920898
1.8167195320129395
1.844670295715332
1.8377788066864014
1.856896162033081
1.906728982925415
1.8376686573028564
1.9127943515777588
1.7838292121887207
1.981797456741333
1.9487674236297607
1.8352649211883545
1.86885404586792
1.938760757446289
1.8933219909667969
1.8465604782104492
1.8306596279144287
1.9557747840881348
1.8713014125823975
1.8417003154754639
1.7846202850341797
2.0845985412597656
1.7983551025390625
1.866692304611206
1.7545900344848633
1.7712774276733398
1.787491798400879
2.0069377422332764
1.7656018733978271
1.7706995010375977
1.8424174785614014
1.800633430480957
1.8106422424316406
1.7680253982543945
1.8137311935424805
1.8126447200775146
1.8276586532592773
1.8750965595245361
1.827878713607788
1.857684850692749
1.8081762790679932
1.9006147384643555
1.8236668109893799
1.8026368618011475
1.9013051986694336
1.8347303867340088
1.788621425628662
1.8726983070373535
1.8561947345733643
1.7793116569519043
1.8676950931549072
1.7806143760681152
1.8997905254364014
1.9558391571044922
1.8356645107269287
1.8081541061401367
1.8775935173034668
1.889763593673706
1.7615978717803955
1.8623378276824951
1.8333256244659424
1.8629417419433594
1.8797054290771484
1.8055768013000488
1.774721622467041
1.8196496963500977
1.8361990451812744
1.8827531337738037
1.8277292251586914
1.8116416931152344
1.9372670650482178
1.803647518157959
1.8337790966033936
1.8586845397949219
1.743100881576538
1.8177993297576904
1.9769108295440674
1.7265686988830566
1.9232244491577148
1.8328614234924316
1.892716646194458
1.793626070022583
1.7304823398590088
1.7898199558258057
1.7996339797973633
1.874302625656128
1.8566701412200928
1.9128129482269287
1.803635597229004
1.868830919265747
1.8692538738250732
1.91373610496521
1.8406696319580078
1.8262028694152832
1.8648738861083984
1.8216521739959717
1.821828842163086
1.836430311203003
1.8016421794891357
1.7766106128692627
1.8438646793365479
1.755342960357666
1.9077308177947998
1.8286595344543457
1.9353270530700684
1.858276605606079
1.760828971862793
1.824655294418335
1.8343567848205566
1.9169461727142334
1.7315711975097656
1.7766120433807373
1.8848176002502441
1.8288567066192627
1.8136439323425293
1.7636005878448486
1.7671024799346924
1.8938262462615967
1.8116424083709717
1.9883537292480469
1.7971534729003906
1.8360726833343506
1.7906255722045898
1.7881829738616943
1.8057656288146973
1.8286161422729492
1.8516786098480225
1.841062068939209
1.7412762641906738
1.861689567565918
1.8907153606414795
1.8657212257385254
1.8307969570159912
1.7896223068237305
1.8857111930847168
1.8218450546264648
1.8388440608978271
1.8176484107971191
1.7841837406158447
1.815643072128296
1.7737905979156494
1.8196501731872559
1.7961819171905518
1.758042573928833
1.8447728157043457
1.7766122817993164
1.8182988166809082
1.8301267623901367
1.8077731132507324
1.7916259765625
1.7711398601531982
1.7735381126403809
1.8437080383300781
1.7966303825378418
1.8548603057861328
1.9011633396148682
1.767604112625122
1.9052424430847168
1.8198606967926025
1.7736012935638428
1.8897132873535156
1.9477672576904297
1.8312633037567139
1.875901699066162
1.8686952590942383
1.9973890781402588
1.8226194381713867
1.8097476959228516
1.9597785472869873
1.9683637619018555
1.8095769882202148
1.8287208080291748
1.8797054290771484
1.8261446952819824
1.8259086608886719
1.91874098777771
2.0868935585021973
1.9914491176605225
1.89176344871521
1.9357562065124512
1.7782163619995117
2.030895233154297
1.8266584873199463
1.814645767211914
1.8281002044677734
1.9006011486053467
1.8076410293579102
1.7305707931518555
1.850071907043457
1.754591703414917
1.8767027854919434
1.900280237197876
1.862257719039917
1.7936275005340576
1.7857811450958252
1.9117770195007324
1.8677732944488525
1.8166465759277344
1.784881591796875
1.840467929840088
1.8286583423614502
1.9317526817321777
1.864962100982666
1.9669466018676758
1.8326623439788818
1.8686962127685547
1.8507564067840576
1.7867307662963867
1.8136460781097412
1.8377976417541504
2.006995677947998
1.8066399097442627
1.8296599388122559
1.872283935546875
1.8558390140533447
1.813645601272583
1.8792173862457275
1.8531115055084229
1.7986319065093994
1.8246569633483887
1.8371226787567139
1.8003435134887695
1.788623332977295
1.8456735610961914
1.8701810836791992
1.8288044929504395
1.885709524154663
1.8712058067321777
1.865117073059082
1.8418207168579102
1.945765495300293
1.8572337627410889
1.9105613231658936
1.8791580200195312
1.86268949508667
1.8429138660430908
1.8218600749969482
1.8086397647857666
1.7946276664733887
1.8592517375946045
1.8617486953735352
1.8066391944885254
1.8386693000793457
1.8180639743804932
1.7976744174957275
1.7796142101287842
1.8732621669769287
1.8180768489837646
1.8256957530975342
1.8366665840148926
1.8605399131774902
1.7797753810882568
1.9447646141052246
1.8546833992004395
1.7957863807678223
1.8837966918945312
1.87269926071167
1.8376669883728027
1.7702507972717285
1.8948683738708496
1.8716983795166016
1.836798906326294
1.7336876392364502
1.8867101669311523
1.859687328338623
1.8512077331542969
1.781670093536377
1.8316617012023926
1.8827085494995117
1.8654248714447021
1.808333158493042
1.8546831607818604
1.8556840419769287
1.7960896492004395
1.818763256072998
1.8867101669311523
1.8256561756134033
1.8096814155578613
1.820655107498169
1.857684850692749
1.8016343116760254
1.8670647144317627
1.9257476329803467
1.8066387176513672
1.85646653175354
1.7953736782073975
1.853682279586792
1.8176486492156982
1.775031566619873
1.810981273651123
1.772608757019043
1.8126447200775146
1.8032231330871582
1.832763671875
1.9207432270050049
1.8101832866668701
1.9820690155029297
1.818746566772461
1.8556835651397705
1.8392219543457031
1.895833969116211
1.794628620147705
1.8146460056304932
1.8416392803192139
1.8558449745178223
1.818647861480713
1.8736999034881592
1.905911922454834
1.9018793106079102
1.8957173824310303
1.8797063827514648
1.873656988143921
1.7946772575378418
1.9457640647888184
1.9139878749847412
1.8623805046081543
1.8507258892059326
1.9377589225769043
1.889172077178955
1.8898310661315918
1.8787038326263428
1.7821569442749023
1.8397247791290283
1.9478893280029297
1.8546810150146484
1.8913793563842773
1.9178087711334229
1.7987887859344482
2.0148279666900635
1.7410657405853271
1.9111499786376953
1.889714002609253
1.8391964435577393
1.8537681102752686
1.981797695159912
1.8566839694976807
1.837132215499878
1.8648512363433838
1.8316624164581299
1.833662986755371
1.8183205127716064
1.8116440773010254
1.9427621364593506
1.7869009971618652
1.853731632232666
1.892716407775879
1.9637861251831055
1.8700973987579346
1.7987499237060547
1.8736999034881592
1.8603334426879883
1.8331398963928223
1.8067336082458496
1.8186497688293457
1.9602885246276855
1.9267997741699219
1.809006690979004
1.8857107162475586
1.896226406097412
1.7905662059783936
1.9178614616394043
1.7976322174072266
1.9373807907104492
1.9448151588439941
1.7726085186004639
1.95021653175354
1.805845022201538
1.9087867736816406
1.8556835651397705
1.9058735370635986
1.7926714420318604
1.819650650024414
1.8196508884429932
1.9368996620178223
1.904881477355957
1.8316619396209717
1.8046371936798096
1.7926485538482666
1.8106927871704102
1.8616893291473389
1.821131944656372
1.9144692420959473
1.9487686157226562
1.8967196941375732
1.7993528842926025
1.8408856391906738
1.7936255931854248
1.8857107162475586
1.8962373733520508
1.886751651763916
1.755591630935669
1.8226542472839355
1.8601326942443848
1.912811517715454
1.8346641063690186
1.8232266902923584
1.8828976154327393
1.8987865447998047
1.8777034282684326
1.8971679210662842
1.8518683910369873
1.8506782054901123
1.8266568183898926
1.9663355350494385
1.7607510089874268
1.8436720371246338
1.8366665840148926
1.9193406105041504
1.821807622909546
1.8466758728027344
1.9888050556182861
1.8491630554199219
1.91691255569458
1.8146464824676514
1.8376662731170654
1.8404574394226074
1.8636417388916016
1.7625994682312012
1.835033893585205
1.786332368850708
1.8166489601135254
1.824655294418335
1.8567402362823486
1.8287911415100098
1.8176496028900146
1.8196513652801514
1.7706828117370605
1.8507745265960693
1.8777031898498535
1.917738437652588
1.8472089767456055
1.8518638610839844
1.9297518730163574
1.9377577304840088
1.9287993907928467
1.8151907920837402
1.8236544132232666
1.9052424430847168
1.811095952987671
1.8689327239990234
1.818650484085083
1.891301155090332
1.8961751461029053
1.8909125328063965
1.975792646408081
1.7892162799835205
1.8542139530181885
1.8228421211242676
1.8767023086547852
1.828658103942871
1.8062009811401367
1.8268444538116455
2.0168297290802
1.8546831607818604
1.7787423133850098
1.8217544555664062
1.7425799369812012
1.921743631362915
1.7968177795410156
1.9138548374176025
1.8156476020812988
1.8466761112213135
1.783254861831665
1.7860527038574219
1.8696982860565186
1.8932316303253174
1.8747916221618652
1.7736103534698486
1.878706693649292
1.8694639205932617
1.8337953090667725
1.8416717052459717
1.8106427192687988
1.8162651062011719
1.868574857711792
1.7736091613769531
1.799633264541626
1.8161909580230713
1.858053207397461
1.8316636085510254
1.7595970630645752
1.9633300304412842
1.9758310317993164
1.871699571609497
1.8212265968322754
1.795673131942749
1.7976315021514893
1.866694688796997
1.8462436199188232
1.9128031730651855
1.890716791152954
1.8091940879821777
1.9156608581542969
1.8867361545562744
1.8216533660888672
1.8812391757965088
1.8383285999298096
1.8586881160736084
1.8656947612762451
1.8618133068084717
1.8377935886383057
1.8046386241912842
1.9237470626831055
1.8167815208435059
1.926286220550537
1.8817095756530762
1.84824800491333
1.815314769744873
1.9067308902740479
1.8286612033843994
1.844372272491455
1.888770580291748
1.8366672992706299
1.9998137950897217
1.8522565364837646
1.8627808094024658
1.8546831607818604
1.7966313362121582
1.8247170448303223
1.9428527355194092
1.8456754684448242
1.8482840061187744
1.9314637184143066
1.9767940044403076
1.851682186126709
1.8545985221862793
1.8055040836334229
1.8576867580413818
1.9397602081298828
1.781527042388916
1.8073232173919678
1.8236570358276367
1.8266596794128418
1.7941088676452637
1.9289071559906006
1.8737010955810547
1.871699333190918
1.920304775238037
1.8321740627288818
1.8326640129089355
1.893340826034546
1.854193925857544
1.8390650749206543
1.8656933307647705
1.8463141918182373
1.8338894844055176
1.792628526687622
1.9237475395202637
2.1326143741607666
2.2451655864715576
1.8867137432098389
1.841186761856079
1.8647944927215576
1.9547739028930664
1.8947205543518066
1.879310131072998
1.899371862411499
1.92775559425354
1.8256573677062988
1.8362815380096436
1.8576939105987549
1.886711835861206
1.8406710624694824
1.9412603378295898
1.8678340911865234
1.8036367893218994
1.915738821029663
1.8157858848571777
1.8078341484069824
1.779615879058838
1.8316612243652344
1.9108421802520752
1.9361701011657715
1.8206532001495361
1.9488911628723145
1.8370637893676758
1.8987219333648682
1.8046369552612305
1.8574612140655518
1.9349164962768555
1.7856192588806152
1.9723303318023682
1.8035616874694824
1.814737319946289
1.9257490634918213
1.8010973930358887
1.7805111408233643
1.9637844562530518
1.9067316055297852
1.8233356475830078
1.8657379150390625
1.820652961730957
1.816256046295166
1.8228225708007812
1.9807977676391602
2.2642464637756348
1.8484411239624023
1.8406822681427002
1.860689401626587
1.8149363994598389
2.1231837272644043
1.8406708240509033
1.8116447925567627
1.9804704189300537
1.9258935451507568
1.9417634010314941
1.8788468837738037
1.8788528442382812
1.949770450592041
1.8616917133331299
1.994499683380127
1.8026797771453857
1.9117364883422852
1.830188274383545
1.8617510795593262
1.94181227684021
1.8466763496398926
1.800208330154419
1.9923601150512695
2.1379430294036865
2.04085373878479
1.9712247848510742
2.1359739303588867
1.962782382965088
1.9808752536773682
2.1942646503448486
2.0844693183898926
1.9773261547088623
2.023913860321045
2.0668764114379883
1.8695287704467773
1.9899024963378906
2.03985333442688
1.8787071704864502
1.8241596221923828
1.9442341327667236
1.8787052631378174
2.0184781551361084
2.02766489982605
1.9067308902740479
1.8797056674957275
1.8702623844146729
1.8598480224609375
1.8616900444030762
1.8646926879882812
1.8683393001556396
1.9067308902740479
1.860689401626587
1.9196386337280273
1.8989150524139404
1.896721601486206
1.9467658996582031
1.799813985824585
1.8498175144195557
2.1279308795928955
2.0239412784576416
1.952700138092041
2.0798892974853516
2.040170192718506
2.011308431625366
1.9679124355316162
1.841367483139038
1.8478317260742188
1.957777500152588
1.934324026107788
1.8461647033691406
1.8446846008300781
1.9431402683258057
2.010542869567871
2.053866386413574
1.8646914958953857
1.8192930221557617
1.9459929466247559
2.011307716369629
1.8573060035705566
1.9635546207427979
1.8449242115020752
2.0168306827545166
2.0716629028320312
1.888873815536499
1.9057307243347168
2.012827157974243
2.018350601196289
2.110081672668457
1.9467663764953613
1.8001437187194824
1.8877899646759033
1.8847100734710693
2.1324408054351807
2.031036853790283
1.914738416671753
1.92427396774292
1.854121208190918
2.0089573860168457
2.250041961669922
1.9471988677978516
1.8723196983337402
1.7435829639434814
1.88370943069458
2.0230674743652344
2.0830538272857666
1.951392412185669
2.033979892730713
1.8927173614501953
1.9123315811157227
2.0223047733306885
1.8797361850738525
1.9147372245788574
1.949326992034912
1.9371967315673828
2.0128276348114014
2.0065629482269287
1.8146827220916748
1.8346641063690186
2.083580493927002
2.047133207321167
1.904733419418335
2.031844139099121
1.874525785446167
1.8550307750701904
1.919743299484253
2.118745803833008
1.989976406097412
1.9958136081695557
2.0834124088287354
1.9603018760681152
1.8247606754302979
2.0588696002960205
2.0464351177215576
1.9519047737121582
2.100907564163208
2.1343531608581543
1.9731779098510742
1.8406708240509033
2.0034689903259277
2.065274715423584
2.075458288192749
2.02871036529541
1.917475700378418
1.8207809925079346
2.013343334197998
1.9564218521118164
2.126232862472534
2.079887866973877
2.009350299835205
1.803722620010376
1.9377586841583252
2.0328454971313477
2.119638204574585
2.1780309677124023
2.1649656295776367
2.0978872776031494
1.9138121604919434
1.8997249603271484
2.060737371444702
2.0425946712493896
1.9127380847930908
2.169970750808716
2.2023117542266846
2.0660479068756104
1.8446757793426514
2.12752366065979
2.1139705181121826
2.0252387523651123
2.127532958984375
2.028841495513916
1.9013056755065918
1.9159669876098633
1.9307522773742676
1.8596892356872559
1.8832156658172607
2.0898587703704834
2.033238410949707
2.0584137439727783
2.1500296592712402
2.0618152618408203
2.1079330444335938
2.102910041809082
1.9714653491973877
1.8110647201538086
1.8670721054077148
2.1419448852539062
2.053463935852051
1.992727279663086
2.041934013366699
2.033844232559204
1.8721013069152832
1.8673820495605469
2.0768861770629883
2.120925188064575
1.9112744331359863
2.1341283321380615
2.041853427886963
1.8072876930236816
1.982673168182373
2.0468080043792725
2.0633676052093506
1.9562833309173584
1.991917610168457
1.9597806930541992
1.9838006496429443
1.8976795673370361
1.8497545719146729
2.118924617767334
1.8789498805999756
1.9642398357391357
1.9807989597320557
1.9579744338989258
2.049602508544922
1.8857131004333496
1.8957209587097168
2.071143627166748
2.1729588508605957
2.008824110031128
1.9235734939575195
2.1619620323181152
2.0008156299591064
1.870666742324829
1.851811170578003
2.0498604774475098
2.0263946056365967
1.877187728881836
2.0418529510498047
2.0327351093292236
1.985565185546875
1.8036372661590576
1.8376672267913818
2.1076183319091797
2.0610079765319824
2.0878963470458984
1.9033210277557373
2.0690338611602783
2.072880983352661
1.818650722503662
1.9651947021484375
1.9778902530670166
2.042854070663452
2.1394741535186768
1.9798555374145508
2.0589001178741455
2.1569581031799316
2.021549701690674
2.161965847015381
1.932753324508667
1.8482255935668945
1.9629218578338623
2.0858919620513916
1.9908618927001953
2.0733704566955566
2.1838302612304688
2.057828903198242
2.0857977867126465
2.042034149169922
2.059473752975464
1.889035701751709
1.9177429676055908
2.0884177684783936
1.97353196144104
1.9542953968048096
2.0552852153778076
2.0589778423309326
2.0178325176239014
1.984316349029541
2.0794639587402344
2.069960832595825
2.0818896293640137
2.1693334579467773
1.9869580268859863
1.8026378154754639
2.0094733238220215
2.072315216064453
1.9769809246063232
1.9988155364990234
2.1580913066864014
2.1466212272644043
2.0748822689056396
2.0493152141571045
2.0300660133361816
2.010441541671753
2.071523666381836
2.0678787231445312
2.076885461807251
2.034374475479126
2.0920233726501465
2.0548651218414307
2.074990749359131
2.0265378952026367
1.949770212173462
2.071881055831909
2.107004165649414
2.0169458389282227
2.0868959426879883
2.1266493797302246
2.1154584884643555
2.01393461227417
2.0398519039154053
2.076439619064331
2.0479836463928223
1.9677882194519043
2.195614814758301
2.0347607135772705
1.9687888622283936
2.135939121246338
2.082366943359375
2.049945592880249
2.034846067428589
2.007368326187134
2.012038230895996
2.04485821723938
2.05041241645813
2.0704920291900635
2.0559730529785156
2.028844118118286
2.0573062896728516
2.0380496978759766
2.100799798965454
2.0254318714141846
2.068882465362549
2.1209611892700195
2.0088260173797607
1.9398307800292969
2.0409703254699707
1.9497709274291992
2.096470832824707
2.1012635231018066
2.050042152404785
2.011827230453491
2.0770046710968018
2.094099283218384
2.071211338043213
2.1385583877563477
2.0188302993774414
2.0589842796325684
2.0558664798736572
2.156511068344116
2.048790693283081
2.070878744125366
2.050419569015503
2.020698070526123
2.0738837718963623
2.076460123062134
2.0411980152130127
2.113921642303467
2.023837089538574
2.1850552558898926
2.1099865436553955
2.0778868198394775
2.0519347190856934
2.086552619934082
2.1789796352386475
2.2130112648010254
2.1141107082366943
2.006657838821411
2.223384141921997
2.2064049243927
2.232694149017334
2.2995378971099854
2.169613838195801
2.2388832569122314
2.23688006401062
2.2240278720855713
2.2515358924865723
2.2254810333251953
2.082892894744873
1.9833052158355713
2.0530166625976562
2.173975944519043
1.9667847156524658
2.034860372543335
2.079068183898926
1.9747936725616455
2.049421548843384
2.0869479179382324
2.0518648624420166
2.094430923461914
2.0623903274536133
2.1821229457855225
2.054868221282959
2.1245107650756836
2.1028225421905518
2.1329753398895264
2.163966417312622
1.993407964706421
2.0553009510040283
2.068880796432495
1.978797435760498
2.18699049949646
2.00997257232666
2.077888011932373
2.1095070838928223
2.0075836181640625
2.0588858127593994
1.9818005561828613
2.2805469036102295
2.054442882537842
2.0658771991729736
1.9624130725860596
2.1269352436065674
2.0919954776763916
2.058816432952881
2.017975091934204
2.322108507156372
2.172757863998413
2.242154598236084
2.2766380310058594
2.288849353790283
2.22402024269104
2.1575965881347656
2.068873643875122
2.0473415851593018
2.0904541015625
2.0292446613311768
2.050860643386841
1.9712393283843994
2.15610933303833
2.037850856781006
2.12203311920166
2.118654489517212
2.0298449993133545
2.0118260383605957
2.1590189933776855
2.101069450378418
2.067878484725952
1.9830830097198486
1.9660062789916992
2.1949946880340576
2.050368547439575
2.1921422481536865
2.1219282150268555
1.969789981842041
2.0168752670288086
2.0250651836395264
2.0708796977996826
2.081524610519409
2.1280033588409424
2.044952154159546
2.113919973373413
2.0054826736450195
2.1986544132232666
2.0628726482391357
2.0098226070404053
2.0675292015075684
2.026134967803955
2.1299350261688232
2.0564827919006348
2.1511623859405518
2.0882797241210938
2.00582218170166
2.097377061843872
2.05106782913208
1.9868054389953613
2.0614418983459473
2.030963897705078
2.0058224201202393
2.0540921688079834
2.0485527515411377
1.996814489364624
2.0528643131256104
1.9938478469848633
2.104010581970215
1.9848031997680664
1.9728577136993408
1.9804160594940186
1.9717926979064941
2.088897466659546
2.2097957134246826
2.000920057296753
1.9657869338989258
2.051473617553711
2.0196845531463623
1.9968748092651367
2.076885461807251
2.137324810028076
2.0410561561584473
2.045858860015869
1.6800439357757568
1.7916593551635742
1.6345396041870117
1.7866222858428955
1.6860008239746094
1.7097764015197754
1.6294810771942139
1.6545016765594482
1.8182086944580078
1.801774501800537
1.7956297397613525
1.6736807823181152
1.715097188949585
1.7035467624664307
1.650029182434082
1.6734569072723389
1.7076432704925537
1.612464189529419
1.5889945030212402
1.6656267642974854
1.6785242557525635
1.629478931427002
1.558027744293213
1.6040668487548828
1.633484125137329
1.6750221252441406
1.5506131649017334
1.6054573059082031
1.6995441913604736
1.5362977981567383
1.6745414733886719
1.7415831089019775
1.6308655738830566
1.7932507991790771
1.725567102432251
1.6945412158966064
1.6826386451721191
1.6956801414489746
1.6394898891448975
1.6645116806030273
1.6015625
1.659642219543457
1.6765222549438477
1.6805264949798584
1.7950148582458496
1.7754056453704834
1.8076417446136475
1.8186593055725098
1.8148458003997803
1.8166508674621582
1.7888472080230713
1.666229248046875
1.6132276058197021
1.6826112270355225
1.6935386657714844
1.707897663116455
1.8644962310791016
1.7125568389892578
1.7366247177124023
1.67889404296875
1.680830478668213
1.781618595123291
1.7195889949798584
1.7487316131591797
1.7345762252807617
1.6360628604888916
1.6396052837371826
1.6872951984405518
1.7091310024261475
1.636899709701538
1.733978033065796
1.6527843475341797
1.6705162525177002
1.70906662940979
1.6413710117340088
1.6768066883087158
1.6538915634155273
1.628479242324829
1.7125566005706787
1.7591595649719238
1.7246904373168945
1.6795244216918945
1.6720490455627441
1.736447811126709
1.6925380229949951
1.7129695415496826
1.79768705368042
1.6665136814117432
1.6484856605529785
1.6866209506988525
1.7335736751556396
1.685530662536621
1.7200651168823242
1.6625988483428955
1.7655143737792969
1.720564365386963
1.7968003749847412
1.7372090816497803
1.7736115455627441
1.6690378189086914
1.7425901889801025
1.6935346126556396
1.6965417861938477
1.7664251327514648
1.7180540561676025
1.739091396331787
1.716273546218872
1.749072551727295
1.7341444492340088
1.660510540008545
1.6997637748718262
1.6414833068847656
1.679112195968628
1.748091220855713
1.8526816368103027
1.791693925857544
1.7440426349639893
1.7295715808868408
1.6703050136566162
1.7065973281860352
1.7133374214172363
1.6179654598236084
1.6985435485839844
1.7322096824645996
1.747544527053833
1.7147188186645508
1.712052583694458
1.658505916595459
1.6911075115203857
1.8731656074523926
1.7024662494659424
1.806096076965332
1.7619340419769287
1.6775233745574951
1.7085540294647217
1.7586040496826172
1.7485880851745605
1.699502944946289
1.677680492401123
1.729565143585205
1.7048821449279785
1.7217025756835938
1.662510871887207
1.67826247215271
1.7316224575042725
1.7515931129455566
1.7045509815216064
1.6632165908813477
1.7015454769134521
1.8902568817138672
1.6665713787078857
1.6842005252838135
1.66743803024292
1.7009379863739014
1.7247354984283447
1.7275681495666504
1.7037761211395264
1.7018821239471436
1.7231011390686035
1.661449670791626
1.6349525451660156
1.625462293624878
1.6909055709838867
1.636486530303955
1.7665741443634033
1.6800177097320557
1.7938058376312256
1.7035481929779053
1.7700443267822266
1.6755168437957764
1.6700220108032227
1.7165558338165283
1.764575719833374
1.6785247325897217
1.9356846809387207
1.7517542839050293
1.6494979858398438
1.7291615009307861
1.6595063209533691
1.8522381782531738
1.724623680114746
1.6725246906280518
1.6630654335021973
1.7076177597045898
1.7555956840515137
1.791130542755127
1.7845966815948486
1.71555757522583
1.7642879486083984
1.7565090656280518
1.6855311393737793
1.6901664733886719
1.7282209396362305
1.7288362979888916
1.7662038803100586
1.6813488006591797
1.7708537578582764
1.6699676513671875
1.6666479110717773
1.7045490741729736
1.683530330657959
1.7389142513275146
1.8500664234161377
1.6154680252075195
1.6981382369995117
1.7128229141235352
1.7383675575256348
1.7031750679016113
1.6784436702728271
1.6976268291473389
1.685530185699463
1.6410086154937744
1.688610553741455
1.682527780532837
1.7077219486236572
1.8111348152160645
1.668813943862915
1.9012186527252197
1.7728464603424072
1.6535117626190186
1.6575050354003906
1.6570720672607422
1.6966729164123535
1.7486968040466309
1.6740334033966064
1.7676055431365967
1.634483814239502
1.6825964450836182
1.7155582904815674
1.6705152988433838
1.7008206844329834
1.6772353649139404
1.6575040817260742
1.6400542259216309
1.6484968662261963
1.7353911399841309
1.6567304134368896
1.7507274150848389
1.6646912097930908
1.7365777492523193
1.853684425354004
1.761723518371582
1.6835289001464844
1.7138478755950928
1.9871869087219238
1.6600873470306396
1.9967091083526611
1.936760425567627
1.7945141792297363
1.9787976741790771
1.7150242328643799
2.0291237831115723
1.9424121379852295
1.8727025985717773
1.6900436878204346
1.7997925281524658
1.9287519454956055
1.9222512245178223
1.9218807220458984
2.2100048065185547
2.1495375633239746
1.8706989288330078
1.8897130489349365
1.9241445064544678
2.1224305629730225
2.074885129928589
1.8487663269042969
1.9981307983398438
1.9277479648590088
2.208005905151367
2.0418262481689453
1.9299204349517822
1.8887155055999756
2.021293878555298
2.157235860824585
2.173975706100464
1.8973026275634766
1.9464333057403564
1.920745849609375
2.1849865913391113
2.1066040992736816
2.0357871055603027
2.015831470489502
1.9353406429290771
2.117841958999634
2.1738486289978027
1.8963375091552734
2.2230215072631836
1.9717907905578613
1.901219367980957
1.9798827171325684
2.09690523147583
2.055431842803955
1.9048357009887695
1.9057326316833496
1.9427659511566162
2.1290836334228516
2.208493947982788
1.9067342281341553
1.907853364944458
2.0227367877960205
2.338125705718994
2.1250150203704834
1.9473824501037598
1.8977248668670654
1.9067306518554688
1.8202729225158691
2.0920565128326416
2.1906487941741943
2.032912492752075
2.028646230697632
1.9647862911224365
1.905930519104004
2.140298366546631
2.1199259757995605
1.951862096786499
1.935760259628296
2.0017921924591064
1.9047143459320068
1.9988164901733398
