Timing log for each step:
0.013013124465942383
5.451487302780151
5.6904637813568115
5.508043050765991
5.558449745178223
5.46357536315918
5.393906116485596
5.563649415969849
5.481933832168579
5.348044395446777
5.6986305713653564
5.657256841659546
5.578744649887085
5.365367889404297
5.540917634963989
5.506977319717407
5.470073223114014
5.520337820053101
5.4162757396698
5.466699123382568
5.422209024429321
5.506489992141724
5.384542942047119
5.512057304382324
5.426483392715454
5.523496150970459
5.437756299972534
5.396234035491943
5.383439302444458
5.432536602020264
5.4640727043151855
5.553259611129761
5.3368980884552
5.4440062046051025
5.4745032787323
5.438737630844116
5.441134452819824
5.425541639328003
5.443907976150513
5.555036544799805
5.528581142425537
5.438348770141602
5.406376123428345
5.479400634765625
5.413083553314209
5.411825895309448
5.771226406097412
5.480506181716919
5.477709054946899
5.465149402618408
5.464886903762817
5.393548250198364
5.359798192977905
5.45292854309082
5.457098722457886
5.418537139892578
5.458035945892334
5.600732326507568
5.467942953109741
5.58234977722168
5.515273809432983
5.529879570007324
5.487178802490234
5.4689342975616455
5.409927129745483
5.561448097229004
5.495235443115234
5.4545838832855225
5.5264832973480225
5.436283588409424
5.509474992752075
5.5744948387146
5.4628050327301025
5.9404449462890625
5.619626998901367
5.570573568344116
5.5556321144104
5.602680206298828
5.5362653732299805
5.481513977050781
5.587832450866699
5.494289398193359
5.407907009124756
5.411351680755615
5.408026695251465
5.523274660110474
5.436880111694336
5.442000150680542
5.54695725440979
5.56330943107605
5.430313348770142
5.475992918014526
5.463649272918701
5.467770338058472
5.406751394271851
5.396379232406616
5.422422647476196
5.483526945114136
5.476031541824341
5.436535835266113
5.497710704803467
5.462723731994629
5.5030083656311035
5.465061664581299
5.636038303375244
5.484907150268555
5.4802162647247314
5.522958040237427
5.495382785797119
5.499715805053711
5.450603246688843
5.479889154434204
5.372166872024536
5.551227807998657
5.449976921081543
5.443871974945068
5.536691188812256
5.487054347991943
5.373236417770386
5.518124103546143
5.4706878662109375
5.525411367416382
5.441975355148315
5.4603753089904785
5.4478888511657715
5.5272393226623535
5.3582751750946045
5.398370027542114
5.431954622268677
5.404851198196411
5.435380935668945
5.485789775848389
5.442817211151123
5.444301605224609
5.528163909912109
5.433172941207886
5.412697792053223
5.449451684951782
5.36156702041626
5.425918340682983
5.5418381690979
5.3618669509887695
5.533467769622803
5.529440879821777
5.442415475845337
5.427682876586914
5.488426685333252
5.373569488525391
5.469233751296997
5.441585540771484
5.356328725814819
5.423476696014404
5.445825576782227
5.4288928508758545
5.6155781745910645
5.473680257797241
5.478507041931152
5.405257225036621
5.331692695617676
5.427978515625
5.461198568344116
5.327210426330566
5.57729172706604
5.517056941986084
5.45960807800293
5.483373641967773
5.368302583694458
5.436338424682617
5.447282075881958
5.473502159118652
5.378281593322754
5.3959362506866455
5.440571069717407
5.425501823425293
5.396344423294067
5.4545135498046875
5.42427659034729
5.371675729751587
5.5133960247039795
5.43539834022522
5.3747804164886475
5.472358226776123
5.362233877182007
5.3647239208221436
5.486550569534302
5.458016633987427
5.3811891078948975
5.465112686157227
5.462220191955566
5.43377685546875
5.403818845748901
5.346471786499023
5.600244522094727
5.427348375320435
5.458157539367676
5.419422149658203
5.452304840087891
5.445126056671143
5.499103546142578
5.478416204452515
5.346928119659424
5.472293853759766
5.5032267570495605
5.4764721393585205
5.336999416351318
5.432180404663086
5.477076292037964
5.418040037155151
5.436931848526001
5.4500861167907715
5.438219785690308
5.411226749420166
5.382527112960815
5.442936897277832
5.477904319763184
5.35390305519104
5.404876232147217
5.484616756439209
5.377089500427246
5.413607597351074
5.431381940841675
5.363732576370239
5.381384611129761
5.463031768798828
5.396507024765015
5.383121490478516
5.470463037490845
5.346379041671753
5.497555732727051
5.4014647006988525
5.527583122253418
5.432537317276001
5.510575771331787
5.458474397659302
5.452032566070557
5.3462889194488525
5.406426429748535
5.489308595657349
5.3887856006622314
5.43523907661438
5.508485555648804
5.440106630325317
5.478852272033691
5.39497447013855
5.411261320114136
5.52393364906311
5.357333660125732
5.506303548812866
5.468422889709473
5.400629043579102
5.462556600570679
5.300023555755615
5.419339179992676
5.413599967956543
5.449347972869873
5.382449150085449
5.395398378372192
5.411245584487915
5.402203321456909
5.43615984916687
5.41636848449707
5.399352550506592
5.391443729400635
5.4429473876953125
5.3793909549713135
5.503995895385742
5.333775520324707
5.428867340087891
5.515085458755493
5.351711988449097
5.452582359313965
5.431897163391113
5.321503639221191
5.41479754447937
5.37480902671814
5.468628644943237
5.330686807632446
5.467350006103516
5.468534708023071
5.496335029602051
5.385120868682861
5.887671947479248
5.4274163246154785
5.419188976287842
