Timing log for each step:
0.01901721954345703
6.386928558349609
6.300578594207764
5.950224161148071
5.91193962097168
5.967361211776733
5.931769132614136
5.960099458694458
5.949667692184448
5.976381301879883
5.948810577392578
5.986430644989014
5.929897785186768
5.938620328903198
5.931209325790405
5.9611053466796875
5.877514123916626
5.923892021179199
5.9279632568359375
5.917073726654053
5.953052282333374
5.913784980773926
5.928572177886963
5.949843645095825
5.957907199859619
5.932251691818237
5.93355655670166
5.924041032791138
5.916083812713623
5.910584926605225
5.967310190200806
6.002711057662964
5.952853679656982
5.9211084842681885
5.884234189987183
5.9260406494140625
5.918573617935181
5.868631601333618
5.891338586807251
5.889461278915405
5.896069288253784
5.926567077636719
5.997247695922852
5.907776832580566
5.871956825256348
5.908667325973511
5.8834145069122314
5.894347429275513
5.933099985122681
5.864174842834473
5.853936433792114
5.892837047576904
5.911816358566284
5.996900320053101
5.94233512878418
5.971445083618164
5.985007047653198
5.961462020874023
5.9795262813568115
5.949209690093994
5.969894170761108
6.002301931381226
5.995288848876953
5.97765851020813
5.944071531295776
6.002670526504517
5.968402862548828
6.3567140102386475
5.929178476333618
5.931788444519043
5.905480623245239
5.969850540161133
5.9576427936553955
5.971281290054321
5.958097696304321
5.970917224884033
6.033829927444458
5.984098672866821
5.94603705406189
6.006561040878296
6.001487731933594
6.036939859390259
5.98719596862793
5.993236064910889
6.142335414886475
6.0093653202056885
5.980498313903809
5.99387526512146
5.955148458480835
5.943856477737427
5.948052406311035
5.959631681442261
6.166055679321289
5.988147258758545
6.005942344665527
6.108463764190674
6.001193046569824
6.394678592681885
6.198347568511963
6.11483097076416
6.120028495788574
6.141551733016968
5.948067665100098
6.1171252727508545
6.293374538421631
6.1225645542144775
5.585831880569458
5.96585750579834
6.076725482940674
6.11137843132019
5.858605146408081
6.046842098236084
6.111953496932983
6.211695671081543
6.178730487823486
6.1219236850738525
6.125950574874878
6.098670959472656
6.086100816726685
6.012972116470337
5.99657416343689
6.0297088623046875
6.083799839019775
6.0918128490448
6.066170930862427
5.930961847305298
5.945431709289551
5.585670709609985
5.704748153686523
5.794363021850586
5.744412183761597
6.129828691482544
6.043888092041016
6.056034088134766
6.045208930969238
6.2780866622924805
6.256201267242432
6.246944904327393
5.818250894546509
5.709899425506592
5.75107741355896
5.680674314498901
5.679534912109375
5.702706813812256
5.710774898529053
5.669368743896484
5.669253587722778
5.695356369018555
6.181426286697388
5.9130401611328125
5.546707630157471
5.582882881164551
5.5395424365997314
5.545065641403198
5.5558180809021
6.142858982086182
5.609827041625977
6.325268030166626
5.955239534378052
5.716968059539795
6.15605092048645
5.975629568099976
6.16362452507019
5.962966680526733
6.139488935470581
6.018673896789551
6.131598711013794
6.014485120773315
6.140496253967285
5.977144002914429
5.970200777053833
6.245727300643921
6.010173320770264
5.967230558395386
6.021753311157227
5.96136212348938
5.986809730529785
5.971858739852905
6.025048494338989
6.128738880157471
6.003684997558594
5.989048957824707
5.964839696884155
5.977865219116211
5.946445941925049
5.980072736740112
5.94781756401062
5.962085485458374
5.978905439376831
5.953863620758057
6.0279107093811035
6.010894298553467
5.965177774429321
6.014246225357056
6.163991451263428
5.974245548248291
6.064461946487427
5.979861259460449
5.982040643692017
5.970776081085205
6.000645875930786
5.958275318145752
5.979465484619141
5.970088005065918
5.94856858253479
5.98075270652771
5.966081857681274
5.9802093505859375
5.995881795883179
6.012131214141846
6.009477615356445
5.988421678543091
6.005111455917358
5.973839998245239
5.9950926303863525
5.998427867889404
6.200812578201294
6.025602340698242
5.993950366973877
6.302807092666626
6.046857595443726
6.0127527713775635
5.990992069244385
6.0620505809783936
5.965263366699219
5.974493503570557
6.014307975769043
5.980274677276611
6.0018651485443115
6.002306938171387
5.9738852977752686
5.97549033164978
5.98806357383728
5.963909149169922
5.969056129455566
5.943002223968506
5.950728893280029
5.956736326217651
5.954718828201294
6.01706337928772
5.967195272445679
5.9845898151397705
6.000987529754639
5.966306924819946
6.008785247802734
5.999438524246216
5.995952129364014
6.042235374450684
5.950484752655029
5.939514875411987
5.966679811477661
5.988018989562988
5.988994836807251
6.019173622131348
5.997889995574951
5.970269203186035
6.008519172668457
5.984116077423096
5.981003522872925
5.9470179080963135
5.9709861278533936
5.996001958847046
5.998861789703369
5.982012748718262
5.949418306350708
5.992620944976807
5.952867746353149
5.955035924911499
5.929116249084473
5.916031837463379
5.979599952697754
6.006076812744141
5.984718322753906
6.476563215255737
5.969543695449829
6.01170802116394
5.96726393699646
5.993795871734619
6.020245552062988
6.0042564868927
5.955363988876343
5.95733380317688
5.94458270072937
5.932021856307983
5.917697429656982
5.962089776992798
5.966819524765015
5.972126722335815
5.964833498001099
5.972843647003174
5.9670069217681885
5.945046424865723
6.0039355754852295
5.9828941822052
6.002586841583252
6.0230042934417725
6.319838762283325
6.0214598178863525
5.817300081253052
5.844126224517822
5.85784387588501
5.764615535736084
5.717860221862793
5.748199939727783
5.785765886306763
5.754954814910889
5.741195201873779
5.7510085105896
5.769394159317017
5.776072263717651
5.723699331283569
5.756614923477173
5.735735177993774
5.750370979309082
5.769497632980347
5.7595813274383545
5.834369659423828
5.72392725944519
5.726356744766235
5.704471111297607
5.793533086776733
5.741932392120361
5.7682390213012695
5.69584059715271
5.757439613342285
5.794020891189575
5.782841682434082
5.696487903594971
5.717494487762451
5.799752712249756
5.753905296325684
5.777533054351807
5.7078046798706055
5.792040109634399
5.772594928741455
5.706701040267944
5.7457849979400635
5.727039813995361
5.765528440475464
5.657804012298584
5.754650592803955
5.755702972412109
5.767472267150879
5.7337493896484375
5.730021238327026
5.885174989700317
5.819299936294556
5.708674907684326
5.806822299957275
5.8053131103515625
5.799170970916748
5.698363780975342
5.732790946960449
5.771864175796509
5.724393606185913
5.7698447704315186
5.809042692184448
5.828350305557251
5.786394119262695
5.818211555480957
5.81262993812561
5.74984073638916
5.736253261566162
5.790537357330322
5.709300994873047
5.816553354263306
5.770931005477905
5.749441385269165
5.71730375289917
5.758973836898804
5.67647910118103
5.777061700820923
5.761560440063477
5.723337650299072
5.781405448913574
5.730430841445923
5.701633930206299
5.716702699661255
5.732491731643677
5.699420213699341
5.70972752571106
5.757833480834961
5.720679998397827
5.680744409561157
5.764025449752808
5.781052350997925
5.768890380859375
5.740963935852051
5.699660301208496
5.698235511779785
5.69216513633728
5.841622829437256
5.750536918640137
5.74383544921875
5.740176439285278
5.753525972366333
5.7264344692230225
5.767053842544556
5.745861530303955
5.6908118724823
5.780390024185181
5.693303346633911
5.750391006469727
5.686228513717651
5.750912427902222
5.736752033233643
5.716345310211182
5.735490560531616
5.738801956176758
5.6955790519714355
5.740460395812988
5.760946035385132
5.71349024772644
6.133851766586304
5.725480556488037
5.783411741256714
5.769211292266846
5.730886936187744
5.720793008804321
5.696345806121826
5.768407821655273
5.727063894271851
5.673652410507202
5.763896942138672
5.765431880950928
5.781898021697998
5.687893867492676
5.759757041931152
5.753515958786011
5.742414712905884
5.753813982009888
5.750876188278198
5.7515528202056885
5.7291059494018555
5.793983697891235
5.700793743133545
5.787400722503662
5.675180912017822
5.718616485595703
5.7677903175354
5.809018850326538
5.741377115249634
5.69644021987915
5.794407367706299
5.765768527984619
5.708794832229614
5.726929187774658
5.691335201263428
5.805696487426758
5.700326919555664
5.6484081745147705
5.72945499420166
5.777904272079468
5.774041175842285
5.753246307373047
5.690398454666138
5.772820472717285
5.679327964782715
5.7854368686676025
5.79239296913147
5.721121311187744
5.74657416343689
5.677015781402588
5.7422261238098145
5.764427900314331
5.751173734664917
5.7989678382873535
5.739817380905151
5.701592206954956
5.807491302490234
5.740635395050049
5.780521631240845
5.828626394271851
5.774075984954834
5.736352920532227
5.811089515686035
5.699073314666748
5.740637540817261
5.804318428039551
5.773886442184448
5.795236110687256
5.723557710647583
5.780463218688965
5.753920555114746
5.770215034484863
5.695692539215088
5.7374794483184814
5.758953094482422
5.6928277015686035
5.79082989692688
5.7655370235443115
5.782956600189209
5.748648405075073
5.744687795639038
5.797726154327393
5.7976975440979
5.742550849914551
5.710560083389282
5.7647387981414795
5.7573018074035645
5.743699550628662
5.740213632583618
5.684544086456299
5.804739236831665
5.710668087005615
5.7809364795684814
5.718366384506226
5.80502462387085
5.756857872009277
5.7394859790802
5.735132455825806
5.776734113693237
5.710705995559692
5.726310729980469
5.772779226303101
5.804868936538696
5.798642158508301
5.713063716888428
5.7187793254852295
5.7707860469818115
5.839511871337891
5.770859718322754
5.705377101898193
5.818427085876465
5.768740653991699
5.6907477378845215
5.77674674987793
5.7205798625946045
5.7454140186309814
5.743779420852661
5.698330402374268
5.697413921356201
5.743972063064575
5.713983535766602
5.7691650390625
5.780436038970947
5.75194525718689
5.753772735595703
5.757673740386963
5.771810531616211
5.704804182052612
5.793906211853027
5.81140923500061
5.7964558601379395
5.766938924789429
5.698461532592773
5.847198724746704
5.724345445632935
5.754750967025757
5.938603401184082
5.837459087371826
5.773351192474365
5.6873626708984375
5.708173751831055
5.806509971618652
5.76070499420166
5.777564525604248
5.782552480697632
5.651806831359863
5.739712476730347
5.752385139465332
5.716326475143433
5.75947380065918
5.773151636123657
5.779381990432739
5.804680347442627
5.790708065032959
5.797824859619141
5.6733338832855225
5.704957485198975
5.770917654037476
5.768571138381958
5.7840025424957275
5.815813064575195
5.764546632766724
5.747992515563965
5.73774790763855
5.830718517303467
5.702913522720337
5.7050135135650635
5.811933994293213
5.7627952098846436
5.794534206390381
5.761255502700806
5.77374267578125
5.796954393386841
5.729342460632324
5.728472709655762
5.748711585998535
5.689345836639404
5.717864990234375
5.761617422103882
5.787923574447632
5.775141477584839
5.723198175430298
5.760361909866333
5.80290412902832
5.69733452796936
5.840794086456299
5.75103497505188
5.734647274017334
5.692504167556763
5.740576505661011
5.6362621784210205
5.7634336948394775
5.8399999141693115
5.857007741928101
5.823763847351074
5.804624319076538
5.664829730987549
5.654728651046753
5.684268236160278
5.798850774765015
5.778024196624756
5.741436719894409
5.787814378738403
5.78881311416626
5.757757902145386
5.6643006801605225
5.678087949752808
5.7462873458862305
5.730638027191162
5.840239763259888
5.702829360961914
5.7446863651275635
5.703600168228149
5.773434400558472
5.763489484786987
5.80283784866333
5.726485252380371
5.697661638259888
5.74238395690918
5.851433038711548
5.725481748580933
5.8033082485198975
5.7813637256622314
5.730379581451416
5.786242723464966
5.756440162658691
5.804141283035278
5.761827707290649
5.711989641189575
5.804917812347412
5.719702959060669
5.808420181274414
5.7567009925842285
5.808020114898682
5.703374624252319
5.8127429485321045
5.736725568771362
5.759107351303101
5.800655364990234
5.6957688331604
5.713913202285767
5.726921558380127
5.801228046417236
5.7140607833862305
5.758951187133789
5.7239155769348145
5.727349042892456
5.788223743438721
5.766308546066284
5.80359959602356
5.746969699859619
5.765761375427246
5.706176519393921
5.678204536437988
5.769127607345581
5.7276530265808105
5.739260911941528
5.7869603633880615
5.759238243103027
5.782313823699951
5.796920299530029
5.781555652618408
5.6989569664001465
5.681894063949585
5.8228514194488525
5.7556071281433105
5.769868612289429
5.606957197189331
5.886410713195801
5.776798248291016
5.72496223449707
5.776461124420166
5.731936693191528
5.789372444152832
5.799005746841431
5.71886682510376
5.824095964431763
5.675851821899414
5.7583653926849365
5.7111077308654785
5.713279962539673
5.729795455932617
5.690690517425537
5.735771417617798
5.735464334487915
5.751560211181641
5.772665739059448
5.641605854034424
5.701740980148315
5.66866660118103
5.660006046295166
5.694252252578735
5.774877548217773
5.74044132232666
5.80361270904541
5.76805305480957
5.721069574356079
5.76098108291626
5.7344818115234375
5.781777858734131
5.6906702518463135
5.808753252029419
5.861466646194458
5.727843761444092
5.756414413452148
5.758310794830322
5.747929811477661
5.757057189941406
5.719024419784546
5.642937660217285
5.693838119506836
5.745396852493286
5.714622259140015
5.748378753662109
5.798826456069946
5.745855808258057
5.780042409896851
5.775887727737427
5.741827487945557
5.721981048583984
5.70901083946228
5.717100143432617
5.828658103942871
5.715049982070923
5.829704999923706
5.68200945854187
5.733842134475708
5.737460136413574
5.701272249221802
5.82166862487793
5.795463800430298
5.727820873260498
5.780698299407959
5.688917398452759
5.607518434524536
5.718100547790527
5.7007927894592285
5.792166709899902
5.725395441055298
5.7525670528411865
5.780292749404907
5.738345623016357
5.842937707901001
5.734987735748291
5.7259228229522705
5.747935771942139
5.729284048080444
5.733724117279053
5.73804235458374
5.731515884399414
5.660006046295166
5.730319261550903
5.673137426376343
5.661511182785034
5.728457450866699
5.746658086776733
5.828744173049927
5.6845574378967285
5.809174060821533
5.780184984207153
5.803459167480469
5.7277820110321045
5.687335968017578
5.641951084136963
5.7389514446258545
5.686523675918579
5.728384256362915
5.7660510540008545
5.693735599517822
5.734837532043457
5.679641962051392
5.775043964385986
5.707891464233398
5.729207754135132
5.744504690170288
5.687353610992432
5.644296646118164
6.126430034637451
5.769627571105957
5.73288631439209
5.693215370178223
5.706195116043091
5.818994045257568
5.792731285095215
5.729814291000366
5.733492136001587
5.785473346710205
5.806502342224121
6.147521018981934
5.762082815170288
5.718862056732178
5.690787315368652
5.79377818107605
5.721978187561035
5.716662168502808
5.610304355621338
5.771390199661255
5.689107894897461
5.756775617599487
5.724600315093994
5.747760057449341
5.738367080688477
5.808271408081055
5.950430393218994
5.509027481079102
5.65816330909729
5.680183172225952
5.564077854156494
5.537052631378174
5.453977346420288
5.72022008895874
5.591102838516235
5.745243072509766
5.688190937042236
5.655158758163452
5.6861889362335205
5.651157379150391
5.597107887268066
5.6621668338775635
5.524041414260864
5.739237546920776
5.580092191696167
5.6801838874816895
5.747244834899902
5.640146493911743
5.740235805511475
5.628136157989502
5.677181005477905
5.467989206314087
5.732231140136719
5.780274391174316
5.592101812362671
5.586097240447998
5.6331398487091064
5.706207513809204
5.564077854156494
5.601111650466919
5.746243715286255
5.802295684814453
5.710210800170898
5.802303075790405
5.7732696533203125
5.595105409622192
5.862349510192871
5.648154020309448
5.6781816482543945
5.695197343826294
5.687190294265747
5.7772722244262695
5.663168907165527
5.672175884246826
5.660165309906006
5.586097955703735
5.661165952682495
5.807299613952637
5.703204154968262
5.6101179122924805
5.778273344039917
5.721220970153809
5.54606032371521
5.657161712646484
5.704205274581909
5.5760886669158936
5.723223686218262
5.607116460800171
5.73123025894165
5.657162427902222
5.778282642364502
5.485005617141724
5.570082902908325
5.6161253452301025
5.608118772506714
5.7882819175720215
5.708208799362183
5.669172286987305
5.5490641593933105
5.705206871032715
5.682185411453247
5.660165071487427
5.646151781082153
5.683186292648315
5.756253480911255
5.653158903121948
5.690192699432373
5.702203989028931
5.5560712814331055
5.661165714263916
5.54706335067749
5.651156425476074
5.5760884284973145
5.6481544971466064
5.6531596183776855
5.706207513809204
5.551065444946289
5.661166667938232
5.696198225021362
5.525042295455933
5.7252256870269775
5.738236427307129
5.7102110385894775
5.690191984176636
5.73123025894165
5.687190055847168
5.674177646636963
5.69419527053833
5.541056394577026
5.6971986293792725
5.730229616165161
5.863350868225098
5.878364562988281
5.7102110385894775
5.726224422454834
5.595107078552246
5.675178527832031
5.6381447315216064
5.686188220977783
5.687190055847168
5.689191579818726
5.713213682174683
5.664168834686279
5.556070327758789
5.695196866989136
5.546061754226685
6.597021102905273
