Timing log for each step:
0.015013933181762695
5.564172267913818
5.518129587173462
5.608213424682617
5.7903831005096436
5.889475345611572
5.941525220870972
5.891476392745972
5.665266990661621
5.661262273788452
5.4490647315979
5.701300382614136
5.617221832275391
5.571178913116455
5.63323712348938
5.686286926269531
5.582189083099365
5.654257535934448
5.603209018707275
5.631236553192139
5.654257535934448
5.68628454208374
5.5931994915008545
5.652254819869995
5.726324081420898
5.566174268722534
5.661261796951294
5.599205255508423
5.560169458389282
5.761356592178345
5.679280757904053
5.745341062545776
5.691289901733398
5.6332361698150635
5.538148641586304
5.647249460220337
5.655256748199463
5.5831897258758545
5.630232810974121
5.6982972621917725
5.637240886688232
5.641244173049927
5.446062803268433
5.883469581604004
5.575182676315308
5.617221832275391
5.495108604431152
5.6982972621917725
5.52413535118103
5.53714656829834
5.562171459197998
5.537146091461182
5.468084335327148
5.57318115234375
5.5811896324157715
5.528139591217041
5.58018684387207
5.672274351119995
5.602208137512207
5.554163694381714
5.579185724258423
5.682281970977783
5.719316720962524
5.525136232376099
5.582189559936523
5.69429349899292
5.565174102783203
5.568176507949829
5.642245054244995
5.675266742706299
5.7733378410339355
5.5631422996521
5.421011447906494
5.676246643066406
5.662234783172607
5.550129413604736
5.614189147949219
5.644217014312744
5.709278345108032
5.546127557754517
5.696265459060669
5.531113147735596
5.667239189147949
5.7112791538238525
5.656228303909302
5.643217086791992
5.733299493789673
5.68225359916687
5.555134534835815
5.591166734695435
5.563142776489258
5.621196985244751
5.5251076221466064
5.503085613250732
5.582160711288452
5.578156471252441
5.522104501724243
5.658230543136597
5.64421820640564
5.507091283798218
5.536118268966675
5.5921690464019775
5.635209083557129
5.563142776489258
5.732299327850342
5.706275224685669
5.5571372509002686
5.714282035827637
5.665236949920654
5.569149017333984
5.665236949920654
5.499083518981934
6.253781080245972
5.646218776702881
5.477063179016113
5.555135011672974
5.552132606506348
5.963514089584351
5.734299898147583
5.595172643661499
5.591168403625488
5.500084400177002
5.653226613998413
5.609186172485352
5.632207155227661
5.650223255157471
5.661233425140381
5.642217636108398
5.604180335998535
5.623197078704834
5.6602325439453125
5.537119150161743
5.466054439544678
5.497082471847534
5.551131725311279
5.6151909828186035
5.5971739292144775
5.66523814201355
5.600177049636841
5.631205797195435
5.663236141204834
5.44303297996521
5.641215801239014
5.563142776489258
5.591169357299805
5.596174478530884
5.596173286437988
5.630204677581787
5.578157663345337
5.560139894485474
5.493077993392944
5.583161354064941
5.48406982421875
5.565144777297974
5.588165998458862
5.60618257522583
5.501085519790649
5.624199151992798
5.589166879653931
5.718286752700806
5.636211633682251
5.551132917404175
5.521104574203491
5.5211052894592285
5.5861639976501465
5.551131963729858
5.509093761444092
5.425015926361084
5.5461273193359375
5.638213634490967
5.597175359725952
5.559139966964722
5.645217657089233
5.61318826675415
5.548129081726074
5.614190578460693
5.589167356491089
5.609184980392456
5.62319803237915
5.545126438140869
5.533115386962891
5.564143180847168
5.596173524856567
5.57915735244751
5.589168071746826
5.748313665390015
5.620196342468262
5.570150136947632
5.605181694030762
5.634209871292114
5.538119077682495
5.5981762409210205
5.548128604888916
5.512095212936401
5.569146633148193
5.546127796173096
5.522104263305664
5.613189697265625
5.620195388793945
5.61719274520874
5.606183767318726
5.539121389389038
5.624199867248535
5.590168714523315
5.590168476104736
5.6241984367370605
5.559138774871826
5.610186576843262
5.627202033996582
5.524105072021484
5.549130439758301
5.5241076946258545
5.578157424926758
5.533115863800049
5.516099452972412
5.557138204574585
5.521104335784912
5.601177453994751
5.5711510181427
5.4530415534973145
5.47906494140625
5.453042030334473
5.547127723693848
5.5671467781066895
5.632206678390503
5.621193885803223
5.465051174163818
5.587164640426636
5.515098810195923
5.584163188934326
5.581159830093384
5.607171058654785
5.642194032669067
5.4410107135772705
5.655206918716431
5.569127321243286
5.648199796676636
5.599154472351074
5.631184101104736
5.56011962890625
5.52408504486084
5.645198345184326
5.6381919384002686
5.501072883605957
5.688237428665161
5.668217897415161
6.0035240650177
5.71225905418396
5.58013653755188
5.57513427734375
5.526088237762451
5.635188579559326
5.508071184158325
5.526088237762451
5.5961527824401855
5.57112979888916
5.599154949188232
5.633186340332031
5.60616135597229
5.49205756187439
5.639191627502441
5.6642138957977295
5.553112268447876
5.602158546447754
5.599154710769653
5.615169286727905
5.620174169540405
5.52608847618103
5.648198843002319
5.548108339309692
5.6131675243377686
5.608163833618164
5.412984132766724
5.597153663635254
5.645196199417114
5.619173049926758
5.5571160316467285
5.590145826339722
5.637190103530884
5.526087284088135
5.6031599044799805
5.517079591751099
5.631184816360474
5.571130275726318
5.609164714813232
5.543103218078613
5.601156711578369
5.6181721687316895
5.573131799697876
5.599155902862549
5.478044271469116
5.652202844619751
5.561119556427002
5.5010645389556885
5.676225423812866
5.624176740646362
5.4139838218688965
5.524085521697998
5.697243690490723
5.60616135597229
5.512075185775757
5.544105529785156
5.627180576324463
5.617171287536621
5.4860520362854
5.505069255828857
5.5370988845825195
5.559118270874023
5.604159832000732
5.49906325340271
5.541102170944214
5.472038269042969
5.563122749328613
5.5170793533325195
5.48404860496521
5.503066062927246
5.572131156921387
5.5190815925598145
5.521083831787109
5.622176885604858
5.5491087436676025
5.555114507675171
5.598153352737427
5.624176979064941
5.472039222717285
5.524085998535156
5.5731306076049805
5.598154306411743
5.686234712600708
5.6211748123168945
5.603158950805664
5.573131322860718
5.533095121383667
5.448016166687012
5.434004306793213
5.598154067993164
5.576132774353027
5.610165357589722
5.543102025985718
5.516078472137451
5.523085117340088
5.545105695724487
5.670220375061035
5.66321325302124
5.686235666275024
5.454021692276001
5.408980369567871
5.516077995300293
5.45302152633667
5.422993183135986
5.534095287322998
5.489053726196289
5.520081996917725
5.5140769481658936
5.49405837059021
5.413984537124634
5.539099454879761
5.385958194732666
5.5250866413116455
5.490054130554199
5.364940404891968
5.470035791397095
5.444012403488159
5.601156949996948
5.374947786331177
5.527088642120361
5.640192031860352
5.677226543426514
5.661211967468262
5.969496488571167
5.693241596221924
5.493058204650879
5.662213325500488
5.5961525440216064
5.4700376987457275
5.702250003814697
5.7753167152404785
5.550109386444092
5.574132680892944
5.639192342758179
5.31589412689209
5.612166404724121
5.692241191864014
5.425996541976929
5.717263460159302
5.614168643951416
5.822360515594482
5.665215253829956
5.4289984703063965
5.414985179901123
5.6361894607543945
5.686235189437866
5.5961525440216064
5.625178575515747
5.673211097717285
5.5841264724731445
5.644181728363037
5.5460898876190186
5.615154981613159
5.592133522033691
5.278846502304077
5.216789245605469
5.270838022232056
5.244815111160278
5.2318031787872314
5.30887508392334
5.1807568073272705
5.201774597167969
5.357918739318848
5.1607372760772705
5.268838405609131
5.274844646453857
5.303870916366577
5.282849311828613
5.205780267715454
5.229800701141357
5.1257054805755615
5.183758974075317
5.288856029510498
5.2848522663116455
5.229802131652832
5.124704360961914
5.302866697311401
5.170746564865112
5.160738706588745
5.275843620300293
5.270840406417847
5.33289647102356
5.149726629257202
5.042629957199097
5.240811347961426
5.311877250671387
5.228800296783447
5.171749114990234
5.309874534606934
5.263832330703735
5.176751375198364
5.232803583145142
5.21478796005249
5.1577348709106445
5.211785316467285
5.075659990310669
5.13471245765686
5.237809896469116
5.366927146911621
5.210783958435059
5.262831687927246
5.285853385925293
5.322887897491455
5.26455020904541
5.313878297805786
5.2698376178741455
5.163740634918213
5.268838167190552
5.152730703353882
5.331894636154175
5.231796979904175
5.304871559143066
5.177753448486328
5.218791961669922
5.264834642410278
5.247817516326904
5.223795413970947
5.170745372772217
5.320884466171265
5.266835927963257
5.230801820755005
5.241811037063599
5.232804536819458
5.2908570766448975
5.2558252811431885
5.169745683670044
5.219792366027832
5.2027764320373535
5.262832880020142
5.368928909301758
5.271840572357178
5.198772430419922
5.303869962692261
5.214787244796753
5.1557323932647705
5.200774908065796
5.2127861976623535
5.173749923706055
5.274843454360962
5.197772741317749
5.208783388137817
5.154731273651123
5.26283073425293
5.227799415588379
5.2728400230407715
5.199773550033569
5.317882299423218
5.258828639984131
5.357919216156006
5.184760570526123
5.23680853843689
5.352914333343506
5.378937482833862
5.20778226852417
5.324889898300171
5.301867961883545
5.188764810562134
5.244814872741699
5.114694833755493
5.206781625747681
5.17074728012085
5.251821517944336
5.213786602020264
5.211783409118652
5.272841215133667
5.311875581741333
5.285851955413818
5.289855480194092
5.232803583145142
5.24681544303894
5.201775074005127
5.240811347961426
5.107690095901489
5.20778226852417
5.242815017700195
5.119699478149414
5.3969550132751465
5.214787483215332
5.166743993759155
5.217791318893433
5.311876058578491
5.416973114013672
5.164740085601807
5.310874938964844
5.231804132461548
5.232805013656616
5.212784767150879
5.32689094543457
5.274842739105225
5.170748472213745
5.140720367431641
5.454006671905518
5.270838975906372
5.286853790283203
5.2167885303497314
5.2508203983306885
5.149728536605835
5.248818397521973
5.148726463317871
5.254824638366699
5.289856910705566
5.40095853805542
5.278667211532593
5.236807346343994
5.265834808349609
5.230801820755005
5.1427223682403564
5.2538228034973145
5.505053758621216
5.368930339813232
5.3278913497924805
5.311876535415649
5.307873487472534
5.415972709655762
5.287846326828003
5.360912084579468
5.364914894104004
5.315869569778442
5.360909700393677
5.268825531005859
5.472012996673584
5.444988965988159
5.4780192375183105
5.4469897747039795
5.474013328552246
5.517054319381714
5.366915941238403
5.433977365493774
5.453995943069458
5.552086114883423
5.389937400817871
5.520057439804077
5.506043910980225
5.442986249923706
5.515050649642944
5.554088830947876
5.479019403457642
5.530066013336182
5.427972316741943
5.404951572418213
5.488028287887573
5.42496919631958
5.389937162399292
5.595124959945679
5.565098524093628
5.431976318359375
5.35090184211731
5.485024452209473
5.522058725357056
5.5250608921051025
5.3849334716796875
5.514050245285034
5.420965909957886
5.601130962371826
5.478018045425415
5.4970362186431885
5.4950339794158936
5.4900290966033936
5.353903770446777
5.538074493408203
5.528064489364624
5.514050245285034
5.5110485553741455
5.550084829330444
5.513049840927124
5.456998825073242
5.515052318572998
5.4750165939331055
5.5430779457092285
5.480020523071289
5.523059368133545
5.515052080154419
5.535071134567261
5.617145776748657
5.393941640853882
5.322876930236816
5.581112623214722
5.5250608921051025
5.493032932281494
5.527063369750977
5.454998016357422
5.35590672492981
5.404950141906738
5.450993537902832
5.403951168060303
5.421967267990112
5.522058486938477
5.49303126335144
5.54608154296875
5.42396879196167
5.491031169891357
5.469009637832642
5.502038955688477
5.393941402435303
5.516052961349487
5.509047031402588
5.497035980224609
5.463003635406494
5.551084518432617
5.694217205047607
5.612141370773315
5.494033098220825
5.604133367538452
5.509047031402588
5.576107978820801
5.496034383773804
5.51405143737793
5.4412171840667725
5.553087472915649
5.438983201980591
5.40194845199585
5.549083471298218
5.561095237731934
5.563097238540649
5.463006019592285
5.6311585903167725
5.57911229133606
5.509047746658325
5.596127033233643
5.706227540969849
5.601131200790405
5.513049840927124
5.54207706451416
5.610139846801758
5.625153541564941
5.466006755828857
5.434978246688843
5.499037265777588
5.483023166656494
5.504040956497192
5.571104526519775
6.116603374481201
5.980137825012207
5.77036714553833
5.574106454849243
5.579111576080322
5.540074825286865
5.568100214004517
5.6421685218811035
5.591122150421143
5.6371636390686035
5.6762001514434814
5.661185026168823
5.522058725357056
5.358910083770752
5.610139608383179
5.382930755615234
5.6481733322143555
5.527062892913818
5.486026048660278
5.43798303604126
5.491031169891357
5.500039577484131
5.455999851226807
5.559091567993164
5.567101001739502
5.495033502578735
5.589120864868164
5.4950339794158936
5.497036933898926
5.441985368728638
5.584115028381348
5.509047508239746
5.551084995269775
5.494033336639404
5.43898344039917
5.468010663986206
5.532067775726318
5.547081470489502
5.46000337600708
5.506042242050171
5.52706241607666
5.538073539733887
5.558091878890991
5.489027976989746
5.458000659942627
5.568100929260254
5.527059555053711
5.561086416244507
5.459994316101074
5.5460731983184814
5.565090179443359
5.464998245239258
5.508039712905884
5.536065340042114
5.444981813430786
5.528056621551514
5.6241443157196045
5.568093299865723
5.472004175186157
5.405945539474487
5.424962282180786
5.636154651641846
5.504034757614136
5.496027708053589
5.386927843093872
5.635154485702515
5.598119735717773
5.506038188934326
5.398938417434692
5.522051095962524
5.535064697265625
5.5440733432769775
5.434971809387207
5.504035711288452
5.518048048019409
5.503031492233276
5.430968523025513
5.586109161376953
5.4750096797943115
5.553079128265381
5.467001438140869
5.541069269180298
5.327873945236206
5.424962997436523
5.5080389976501465
5.4740073680877686
5.378919839859009
5.665183067321777
5.538066864013672
5.470005512237549
5.532060146331787
5.5250537395477295
5.480013370513916
5.593116998672485
5.587109327316284
5.639159917831421
5.5791027545928955
5.535062789916992
5.457992792129517
5.5030341148376465
5.594118356704712
5.394935846328735
5.6501688957214355
5.506035804748535
5.438974380493164
5.5550830364227295
5.497028350830078
5.5881125926971436
5.598120927810669
5.471004962921143
5.439976215362549
5.535063743591309
5.479013442993164
5.509039878845215
5.664180517196655
5.555081129074097
5.4329705238342285
5.619140386581421
5.531060695648193
5.4930260181427
5.506036758422852
5.46399712562561
5.582106590270996
5.541070461273193
5.4349730014801025
5.416956901550293
5.583107948303223
5.433970928192139
5.459993839263916
5.509039402008057
5.4810144901275635
5.53005838394165
5.524052143096924
5.492023944854736
5.643162965774536
5.574098825454712
5.572097301483154
5.57109522819519
5.590113878250122
5.448984146118164
5.434972286224365
5.558084011077881
5.567093372344971
5.419958591461182
5.446982383728027
5.733246803283691
5.694208860397339
5.549076080322266
5.534062623977661
5.509038925170898
5.515044450759888
5.506037473678589
5.449986934661865
5.5300586223602295
5.582106351852417
5.499030351638794
5.467001676559448
5.470003604888916
5.44297981262207
5.657174110412598
5.544071674346924
5.433972597122192
5.4940266609191895
5.94343638420105
5.801638126373291
5.822120666503906
5.955249547958374
6.042003631591797
5.901116132736206
5.979471445083618
