Timing log for each step:
0.0150146484375
5.091944217681885
5.167808294296265
4.917301177978516
5.193363428115845
5.112677097320557
5.055819034576416
5.0719311237335205
5.00813627243042
5.02713418006897
5.017683267593384
5.14399528503418
5.112733602523804
5.120419979095459
5.031996250152588
4.987943887710571
5.169092655181885
5.081921815872192
5.217960357666016
5.1152801513671875
5.190036058425903
5.125441551208496
5.180922508239746
5.746997594833374
5.5988929271698
5.134160041809082
5.229795932769775
5.087770938873291
5.336480140686035
5.10381555557251
5.094177722930908
5.12882137298584
5.112193822860718
5.195099115371704
5.160055875778198
5.086445331573486
5.038762092590332
5.100029468536377
5.198227882385254
5.143416404724121
5.115326881408691
5.238404989242554
5.132680177688599
5.179224252700806
5.170238733291626
5.133862018585205
5.208227872848511
5.192333698272705
5.132887601852417
5.11546778678894
5.185525417327881
5.103033065795898
5.175783395767212
5.381164073944092
5.1915435791015625
5.203206300735474
5.198076486587524
5.1929097175598145
5.273236274719238
5.414522409439087
5.163667678833008
5.254488706588745
5.243385076522827
5.218330144882202
5.281610727310181
5.382469415664673
5.175159454345703
5.289896249771118
5.233897924423218
5.319197416305542
5.148796558380127
5.2312843799591064
5.235099792480469
5.151183366775513
5.260528564453125
5.47679328918457
5.1386590003967285
5.252351999282837
5.293083429336548
5.219279527664185
5.287169933319092
5.270199298858643
5.29336142539978
5.187371492385864
5.256775617599487
5.269684314727783
5.21393609046936
5.183262825012207
5.2175843715667725
5.306360244750977
5.307756185531616
5.236249685287476
5.3153581619262695
5.272430419921875
5.10516095161438
5.281842231750488
5.392798662185669
5.13419246673584
5.308166265487671
5.345415115356445
5.246735572814941
5.29429292678833
5.178239345550537
5.364888429641724
5.2903993129730225
5.232325077056885
5.08755350112915
5.259493350982666
5.251109838485718
5.23577356338501
5.2255260944366455
5.257318019866943
5.197641134262085
5.275660753250122
5.235183477401733
5.268421649932861
5.2191221714019775
5.201279163360596
5.249591827392578
5.229400873184204
5.154093980789185
5.312796354293823
5.2251877784729
5.296234130859375
5.278356552124023
5.314786434173584
5.223374843597412
5.323771953582764
5.280553579330444
5.252466440200806
5.338264226913452
5.278895616531372
5.1732261180877686
5.295145273208618
5.320669412612915
5.3154778480529785
5.227377414703369
5.308406591415405
5.202483654022217
5.243386507034302
5.326364278793335
5.3317084312438965
5.197186470031738
5.3117311000823975
5.388561248779297
5.337433576583862
5.267733335494995
5.197386264801025
5.216569662094116
5.30335545539856
5.2034995555877686
5.260340690612793
5.240361928939819
5.3224406242370605
5.124380588531494
5.275498628616333
5.273420810699463
5.429198980331421
5.325849771499634
5.3200507164001465
5.211286306381226
5.225362062454224
5.280692100524902
5.2911834716796875
5.276127338409424
5.170926332473755
5.177783489227295
5.312816619873047
5.287693738937378
5.28214168548584
5.265292167663574
5.289430141448975
5.22501540184021
5.272051095962524
5.292348623275757
5.252476215362549
5.291674375534058
5.290919303894043
5.2198896408081055
5.305508136749268
5.28727388381958
5.357884645462036
5.226207733154297
5.272717714309692
5.2424986362457275
5.271790027618408
5.348332166671753
5.381436586380005
5.2255120277404785
5.219299554824829
5.285532474517822
5.343368291854858
5.355668783187866
5.250117540359497
5.301544904708862
5.371766567230225
5.246131420135498
5.308779716491699
5.231054782867432
5.385399341583252
5.29999303817749
5.419539928436279
5.271297454833984
5.447232723236084
5.3438544273376465
5.283535480499268
5.374460935592651
5.415336608886719
5.288442611694336
5.1843953132629395
5.337315082550049
5.2256691455841064
5.331763029098511
5.259046316146851
5.390353202819824
5.286231756210327
5.311366558074951
5.238176345825195
5.23010516166687
5.267325162887573
5.261992931365967
5.2988762855529785
5.362800359725952
5.299250841140747
5.227468252182007
5.237277269363403
5.327228784561157
5.258411407470703
5.196332931518555
5.367918491363525
5.345292568206787
5.301292419433594
5.4299421310424805
5.348266124725342
5.175603628158569
5.3627848625183105
5.288889408111572
5.239205360412598
5.236505746841431
5.330600023269653
5.3031346797943115
5.189509391784668
5.367391347885132
5.230368137359619
5.286234378814697
5.3536622524261475
5.220702409744263
5.277205944061279
5.187617778778076
5.356166362762451
5.238236427307129
5.313012599945068
5.298365592956543
5.229890584945679
5.340585708618164
5.3714919090271
5.619893789291382
5.2541162967681885
5.263819456100464
5.209644556045532
5.292357444763184
5.289344787597656
5.256379842758179
5.345199108123779
5.342442274093628
5.177265882492065
5.385352611541748
5.352557897567749
5.352059602737427
5.279285907745361
5.2372214794158936
5.3427674770355225
5.35236930847168
5.27551531791687
5.335033655166626
5.303796768188477
5.298988342285156
5.378636598587036
5.229881048202515
5.247476577758789
5.348387241363525
5.393944263458252
5.3557655811309814
5.257281064987183
5.374343156814575
5.341979265213013
5.281780481338501
5.328546762466431
5.280218124389648
5.373222351074219
5.379622936248779
5.332385778427124
5.256185054779053
5.320239782333374
5.150282382965088
5.395016670227051
5.411164283752441
5.369119882583618
5.201760292053223
5.247557878494263
5.34300971031189
5.30936074256897
5.231658220291138
5.25779390335083
5.24055027961731
5.352466106414795
5.181048393249512
5.324491500854492
5.279538869857788
5.297515153884888
5.401426315307617
5.35672402381897
5.253704786300659
5.348033428192139
5.222316741943359
5.2455735206604
5.23753547668457
5.279370307922363
5.226243495941162
5.394461393356323
5.367166996002197
5.238168239593506
5.076322317123413
5.345458984375
5.361834287643433
5.343109846115112
5.297664403915405
5.288677215576172
5.316564083099365
5.291952848434448
5.353146076202393
5.340461492538452
5.374444961547852
5.308053731918335
5.273426532745361
5.317637205123901
5.35955023765564
5.3434553146362305
5.207153558731079
5.29214072227478
5.2648022174835205
5.691431045532227
5.781824588775635
5.3004419803619385
5.1702351570129395
5.302334785461426
5.192246913909912
5.309479713439941
5.281470537185669
5.286169528961182
5.4226765632629395
5.344959497451782
5.2903525829315186
5.222213268280029
5.294455051422119
5.292356967926025
5.286462306976318
5.242917537689209
5.259136915206909
5.364772319793701
5.28427791595459
5.271200656890869
5.294362545013428
5.437542915344238
5.391677379608154
5.367603302001953
5.289325475692749
5.358938694000244
5.1804728507995605
5.191965818405151
5.271005630493164
5.221761226654053
5.276800155639648
5.381051301956177
5.257495880126953
5.319279909133911
5.306030750274658
5.262253046035767
5.2914183139801025
5.402250051498413
5.3119659423828125
5.407750129699707
5.328649520874023
5.379548072814941
5.20449686050415
5.379589319229126
5.370881795883179
5.3563032150268555
5.362799882888794
5.275039434432983
5.266720533370972
5.319306135177612
5.427334785461426
5.37944769859314
5.473437786102295
5.311151742935181
5.281954288482666
5.329909086227417
5.223984718322754
5.339287042617798
5.302272081375122
5.307475805282593
5.221933364868164
5.37742805480957
5.2182838916778564
5.345184803009033
5.289799451828003
5.389933824539185
5.636486530303955
5.353631258010864
5.355165243148804
5.338259696960449
5.2933361530303955
5.140963077545166
5.262660980224609
5.369144678115845
5.262556552886963
5.383538484573364
5.311846017837524
5.379142999649048
5.349303960800171
5.397834539413452
5.308464765548706
5.419503211975098
5.2378363609313965
5.2516467571258545
5.306855916976929
5.260748863220215
5.135085821151733
5.317010402679443
5.300696134567261
5.358232259750366
5.292089462280273
5.312267780303955
5.375559091567993
5.2457780838012695
5.340410470962524
5.250558614730835
5.33064603805542
5.261013507843018
5.329280853271484
5.306238412857056
5.268221855163574
5.292805910110474
5.329383611679077
5.325188398361206
5.3289594650268555
5.346256494522095
5.342607021331787
5.300433874130249
5.320068597793579
5.311383485794067
5.316856384277344
5.204914808273315
5.235458612442017
5.289331912994385
5.315131187438965
5.365431785583496
5.235103368759155
5.312370538711548
5.34125280380249
5.324132919311523
5.251043081283569
5.3113853931427
5.293390274047852
5.22207236289978
5.3496763706207275
5.443675756454468
5.0721893310546875
5.41939902305603
5.432541131973267
5.267023086547852
5.409830570220947
5.326547384262085
5.324715614318848
5.311969518661499
5.194549083709717
5.2407755851745605
5.33353066444397
5.3444719314575195
5.370415925979614
5.359353303909302
5.309598684310913
5.334067344665527
5.451675653457642
5.410711765289307
5.385329246520996
5.317370891571045
5.171294450759888
5.213850259780884
5.136568546295166
5.285397052764893
5.311401128768921
5.387256145477295
5.30036187171936
5.312899589538574
5.43234658241272
5.205204248428345
5.274121522903442
5.479239463806152
5.257346868515015
5.3214592933654785
5.192481279373169
5.408324241638184
5.232310056686401
5.300145626068115
5.3896050453186035
5.286981582641602
5.391584634780884
5.342928647994995
5.297612905502319
5.277855157852173
5.304516315460205
5.3629186153411865
5.28814697265625
5.329806566238403
5.253801107406616
5.335957050323486
5.37935471534729
5.309227705001831
5.376813888549805
5.2419092655181885
5.29433274269104
5.351459264755249
5.32503342628479
5.286463260650635
5.291343688964844
5.370010852813721
5.300116062164307
5.188661336898804
5.44550895690918
5.208301544189453
5.352106809616089
5.417958974838257
5.276959419250488
5.207505702972412
5.379426717758179
5.322181940078735
5.34857177734375
5.282639265060425
5.278688192367554
5.40451979637146
5.289940118789673
5.35490608215332
5.403654336929321
5.252768039703369
5.3904242515563965
5.307296991348267
5.20090126991272
5.422787427902222
5.242018938064575
5.293371200561523
5.263154745101929
5.307668924331665
5.34523868560791
5.369620323181152
5.267675876617432
5.3336286544799805
5.392297744750977
5.4132914543151855
5.572563648223877
5.3837220668792725
5.255855083465576
5.29586935043335
5.265055179595947
5.367532253265381
5.307997703552246
5.296653747558594
5.3681700229644775
5.24340033531189
5.293364524841309
5.334392309188843
5.254862070083618
5.3246166706085205
5.3391432762146
5.223412036895752
5.270326375961304
5.447253465652466
5.227196216583252
5.24251914024353
5.340949773788452
5.3563854694366455
5.194555044174194
5.347862958908081
5.316004753112793
5.267376661300659
5.4024646282196045
5.209506511688232
5.28775429725647
5.376112461090088
5.142688274383545
5.31097412109375
5.4434120655059814
5.265746355056763
5.27561354637146
5.291424751281738
5.315309762954712
5.304553985595703
5.307382345199585
5.300466299057007
5.399460792541504
5.321359634399414
5.397212982177734
5.2573113441467285
5.37191104888916
5.318430185317993
5.367770433425903
5.357054948806763
5.1800713539123535
5.490215301513672
5.301881551742554
5.348434686660767
5.395090579986572
5.441282510757446
5.290279150009155
5.402966022491455
5.338050842285156
5.278707504272461
5.284184217453003
5.199437856674194
5.298588275909424
5.114494562149048
5.300432443618774
5.206425905227661
5.2798988819122314
5.333292007446289
5.318586111068726
5.296586751937866
5.25263786315918
5.31139874458313
5.368760108947754
5.351226806640625
5.282177686691284
5.337733030319214
5.368467092514038
5.257678508758545
5.331487655639648
5.363097429275513
5.258403539657593
5.264893054962158
5.2794578075408936
5.3373026847839355
5.29032039642334
5.285330772399902
5.330883979797363
5.329182863235474
5.337977409362793
5.3504133224487305
5.349392414093018
5.459977626800537
5.279813289642334
5.290825128555298
5.308838844299316
5.20574688911438
5.154700756072998
5.234771013259888
5.240779638290405
5.1446897983551025
5.268803119659424
5.176719427108765
5.2197585105896
5.298830986022949
5.356884241104126
5.333862781524658
5.340869665145874
5.0556089878082275
5.00356125831604
5.166021823883057
5.334864377975464
5.14168906211853
5.169713020324707
5.158704042434692
5.374900579452515
5.127674579620361
5.284817695617676
5.274809122085571
5.140687704086304
5.267802715301514
5.275810241699219
5.0626161098480225
5.190732479095459
5.243782043457031
5.10965895652771
5.073624849319458
5.178722143173218
5.274807691574097
5.242780447006226
5.277812719345093
5.354882001876831
5.386911153793335
5.2287681102752686
5.467985153198242
5.257795095443726
5.490005016326904
5.285818815231323
5.148694038391113
5.119666337966919
5.2227623462677
5.2282209396362305
5.238775730133057
5.3108415603637695
5.329859733581543
5.385910511016846
5.167711496353149
5.054607629776001
5.379121541976929
5.320852041244507
5.123671293258667
5.346875429153442
5.282815456390381
5.236773252487183
5.344872236251831
5.2427802085876465
5.15470027923584
5.226766586303711
5.253789901733398
5.194736480712891
5.204745054244995
5.21375298500061
5.302834510803223
5.258794546127319
5.356348752975464
5.095645904541016
5.026582956314087
5.554064512252808
5.377904415130615
5.22692346572876
5.281816244125366
5.346874952316284
5.2027428150177
5.179722785949707
5.173717260360718
5.13368034362793
4.8994669914245605
5.351879835128784
5.149694919586182
5.321851491928101
5.241779327392578
5.313845872879028
5.394918203353882
5.14969539642334
5.346875190734863
5.504018306732178
5.117666721343994
5.284818887710571
5.412933826446533
5.104653358459473
5.236774206161499
5.255791664123535
5.273808479309082
5.251789569854736
5.232770919799805
5.3749003410339355
5.294826984405518
5.314846038818359
5.218759059906006
5.170712471008301
5.179722785949707
5.26980447769165
5.166710615158081
5.190732717514038
5.214754343032837
5.3638904094696045
5.135682106018066
5.301934719085693
5.229767799377441
5.349878549575806
5.278812885284424
4.961524486541748
5.379905700683594
5.16919207572937
5.091641426086426
5.290823698043823
5.176719903945923
5.364891290664673
5.276810646057129
5.2728071212768555
5.2356486320495605
5.308840990066528
5.119334697723389
5.1727142333984375
5.259796142578125
5.174718141555786
5.384909629821777
5.17371678352356
5.2217607498168945
5.303834676742554
5.348876237869263
5.375900030136108
5.326856851577759
5.235773324966431
5.111297369003296
5.16671085357666
5.244782447814941
5.308840990066528
5.172714948654175
5.456974506378174
5.208749771118164
5.180723190307617
5.194737672805786
5.3598878383636475
5.142688035964966
5.173717737197876
5.281815767288208
5.17371678352356
5.138686180114746
5.303836345672607
4.975375175476074
5.249785900115967
5.40792989730835
5.3088390827178955
5.109658718109131
5.326855897903442
5.301832437515259
5.165711402893066
5.258795499801636
5.147693872451782
5.3538806438446045
5.114662408828735
5.265800714492798
5.221767425537109
5.0926432609558105
5.306839466094971
5.043597221374512
5.328857183456421
5.067621231079102
5.248786687850952
5.28982400894165
5.239776849746704
5.38891339302063
5.3178465366363525
5.29082465171814
5.259795427322388
5.2365782260894775
5.264505863189697
5.291825771331787
5.216757297515869
5.080633640289307
5.200741529464722
5.113661766052246
5.184725999832153
5.3078389167785645
5.112661361694336
5.0275843143463135
5.2457826137542725
5.305837631225586
5.396920442581177
5.227766990661621
5.152697563171387
5.231769561767578
5.210750579833984
5.273808479309082
5.1506969928741455
5.249786138534546
5.238083600997925
5.222760438919067
5.109658718109131
5.436956167221069
5.2547900676727295
5.256793260574341
5.385910511016846
5.236774921417236
5.235773324966431
5.06361722946167
5.000559091567993
5.2067482471466064
5.280815601348877
5.168712854385376
5.074626445770264
5.230768203735352
5.379653453826904
5.324854135513306
5.2617974281311035
5.228766679763794
5.557066440582275
5.14369010925293
5.287821292877197
5.270806312561035
5.32785701751709
5.260470151901245
5.376902103424072
5.295820713043213
5.232232332229614
5.455974578857422
5.1747190952301025
5.2708046436309814
5.219758987426758
5.3809051513671875
5.300832748413086
5.207747459411621
5.373898506164551
5.249787092208862
5.194735765457153
5.175719738006592
5.37990403175354
5.311843395233154
5.040595531463623
5.307840585708618
5.398922681808472
5.205746173858643
5.1266748905181885
5.145690202713013
5.305693864822388
5.256793737411499
5.004563570022583
5.069831609725952
5.149696111679077
5.31284499168396
5.277045011520386
5.305838346481323
5.405927896499634
5.153698205947876
5.088639974594116
5.363890647888184
5.35488224029541
5.191733360290527
5.247784614562988
5.295828342437744
5.366892576217651
5.462980508804321
5.254791736602783
5.029585361480713
5.361890077590942
5.10465407371521
5.2317705154418945
5.1316797733306885
5.226765155792236
5.023580074310303
5.263800621032715
5.151696443557739
5.397920608520508
5.193735122680664
5.312843561172485
5.191733121871948
5.40092396736145
5.75424599647522
5.214755535125732
5.160706043243408
5.186729431152344
5.321852922439575
5.692198753356934
5.154700517654419
5.188729524612427
5.207744121551514
5.269803762435913
5.4189417362213135
5.424946546554565
5.15870475769043
5.315846920013428
5.125674247741699
5.443963289260864
5.399921417236328
5.342871189117432
5.1246726512908936
5.350878953933716
5.1556994915008545
5.193735599517822
5.079631328582764
5.230768442153931
5.155700445175171
5.2597949504852295
5.464982271194458
5.3078391551971436
5.145693063735962
5.606111526489258
5.270805835723877
5.264485597610474
5.254791021347046
5.2117509841918945
5.388914346694946
5.190731763839722
5.172715902328491
5.235773086547852
5.4499688148498535
5.131679058074951
5.259795427322388
5.490004539489746
5.181844472885132
5.046600580215454
5.240779161453247
5.1196675300598145
5.379904747009277
5.363890171051025
5.307839632034302
5.325855255126953
5.208748817443848
5.215756893157959
5.124673366546631
5.118666648864746
5.265801906585693
5.233772039413452
5.156701564788818
5.219759702682495
5.107657194137573
5.2858264446258545
5.205746173858643
5.118666887283325
5.2287678718566895
5.246783494949341
5.453972816467285
5.181724309921265
5.167712450027466
5.400925397872925
5.386912107467651
5.307392358779907
5.0826332569122314
5.119668960571289
5.344872951507568
5.027583599090576
5.314925909042358
5.431952714920044
5.290822982788086
5.440961122512817
5.286819696426392
5.190732002258301
5.2317705154418945
5.252788782119751
5.15970516204834
5.337023735046387
5.333433628082275
5.325855016708374
5.032588958740234
5.3398683071136475
5.260795831680298
5.226735353469849
5.432952880859375
5.281815052032471
5.185728073120117
5.352880001068115
5.3148462772369385
5.50802206993103
5.1807215213775635
5.226766109466553
5.265801429748535
5.41894006729126
5.233771085739136
5.2103002071380615
5.182722330093384
5.27581000328064
5.393917560577393
5.456974983215332
5.123671054840088
5.22376275062561
5.225764989852905
5.48600172996521
5.356884479522705
5.100403547286987
5.384909152984619
5.110659122467041
5.180722951889038
5.410277605056763
5.253790616989136
5.438959121704102
5.362890005111694
4.968529939651489
5.366893768310547
5.56507420539856
5.055609464645386
5.287821292877197
5.329859733581543
5.192732810974121
5.4599761962890625
5.428950309753418
5.128675699234009
5.330859661102295
5.0476014614105225
5.35588264465332
5.496009588241577
5.232770919799805
5.236774682998657
5.166710376739502
5.253791332244873
5.3799049854278564
5.221760511398315
5.116665840148926
5.017575263977051
5.207748889923096
5.396920680999756
5.440961122512817
5.131679058074951
5.308841705322266
5.13267970085144
5.070623159408569
5.488003492355347
5.210751533508301
5.428949594497681
5.093643665313721
4.991551637649536
5.498013019561768
5.212752342224121
5.016573429107666
5.292825698852539
5.497323036193848
5.376901626586914
5.24678111076355
5.187730073928833
5.227766275405884
5.330860137939453
5.254790782928467
5.069621562957764
5.263800382614136
5.3507068157196045
5.263799667358398
5.36288857460022
5.3158464431762695
5.26580023765564
5.275809049606323
5.100651741027832
5.324855804443359
5.189730882644653
5.073625326156616
5.326858282089233
5.4529709815979
5.053608655929565
5.006564617156982
5.487002849578857
5.339869499206543
5.115663766860962
5.07062292098999
5.281815767288208
5.301150560379028
5.495375871658325
5.2487852573394775
5.268803834915161
5.2968292236328125
5.385909795761108
5.377903461456299
5.264541864395142
5.008567571640015
5.34086799621582
5.327858209609985
5.509021997451782
5.252789735794067
5.221761465072632
5.326855659484863
5.207749605178833
5.579087018966675
5.191733121871948
5.33186149597168
5.313843488693237
5.353881120681763
5.393916606903076
5.149694442749023
5.147693634033203
5.164708852767944
5.383908987045288
5.099648714065552
5.260797500610352
4.953516483306885
5.330861330032349
5.4259467124938965
5.189732313156128
5.477991580963135
5.577084541320801
5.322852611541748
5.128676652908325
5.319850206375122
5.3909149169921875
5.22175931930542
5.366893291473389
5.422943353652954
5.408967733383179
5.209751129150391
5.241779804229736
5.32785701751709
5.341870307922363
5.332860946655273
5.625128984451294
5.4860007762908936
5.36088752746582
5.251043319702148
5.212752342224121
5.364892244338989
5.201743125915527
5.249073028564453
5.245782852172852
5.530041694641113
5.688185214996338
5.397921323776245
5.158703565597534
5.45197057723999
5.274806976318359
5.138799667358398
5.1246724128723145
5.153796911239624
5.396920680999756
5.516029596328735
5.420941591262817
5.136683225631714
5.203516006469727
5.240778923034668
5.495010137557983
5.592098236083984
5.340869903564453
5.188730955123901
5.402926445007324
5.152698040008545
5.3518805503845215
5.571078777313232
5.4739906787872314
5.142685413360596
5.268803596496582
5.393917798995972
5.479994058609009
5.409930944442749
5.581089496612549
5.172716856002808
5.291824817657471
5.099649429321289
5.358885288238525
5.623126268386841
5.19073224067688
5.380086183547974
5.126674652099609
5.072625160217285
5.470987796783447
5.341870307922363
5.4499688148498535
5.242779970169067
5.502016067504883
5.302835464477539
5.4729905128479
5.214754819869995
5.067619562149048
5.295828580856323
5.243781089782715
5.420942544937134
5.253789663314819
5.112660646438599
5.111172199249268
5.249787330627441
5.519031763076782
5.431952953338623
5.251788854598999
5.311984062194824
5.284818172454834
5.414936542510986
5.35950779914856
5.144689083099365
5.457976818084717
5.366893291473389
5.445966482162476
5.1857287883758545
5.221762180328369
5.2137534618377686
5.546056509017944
5.545055627822876
5.396921634674072
5.111660480499268
5.17371678352356
5.1717143058776855
5.368896007537842
5.369896173477173
5.17071533203125
5.256793022155762
5.238776445388794
5.307839393615723
5.401926279067993
5.5410521030426025
5.154698371887207
5.17672061920166
5.25879430770874
5.292826890945435
5.487002372741699
5.330860376358032
5.421943187713623
5.267802715301514
5.349878311157227
5.2297680377960205
5.201742649078369
5.109655141830444
5.260741233825684
5.224764823913574
5.244781732559204
5.111661672592163
5.007566452026367
5.109659194946289
5.352880001068115
5.297829627990723
5.174718379974365
4.959522247314453
5.166711330413818
5.266801357269287
5.347875118255615
5.16170597076416
5.129676580429077
5.160704612731934
5.164708614349365
5.206747531890869
5.456975221633911
5.087639570236206
5.278813123703003
5.1897313594818115
5.4830002784729
5.219759464263916
5.1867287158966064
5.211752414703369
5.119668006896973
5.165709733963013
5.584753036499023
5.464983940124512
5.506605386734009
5.304836273193359
5.427950143814087
5.376902103424072
5.217757701873779
5.405928611755371
5.134681701660156
5.287820816040039
5.550060033798218
5.581088542938232
5.541571855545044
5.419942378997803
5.282816410064697
5.453972101211548
5.42294454574585
5.466982364654541
5.523035764694214
5.390913963317871
5.3558831214904785
5.522775650024414
5.6571571826934814
5.609898090362549
5.3288586139678955
5.293825626373291
5.470987796783447
5.472990989685059
5.438958644866943
5.494009733200073
5.224763631820679
5.271807432174683
5.30283260345459
5.545055627822876
5.606111764907837
5.309840202331543
5.225764274597168
5.297829627990723
5.575083255767822
5.2718048095703125
5.327500820159912
5.389914035797119
5.567074537277222
5.475992679595947
5.6011061668396
5.311842441558838
5.413935661315918
5.3218512535095215
5.446966171264648
5.520033121109009
5.3849098682403564
5.21675705909729
5.237773418426514
5.356884241104126
5.357885122299194
5.487040042877197
5.313845157623291
5.2738072872161865
5.1787214279174805
5.437958478927612
5.488301515579224
5.303833484649658
5.1987385749816895
5.276812314987183
5.322852373123169
5.53204345703125
5.547057151794434
5.149695158004761
5.32685661315918
5.305836915969849
5.368896007537842
5.493007659912109
5.327857971191406
5.226765155792236
5.427948474884033
5.275809288024902
5.378905296325684
5.4940080642700195
5.570078611373901
5.464982509613037
5.354882717132568
5.267802715301514
5.294827938079834
5.418940544128418
5.512026071548462
5.3999223709106445
5.3718976974487305
5.313843488693237
5.4579758644104
5.525038957595825
5.379904508590698
5.322853326797485
5.398920774459839
5.320850849151611
5.579087257385254
5.33486270904541
5.336865186691284
5.519031286239624
5.361888408660889
5.368894815444946
5.36489200592041
5.396920442581177
5.509022235870361
5.340869188308716
5.393918752670288
5.405928611755371
5.495010614395142
5.235772132873535
5.363891839981079
5.273812294006348
5.295828342437744
5.386911630630493
5.3879125118255615
5.426948070526123
5.20217227935791
5.3769025802612305
5.517031192779541
5.534045934677124
5.584090948104858
5.370896339416504
5.395919322967529
5.348876476287842
5.427949905395508
5.607111215591431
5.6191229820251465
5.31384539604187
5.202744007110596
5.381906747817993
5.34487247467041
5.41593861579895
5.3648903369903564
5.3028342723846436
5.516028642654419
5.604108572006226
5.171714544296265
5.2187583446502686
5.320851802825928
5.640143632888794
5.528040885925293
5.365892648696899
5.271806001663208
5.320852041244507
5.540050506591797
5.645146608352661
5.5560667514801025
5.322851896286011
5.27480936050415
5.399924039840698
5.558067798614502
5.477993726730347
5.468986511230469
5.501014709472656
5.400924205780029
5.29082465171814
5.578085422515869
5.524037599563599
5.579087018966675
5.369896411895752
5.232771158218384
5.322852849960327
5.502016305923462
5.4439637660980225
5.639141321182251
5.285819053649902
5.301833629608154
5.3158464431762695
5.549060106277466
5.615227937698364
5.412543535232544
5.258793830871582
5.291823387145996
5.3578855991363525
5.538049221038818
5.671169996261597
5.55406379699707
5.221760511398315
5.330860614776611
5.238776445388794
5.53004264831543
5.464982271194458
5.452971696853638
5.482998609542847
5.330859899520874
5.334863662719727
5.515028715133667
5.511542081832886
5.466983079910278
5.4109320640563965
5.428950548171997
5.2137532234191895
5.453042984008789
5.279813528060913
5.321851968765259
5.380905866622925
5.442962408065796
5.448968887329102
5.342870473861694
5.2808144092559814
5.42995023727417
5.388914585113525
5.538049936294556
5.165709018707275
5.255471706390381
5.424945592880249
5.579087018966675
5.471989154815674
5.28281569480896
5.327857494354248
5.242780447006226
5.3809051513671875
5.511023759841919
5.581088066101074
5.430952548980713
5.375363826751709
5.262798070907593
5.522034406661987
5.603109359741211
5.289822340011597
5.382905960083008
5.494007349014282
5.503016948699951
5.534045219421387
5.278813123703003
5.420942544937134
5.337867259979248
5.29288649559021
5.346873998641968
5.310842037200928
5.221761226654053
5.342871427536011
5.375900745391846
5.296828985214233
5.442962884902954
5.219758987426758
5.345874786376953
5.225763320922852
5.361888885498047
5.2247633934021
5.382907867431641
5.33586573600769
5.329859972000122
5.256793022155762
5.30984091758728
5.24578332901001
5.377903461456299
5.224764347076416
5.191732406616211
5.415937662124634
5.261797189712524
5.24578332901001
5.294827461242676
5.212752819061279
5.371898412704468
5.27681040763855
5.28281569480896
5.272770643234253
5.366893291473389
5.293827056884766
5.224282503128052
5.2858192920684814
5.363890171051025
5.318850517272949
5.3118438720703125
5.287820816040039
5.393916130065918
5.157702445983887
5.343873023986816
5.286819934844971
5.310843229293823
5.362890005111694
5.297830820083618
5.2497875690460205
5.263798952102661
5.229768514633179
5.149695873260498
5.401573657989502
5.335865259170532
5.3158464431762695
5.563072919845581
5.309881687164307
5.208749055862427
5.1977386474609375
5.222761869430542
5.215755462646484
5.396495580673218
5.540050506591797
5.374901056289673
5.3498780727386475
5.260796070098877
5.278838157653809
5.241777658462524
5.309840440750122
5.131678581237793
5.264798164367676
5.352880477905273
5.390488147735596
5.352881193161011
5.186730146408081
5.344963550567627
5.264848470687866
5.299965143203735
5.411070108413696
5.227898120880127
5.315979242324829
5.243647813796997
5.448103904724121
5.247916221618652
5.3610217571258545
5.412070035934448
5.3049702644348145
5.351012706756592
5.29496169090271
5.361021280288696
5.313977479934692
5.299964666366577
5.225894927978516
5.392050743103027
5.506157398223877
5.2979631423950195
5.380040168762207
5.458112478256226
5.379040479660034
5.385044574737549
5.4691243171691895
5.723361015319824
5.474128246307373
5.358018398284912
5.234901666641235
5.2379069328308105
5.480133771896362
5.3179826736450195
5.483137607574463
5.48213529586792
5.1868577003479
5.39104962348938
5.5041563510894775
5.376036167144775
5.521172523498535
5.295961618423462
5.22089147567749
5.3572468757629395
5.56321120262146
5.4160730838775635
5.538189649581909
5.598243951797485
5.178852558135986
5.25492262840271
5.416074514389038
5.500152587890625
5.4290852546691895
5.449103832244873
5.353014945983887
5.451104640960693
5.4380943775177
5.353014707565308
5.385045289993286
5.287954330444336
5.499150037765503
5.2479166984558105
5.510162830352783
5.348010778427124
5.477130889892578
5.468123197555542
5.2449095249176025
5.371031284332275
5.443099021911621
5.626270532608032
5.4531090259552
5.32498836517334
5.244914293289185
5.302967309951782
5.433089971542358
5.418076038360596
5.3920512199401855
5.510163307189941
5.374034404754639
5.300965309143066
5.3580193519592285
5.284950256347656
5.609254837036133
5.33299708366394
5.50215482711792
5.385045766830444
5.359020233154297
5.3319947719573975
5.349011182785034
5.455110549926758
5.4300854206085205
5.29496169090271
5.423079967498779
5.283950090408325
5.330995321273804
5.301966428756714
5.564213514328003
5.417074918746948
5.289956569671631
5.478131532669067
5.362023830413818
5.276945352554321
5.27529764175415
5.252922773361206
5.266933917999268
5.559208869934082
5.484137535095215
5.175849437713623
5.304707288742065
5.469122648239136
5.441096544265747
5.446102142333984
5.401059627532959
5.381040334701538
5.428085088729858
5.476131200790405
5.530185222625732
5.452106475830078
5.258925437927246
5.391050100326538
5.331995964050293
5.328991651535034
5.395054340362549
5.524174451828003
5.339002847671509
5.407065391540527
5.356017827987671
5.388047933578491
5.5643370151519775
5.477131366729736
5.450105667114258
5.396055221557617
5.334997653961182
5.338001251220703
5.505157232284546
5.407065391540527
5.446102857589722
5.237907648086548
5.328991651535034
5.323988437652588
5.495146989822388
5.8324644565582275
5.478131294250488
5.532182693481445
5.45911431312561
5.2499189376831055
5.340003252029419
5.32098388671875
5.53518533706665
5.4801342487335205
5.443097829818726
5.453108310699463
5.408066272735596
5.338001489639282
5.361023902893066
5.585230827331543
5.418075084686279
5.407065153121948
5.273940801620483
5.430086374282837
5.211883544921875
5.402060508728027
5.632275819778442
5.809442520141602
5.631275415420532
5.231901168823242
5.2068774700164795
5.2519211769104
5.252922058105469
5.63127589225769
5.373033285140991
5.240910291671753
5.51917028427124
5.295960426330566
5.309947729110718
5.821413278579712
5.576186180114746
5.483098268508911
5.400939464569092
5.4230427742004395
5.515129804611206
5.383005380630493
5.363988399505615
5.272853851318359
5.409029960632324
5.22385835647583
5.438058137893677
5.3910136222839355
5.4090306758880615
5.345972537994385
5.528140544891357
5.597204923629761
5.46808385848999
5.44005823135376
5.311941385269165
5.274905204772949
5.528140544891357
5.562173128128052
5.370994329452515
5.278910160064697
5.394016265869141
5.44506311416626
5.222856760025024
5.508123159408569
5.68929123878479
5.4851014614105225
5.400022506713867
5.485101938247681
5.541153430938721
5.299928188323975
5.4400575160980225
5.283914804458618
5.5301430225372314
5.5201334953308105
5.318947792053223
5.339966773986816
5.334959983825684
5.250883102416992
5.437043905258179
5.39401650428772
5.372997283935547
5.233867883682251
5.475092649459839
5.352977752685547
5.398018836975098
5.371995449066162
5.442062616348267
5.482098340988159
5.244549036026001
5.2388715744018555
5.186822891235352
5.478094577789307
5.449066638946533
5.4323108196258545
5.383004665374756
5.178816080093384
5.174813270568848
5.340968608856201
5.217852830886841
5.32094931602478
5.226860523223877
5.572182655334473
5.408029556274414
5.386009931564331
5.319947242736816
5.266897439956665
5.375578880310059
5.378002405166626
5.393016338348389
5.495109796524048
5.304933547973633
5.476880311965942
5.40202522277832
5.421042442321777
5.273904323577881
5.299928188323975
5.359985828399658
5.274632930755615
5.333960294723511
5.308937311172485
5.409029722213745
5.378001928329468
5.4720892906188965
5.478094577789307
5.211848258972168
5.421041965484619
5.438056945800781
5.5151190757751465
5.358983516693115
5.429048538208008
5.351977109909058
5.202837944030762
5.3209474086761475
5.3790013790130615
5.412033796310425
5.2779083251953125
5.362289667129517
5.250689268112183
5.420040845870972
5.343969821929932
5.440058708190918
5.389012813568115
5.209845066070557
5.441059589385986
5.315943956375122
5.534145832061768
5.463080406188965
5.331959009170532
5.2468791007995605
5.299929141998291
5.420040845870972
5.548159599304199
5.303934335708618
5.3599841594696045
5.299928903579712
5.246880292892456
5.289919376373291
5.531144142150879
5.436056137084961
5.299928426742554
5.291921138763428
5.39501690864563
5.469424724578857
5.41003155708313
5.461078882217407
5.11275577545166
5.173812627792358
5.2588911056518555
5.517131090164185
5.601209878921509
5.200836181640625
5.254887342453003
5.240890741348267
5.244877815246582
5.395016193389893
5.564173936843872
5.432051420211792
5.297971487045288
5.301732063293457
5.330957412719727
5.396018028259277
5.410031318664551
5.300066947937012
5.209845781326294
5.305934429168701
5.268900394439697
5.410031318664551
4.949600458145142
5.41403603553772
5.514789581298828
5.366990327835083
5.429049253463745
5.330986738204956
5.2443578243255615
5.239873170852661
5.222226858139038
5.195833206176758
5.334961652755737
5.205840826034546
5.247880697250366
5.321946859359741
5.180817127227783
5.189692735671997
5.238872051239014
5.046693563461304
5.248880624771118
5.349975109100342
5.203359842300415
5.357252597808838
5.203813791275024
5.369966983795166
5.179792165756226
5.116056680679321
5.42432427406311
5.102721691131592
5.240849494934082
5.21082067489624
5.017643690109253
5.100719213485718
5.127877473831177
5.349947929382324
5.401028871536255
5.2138237953186035
5.354954481124878
5.33793830871582
5.294898986816406
5.127745628356934
5.294552803039551
5.1012163162231445
5.27256965637207
5.361961603164673
5.08170223236084
5.335957765579224
5.298902273178101
5.369969367980957
5.373973608016968
5.294898271560669
5.13452935218811
5.211821794509888
5.312915563583374
5.352951765060425
5.18279504776001
5.277882814407349
5.3209228515625
5.232842445373535
5.145848989486694
5.269875526428223
5.206817388534546
5.280885696411133
5.246854066848755
5.3289289474487305
5.198809623718262
5.281289100646973
5.261496305465698
5.323924541473389
5.192803621292114
5.440033435821533
5.281886339187622
5.30490779876709
5.333934783935547
5.288625001907349
5.412005662918091
5.045905828475952
5.114208936691284
5.222832202911377
5.225834131240845
5.745221138000488
5.332564830780029
5.398258447647095
5.216827154159546
5.184797286987305
5.147761583328247
5.2788848876953125
5.236844539642334
5.340941667556763
5.23584508895874
5.24185037612915
5.395143032073975
5.28537917137146
5.180793285369873
5.258865118026733
5.297580718994141
5.549134731292725
5.380978584289551
5.2591962814331055
5.303889274597168
5.290894985198975
5.365964651107788
4.996623992919922
5.068690776824951
4.982610702514648
5.430023193359375
5.287890911102295
5.355954647064209
5.331934213638306
5.26286768913269
5.312915802001953
5.144759654998779
5.33793830871582
5.407002925872803
5.253860950469971
5.357584476470947
5.231840133666992
5.3829803466796875
5.198809623718262
5.1397552490234375
5.217827320098877
5.359659910202026
5.347947597503662
5.275881767272949
5.269612073898315
5.179792881011963
5.008634805679321
5.176790475845337
5.284889221191406
5.263868808746338
5.127347707748413
5.28689169883728
5.39398980140686
5.333935260772705
5.242849349975586
5.280887126922607
5.278594017028809
5.342083215713501
5.137753009796143
5.121737718582153
5.37096905708313
5.409973859786987
5.415009498596191
5.335485935211182
5.339940547943115
5.201811790466309
5.375974893569946
5.365965366363525
5.726306915283203
5.286889553070068
5.206817388534546
5.259366035461426
5.211822032928467
5.361961126327515
5.078700304031372
5.127743721008301
5.102721214294434
5.7142860889434814
5.362962007522583
5.913482427597046
5.281886339187622
5.314918279647827
5.593172311782837
5.498086214065552
5.396992206573486
5.266871690750122
5.6562340259552
5.580163478851318
5.346946954727173
5.367964506149292
5.316918611526489
5.396991968154907
5.39298939704895
5.364962816238403
5.392988920211792
5.780348062515259
5.227836608886719
5.35995888710022
5.194805383682251
5.364962816238403
5.409005165100098
5.3769752979278564
5.226836442947388
5.43703031539917
5.337938547134399
5.512099742889404
5.249857425689697
5.315919399261475
5.162776470184326
5.209819316864014
5.35495400428772
5.30991268157959
5.237846612930298
5.282887935638428
5.396991729736328
5.738304138183594
5.305189847946167
5.606167316436768
5.412990093231201
5.487058401107788
5.3989763259887695
5.3219053745269775
5.528095006942749
5.243832349777222
5.494063854217529
5.306890964508057
5.408985137939453
5.460676431655884
5.311896085739136
5.364944696426392
5.38296103477478
5.298884868621826
5.503071546554565
5.475045680999756
5.773321866989136
5.306890487670898
5.41603422164917
5.361941814422607
5.304890394210815
5.408985614776611
5.819364070892334
5.216808080673218
5.233740568161011
5.210802793502808
5.277864933013916
5.469040393829346
5.442015171051025
5.316900014877319
5.271859645843506
5.312896966934204
5.221812963485718
5.535870313644409
5.460033416748047
5.536102771759033
5.358937501907349
5.71526837348938
5.161757469177246
5.283870220184326
5.30989408493042
5.314899206161499
5.186780691146851
5.754313707351685
5.356937646865845
5.448022127151489
