Timing log for each step:
0.01601386070251465
5.273619651794434
5.836110830307007
6.361256122589111
6.402949810028076
5.898401737213135
5.816707134246826
5.73407506942749
5.6644041538238525
5.842059373855591
5.618777751922607
5.748553991317749
5.773093223571777
6.045905113220215
5.997352361679077
5.602862119674683
5.594969749450684
5.595757246017456
5.585681200027466
6.1764442920684814
6.09966516494751
5.673154354095459
5.680655479431152
5.64003324508667
5.600980281829834
5.618913173675537
5.714851140975952
5.631422281265259
5.884758710861206
5.614703178405762
5.657411575317383
5.599708080291748
5.586454629898071
5.164454936981201
5.172837972640991
5.20699143409729
5.171331167221069
4.992757081985474
4.945855140686035
5.320339679718018
4.955796957015991
4.872088432312012
4.892449378967285
5.094513654708862
5.041618824005127
4.956125974655151
5.166730165481567
5.596573829650879
5.320290803909302
5.475542306900024
5.696668386459351
5.340641975402832
5.584082126617432
5.238224267959595
5.377256393432617
5.610445737838745
5.805894374847412
5.534042835235596
5.914769887924194
5.695526599884033
5.570515394210815
5.5988545417785645
5.611820936203003
5.640827894210815
5.572983980178833
5.603597402572632
5.595690488815308
5.599212408065796
5.608387231826782
5.869569301605225
5.744199752807617
5.666977882385254
5.630771160125732
5.68815279006958
5.640800476074219
5.944298028945923
5.925201892852783
6.0357887744903564
6.323072671890259
5.9608728885650635
5.794059753417969
5.903254747390747
5.609074115753174
5.75881552696228
5.7055909633636475
5.707053899765015
5.68064284324646
5.6945576667785645
5.706014156341553
5.716174840927124
5.617238283157349
5.671413421630859
5.701157093048096
5.69419527053833
5.758730173110962
5.694002151489258
5.725642919540405
5.6935625076293945
5.6762754917144775
5.7802793979644775
5.669575452804565
5.73987078666687
5.7438764572143555
5.709395170211792
5.787499666213989
5.711576700210571
5.6833789348602295
6.056419610977173
6.188989877700806
5.773440599441528
5.7077317237854
5.915454149246216
5.853232383728027
5.816943645477295
6.0340776443481445
6.409075498580933
6.084215879440308
6.23261284828186
5.883035182952881
5.902019739151001
6.1887102127075195
5.835790634155273
5.7973527908325195
5.925528526306152
5.945073127746582
6.235504388809204
6.014997482299805
6.030686855316162
6.224855899810791
6.45767879486084
6.365211486816406
6.115232706069946
5.794353008270264
5.875653505325317
5.722257375717163
5.720882177352905
5.716490030288696
5.793449878692627
5.753148078918457
5.6930553913116455
5.720285415649414
5.737272500991821
5.6888463497161865
6.0808515548706055
6.156781911849976
6.066561460494995
5.786393404006958
5.82536506652832
5.577627182006836
5.551032304763794
5.56069016456604
5.595535039901733
6.015281438827515
6.069209575653076
5.772179126739502
5.897803544998169
5.491152048110962
5.720137596130371
6.387675523757935
5.976018667221069
5.547300338745117
