Timing log for each step:
0.017016887664794922
10.435938835144043
11.089994668960571
10.611925840377808
10.429338216781616
10.3742094039917
10.34104871749878
10.373034954071045
10.45145320892334
10.434082508087158
10.550655603408813
10.645371198654175
10.588835954666138
10.746443748474121
11.346264839172363
10.333459615707397
10.637436151504517
10.437916278839111
10.511089324951172
10.622766017913818
10.601352214813232
10.851606369018555
10.627417087554932
11.13275671005249
11.092078685760498
11.558656215667725
12.296092748641968
12.087967157363892
11.48518705368042
10.762997150421143
10.9346923828125
11.21227741241455
11.32826566696167
11.24118971824646
11.186842203140259
11.21277403831482
11.176511764526367
11.225778579711914
11.40635347366333
11.241119146347046
11.380823135375977
11.259756803512573
11.332386016845703
11.331469297409058
10.986955165863037
11.362696647644043
10.597758769989014
11.459979057312012
10.745701551437378
11.334424495697021
10.268438816070557
11.55863642692566
10.115547180175781
11.470223188400269
10.202162981033325
11.396379947662354
11.307068824768066
10.738800525665283
11.313980102539062
10.865180253982544
11.325526714324951
11.473770141601562
11.029292106628418
11.27907919883728
11.33040714263916
11.342150926589966
10.21110463142395
11.430590152740479
10.632001161575317
10.843871831893921
11.285881757736206
10.907474994659424
10.709503650665283
11.37802791595459
10.62398362159729
10.730992555618286
11.302753686904907
10.861656904220581
11.355422735214233
10.204902172088623
11.372223615646362
10.698357105255127
10.720428943634033
10.827481269836426
10.915850639343262
10.9171724319458
11.370488166809082
10.56928825378418
11.272530317306519
10.734789848327637
10.712387561798096
11.33096957206726
10.361236810684204
10.827380180358887
11.480253458023071
10.851452112197876
10.771304368972778
10.824794054031372
11.383459329605103
10.712624073028564
10.770150899887085
10.753319501876831
11.287545442581177
10.895943880081177
11.398585081100464
10.553969860076904
10.703845262527466
10.771474838256836
11.288355588912964
10.763224601745605
10.942055702209473
10.551446437835693
10.58815050125122
10.559272527694702
9.989343643188477
10.588486433029175
10.607138395309448
10.629528760910034
10.602047443389893
10.666040658950806
10.76536774635315
10.663926839828491
10.650263547897339
10.116623640060425
9.943442821502686
10.043814897537231
9.639374256134033
9.684423446655273
9.44056224822998
9.578784704208374
9.365768671035767
9.51510763168335
9.560536861419678
9.345560312271118
9.460731029510498
9.464280605316162
9.503859043121338
9.571811199188232
9.839297533035278
10.023803234100342
9.585583209991455
9.670761346817017
9.573856592178345
9.821093320846558
9.850463390350342
10.292809247970581
10.279434204101562
10.284378051757812
10.279011249542236
10.248775005340576
10.2496976852417
10.244365692138672
10.288425207138062
9.60428524017334
9.685865640640259
10.266600608825684
10.22548770904541
10.228044271469116
10.161641836166382
9.474605560302734
9.600345849990845
9.490726709365845
9.477400302886963
9.411474227905273
9.780483961105347
9.984464883804321
10.041778087615967
10.018458604812622
10.013370275497437
10.142134189605713
9.998103857040405
9.946958303451538
10.018567562103271
9.975440502166748
10.042247772216797
9.975046157836914
10.06605339050293
10.004516124725342
10.053719758987427
10.01308012008667
9.968482494354248
10.039831161499023
9.990306854248047
9.97619080543518
10.175825357437134
10.015718698501587
9.995369672775269
10.02588415145874
10.174904584884644
10.069172382354736
10.562166929244995
10.740742921829224
10.112689971923828
9.67494010925293
9.725298404693604
10.005069255828857
10.036604166030884
10.60791540145874
10.642391443252563
10.683143854141235
10.741780996322632
11.763983726501465
11.457863330841064
11.418472051620483
11.40654730796814
11.368434190750122
11.446451663970947
11.372201442718506
11.36846113204956
11.237972974777222
10.724142074584961
11.278742790222168
11.360782861709595
11.43693995475769
11.381551265716553
11.362899541854858
11.304454803466797
10.7208890914917
11.365066051483154
11.235200881958008
11.267515420913696
11.302743196487427
11.292211055755615
11.309371948242188
11.348102569580078
11.406821489334106
11.448994159698486
11.681602716445923
11.31323504447937
11.400202989578247
11.436928749084473
11.501015663146973
11.74204134941101
11.531130313873291
11.337252140045166
11.429337501525879
11.37991452217102
11.390125513076782
11.65528154373169
11.539716482162476
11.419925689697266
11.14449429512024
10.626201629638672
10.888993263244629
11.719615459442139
11.423947095870972
11.052738666534424
10.985330820083618
10.869255542755127
11.303082704544067
10.87311315536499
12.192168951034546
11.087239265441895
11.216565370559692
10.93344521522522
11.09577226638794
11.306106328964233
11.337127685546875
11.113587379455566
10.67277216911316
11.797837495803833
11.67992115020752
11.324812650680542
11.108625888824463
10.997919797897339
11.309322595596313
11.612722873687744
11.833121061325073
12.072402238845825
11.757915496826172
11.669115781784058
11.388562202453613
11.61990213394165
11.4871985912323
11.404897689819336
11.523427486419678
11.27493929862976
11.27454686164856
11.133245706558228
10.504552602767944
10.83009958267212
