Timing log for each step:
0.01101064682006836
10.351661443710327
10.198865413665771
10.176812648773193
10.478780269622803
10.258613586425781
10.144306659698486
10.258728265762329
10.299251317977905
10.122126340866089
10.277955770492554
10.210561990737915
10.466622352600098
10.197121381759644
10.571079969406128
10.396025896072388
10.140037536621094
10.34651803970337
10.395621299743652
10.458657026290894
10.487349033355713
10.374156951904297
10.405042171478271
10.370943784713745
10.18340277671814
10.348489046096802
10.395939350128174
10.403130054473877
10.48285961151123
10.328563690185547
10.469446897506714
10.340464353561401
10.431658267974854
10.29965853691101
10.416387796401978
10.291811227798462
10.387662410736084
10.47783374786377
10.330687284469604
10.508336544036865
10.454892873764038
10.365012168884277
10.342203855514526
10.178753852844238
10.43644404411316
10.536906719207764
10.523825407028198
10.447741985321045
10.298481225967407
10.279983043670654
10.398133277893066
10.24990177154541
10.29237675666809
10.54447865486145
10.448834896087646
10.483047485351562
10.426800727844238
10.595213890075684
10.47320818901062
10.476118564605713
10.531534194946289
10.318754196166992
10.4915292263031
10.682858943939209
10.570112228393555
10.513370513916016
10.406322240829468
10.283493041992188
10.657280921936035
10.53265929222107
10.201232671737671
10.52847695350647
10.508873462677002
10.535089015960693
10.631022930145264
10.610750198364258
10.434390544891357
10.313429594039917
10.532994031906128
10.413800716400146
10.405359268188477
10.440044641494751
10.450308561325073
10.56811785697937
10.614540338516235
10.455997467041016
10.459032535552979
10.490076303482056
10.53524112701416
10.429624557495117
10.345711469650269
10.498418092727661
10.36979055404663
10.406931638717651
10.447383403778076
10.604707717895508
10.417369842529297
10.520840644836426
10.445792198181152
10.603052377700806
10.382405281066895
10.39492392539978
10.309019327163696
10.443791389465332
10.316943645477295
10.311404943466187
10.519829273223877
10.363804578781128
10.473899126052856
10.406733274459839
10.449799537658691
10.2948157787323
10.363265752792358
10.51358962059021
10.214643716812134
10.331834077835083
10.337990760803223
10.434998035430908
10.31691312789917
10.439104557037354
10.25400710105896
10.53805947303772
10.45698618888855
10.599473237991333
10.426088809967041
10.563876390457153
10.546241283416748
10.316149234771729
10.420562505722046
10.434610843658447
10.120396137237549
10.551666498184204
10.543962240219116
10.482621192932129
10.439261198043823
10.242353200912476
10.335689067840576
10.306028127670288
10.361708164215088
10.229994297027588
10.238054513931274
10.249006509780884
10.321874618530273
10.50197458267212
10.537444591522217
10.527141094207764
10.343899726867676
10.429432153701782
10.30979585647583
10.176882266998291
10.38520336151123
10.388041019439697
10.507987022399902
10.181928873062134
10.395020246505737
10.309402465820312
10.41026520729065
10.613739013671875
10.429840564727783
10.236283540725708
10.398637294769287
10.395950555801392
10.399693489074707
10.433809995651245
10.48600697517395
10.377018451690674
10.319784164428711
10.450629949569702
10.427680492401123
10.38717770576477
10.46173644065857
10.281946659088135
10.345023393630981
10.329752206802368
10.152030944824219
10.364804029464722
10.507724523544312
10.201272010803223
10.429891109466553
10.446779251098633
10.30440616607666
10.288439273834229
10.411900997161865
10.49597454071045
10.426790952682495
10.453183889389038
10.436917066574097
10.390011548995972
10.357603549957275
10.438119411468506
10.260192632675171
10.562816143035889
10.584720611572266
10.54751181602478
10.49570345878601
10.327445268630981
10.37651538848877
10.342042207717896
10.453315019607544
10.434788465499878
10.400008916854858
10.383015394210815
10.461012601852417
10.615002870559692
10.475374460220337
10.302892684936523
10.289023637771606
10.185894250869751
10.41260838508606
10.264155149459839
10.180095195770264
10.330803394317627
10.29827094078064
10.487837314605713
10.377737045288086
10.418862104415894
10.412883996963501
10.200912952423096
10.3997642993927
10.525134086608887
10.1665940284729
10.485771894454956
10.537642478942871
10.299821376800537
10.401877164840698
10.393262386322021
10.329674243927002
10.07095217704773
10.351922512054443
10.228293180465698
10.352332353591919
10.354689836502075
10.127701044082642
10.471393585205078
10.30559492111206
10.322557926177979
10.466967344284058
10.166942358016968
10.380948781967163
10.508267641067505
10.184414386749268
10.462294101715088
10.387983083724976
10.388948678970337
10.17421555519104
10.385402917861938
10.22486138343811
10.526782274246216
10.53285264968872
10.326555490493774
10.438725471496582
10.359524965286255
10.567347288131714
10.34885311126709
10.30114483833313
10.316120624542236
10.497865438461304
10.612675428390503
10.55251169204712
10.523074626922607
10.3799307346344
10.42052936553955
10.511169195175171
10.405965566635132
10.473677396774292
10.355837106704712
10.352649688720703
10.536735773086548
10.372177362442017
10.36928915977478
10.539722681045532
10.140134334564209
10.27391767501831
10.303254127502441
10.417738437652588
10.588415384292603
10.421887397766113
10.455882549285889
10.365716457366943
10.48904037475586
10.328822374343872
10.549437046051025
10.477309226989746
9.948666334152222
10.235883474349976
10.292988538742065
10.359350204467773
10.167666912078857
10.446385622024536
10.237974882125854
10.147336483001709
10.23980188369751
10.272887706756592
10.46774673461914
10.2739417552948
10.354448556900024
10.048969268798828
10.007643461227417
10.11095643043518
10.233761310577393
10.301924228668213
10.419471263885498
10.2259840965271
10.200593709945679
10.231926202774048
10.213742733001709
10.241376638412476
10.354899168014526
10.335662841796875
10.45723581314087
10.314635038375854
10.25127124786377
10.469645977020264
10.47480034828186
10.384701490402222
10.227102756500244
10.384373426437378
10.3666353225708
10.477003335952759
10.337248802185059
10.235899686813354
10.489964485168457
10.50818681716919
10.399448156356812
10.395660161972046
10.492176532745361
10.487945795059204
10.444955587387085
10.59526801109314
10.387984991073608
10.53435492515564
10.537153005599976
10.480202198028564
10.381723403930664
10.526816129684448
10.506627321243286
10.45015263557434
10.36502981185913
10.49209189414978
10.374125719070435
10.43202018737793
10.474946975708008
10.618708848953247
10.392862796783447
10.614540815353394
10.509490728378296
10.653321981430054
10.349354982376099
10.571806192398071
10.4230477809906
10.769774913787842
10.473829984664917
10.406637907028198
10.374515771865845
10.520110368728638
10.427622079849243
10.577179908752441
10.45729947090149
10.424468040466309
10.6398344039917
10.47150206565857
10.307250738143921
10.509123086929321
10.404802083969116
10.597429990768433
10.539749145507812
10.375415325164795
10.442628145217896
10.52789831161499
10.462163209915161
10.484546661376953
10.349544048309326
10.36189603805542
10.365359783172607
10.596887111663818
10.452691793441772
10.476049184799194
10.193840980529785
10.357578039169312
10.464702367782593
10.337358951568604
10.268892288208008
10.481892824172974
10.58665132522583
10.566936254501343
10.497560739517212
10.554221630096436
10.368951797485352
10.395736932754517
10.429758787155151
10.392848014831543
10.427770137786865
10.588197946548462
10.484050750732422
10.38715672492981
10.463928461074829
9.822110176086426
9.68472957611084
9.954423666000366
10.301211595535278
10.400177955627441
10.493029594421387
9.850608825683594
9.813077926635742
9.876665592193604
10.275602579116821
10.552724599838257
10.48282504081726
9.84713363647461
9.91545295715332
9.77600908279419
10.220342874526978
9.707700729370117
10.468144655227661
10.445058822631836
10.589219570159912
10.562100887298584
10.188886165618896
10.503770589828491
10.410867691040039
10.516501903533936
10.340085983276367
10.471871852874756
10.339024066925049
10.27469277381897
10.583647012710571
10.443921566009521
10.595717430114746
10.805492401123047
10.340475082397461
10.428602933883667
10.547058343887329
10.288840055465698
10.50478744506836
10.352602481842041
10.454683065414429
10.339115142822266
10.565200805664062
9.989068984985352
10.097231149673462
10.576250314712524
10.45627760887146
10.618682146072388
10.41443419456482
10.531923532485962
10.421804904937744
10.441843032836914
10.427024364471436
10.414744138717651
10.299936056137085
10.213038444519043
10.56831431388855
10.517497539520264
10.36031174659729
10.512223720550537
10.572943210601807
10.663453578948975
9.923355102539062
10.466357231140137
10.567695617675781
10.345661401748657
10.488775730133057
10.36942720413208
10.331862211227417
10.679794549942017
10.429930925369263
10.45239782333374
10.430769920349121
10.797800779342651
10.553670644760132
10.212995529174805
10.4771728515625
10.488073825836182
10.401025533676147
10.492392301559448
10.577627182006836
10.480255842208862
10.390595436096191
10.453000545501709
10.647110939025879
10.496004343032837
10.474300146102905
10.561020612716675
10.559944868087769
10.538162469863892
10.57325291633606
10.487369060516357
10.429916381835938
10.620260238647461
10.480764150619507
10.357979774475098
10.402657270431519
10.47040867805481
10.478935480117798
10.409966468811035
10.476223468780518
10.370163440704346
10.288504600524902
10.443428754806519
10.54145359992981
10.454549789428711
10.605006694793701
10.564058780670166
10.397890329360962
10.393189191818237
10.302111387252808
10.378966093063354
10.510004997253418
10.497058629989624
10.188346147537231
10.419645547866821
10.11257004737854
10.121487140655518
10.239275932312012
10.375415802001953
10.341855764389038
10.353535175323486
10.405653238296509
10.436580181121826
10.267356157302856
10.33135461807251
10.4160795211792
10.330219030380249
10.661908149719238
10.358213186264038
10.355004787445068
10.182204961776733
10.346915006637573
9.864671230316162
10.305646181106567
10.204038143157959
10.630269765853882
10.214962005615234
10.24394702911377
10.039748191833496
10.13884973526001
10.18173336982727
10.183903932571411
10.132832765579224
10.324034929275513
10.354755163192749
10.355558395385742
10.253474712371826
9.947010278701782
12.322557926177979
11.490068912506104
11.351231813430786
10.978837251663208
11.25412893295288
11.412243127822876
11.140297412872314
10.785227298736572
10.738340377807617
11.514393091201782
11.0809006690979
11.082971334457397
11.534258604049683
11.530420303344727
11.096106052398682
10.960119485855103
11.335222721099854
11.080617427825928
10.894271850585938
10.994901657104492
10.907452821731567
10.84086275100708
10.563024520874023
10.191342830657959
10.177485466003418
11.130730390548706
10.100610256195068
10.12258267402649
9.998435020446777
10.076560258865356
11.144408226013184
9.973442554473877
9.907482862472534
9.656417608261108
9.937722444534302
9.573494911193848
9.643150091171265
9.776410102844238
9.63064980506897
9.552216053009033
9.543528318405151
9.550915718078613
10.315852403640747
10.010165452957153
10.895598411560059
10.575213193893433
10.246538400650024
10.273414850234985
10.179019451141357
10.022566556930542
10.135457277297974
10.011650085449219
10.12956953048706
10.325423240661621
10.119501113891602
10.127184867858887
10.157663106918335
9.900035619735718
10.106274843215942
10.085878849029541
10.111250877380371
10.100958824157715
10.068214416503906
10.072039365768433
10.024150609970093
10.025340557098389
9.962804555892944
10.090290307998657
10.174781799316406
10.090283393859863
10.050851821899414
10.03177523612976
10.148340463638306
10.025070428848267
9.952805519104004
10.124379396438599
10.084194898605347
10.057267904281616
9.946022510528564
10.076759576797485
10.094832420349121
9.978482007980347
10.093424558639526
9.978799819946289
10.106709480285645
10.067306756973267
9.999630212783813
10.049526691436768
10.040199756622314
10.116744041442871
10.343757152557373
10.500802278518677
9.980297088623047
10.103200912475586
10.014742851257324
9.294347763061523
9.432955741882324
9.280756711959839
9.44002652168274
9.364403009414673
9.35955286026001
9.45042610168457
9.505725383758545
9.360036849975586
9.42795443534851
9.48137640953064
9.324422597885132
9.395053625106812
9.445490598678589
9.423856019973755
9.558990716934204
9.3165283203125
9.306000232696533
9.401508092880249
9.413486003875732
9.494606494903564
9.39389681816101
9.445836067199707
9.547988414764404
9.440874099731445
9.346348762512207
9.423949241638184
9.386868715286255
9.328311204910278
9.473608255386353
9.421937465667725
9.277475595474243
9.804989576339722
9.822282075881958
9.84096908569336
9.638702630996704
9.929190635681152
9.879853963851929
9.922523736953735
9.90927529335022
9.837626457214355
9.891845941543579
9.909655570983887
9.902904033660889
10.25641655921936
9.871948480606079
10.296072959899902
9.90825343132019
10.123601198196411
9.427242517471313
9.761332988739014
9.815175533294678
10.11880087852478
9.598684549331665
10.31216549873352
9.405373334884644
9.732016324996948
10.015596866607666
9.900496006011963
9.817594289779663
10.27151870727539
9.784720659255981
9.923202991485596
9.99759578704834
9.902622938156128
10.226228475570679
9.828091382980347
10.340818166732788
9.838710069656372
9.765767574310303
9.914835691452026
9.826532125473022
9.952664136886597
9.885035276412964
9.906016826629639
10.215143203735352
9.891591310501099
9.86607575416565
9.874075174331665
10.026773691177368
10.264978647232056
9.851377487182617
10.062747955322266
9.87052035331726
9.751381874084473
10.425476551055908
10.308311700820923
9.782299995422363
9.80798602104187
9.976864337921143
9.4078049659729
9.42009973526001
10.255584239959717
9.489064693450928
9.91249704360962
9.989882230758667
9.931488513946533
10.383278369903564
9.831820011138916
10.1983323097229
9.897587060928345
9.941732406616211
10.327594518661499
10.24042797088623
9.332829475402832
9.561897039413452
9.248674154281616
10.039297103881836
9.493875741958618
9.383443593978882
9.485836029052734
9.94868016242981
9.964206457138062
9.544358968734741
9.448002815246582
9.91610074043274
10.013466119766235
9.481095552444458
9.495017290115356
9.948110580444336
9.97154712677002
9.44302749633789
9.274661540985107
9.903286695480347
9.974383115768433
9.503594875335693
9.34896993637085
9.32919716835022
10.013996362686157
9.948416471481323
10.070276260375977
9.513058185577393
9.451654195785522
9.480489730834961
9.992995738983154
10.05336618423462
9.357328653335571
9.39205288887024
9.499117136001587
9.937896251678467
9.90286374092102
9.456794261932373
9.389021396636963
9.306780576705933
9.792304039001465
9.907888650894165
9.404820919036865
9.442859649658203
9.266258001327515
10.053692817687988
9.965707778930664
9.353480339050293
9.567058086395264
9.464823722839355
10.192603349685669
9.782711744308472
9.442416191101074
9.498309135437012
9.409217119216919
10.046216249465942
10.041956663131714
10.006608724594116
9.361438989639282
9.400412797927856
9.934311151504517
9.895904302597046
9.454945802688599
9.859038591384888
9.894799709320068
10.403777360916138
10.313655138015747
9.407357454299927
9.874432802200317
9.905301332473755
10.30673336982727
9.957838296890259
9.67627501487732
9.31545376777649
9.532680988311768
10.103627920150757
9.897388696670532
9.366060972213745
9.392418146133423
9.458573818206787
9.973297834396362
9.89284896850586
9.416249752044678
9.354736089706421
9.449345588684082
10.033986806869507
10.009707927703857
9.390480041503906
9.363638162612915
9.485852479934692
10.293766975402832
9.936588764190674
9.456542491912842
9.473824739456177
9.846086025238037
10.504320621490479
10.374576091766357
9.442960023880005
9.456886529922485
9.555867433547974
9.952378034591675
10.425943374633789
9.99430537223816
9.248939037322998
10.173400640487671
10.495664358139038
9.510445833206177
9.523028373718262
9.426147222518921
9.454357147216797
10.03071117401123
10.046107769012451
9.92650032043457
9.537293672561646
9.423485517501831
9.492370367050171
9.962053775787354
9.868268251419067
9.279084920883179
9.951950550079346
10.007067441940308
9.944536924362183
9.456385850906372
10.059754848480225
10.023462057113647
9.85076355934143
9.825610637664795
9.87613582611084
10.159730911254883
9.614287853240967
9.850687265396118
9.966963291168213
9.828125238418579
10.01788878440857
9.870753526687622
10.004480600357056
9.546913385391235
9.484740257263184
10.215890407562256
9.918950080871582
9.545541048049927
9.489789247512817
9.952943563461304
10.530695915222168
10.352596282958984
10.708116292953491
10.803362369537354
10.056676626205444
10.710928916931152
11.6877760887146
10.846263647079468
10.286153078079224
10.187869310379028
11.16249704360962
10.979443073272705
10.874215126037598
10.577158212661743
10.106407642364502
11.219650745391846
11.591692686080933
10.133395195007324
10.289748907089233
11.663626909255981
12.096850633621216
11.58410120010376
12.009594917297363
10.35970664024353
10.251474142074585
9.538826704025269
9.632227420806885
10.575437307357788
10.346256017684937
9.944719076156616
9.530328512191772
10.521348237991333
10.332381963729858
10.625207901000977
9.558180093765259
9.535729885101318
10.88174819946289
10.197859287261963
10.199166297912598
10.23307752609253
9.577207803726196
10.093147277832031
10.05170202255249
9.713117361068726
9.514787912368774
10.487064838409424
11.409618139266968
10.844506978988647
10.288408756256104
10.283297300338745
11.434144735336304
10.832449197769165
10.770072221755981
10.077011108398438
10.559378385543823
10.566262483596802
11.002065658569336
10.612133741378784
10.07848596572876
10.718689203262329
10.632713794708252
10.12690782546997
10.028152465820312
10.598695755004883
10.546501874923706
10.57817006111145
10.037163257598877
9.99773120880127
10.063968420028687
10.560774087905884
10.587435245513916
10.31936240196228
10.120307922363281
10.126604080200195
10.537625789642334
10.496342897415161
10.069033145904541
10.567044973373413
10.523507833480835
10.694174528121948
10.450939893722534
10.177121639251709
10.070169687271118
10.575143575668335
10.576956987380981
10.603374004364014
10.511721849441528
10.463314771652222
10.131278991699219
11.044698715209961
11.275197267532349
10.621503591537476
10.527383089065552
10.495479345321655
10.534212589263916
10.555958271026611
10.5313081741333
10.608638763427734
10.589212894439697
10.586488485336304
10.579267263412476
10.530460596084595
10.579903841018677
10.568405151367188
10.509409427642822
10.528690338134766
10.547817468643188
10.550238609313965
10.546927452087402
11.176862478256226
11.512579917907715
11.276034116744995
11.92417597770691
10.808186054229736
10.766918659210205
10.901880264282227
10.658249378204346
10.663048267364502
11.006436824798584
10.606750965118408
10.698900938034058
10.603554248809814
10.637526273727417
10.163821935653687
10.616024017333984
10.562432289123535
10.541660785675049
10.504798650741577
10.496302127838135
10.558801889419556
10.614880800247192
10.544328451156616
10.601582288742065
10.683768510818481
10.48190689086914
10.458080053329468
10.528454780578613
10.407767534255981
10.411314010620117
10.410729885101318
10.595057964324951
10.63604211807251
10.37496566772461
10.614319562911987
10.510267734527588
10.490396499633789
10.503363370895386
11.007340669631958
10.682180166244507
10.326949834823608
10.377240180969238
10.037039995193481
10.053164720535278
10.152279376983643
11.330498933792114
10.48696780204773
10.46190094947815
10.606902360916138
10.9401376247406
10.4324471950531
10.923932790756226
10.858689546585083
10.551127672195435
10.511096000671387
10.546691179275513
10.475971937179565
10.68397569656372
10.930881977081299
10.578282356262207
10.535721778869629
10.657481908798218
10.498377084732056
10.588992834091187
10.78572392463684
10.424350500106812
10.468210697174072
10.44271183013916
10.444493055343628
9.988376379013062
10.031222820281982
10.078697681427002
9.990625858306885
10.02278470993042
10.067363500595093
10.028252601623535
9.956144332885742
10.356894254684448
10.296619415283203
10.219749927520752
9.988519191741943
10.029030561447144
9.979624032974243
9.97195029258728
9.954692840576172
9.950217962265015
10.000653743743896
9.987889289855957
9.989816427230835
9.998720169067383
10.130109548568726
10.100510597229004
10.069529294967651
10.082605600357056
10.521905183792114
10.190168857574463
10.057533025741577
10.067636251449585
10.024173498153687
9.96889877319336
10.02041506767273
10.158745288848877
10.356818437576294
9.99231767654419
10.029582262039185
9.993469953536987
10.014502048492432
9.994091033935547
9.98300838470459
9.967935800552368
9.989465951919556
10.011650323867798
9.948601245880127
9.97409200668335
10.011572360992432
10.010873317718506
10.366135358810425
10.283117294311523
9.986417055130005
10.159223794937134
10.263078927993774
10.193716526031494
9.95835280418396
10.163405179977417
10.183242082595825
9.994139909744263
10.455467939376831
10.167382717132568
9.990916967391968
9.924162864685059
9.951173543930054
9.932981491088867
9.98382568359375
9.946517705917358
10.133171796798706
10.180013179779053
10.097961902618408
10.164352416992188
10.458377838134766
10.372252464294434
9.999074220657349
10.179774284362793
9.871167421340942
9.77687954902649
9.719417333602905
9.79252314567566
9.821668863296509
9.81643009185791
9.812651872634888
9.974648237228394
10.455276012420654
10.655145645141602
10.946960210800171
10.981871843338013
11.488689422607422
10.97921109199524
11.028489589691162
11.429702997207642
10.84816312789917
11.378912448883057
11.319341897964478
11.11240553855896
10.93505048751831
10.938950538635254
11.077528476715088
11.163406610488892
10.945280313491821
10.988805055618286
10.917311429977417
11.027573108673096
11.299243450164795
11.141747951507568
10.943089246749878
10.920887470245361
10.966061115264893
10.909189462661743
10.94122314453125
11.06643271446228
11.271048307418823
14.159985542297363
12.859098434448242
10.694608449935913
10.498417377471924
10.399972677230835
10.488184928894043
10.485910654067993
10.431727647781372
10.401447772979736
10.625694513320923
11.55078911781311
11.231307983398438
10.84817910194397
10.60421109199524
10.998044967651367
