Timing log for each step:
0.01501321792602539
10.362657308578491
10.268919229507446
10.171680688858032
10.363073110580444
10.257274866104126
10.240129709243774
10.394762992858887
9.688449382781982
9.777733325958252
10.211816310882568
10.308455467224121
9.688014507293701
10.405107021331787
10.356135129928589
9.87074613571167
10.210123777389526
10.319274425506592
10.374562978744507
9.705859422683716
10.348305702209473
10.165485858917236
10.356903553009033
9.771997928619385
10.046240329742432
9.598627805709839
9.799156427383423
9.676720380783081
9.894514322280884
9.735763788223267
10.003880500793457
9.888892650604248
9.745306968688965
9.805706977844238
9.879494905471802
10.279906272888184
9.756681442260742
10.192633867263794
10.31553339958191
10.335053443908691
10.247734069824219
10.188271284103394
10.253351211547852
10.21220350265503
10.274120569229126
10.33327031135559
10.541685819625854
10.324094533920288
10.32966136932373
10.502248525619507
10.247440814971924
10.411486625671387
10.53836441040039
10.360705852508545
10.329206943511963
10.254823446273804
10.624018907546997
10.497152090072632
10.385753154754639
10.326901197433472
10.414986848831177
10.263965845108032
10.4634690284729
10.505695819854736
10.512767791748047
10.361822128295898
10.491986513137817
10.36789321899414
10.496986627578735
10.599231243133545
10.508488655090332
10.565885543823242
10.470545768737793
10.492148160934448
10.622441053390503
10.505306005477905
10.459996938705444
10.523064613342285
10.432726383209229
10.60400938987732
10.45278811454773
10.450873374938965
10.45983076095581
10.583740234375
10.55776834487915
10.599427223205566
10.623801469802856
10.502631664276123
10.647635459899902
10.684555292129517
10.583323955535889
10.707032442092896
10.615374326705933
10.376351356506348
10.59436321258545
10.66443395614624
10.620174884796143
10.589982509613037
10.665697813034058
10.566806077957153
10.47161078453064
10.660737752914429
10.509971380233765
10.59361743927002
11.922085285186768
