Timing log for each step:
0.010009288787841797
10.159094333648682
10.010785818099976
10.177730560302734
10.193063497543335
10.12238097190857
8.851492643356323
9.062000036239624
10.093475580215454
10.043604612350464
9.818963050842285
10.073425531387329
10.082031726837158
10.448933601379395
10.30943512916565
9.329137563705444
10.211747646331787
9.2387855052948
10.02468729019165
10.495793104171753
9.039947748184204
10.34477186203003
9.968239307403564
10.303222417831421
10.254262447357178
10.336195468902588
10.201950073242188
10.230534315109253
10.108266115188599
10.445699453353882
10.379284620285034
10.2789146900177
10.334738969802856
10.51720905303955
10.350260734558105
10.476137399673462
10.322288990020752
10.338717937469482
10.483237504959106
10.163032531738281
10.479339838027954
10.336814641952515
10.413100719451904
10.476130247116089
10.496548652648926
10.394199132919312
10.203112363815308
