Timing log for each step:
0.016013622283935547
5.448421955108643
5.304372310638428
5.295898199081421
5.268260717391968
5.2732625007629395
5.28469443321228
5.250718355178833
5.298391342163086
5.338072299957275
5.291646957397461
5.3733649253845215
5.526010513305664
5.446211814880371
5.170304536819458
5.23475193977356
5.243088006973267
5.1320202350616455
5.349766254425049
5.265326261520386
5.385083198547363
5.190974950790405
5.319852113723755
5.279555797576904
5.36622953414917
5.349104166030884
5.261505842208862
5.29224419593811
5.209470272064209
5.301116704940796
5.326263189315796
5.513445138931274
5.332587480545044
5.21651816368103
5.336369752883911
5.281365633010864
5.352322340011597
5.357392311096191
5.405515432357788
5.305772304534912
5.277164459228516
5.622634172439575
5.523055553436279
5.585745573043823
5.301245450973511
5.339071035385132
5.226999282836914
5.294233560562134
5.420388698577881
5.28600811958313
5.36678409576416
5.28682804107666
5.435213804244995
5.421454906463623
5.3958516120910645
5.505440711975098
5.463849306106567
5.434383153915405
5.2856199741363525
5.395784616470337
5.402439832687378
5.536821365356445
5.416823387145996
5.435952663421631
5.450478553771973
5.296234607696533
5.405935287475586
5.240663051605225
5.472410440444946
5.348881483078003
5.438389301300049
5.521090030670166
5.236298322677612
5.486812114715576
5.473236083984375
5.379305601119995
5.53544020652771
5.230632305145264
5.501345157623291
5.381459474563599
5.435823917388916
5.326852083206177
5.438180923461914
5.287625551223755
5.6451239585876465
6.034492492675781
5.9139933586120605
5.930129051208496
5.863335371017456
5.829443693161011
5.757880449295044
5.841155767440796
5.82735538482666
5.925276756286621
5.693058013916016
5.547817945480347
5.454981088638306
5.31391167640686
5.3974268436431885
5.28211522102356
5.476669549942017
5.424013614654541
5.500389814376831
5.422435522079468
5.46464467048645
5.422441005706787
5.3499345779418945
5.445532321929932
5.364397764205933
5.380583763122559
5.402090787887573
5.408809661865234
5.423965930938721
5.364046335220337
5.408582448959351
5.450632333755493
5.272671461105347
5.355389356613159
5.2577619552612305
5.4765095710754395
5.35143256187439
5.523146629333496
5.42806077003479
5.375208616256714
5.385713338851929
5.360682964324951
5.439242839813232
5.376511573791504
5.389694929122925
5.5303003787994385
5.451786518096924
5.752738952636719
5.4526684284210205
5.424022912979126
5.5705342292785645
5.425711631774902
5.369184494018555
5.426111936569214
5.332825183868408
5.461172103881836
5.40573787689209
5.373762369155884
5.409283638000488
5.386706829071045
5.464022159576416
5.373115062713623
5.5510547161102295
5.489932537078857
5.347551107406616
5.470685958862305
5.425045967102051
5.372194528579712
5.48381233215332
5.309696912765503
5.454138278961182
5.550437927246094
5.322503089904785
5.45627760887146
5.51872444152832
5.496440172195435
5.488312482833862
5.326155185699463
5.555651664733887
5.486144065856934
5.475813150405884
5.502416610717773
5.460318565368652
5.504319906234741
5.535871982574463
5.442260980606079
5.356653451919556
5.342004299163818
5.427273511886597
5.342351198196411
5.361169099807739
5.499246835708618
5.46615195274353
5.360599994659424
5.5634331703186035
5.287590980529785
5.436680555343628
5.584359169006348
5.423768043518066
5.505165100097656
5.50783634185791
5.408230543136597
5.423219203948975
5.449073314666748
5.39872407913208
5.44215989112854
5.421286344528198
5.304009914398193
5.49079966545105
5.480238199234009
5.454227924346924
5.46978235244751
5.557535171508789
5.513597249984741
5.465296745300293
5.527849912643433
5.262539386749268
5.523280382156372
5.474812269210815
5.471650838851929
5.426852226257324
5.600504159927368
5.417744159698486
5.466020107269287
5.519372940063477
5.540690183639526
5.519396781921387
5.436207294464111
5.466823101043701
5.457649230957031
5.425076246261597
5.417778015136719
5.355541706085205
5.510439157485962
5.394149303436279
5.358554124832153
5.427978038787842
5.292824745178223
5.532758712768555
5.368685245513916
5.412970542907715
5.411237478256226
5.7931084632873535
5.616380453109741
5.508110761642456
5.587924480438232
5.671434164047241
5.586774826049805
5.451601982116699
5.5221312046051025
5.394463539123535
5.434666395187378
5.526142835617065
5.503275394439697
5.438037872314453
5.572139739990234
5.465627431869507
5.517099857330322
5.441773176193237
5.359267711639404
5.363080263137817
5.459997653961182
5.426637887954712
5.3851165771484375
5.5531005859375
5.400177478790283
5.6270530223846436
5.504057168960571
5.4800190925598145
5.506775617599487
5.36868143081665
5.447902679443359
5.63210129737854
5.3667168617248535
5.557053089141846
5.485245704650879
5.383792161941528
5.582295894622803
5.4925806522369385
5.486886501312256
5.3511059284210205
5.48466682434082
5.538882255554199
5.391881704330444
5.457651853561401
5.517147779464722
5.4204981327056885
5.501022577285767
5.522426128387451
5.313621759414673
5.403447151184082
5.492327928543091
5.4614269733428955
5.563122272491455
5.5062665939331055
5.609332799911499
5.469256639480591
5.483238458633423
5.457836866378784
5.427601099014282
5.550310373306274
5.400169134140015
5.515341520309448
5.355835199356079
5.542381048202515
5.528510570526123
5.475583553314209
5.437047719955444
5.456910848617554
5.391669511795044
5.446980237960815
5.405426025390625
5.39224100112915
5.473003625869751
5.5568249225616455
5.382210969924927
5.506348133087158
5.470964670181274
5.443530559539795
5.530381441116333
5.409015417098999
5.595684766769409
5.515637159347534
5.536400318145752
5.4835779666900635
5.452632427215576
5.413766384124756
5.421200513839722
5.361548662185669
5.498101472854614
5.59008264541626
5.568363428115845
5.5081164836883545
5.435317516326904
5.454905033111572
5.474633455276489
5.416469573974609
5.615723371505737
5.47117018699646
5.39261531829834
5.450907230377197
5.446052074432373
5.499288320541382
5.43198823928833
5.385342836380005
5.585764169692993
5.554313659667969
5.462447166442871
5.420961856842041
5.500267744064331
5.46787691116333
5.551448822021484
5.297640323638916
5.52001166343689
5.5068583488464355
5.441883563995361
5.346656560897827
5.512365818023682
5.498056888580322
5.470147609710693
5.481568098068237
5.467013120651245
5.448288440704346
5.45479679107666
5.444003582000732
5.539973974227905
5.480992794036865
5.529706001281738
5.526504993438721
5.440101146697998
5.348711729049683
5.497393369674683
5.471546173095703
5.4359941482543945
5.551048278808594
5.536532878875732
5.447053670883179
5.334979772567749
5.450636386871338
5.501447677612305
5.371464252471924
5.491463899612427
5.550166368484497
5.545964241027832
5.46538233757019
5.5384087562561035
5.470686912536621
5.566089391708374
5.507524490356445
5.57155966758728
5.487527847290039
5.680593252182007
5.49009370803833
5.420090675354004
5.3502161502838135
5.480103492736816
5.305011510848999
5.518918752670288
5.5006139278411865
5.431887626647949
5.384136199951172
5.436403751373291
5.566168546676636
5.388772964477539
5.519125699996948
5.494872808456421
5.561586856842041
5.496425628662109
5.451441526412964
5.478658437728882
5.386563777923584
5.477700471878052
5.714179754257202
5.422857046127319
5.528463363647461
5.487609386444092
5.558210134506226
5.428032875061035
5.55005669593811
5.767746686935425
5.675363063812256
5.440348386764526
5.4345667362213135
5.512682676315308
5.383260250091553
5.396848201751709
5.629086971282959
5.711819171905518
5.481002569198608
5.41015887260437
5.469100713729858
5.477400541305542
5.437182903289795
5.527360200881958
5.533942222595215
5.531479358673096
5.768726825714111
5.493601322174072
5.435213327407837
5.546049118041992
5.885981321334839
5.9910736083984375
5.387956380844116
5.569063901901245
5.572524547576904
5.628110408782959
5.578967809677124
5.855214595794678
5.733036518096924
5.4817891120910645
5.542508840560913
5.429807662963867
5.49805760383606
5.471019506454468
5.338911533355713
5.3988728523254395
5.542638540267944
5.545888900756836
5.406677007675171
5.625639915466309
5.469092130661011
5.505171775817871
5.704711198806763
5.541687726974487
5.451881170272827
5.591572046279907
5.456005334854126
5.609317064285278
5.576154470443726
5.512864351272583
5.649265766143799
5.580989599227905
5.524306535720825
5.784181594848633
5.706078052520752
5.482818126678467
5.467247724533081
5.482585191726685
5.6473708152771
5.63908576965332
5.575387954711914
5.540072679519653
5.557394504547119
5.7493064403533936
5.580538272857666
5.470359802246094
5.454719066619873
5.396217346191406
5.693490743637085
5.6244285106658936
5.511600971221924
5.503841161727905
5.489035129547119
5.754345178604126
5.723978281021118
5.51918363571167
5.386915445327759
5.456888437271118
5.868114471435547
5.6959547996521
5.463872671127319
5.736588716506958
5.825685501098633
5.538347959518433
5.408644437789917
5.404967308044434
5.454277515411377
5.53223729133606
5.761018753051758
5.621191501617432
5.510375499725342
5.571763038635254
5.420533180236816
5.777609348297119
5.620133876800537
5.4472973346710205
5.5853962898254395
5.471573352813721
5.452132701873779
5.6545116901397705
5.796797037124634
5.323565483093262
5.653585195541382
5.544950485229492
5.5686705112457275
5.703099727630615
5.558968544006348
5.518517017364502
5.516986608505249
5.482421875
5.7278594970703125
5.710066556930542
5.824007749557495
5.668978691101074
5.664560556411743
5.99727725982666
5.7764809131622314
5.830692291259766
5.834974527359009
6.089177370071411
6.125725746154785
5.667594909667969
5.509668350219727
5.403210163116455
5.566584348678589
5.71704363822937
5.787456512451172
5.488926649093628
5.384777069091797
5.542374849319458
5.667768716812134
6.143444299697876
5.475275754928589
5.472904682159424
5.494801998138428
5.5882415771484375
5.367347717285156
5.615992546081543
5.671538352966309
5.730565071105957
5.482884407043457
5.5891993045806885
5.621002197265625
5.75725793838501
5.429275274276733
5.392359495162964
5.492898941040039
5.649334907531738
5.578529596328735
5.53834342956543
5.486922025680542
5.715888261795044
5.770126819610596
5.467963218688965
5.45488429069519
5.648092269897461
5.5616419315338135
5.511315107345581
5.351194381713867
5.385587215423584
5.570315361022949
5.2950756549835205
5.531726837158203
5.4493067264556885
5.6996259689331055
5.523712635040283
5.629617691040039
5.549151182174683
5.914102077484131
5.831227779388428
5.398348093032837
5.625595569610596
5.689481973648071
5.6939756870269775
5.46951961517334
5.62736439704895
5.528332710266113
5.876319646835327
5.551400661468506
5.545645236968994
5.464904546737671
5.5220160484313965
5.496468544006348
5.540398359298706
5.560489892959595
5.507015705108643
5.4485039710998535
5.88069486618042
5.649380922317505
5.756079912185669
5.514709949493408
5.545788288116455
5.397757530212402
5.588041543960571
5.729865789413452
5.552050828933716
5.525957345962524
5.479276657104492
5.549428462982178
5.604490756988525
5.67494797706604
5.346635580062866
5.376701831817627
5.424351692199707
5.558957815170288
5.708101272583008
5.570897340774536
5.579340219497681
5.677499055862427
5.784626245498657
5.593942642211914
5.343451738357544
5.783182382583618
5.685618877410889
5.487956762313843
5.451681137084961
5.5009729862213135
5.527923345565796
5.609632968902588
5.740158319473267
5.624298572540283
5.345918416976929
5.461714267730713
5.6419312953948975
5.629881143569946
5.4516355991363525
5.5034239292144775
5.704069137573242
5.622362375259399
5.501516103744507
5.543911933898926
5.680192947387695
5.434499502182007
5.513204336166382
5.569036245346069
5.519099950790405
5.5006163120269775
5.487517833709717
5.77760124206543
5.575040340423584
5.444878816604614
5.464186429977417
5.922473907470703
5.430720090866089
5.625635862350464
5.582565546035767
5.5942723751068115
5.616693019866943
5.374414682388306
5.602295637130737
5.7655980587005615
5.491215944290161
5.653901815414429
5.4497668743133545
5.37245774269104
5.472404718399048
5.5718278884887695
5.460296869277954
5.594534397125244
5.455146312713623
5.611686944961548
5.5236663818359375
5.806879043579102
5.484352350234985
5.540708541870117
5.44075345993042
5.692524194717407
5.488483190536499
5.582818031311035
5.93716025352478
5.493304014205933
5.393660306930542
5.545876979827881
5.5153186321258545
5.4631667137146
5.9854443073272705
5.6049370765686035
5.549805164337158
5.574892997741699
5.472149610519409
5.649966239929199
5.571815729141235
5.471346378326416
5.680493116378784
5.733307123184204
5.533409118652344
5.367767333984375
5.766917705535889
5.633831739425659
5.4903693199157715
5.614392995834351
5.751890182495117
5.706783771514893
5.531139135360718
5.414537668228149
5.421688079833984
5.546327829360962
5.685526371002197
5.680644989013672
5.558087587356567
5.529636383056641
5.561796188354492
5.377695560455322
5.354751348495483
5.371715307235718
5.557967185974121
5.558865547180176
5.438524961471558
5.589390993118286
5.617318153381348
5.76885986328125
5.684948682785034
5.537859916687012
5.493504762649536
5.584073781967163
5.542823791503906
5.801605701446533
5.712316036224365
5.509860038757324
5.452738523483276
5.557560205459595
5.746557712554932
5.552281618118286
5.548880100250244
5.549848318099976
5.43416953086853
5.517846345901489
5.566735744476318
5.6009814739227295
5.5013134479522705
5.6119208335876465
5.367629289627075
5.476519584655762
5.476831674575806
5.523531198501587
5.5999836921691895
5.335329055786133
5.354679584503174
5.759129524230957
5.970221042633057
5.4516921043396
5.568306922912598
5.525658130645752
5.690591335296631
5.775711297988892
5.440262794494629
5.46858811378479
5.58333683013916
5.558825731277466
5.637930393218994
5.479367733001709
5.449665307998657
5.319532155990601
5.520224332809448
5.724274635314941
5.541699409484863
5.60929274559021
5.554910898208618
5.834431886672974
5.727186679840088
5.655947208404541
5.478792667388916
5.576802730560303
5.911726236343384
5.678627014160156
5.806237697601318
5.569692611694336
5.602543830871582
5.7128987312316895
5.5351786613464355
5.532782316207886
5.891009569168091
5.695632696151733
5.481725692749023
5.5659544467926025
5.704708099365234
5.724966287612915
5.469144344329834
5.5830466747283936
5.463268518447876
5.433090448379517
5.399138689041138
5.531641960144043
5.579199552536011
5.4862658977508545
5.599645376205444
5.75090217590332
5.514183282852173
5.724825382232666
5.404597997665405
5.636617183685303
5.68138575553894
5.810198068618774
5.49889349937439
5.621986150741577
5.524035453796387
5.499744415283203
5.516740322113037
5.390478134155273
5.417389154434204
5.692915916442871
5.919150114059448
5.677141904830933
5.609795570373535
5.496256589889526
5.478277921676636
5.8961181640625
5.4423828125
5.494490623474121
5.482104063034058
5.605779647827148
5.590347051620483
5.6048424243927
5.709493160247803
5.382675886154175
5.459583044052124
5.560683488845825
5.259923219680786
5.45400333404541
5.664851665496826
5.618330240249634
5.574554443359375
5.52667236328125
5.765252590179443
5.3476951122283936
5.465307950973511
5.523253917694092
5.662371635437012
5.544161558151245
5.421477317810059
5.5628180503845215
5.845947265625
5.629504919052124
5.4474499225616455
5.565911293029785
5.641868352890015
5.780743598937988
5.9513840675354
5.5087738037109375
5.46561074256897
5.405781030654907
5.5936737060546875
5.50281548500061
5.534761190414429
5.741214752197266
5.605640649795532
5.433601140975952
5.539648771286011
5.442009925842285
5.662562131881714
5.697071552276611
5.724445104598999
5.454433917999268
5.465634107589722
5.526564836502075
5.722008228302002
5.965196132659912
5.57084321975708
5.412516355514526
5.38667893409729
5.625711917877197
5.455438137054443
5.5276594161987305
5.439098834991455
5.66965389251709
5.679807662963867
5.6618616580963135
5.655267000198364
5.494101524353027
5.833533525466919
5.952541828155518
5.4387147426605225
5.505572319030762
5.635619878768921
5.917381763458252
5.635762453079224
6.009244918823242
5.605156183242798
5.554871082305908
5.449069499969482
5.432948112487793
5.773168087005615
5.871840953826904
5.711946249008179
5.508314847946167
5.525696754455566
5.359604120254517
5.39508318901062
5.689871788024902
5.59382176399231
5.454706430435181
5.532167196273804
5.557696104049683
5.371109485626221
5.744440078735352
5.8783769607543945
5.562364816665649
5.35052490234375
5.4626147747039795
5.564503908157349
5.538083553314209
5.545844793319702
5.683912515640259
5.487366199493408
5.534747362136841
5.412658929824829
5.759404182434082
5.467208623886108
5.508015155792236
5.370948791503906
5.505065441131592
5.539437532424927
5.978602886199951
5.70141339302063
5.449087142944336
5.497739553451538
5.470728397369385
5.771936893463135
5.617189168930054
5.506222486495972
5.354454278945923
5.499175786972046
5.69081449508667
5.538014888763428
5.639558553695679
5.75684380531311
5.750375986099243
5.342156887054443
5.4500439167022705
5.452289342880249
5.346247911453247
6.028360843658447
5.535740852355957
5.418158531188965
5.625280141830444
5.424508810043335
5.4734978675842285
5.431589603424072
5.412049055099487
5.361323356628418
5.861606597900391
5.714311361312866
5.591573476791382
5.689487457275391
5.495797634124756
5.551105976104736
5.597301721572876
5.700472593307495
5.561085939407349
5.476318359375
5.5271830558776855
6.026359558105469
5.554724454879761
5.7173614501953125
5.635308742523193
5.590526342391968
5.509677171707153
5.500227689743042
5.619868516921997
5.6296470165252686
5.387593984603882
5.5646374225616455
5.433514595031738
5.567225217819214
5.670695543289185
5.559304714202881
5.665545463562012
5.448473691940308
5.553796768188477
5.246081113815308
5.74989128112793
5.6611762046813965
5.4533257484436035
5.538723468780518
5.3674445152282715
5.876213550567627
5.7232232093811035
5.66449236869812
5.501603364944458
5.493151903152466
5.581688165664673
5.414642333984375
5.471646547317505
5.285197734832764
5.493225812911987
5.509264230728149
5.430612325668335
5.526184320449829
5.852853059768677
5.4399800300598145
5.381417274475098
5.483519554138184
5.511053800582886
5.705358266830444
5.4903764724731445
5.560762405395508
5.358036279678345
5.776594161987305
6.195533752441406
5.825700521469116
5.400446891784668
5.507824182510376
5.476649761199951
5.4941630363464355
5.776321887969971
5.6442108154296875
5.469399452209473
5.3368306159973145
5.4700963497161865
5.625834941864014
5.653797388076782
5.700873851776123
5.466642618179321
5.4000208377838135
5.451590299606323
5.591640949249268
5.612001180648804
5.678836345672607
5.573134899139404
5.490908861160278
5.439751863479614
5.601176023483276
5.60765266418457
5.472141265869141
5.808574676513672
5.587681531906128
5.44568395614624
5.421781063079834
5.585295915603638
5.920857667922974
5.8608245849609375
5.3609137535095215
5.477472543716431
5.46651816368103
5.7514073848724365
5.914039611816406
5.685332298278809
5.395312070846558
5.378900051116943
5.54762077331543
5.876089096069336
5.501634836196899
5.533194541931152
5.534052610397339
5.440307855606079
5.610015869140625
5.437511444091797
5.737307071685791
5.532824277877808
5.6527228355407715
5.593223333358765
5.464220285415649
5.412762403488159
5.517731666564941
5.549450397491455
5.6793434619903564
5.6235551834106445
5.6155784130096436
5.485261917114258
5.344268798828125
5.566729307174683
5.633398771286011
5.678150177001953
5.478921413421631
5.484809875488281
5.561848878860474
5.810432434082031
5.627793550491333
5.7287514209747314
5.361096143722534
5.448620796203613
5.648303270339966
5.634068250656128
5.4880616664886475
5.438897132873535
5.521533489227295
5.758311986923218
5.858562469482422
5.429119825363159
5.516120433807373
5.8158769607543945
5.784693479537964
5.562205791473389
5.630841016769409
5.5452635288238525
5.586147785186768
5.460054397583008
5.522690773010254
5.399571418762207
5.735271215438843
6.0297651290893555
5.361032247543335
5.559124946594238
5.411585807800293
5.411630630493164
5.7309534549713135
5.8083295822143555
5.664214372634888
5.411950349807739
5.458624362945557
5.70470929145813
5.7508790493011475
5.662177562713623
5.483351469039917
5.47071385383606
5.587207317352295
5.574353218078613
5.448325872421265
5.6017279624938965
5.721747159957886
5.414088249206543
5.738726615905762
5.660693883895874
5.630887269973755
5.447425842285156
5.458829164505005
5.645029067993164
5.732821464538574
5.334466934204102
5.79479455947876
5.491024971008301
5.4625959396362305
5.699798345565796
5.793698787689209
5.745014190673828
5.3630053997039795
5.581115007400513
5.493627548217773
5.6438658237457275
5.532832145690918
5.460681200027466
5.510633945465088
5.697845935821533
5.492336750030518
5.465586185455322
5.48654317855835
5.760254621505737
5.915604829788208
5.552584648132324
5.5221476554870605
5.425554275512695
5.635168790817261
5.553112745285034
5.452994108200073
5.586657285690308
5.837759017944336
5.717455148696899
5.612514972686768
5.512138366699219
5.383470058441162
5.711621046066284
5.905704498291016
5.777751684188843
5.526794672012329
5.499107837677002
5.466519117355347
5.752800703048706
5.742353439331055
5.654694318771362
5.561358690261841
5.436566352844238
5.673346042633057
5.702949047088623
5.551969051361084
5.464327812194824
5.480991363525391
5.478103160858154
5.6907219886779785
5.332983016967773
5.485969543457031
5.615663051605225
5.695742845535278
5.525629997253418
5.3614113330841064
5.664631605148315
5.506084442138672
5.266221523284912
5.358421802520752
5.7802228927612305
5.677353858947754
5.4406578540802
5.3995277881622314
5.516026496887207
6.152243375778198
6.140672922134399
5.568122386932373
5.64038610458374
5.398910760879517
5.49561882019043
5.490015745162964
5.645123720169067
5.628749847412109
5.534322023391724
5.590106964111328
5.449582815170288
6.110198736190796
5.8474156856536865
5.5245959758758545
5.524500370025635
5.447572469711304
5.531040191650391
5.367502212524414
5.602866172790527
5.5768632888793945
5.530092239379883
6.3008811473846436
5.7717812061309814
5.820061445236206
5.477572441101074
5.421705484390259
5.63517427444458
5.672096490859985
5.3691771030426025
5.571625232696533
5.718808650970459
5.965409517288208
5.689568042755127
5.497765064239502
5.4223291873931885
5.589364528656006
5.423918724060059
5.619661092758179
5.601148366928101
5.911097049713135
5.5476977825164795
5.4130699634552
5.843763828277588
5.689857721328735
5.445077419281006
5.536046743392944
5.41655158996582
5.719876766204834
6.032284259796143
5.5220136642456055
5.430243253707886
5.581890344619751
6.1832115650177
5.413778066635132
5.766661643981934
5.511024475097656
5.557835340499878
5.459975242614746
5.574069976806641
5.853326082229614
5.738107442855835
5.947649717330933
5.461265325546265
5.522145509719849
5.476232051849365
5.714064121246338
5.55511474609375
5.33591890335083
5.699802398681641
5.636777400970459
5.553502798080444
5.544288396835327
5.410444021224976
5.488006114959717
5.650449514389038
5.8254640102386475
5.701373338699341
5.536849737167358
5.4195237159729
5.503955602645874
6.269333600997925
5.793244361877441
5.488000869750977
5.389527797698975
5.75750470161438
5.489488840103149
5.725789308547974
5.681255578994751
5.430613040924072
5.421534538269043
5.7242021560668945
5.70391058921814
5.625247955322266
5.504637718200684
5.649561166763306
5.803196907043457
5.856576919555664
5.5044941902160645
5.4959716796875
5.387876510620117
5.807953357696533
5.787761688232422
5.638252019882202
5.488769292831421
5.570608377456665
5.497967720031738
5.528117656707764
5.686822414398193
5.698838710784912
5.6752495765686035
5.5700695514678955
5.75922703742981
5.487441778182983
5.564102411270142
5.448606729507446
5.48710560798645
5.586212396621704
5.535571575164795
5.790283679962158
5.704270839691162
5.640587091445923
6.175508975982666
6.030577659606934
5.941620826721191
5.587516784667969
5.590770244598389
5.463949680328369
6.153322458267212
6.1807897090911865
5.587606191635132
5.49859881401062
5.537031173706055
5.726842880249023
5.8366265296936035
5.831984043121338
5.585622549057007
5.515904903411865
5.851409673690796
5.770477771759033
5.704360008239746
5.6614038944244385
5.6270506381988525
5.610621690750122
5.574201822280884
5.548515558242798
5.629687309265137
5.36910343170166
5.901003360748291
6.009953498840332
5.390936851501465
5.598687410354614
5.357224464416504
5.591042518615723
5.695337772369385
5.789858818054199
5.491462707519531
5.74369478225708
5.940068483352661
5.605058908462524
5.509139776229858
5.683615446090698
5.738193988800049
5.6451029777526855
5.542875051498413
5.5016584396362305
5.729823350906372
5.797566890716553
5.4917802810668945
5.414432048797607
5.443180084228516
5.9088945388793945
6.057057619094849
5.597978353500366
5.556813478469849
5.441326141357422
5.593174934387207
5.541324615478516
5.700075626373291
5.5934224128723145
5.53397274017334
5.680952787399292
5.638458967208862
5.667423725128174
5.6402552127838135
5.515876531600952
5.417599439620972
5.401997089385986
6.228070259094238
5.750218391418457
5.438536167144775
5.641630172729492
6.1390540599823
5.913991212844849
5.763330459594727
5.744291305541992
5.6513261795043945
5.509156227111816
5.371519088745117
5.520532131195068
5.939456224441528
5.836242914199829
5.512030124664307
5.449429273605347
5.6013407707214355
5.62057900428772
5.687805652618408
5.5710344314575195
5.476449728012085
5.481999158859253
5.697372913360596
5.876214981079102
6.123465538024902
5.6146533489227295
5.734858274459839
5.476389646530151
5.367419719696045
5.803667783737183
6.112576484680176
5.816377401351929
5.516512632369995
5.675258159637451
5.694734811782837
5.489166021347046
5.780604839324951
5.765309572219849
5.761158466339111
5.4664812088012695
5.577364206314087
5.512693881988525
6.196000099182129
6.003720045089722
5.648235321044922
5.519841909408569
5.679866790771484
5.752562522888184
5.613333225250244
5.680655241012573
5.473968982696533
5.610804319381714
5.596107244491577
5.445775747299194
5.4414191246032715
5.686671018600464
5.56376838684082
5.684069871902466
5.806359052658081
5.499117612838745
5.61968731880188
5.700199842453003
6.10514760017395
5.813617944717407
5.702276945114136
5.4486243724823
5.531423091888428
5.662183523178101
5.658452033996582
5.750542163848877
5.795624017715454
5.600340366363525
5.48257303237915
5.53263258934021
5.817024230957031
6.060747385025024
5.571715593338013
5.599160671234131
5.666276931762695
5.786230802536011
5.5159010887146
5.7547996044158936
5.590092897415161
5.692241430282593
6.245233774185181
6.1497578620910645
5.618430137634277
5.527498722076416
5.663451433181763
5.749659776687622
5.777817964553833
5.5755579471588135
5.527664422988892
5.705190658569336
6.0169126987457275
5.7415611743927
5.680392265319824
5.648725748062134
5.522977828979492
5.487569332122803
5.438027620315552
5.860329866409302
5.896472215652466
5.964854001998901
5.520155906677246
5.511208772659302
5.418497323989868
5.826602935791016
5.9053919315338135
5.8323469161987305
5.68752646446228
5.494617223739624
5.528069972991943
5.510478973388672
5.6671671867370605
5.511860609054565
5.475421905517578
5.793458461761475
5.808426141738892
5.853774309158325
5.720720052719116
5.574387311935425
5.5101213455200195
5.567694425582886
5.598947048187256
5.828690528869629
5.57173228263855
5.429497480392456
5.592160701751709
6.037163019180298
5.95484733581543
5.728785037994385
5.601840972900391
5.594094753265381
5.627061128616333
5.376923322677612
5.776313304901123
5.849565505981445
5.562643527984619
5.444921970367432
6.091609001159668
5.846446990966797
5.445221185684204
5.354326009750366
5.450527191162109
5.494300603866577
5.564269065856934
5.7643492221832275
5.731537818908691
5.512551307678223
5.6570885181427
5.578315258026123
5.6000871658325195
5.398981809616089
5.441139459609985
5.760374307632446
5.908569097518921
5.581366777420044
5.664675712585449
5.433053493499756
5.661118030548096
5.7047648429870605
5.942325592041016
5.638577938079834
5.646057605743408
5.598198413848877
5.607760906219482
5.809985160827637
5.922605514526367
5.74742579460144
5.6505210399627686
5.709229469299316
5.369314432144165
5.507701396942139
5.726838827133179
5.776266574859619
5.612218141555786
5.412410736083984
5.448529243469238
5.858261823654175
5.845304250717163
5.511590242385864
5.4920654296875
5.8459553718566895
5.771889686584473
5.463038921356201
5.6029698848724365
5.590556383132935
5.695971488952637
6.177314281463623
5.691208124160767
5.919280767440796
6.095012664794922
5.661245822906494
5.710654020309448
5.585645914077759
5.666076421737671
5.493680953979492
5.561659574508667
5.536644220352173
5.524684429168701
5.754753112792969
5.979516983032227
5.829476356506348
5.6064019203186035
5.717321157455444
5.6772401332855225
5.4424355030059814
5.319479703903198
5.622370719909668
5.723154306411743
5.705157518386841
5.480740308761597
5.615032196044922
5.6377949714660645
5.630627155303955
5.618175029754639
5.571866750717163
5.503942489624023
5.842235326766968
6.0422585010528564
5.852458238601685
5.6383819580078125
5.71727991104126
5.49836802482605
5.706420421600342
5.5453338623046875
5.516196250915527
5.4714272022247314
5.877956390380859
5.807640314102173
5.5903894901275635
5.438883066177368
5.9705352783203125
5.831423759460449
5.85264778137207
5.536128997802734
5.645696640014648
5.368966102600098
5.322394132614136
5.431255102157593
5.875894784927368
5.557674407958984
5.569718360900879
5.709293603897095
5.658871173858643
5.660637855529785
5.445258140563965
5.640107870101929
5.945941925048828
5.982020378112793
5.721265077590942
5.685109376907349
5.43374228477478
5.557024955749512
5.916983604431152
5.818507671356201
5.449018716812134
5.4596734046936035
5.519630432128906
5.71463680267334
6.122170686721802
5.735268592834473
5.540048360824585
5.67390513420105
5.545660972595215
5.794205665588379
5.8411946296691895
5.798523664474487
5.747599840164185
5.402437210083008
5.530029296875
5.623308420181274
5.573724985122681
6.1028125286102295
6.07607889175415
5.552490949630737
5.55886173248291
5.464535236358643
5.431994915008545
5.587903261184692
5.804220199584961
5.940500020980835
5.574981927871704
5.600151538848877
5.555681943893433
5.483662366867065
5.587758779525757
6.02041482925415
5.942279577255249
5.6218321323394775
5.580584526062012
5.330613136291504
5.667800188064575
5.795261383056641
5.48992657661438
5.7422685623168945
5.617065906524658
5.56455397605896
5.627212047576904
5.533450603485107
5.443049430847168
5.623403310775757
5.732720851898193
5.960975885391235
5.707752704620361
5.50385594367981
5.444883108139038
5.624133586883545
5.57811164855957
5.667120695114136
5.830361843109131
6.104660749435425
5.833150148391724
5.726718187332153
5.6001598834991455
5.4499123096466064
5.417490720748901
5.860942125320435
5.970926284790039
5.79542088508606
5.5390944480896
5.458357810974121
5.416014194488525
5.915388822555542
6.079124927520752
5.614042043685913
5.703475475311279
5.385791540145874
5.596696376800537
5.576419830322266
5.555336952209473
5.4594831466674805
5.505565404891968
5.507611989974976
5.877848863601685
5.778337478637695
5.560506820678711
5.463911771774292
5.504421710968018
5.974186420440674
6.034483194351196
5.8478169441223145
5.570938348770142
5.735679388046265
5.558624029159546
5.491063594818115
5.762050628662109
5.803738594055176
5.63522481918335
5.602989912033081
5.474525451660156
5.559577703475952
6.035783529281616
5.788140058517456
5.869837284088135
5.548501253128052
5.4964258670806885
5.648632526397705
5.758159637451172
5.6972761154174805
5.650620460510254
5.771783828735352
5.650679111480713
5.529626846313477
5.6206324100494385
5.661319255828857
5.3608338832855225
5.435889482498169
5.63168478012085
5.75134015083313
5.626028537750244
5.436914443969727
5.730541944503784
5.575212240219116
5.650768280029297
5.664430379867554
5.6508262157440186
5.476558208465576
5.6452414989471436
5.731825828552246
5.836807012557983
5.99507474899292
5.343014240264893
5.50049901008606
5.536970376968384
5.961284160614014
5.646087408065796
5.6747589111328125
5.5029456615448
5.400935173034668
5.922772645950317
5.933588027954102
5.761811256408691
5.5197319984436035
5.591323137283325
5.523566484451294
5.607698440551758
5.710951805114746
5.54353141784668
5.62418270111084
5.961385488510132
5.574029922485352
5.7758471965789795
5.5780394077301025
5.6360461711883545
5.654475927352905
6.147958993911743
5.917842388153076
5.761840343475342
5.691817283630371
5.548273801803589
6.014909029006958
6.178677082061768
5.63116455078125
5.63502836227417
5.445120811462402
5.477521896362305
5.659369468688965
5.760568618774414
5.449215412139893
5.455540180206299
5.84758996963501
6.086628198623657
5.723211765289307
5.7663421630859375
5.579539775848389
5.5149946212768555
5.527490139007568
5.752455711364746
5.896066427230835
5.497551441192627
5.50407338142395
5.605552673339844
5.979994773864746
5.758786678314209
5.4951112270355225
5.667079925537109
6.053705453872681
6.0530500411987305
5.527449131011963
5.596519470214844
5.413446664810181
5.583509683609009
5.7062273025512695
5.981141805648804
5.908307790756226
5.674137115478516
5.398955345153809
5.619852066040039
5.974941968917847
6.254061698913574
5.638431549072266
5.628490447998047
5.507706880569458
5.666982650756836
5.621814489364624
5.433005094528198
5.461463689804077
5.6110827922821045
5.6003265380859375
5.691771030426025
5.388447284698486
5.505321741104126
5.723796606063843
5.8458616733551025
5.86909556388855
5.776691675186157
5.695820331573486
5.451313495635986
5.468723297119141
5.775745391845703
5.67492413520813
5.699600696563721
5.709632873535156
5.420231580734253
5.821343183517456
5.959462404251099
5.802729606628418
5.609463214874268
5.421320676803589
5.661056995391846
6.215651273727417
6.238711357116699
5.721248149871826
5.748733997344971
5.669696092605591
5.5209739208221436
5.667071342468262
5.629047155380249
5.693767547607422
5.385175704956055
5.618610143661499
5.9315714836120605
5.270795583724976
5.8049376010894775
5.859304904937744
5.993331432342529
5.429445266723633
5.639070272445679
5.681396961212158
5.702330112457275
5.693079233169556
5.457316875457764
5.524514436721802
5.747846364974976
6.1280293464660645
6.103893995285034
5.680208444595337
5.512361764907837
5.637585639953613
5.659184455871582
6.371111154556274
5.9170520305633545
5.661932945251465
5.7672882080078125
5.791812419891357
5.686275005340576
5.567275762557983
5.460005521774292
5.6660542488098145
5.631611585617065
5.464007616043091
5.746057987213135
5.759766340255737
5.8706114292144775
6.036405086517334
5.636605739593506
5.570488691329956
5.711231470108032
5.740054368972778
5.618592262268066
5.694838285446167
5.673438549041748
5.665276288986206
5.648604154586792
5.655266523361206
5.759938478469849
5.63813328742981
5.696736574172974
5.5955305099487305
5.775573968887329
5.7465057373046875
5.670376777648926
5.737065315246582
5.7253618240356445
5.776504755020142
5.6152119636535645
5.627178907394409
5.762251853942871
5.988872528076172
5.84111762046814
5.910823345184326
5.762183427810669
5.6655967235565186
5.652463674545288
5.7537314891815186
5.624841928482056
6.036661386489868
5.80271577835083
5.726662635803223
5.739558935165405
5.695087909698486
5.594357490539551
5.781803846359253
5.605120897293091
5.734365940093994
5.694088459014893
5.735417604446411
5.787593603134155
5.691637754440308
5.707018136978149
5.717573881149292
5.790130138397217
5.679244518280029
5.744632959365845
6.075343370437622
5.703148603439331
5.679197788238525
5.539128065109253
5.776655912399292
5.710901737213135
5.637217283248901
5.631430149078369
5.6119208335876465
5.6227662563323975
5.740086555480957
5.761559724807739
5.581158399581909
5.656308650970459
5.583252668380737
5.659609794616699
5.610649108886719
5.67020058631897
5.545957088470459
5.605999946594238
5.656001329421997
5.536285877227783
5.631574630737305
5.6561503410339355
5.455904483795166
5.667979001998901
5.738231658935547
5.764275789260864
5.836475610733032
5.5829758644104
5.6033759117126465
5.692706346511841
5.764201402664185
5.641799688339233
5.803696155548096
5.70119571685791
5.698113918304443
5.791336297988892
5.574902534484863
5.6055238246917725
5.670607328414917
5.5772247314453125
5.556705951690674
5.617139101028442
5.664045095443726
5.764483690261841
5.735071897506714
5.6168458461761475
5.712394952774048
5.718876361846924
5.720623254776001
5.58747935295105
5.615003347396851
5.582634925842285
5.508476972579956
5.683150768280029
5.575212001800537
5.65737771987915
5.682160377502441
5.494473457336426
5.4613447189331055
5.488183259963989
5.743710041046143
5.771855592727661
5.7096381187438965
5.732379913330078
5.8181774616241455
5.442891597747803
5.384739875793457
5.623492002487183
5.6026551723480225
5.503031969070435
5.600403785705566
5.790879011154175
5.59956693649292
5.571593999862671
5.565380096435547
5.696321964263916
5.5948405265808105
5.588702917098999
5.729005336761475
5.561524868011475
5.756317377090454
5.572614908218384
5.710110425949097
5.695608139038086
5.787985563278198
5.594549179077148
5.648160934448242
5.715177536010742
5.56003737449646
5.663962364196777
5.805070638656616
5.774740219116211
5.818737506866455
5.562096357345581
5.56794810295105
5.697110176086426
5.7166054248809814
5.668577432632446
6.057212591171265
5.907564163208008
5.990117073059082
5.918928384780884
5.741230010986328
5.736390829086304
5.751205921173096
5.60914158821106
5.65610671043396
5.709105014801025
5.7492358684539795
5.683500528335571
5.77497935295105
5.657980442047119
5.620644569396973
5.752819299697876
5.580050706863403
5.648401737213135
5.570268392562866
5.736137866973877
5.587023496627808
5.7581164836883545
5.52204966545105
5.748127460479736
5.881173610687256
5.586167812347412
5.875117063522339
5.820157289505005
5.705384731292725
5.656585216522217
5.572100400924683
5.644712448120117
5.6781840324401855
5.5919389724731445
5.552114248275757
5.6721272468566895
5.714637279510498
5.564014434814453
5.682870864868164
5.589633464813232
5.529561758041382
5.854653835296631
5.684637546539307
5.556329727172852
5.503041744232178
5.772266864776611
5.6566853523254395
5.635152816772461
5.78496241569519
5.706951856613159
5.671738862991333
5.667763710021973
5.59890079498291
5.529051303863525
5.674701929092407
5.512643814086914
5.624585151672363
5.654510498046875
5.660879611968994
5.785573959350586
5.7346460819244385
5.495175838470459
5.589009046554565
5.654393196105957
5.719435214996338
5.750802040100098
5.703077077865601
5.789866924285889
5.677180767059326
5.692343473434448
5.701736688613892
5.628268003463745
5.716363906860352
5.615837812423706
5.679713487625122
5.606975078582764
5.45944356918335
5.656705617904663
5.72411847114563
5.677708864212036
5.632028579711914
5.646164417266846
5.650771617889404
5.61101222038269
5.688196420669556
5.5450756549835205
5.984946012496948
5.760979890823364
5.680619716644287
5.779650688171387
5.801067113876343
5.6343677043914795
5.693258047103882
5.636252164840698
5.74029016494751
5.66432785987854
5.764726638793945
5.756143093109131
5.992237567901611
5.750420093536377
5.678095817565918
5.778226852416992
5.709440469741821
5.802718639373779
5.6524977684021
5.609007358551025
5.617618560791016
5.629969835281372
5.698188781738281
5.729629755020142
5.567478656768799
5.529387950897217
5.638240098953247
5.589231967926025
5.623001575469971
5.5438454151153564
5.630771160125732
5.689125299453735
5.606840133666992
5.639116048812866
5.576623916625977
5.781231880187988
5.706754207611084
5.698285818099976
5.706232070922852
5.664529085159302
5.6381752490997314
5.813168287277222
5.650063753128052
5.789726257324219
5.636176824569702
5.66516637802124
5.647738218307495
5.741925239562988
5.602831602096558
5.6731791496276855
5.894631624221802
5.910602331161499
5.724744081497192
5.595621347427368
5.724396705627441
5.571972370147705
5.638227224349976
5.584617853164673
5.690643548965454
5.694165229797363
5.7002739906311035
5.690293073654175
5.6661293506622314
5.708661079406738
5.580281734466553
5.674791097640991
5.732063293457031
5.637660503387451
5.612131118774414
5.599597454071045
5.532406330108643
5.637655973434448
5.6710991859436035
5.705643653869629
5.726677894592285
5.552420616149902
5.600759506225586
5.621334552764893
5.644000053405762
5.715926647186279
5.534929037094116
5.755729675292969
5.696137189865112
5.639606237411499
5.7347412109375
5.7037787437438965
5.587661027908325
5.649610996246338
5.59456205368042
5.630659341812134
5.813337087631226
5.634750604629517
5.824348449707031
5.7006402015686035
5.711851358413696
6.056640386581421
5.767180919647217
5.717157363891602
5.771685838699341
5.621213674545288
5.602476119995117
5.694641828536987
6.246384859085083
5.9934914112091064
5.8475518226623535
5.971168518066406
5.708782196044922
5.6646130084991455
5.711743116378784
5.617211580276489
5.625433444976807
5.558518409729004
5.512378692626953
5.678449630737305
5.781318664550781
5.672765731811523
5.5694496631622314
5.604443550109863
5.689223289489746
5.561713218688965
5.76915979385376
5.58158278465271
5.769191741943359
5.724884510040283
5.711865663528442
5.6727375984191895
5.6850502490997314
5.614964246749878
5.812443733215332
5.625173568725586
5.637609004974365
5.621570587158203
5.659227132797241
5.655860662460327
5.80960750579834
5.6782732009887695
5.642668962478638
5.656189441680908
5.729335069656372
5.659592390060425
5.589476585388184
5.69206166267395
5.5902509689331055
5.759318590164185
5.666668176651001
5.774147272109985
5.680200099945068
5.599873304367065
5.703135013580322
5.668006658554077
5.674997568130493
5.627760648727417
5.75392484664917
5.6268346309661865
5.658793687820435
5.621484756469727
5.772708177566528
5.714092254638672
5.658183574676514
5.572924852371216
5.491914987564087
5.637666940689087
5.57050085067749
5.695650577545166
5.638551950454712
5.9833149909973145
5.635936737060547
5.738152027130127
5.7391650676727295
5.658538579940796
5.696158409118652
5.73774266242981
5.655566692352295
5.7146265506744385
5.730844020843506
5.499760389328003
5.6656811237335205
5.659601211547852
5.7984302043914795
5.560671091079712
5.657244443893433
5.585601091384888
5.893860340118408
5.999023914337158
5.929215908050537
5.748141527175903
5.638667345046997
5.656740188598633
5.6832592487335205
5.767418384552002
5.694169044494629
5.671574115753174
5.768234968185425
5.794525623321533
5.742490291595459
5.609022378921509
5.802604913711548
5.56233549118042
5.707565784454346
5.621584177017212
5.636040687561035
5.773942470550537
5.681995153427124
5.674241304397583
5.742494344711304
5.7444164752960205
5.770616292953491
5.542609930038452
5.803625583648682
5.637383937835693
5.663064241409302
5.619114637374878
5.6681201457977295
5.675694942474365
5.80635142326355
5.673192739486694
5.610991716384888
5.684677839279175
5.718628644943237
5.663554430007935
5.589028358459473
5.629137754440308
5.753759860992432
5.750148057937622
5.631925821304321
5.633699178695679
5.6335365772247314
5.697652101516724
5.68969988822937
5.722841024398804
5.693520545959473
5.640676259994507
5.7457287311553955
5.791723012924194
5.639875173568726
5.839839458465576
5.7434751987457275
5.485906362533569
5.7205491065979
5.903362274169922
5.555511951446533
5.704712867736816
5.55718469619751
5.468703269958496
5.504641771316528
5.79416298866272
5.889946222305298
5.653812885284424
5.573144912719727
5.83811354637146
5.768416404724121
5.798068284988403
5.838856220245361
5.705389499664307
5.660109519958496
5.648239612579346
5.631385087966919
5.609547138214111
5.873235702514648
5.774145126342773
5.507759094238281
5.656747579574585
5.526546478271484
5.822256326675415
5.585633993148804
5.798272132873535
5.853574991226196
5.524948835372925
5.639527082443237
5.825835227966309
5.826317071914673
5.834789514541626
5.839808702468872
5.7545859813690186
5.520956039428711
5.579516887664795
5.82273268699646
5.957582473754883
5.675477981567383
5.638742208480835
5.6031248569488525
6.087016344070435
5.894789934158325
5.653667449951172
5.653789281845093
5.608237981796265
5.69731068611145
5.598187685012817
5.671642303466797
5.927663803100586
5.797806978225708
5.440994739532471
5.687945127487183
5.572603464126587
5.833770990371704
5.671090841293335
5.753217935562134
5.785806894302368
5.728270530700684
5.4924445152282715
5.599816560745239
5.791828155517578
5.983464479446411
5.822708368301392
5.572598934173584
5.481590032577515
5.832895278930664
6.009658575057983
5.71287202835083
5.70197868347168
5.741596937179565
5.514571666717529
5.544301509857178
5.552661180496216
5.714632749557495
5.8273186683654785
5.434248924255371
5.523927211761475
5.809892654418945
5.443694353103638
5.571833610534668
5.759620904922485
5.8316521644592285
5.515170574188232
5.566436052322388
5.816753149032593
5.488083600997925
5.585497856140137
5.776324033737183
5.890276908874512
5.584309101104736
5.559961795806885
5.558951377868652
5.434234619140625
5.816271543502808
5.666634559631348
5.844967603683472
5.5156543254852295
5.5008580684661865
5.741175889968872
5.625613212585449
5.686964750289917
5.977306365966797
5.80155086517334
5.740260601043701
5.687967538833618
5.469428777694702
5.530289888381958
5.955448627471924
5.897643566131592
5.720233917236328
5.633908748626709
5.682932376861572
5.510907411575317
5.596073865890503
5.717545032501221
5.8008081912994385
5.41937255859375
5.673008680343628
5.857935667037964
6.019083738327026
5.757760047912598
5.636089563369751
5.550262689590454
5.9306511878967285
6.0639379024505615
5.696218252182007
5.619730472564697
5.646100282669067
5.594896078109741
5.842952013015747
5.850802183151245
5.7445387840271
5.783048629760742
5.81799578666687
5.67474627494812
5.525204420089722
5.578322887420654
5.971403360366821
6.021081447601318
5.509055852890015
5.483464479446411
5.842117786407471
6.253517150878906
5.935062646865845
5.665226221084595
5.54239296913147
5.598212242126465
5.832709312438965
5.637584447860718
5.7738776206970215
5.632426977157593
5.523984670639038
5.755387783050537
5.65859055519104
5.564069986343384
5.612858295440674
5.55607271194458
5.839975118637085
5.5429627895355225
5.6761860847473145
5.539661407470703
5.752732992172241
5.630110025405884
5.669439315795898
5.7136383056640625
5.967700958251953
5.6237077713012695
5.484172105789185
5.411386489868164
5.665208578109741
5.806913614273071
5.963226079940796
5.758668661117554
5.488003730773926
5.580625534057617
5.823129892349243
5.886912822723389
5.72240686416626
5.465997219085693
5.55929970741272
5.4314727783203125
5.9163007736206055
5.63095498085022
5.566730499267578
5.531064510345459
5.901296854019165
5.589634418487549
5.97046971321106
5.773606300354004
5.599266767501831
5.5901219844818115
5.711817502975464
5.79273533821106
5.520507335662842
5.797468423843384
5.626948833465576
5.6214799880981445
5.833916902542114
5.5460662841796875
5.843775510787964
5.629666328430176
5.588093519210815
5.508833169937134
5.699172019958496
5.730231285095215
5.6025261878967285
5.91161322593689
5.7697083950042725
5.4784204959869385
5.515344619750977
5.765844821929932
5.829649925231934
5.795184373855591
5.747406005859375
5.474299907684326
5.502855539321899
5.784206390380859
5.832170009613037
5.690603733062744
5.5012946128845215
5.846575498580933
5.7350263595581055
5.487600564956665
5.77613091468811
5.7729716300964355
5.500142574310303
5.683135986328125
5.705212116241455
5.625406980514526
5.7321014404296875
5.5809714794158936
5.584608316421509
5.541475772857666
6.039537668228149
5.854333162307739
5.647954940795898
5.669851064682007
5.539571046829224
6.007743835449219
6.0765602588653564
5.569012641906738
5.4171059131622314
5.575923442840576
5.543749809265137
5.552964210510254
5.606746196746826
5.872803211212158
5.714685678482056
5.558668613433838
5.614632606506348
5.838859796524048
5.755606651306152
5.639014959335327
5.6612536907196045
5.767731428146362
5.53178071975708
5.500080108642578
5.75039005279541
5.85071587562561
5.92639422416687
5.499107599258423
5.560161352157593
5.595117568969727
5.841768980026245
5.732801675796509
5.412487983703613
5.530060768127441
5.680713176727295
5.44682240486145
5.3834028244018555
5.800818681716919
5.636343955993652
5.5777435302734375
5.8141374588012695
5.832550048828125
5.4641008377075195
5.591079950332642
5.871747732162476
5.831924200057983
5.756408929824829
5.7297282218933105
5.767806768417358
5.612695217132568
5.869717836380005
5.797950267791748
5.5232884883880615
5.614577531814575
5.811126232147217
5.580334186553955
5.5886218547821045
5.79171085357666
5.892023086547852
5.5083277225494385
5.619036674499512
5.771215438842773
5.886303901672363
5.599664688110352
5.723502159118652
5.745076656341553
5.599829912185669
5.685379505157471
5.779798746109009
6.055077075958252
5.517690896987915
5.588637113571167
5.660161256790161
5.72540283203125
6.020360946655273
5.80234169960022
5.666675329208374
5.660998821258545
5.530242443084717
5.913750410079956
5.8541131019592285
5.857213735580444
5.690186500549316
5.527441740036011
5.914511203765869
5.825395345687866
5.767024993896484
5.767017602920532
5.601979970932007
5.496470212936401
5.7825608253479
5.948227167129517
5.738062381744385
5.487266302108765
5.339203119277954
5.858853578567505
5.918974876403809
5.7511303424835205
5.770389795303345
5.499517440795898
5.608466863632202
5.71778678894043
5.946863889694214
5.743819236755371
5.727522373199463
5.757218837738037
5.536954641342163
5.5903778076171875
5.618185997009277
6.013370990753174
6.283020973205566
6.01255464553833
