Timing log for each step:
0.028024673461914062
10.27288818359375
10.165371894836426
10.158845663070679
10.25828742980957
10.280968427658081
10.320618152618408
10.63982343673706
10.426770687103271
10.383478879928589
10.228971242904663
10.350089311599731
10.335830211639404
10.34423279762268
10.407103300094604
10.291446685791016
10.455384731292725
10.449920654296875
10.28486180305481
10.303066730499268
10.362107992172241
10.287258863449097
10.438773155212402
10.303520917892456
10.519225597381592
10.448915719985962
10.551102638244629
10.533776760101318
10.431292533874512
10.557855367660522
10.377931118011475
10.488902568817139
10.429861783981323
10.493604183197021
10.479375123977661
10.463531970977783
10.681902885437012
10.53244137763977
10.623652935028076
10.519798040390015
10.501583099365234
10.522231340408325
10.475557327270508
10.522473335266113
10.417661905288696
10.196666955947876
10.612574815750122
10.633938074111938
10.061593532562256
10.542428731918335
10.429864406585693
9.997800588607788
10.473612070083618
10.274657487869263
10.661422491073608
9.804345846176147
10.503077745437622
10.533072710037231
10.208466053009033
10.599692344665527
10.494953155517578
10.25902533531189
10.161869525909424
10.01008415222168
10.119317293167114
10.055886507034302
10.126906633377075
10.186764001846313
10.143795251846313
9.722605228424072
9.581024169921875
9.652151346206665
9.687323093414307
9.58804440498352
9.74971055984497
9.380972146987915
9.580848693847656
9.688532590866089
9.585920810699463
9.580580949783325
9.61274766921997
9.604770183563232
9.53547739982605
9.425013065338135
9.503856658935547
9.582083702087402
9.540859699249268
9.510946273803711
9.518096208572388
9.501875877380371
9.61973786354065
9.618484258651733
9.61338496208191
9.456490278244019
9.553502559661865
9.509895086288452
9.67373275756836
9.559614896774292
9.641064405441284
9.504608869552612
9.714864492416382
9.68512511253357
9.597705602645874
9.470530271530151
9.582004070281982
9.533588886260986
9.542374610900879
9.41236686706543
9.54157018661499
9.61642837524414
9.554129838943481
9.508379936218262
9.566531419754028
9.699743270874023
9.539318561553955
9.611080646514893
9.698645114898682
9.652403831481934
9.614380598068237
9.581611156463623
9.535612106323242
9.511826038360596
9.501747131347656
9.579790115356445
9.548035144805908
9.51310420036316
9.621086359024048
9.48506474494934
9.730823278427124
9.654991626739502
9.68773102760315
9.458095788955688
9.5273916721344
9.484970808029175
9.613821983337402
9.669828414916992
9.508965969085693
9.694811582565308
9.574628353118896
9.994699001312256
10.238409280776978
10.173162460327148
9.48634147644043
9.791418313980103
9.499261140823364
9.693244218826294
9.65398120880127
9.48214054107666
9.620821237564087
9.547068119049072
9.594671726226807
9.929799318313599
9.706684350967407
9.518514156341553
9.413815975189209
9.461945533752441
9.489075899124146
9.309794664382935
9.286680221557617
9.449813604354858
9.576452255249023
9.45292353630066
9.206594705581665
9.372648000717163
9.340556621551514
9.480111598968506
9.356293678283691
9.429507732391357
9.148181438446045
9.387200593948364
9.415257692337036
9.301369667053223
9.359130620956421
9.32015872001648
9.307357788085938
9.342307806015015
9.334993600845337
9.298089265823364
9.335923433303833
9.402988195419312
9.388649463653564
9.31756854057312
9.390110969543457
9.258346319198608
9.322646617889404
9.315802335739136
9.393573522567749
9.393228769302368
9.337539434432983
9.292771816253662
9.380895853042603
9.29184365272522
9.34447956085205
9.459575414657593
9.376283168792725
9.501135110855103
9.348716259002686
9.368983745574951
9.324464797973633
9.231270551681519
9.464226722717285
9.23757815361023
9.30857515335083
9.342895030975342
9.359189510345459
9.290791988372803
9.37831711769104
9.35550832748413
9.403818368911743
9.352767944335938
9.387994289398193
9.629433631896973
9.345902681350708
9.50149130821228
9.390748262405396
9.387239694595337
9.404199361801147
9.687737703323364
9.505646467208862
9.389204025268555
9.404411792755127
9.376910209655762
9.336835861206055
9.32489562034607
9.37681269645691
9.461146116256714
9.336634874343872
9.43427062034607
9.391210317611694
9.303942203521729
9.439390659332275
9.423206567764282
9.348344802856445
9.454523086547852
9.475539445877075
9.288388967514038
9.457935571670532
9.426520824432373
9.374227046966553
9.353576183319092
9.238485097885132
9.359057188034058
9.444807529449463
9.331670045852661
9.454486608505249
10.032633543014526
10.07027292251587
10.03657865524292
9.925047159194946
10.02977180480957
10.008986234664917
10.19202446937561
10.03736400604248
10.170813083648682
10.113351106643677
10.547252178192139
10.773170709609985
10.636304378509521
10.639239311218262
10.81008243560791
10.723163843154907
10.685151100158691
10.749237060546875
10.913360834121704
10.641510486602783
10.80263638496399
10.813121795654297
10.37065052986145
