Timing log for each step:
0.011012554168701172
10.32580280303955
10.164966344833374
10.010804653167725
10.189979076385498
10.181352853775024
10.138797998428345
9.999569416046143
10.342291831970215
10.166717052459717
10.208234786987305
10.150991678237915
10.20922327041626
10.25852346420288
10.164531230926514
10.115435123443604
10.252099514007568
10.290794134140015
10.296747207641602
10.161141633987427
10.357483625411987
10.124151706695557
10.201429605484009
10.310666799545288
10.151294231414795
10.12527847290039
10.23834490776062
10.343517541885376
10.34932827949524
10.305060863494873
10.210081338882446
10.335446119308472
10.345073223114014
10.331025838851929
9.701412677764893
10.277293920516968
10.298259258270264
9.888942956924438
10.304896593093872
10.34488320350647
10.269480228424072
10.3084876537323
10.149438619613647
10.179358005523682
9.617033958435059
10.223386287689209
9.879671812057495
9.789677619934082
9.784169435501099
9.812410116195679
10.003151893615723
9.911707639694214
9.80985164642334
9.942067861557007
9.9165940284729
10.002155780792236
9.844938516616821
9.863830089569092
9.883071899414062
9.765398263931274
9.842156171798706
9.825724363327026
9.775157928466797
9.804849624633789
9.809015274047852
9.850289344787598
9.713649272918701
9.771727561950684
9.547911167144775
9.70709228515625
9.879914283752441
9.65903091430664
9.664970397949219
9.520180940628052
9.40470004081726
9.537503480911255
9.284135341644287
9.479378938674927
9.372817277908325
9.500840187072754
9.399662017822266
9.356054782867432
9.470550298690796
9.4933443069458
9.595231056213379
9.423629999160767
9.535657405853271
9.459981918334961
9.523346424102783
9.506377220153809
9.535109519958496
9.655073881149292
9.59058666229248
9.625452280044556
9.50280213356018
9.473923683166504
9.289469242095947
9.461605548858643
9.405737400054932
9.574807405471802
9.404064655303955
9.470799684524536
9.527699947357178
9.424484968185425
9.516123294830322
9.309776306152344
9.488135814666748
9.252743244171143
9.280290365219116
9.213579893112183
9.23994493484497
9.261451721191406
9.211085557937622
9.047903060913086
9.197235822677612
9.407321214675903
9.173798322677612
9.179734706878662
9.177127361297607
9.281500101089478
9.222959756851196
9.214123010635376
9.267277717590332
9.249014854431152
9.356664657592773
9.295341730117798
9.211910247802734
9.223958253860474
9.298913478851318
9.209116458892822
9.199738264083862
9.227874994277954
9.116819620132446
9.294077157974243
9.150690793991089
9.26379680633545
9.187228679656982
9.334897756576538
9.287694454193115
9.386285305023193
9.298289775848389
9.32295823097229
9.373814344406128
9.320998191833496
9.391818284988403
9.410276889801025
9.290839433670044
9.322264432907104
9.218392372131348
9.376047611236572
9.303155183792114
9.429317474365234
9.442044258117676
9.31490683555603
9.190467596054077
9.435896158218384
9.936655282974243
9.867478132247925
10.012562036514282
9.717349767684937
9.665411710739136
9.727948188781738
9.825907230377197
9.617080688476562
9.90568232536316
9.747555494308472
9.83846402168274
9.793586254119873
9.780007600784302
10.441814184188843
9.735380411148071
9.894610404968262
9.819586038589478
9.676545858383179
10.413827896118164
9.724838018417358
9.859441995620728
9.80418586730957
9.83193325996399
10.411921262741089
10.423132419586182
10.564300060272217
10.32497239112854
10.366735935211182
10.3279550075531
10.481017351150513
10.421630144119263
10.354387521743774
10.319436073303223
10.337687253952026
10.36583399772644
10.461878299713135
10.475326538085938
10.3774733543396
10.462504863739014
10.30495810508728
10.454426050186157
10.317513227462769
10.198509454727173
10.26209831237793
10.326127767562866
10.3841712474823
10.378438711166382
10.409226655960083
10.282035112380981
10.607226848602295
10.477104902267456
10.264357328414917
10.476136207580566
10.255334377288818
10.34252381324768
10.234267473220825
10.22595763206482
10.272057294845581
10.437546491622925
10.228660821914673
10.442254304885864
10.319126605987549
10.39681100845337
10.280319690704346
10.386293172836304
10.48604154586792
10.461181640625
10.388933658599854
10.439024209976196
10.456398725509644
10.363105773925781
10.421676635742188
10.461320400238037
9.965023279190063
10.364096879959106
10.115419149398804
9.905901193618774
10.18857479095459
10.201858520507812
10.086322546005249
9.95821762084961
10.482738018035889
10.420772314071655
10.327740907669067
10.548126935958862
10.406934261322021
10.299297571182251
9.901927709579468
9.70203709602356
10.387529611587524
10.498734951019287
10.425132989883423
10.038388729095459
9.220165491104126
9.87762999534607
9.896059513092041
9.98522686958313
9.907037496566772
9.904632329940796
9.595674514770508
10.263267517089844
10.231041431427002
10.400290966033936
9.718738555908203
10.448172092437744
10.338817596435547
10.411123275756836
10.387082576751709
10.495551824569702
10.373499155044556
10.41409182548523
10.47593092918396
10.524579048156738
10.395880460739136
