Timing log for each step:
0.0070056915283203125
0.5438532829284668
0.5549032688140869
0.5404472351074219
0.5409903526306152
0.5514676570892334
0.5259196758270264
0.5264458656311035
0.5444626808166504
0.5284488201141357
0.5564727783203125
0.538456916809082
0.5264468193054199
0.5354537963867188
0.5298376083374023
0.5477886199951172
0.5259990692138672
0.539792537689209
0.551882266998291
0.5654802322387695
0.5374565124511719
0.5304520130157471
0.5484662055969238
0.5264463424682617
0.5434615612030029
0.5364546775817871
0.5505197048187256
0.5514674186706543
0.5303637981414795
0.5703339576721191
0.5586473941802979
0.5634772777557373
0.530449390411377
0.5414595603942871
0.5334517955780029
0.538456916809082
0.5614762306213379
0.5667178630828857
0.5327460765838623
0.5525763034820557
0.5433290004730225
0.5455152988433838
0.5364739894866943
0.5354540348052979
0.5554747581481934
0.5304501056671143
0.5354552268981934
0.5834951400756836
0.5394580364227295
0.5539798736572266
0.5420567989349365
0.5362682342529297
0.5494663715362549
0.5369598865509033
0.5508453845977783
0.540325403213501
0.5474643707275391
0.6295349597930908
0.5784902572631836
0.582493782043457
0.5724854469299316
0.5794918537139893
0.5940370559692383
0.6030550003051758
0.6225285530090332
0.5472168922424316
0.5619869232177734
0.5634784698486328
0.5454623699188232
0.5874989032745361
0.5314509868621826
0.5614762306213379
0.5576844215393066
0.5403969287872314
0.5394582748413086
0.5308947563171387
0.5659322738647461
0.555471658706665
0.5464634895324707
0.5614774227142334
0.5364551544189453
0.5384571552276611
0.5424609184265137
0.5444622039794922
0.5378460884094238
0.536940336227417
0.5320332050323486
0.5368731021881104
0.541863203048706
0.5408353805541992
0.5389626026153564
0.5348854064941406
0.5420939922332764
0.5429413318634033
0.5364556312561035
0.5334537029266357
0.5604758262634277
0.5554723739624023
0.5364546775817871
0.5494656562805176
0.577007532119751
0.5442180633544922
0.5454971790313721
0.5388858318328857
0.5360085964202881
0.5488224029541016
0.5358500480651855
0.5380897521972656
0.5288817882537842
0.5438582897186279
0.5301036834716797
0.5378711223602295
0.5638551712036133
0.5424590110778809
0.5414602756500244
0.5504674911499023
0.5564725399017334
0.5404586791992188
0.5504672527313232
0.55246901512146
0.5499975681304932
0.5441141128540039
0.6212937831878662
0.5526065826416016
0.5424604415893555
0.5574729442596436
0.5434613227844238
0.5314512252807617
0.5504662990570068
0.535454511642456
0.5444622039794922
0.5420691967010498
0.5583152770996094
0.5434627532958984
0.5383532047271729
0.5339674949645996
0.5554711818695068
0.5364553928375244
0.5404589176177979
0.5594749450683594
0.5494670867919922
0.5604758262634277
0.5394575595855713
0.5660572052001953
0.5385375022888184
0.5472004413604736
0.5319452285766602
0.5634777545928955
0.5354549884796143
0.529449462890625
0.5334537029266357
0.5434613227844238
0.5294501781463623
0.535454273223877
0.545872688293457
0.5409493446350098
0.5379509925842285
0.5457017421722412
0.549466609954834
0.5484654903411865
0.5424606800079346
0.5434613227844238
0.5464625358581543
0.5374562740325928
0.5404589176177979
0.5298612117767334
0.5419235229492188
0.535454273223877
0.5366523265838623
0.5494663715362549
0.5434610843658447
0.5344536304473877
0.5424604415893555
0.5364551544189453
0.5344531536102295
0.5444622039794922
0.534895658493042
0.5479063987731934
0.5354533195495605
0.5406785011291504
0.5379526615142822
0.5319423675537109
0.5504670143127441
0.5374555587768555
0.5574729442596436
0.5484654903411865
0.5624783039093018
0.5394587516784668
0.5394573211669922
0.5298314094543457
0.5309956073760986
0.555471658706665
0.5701267719268799
0.5408825874328613
0.5354547500610352
0.5454630851745605
0.5384566783905029
0.5434629917144775
0.5514776706695557
0.544471263885498
0.5334622859954834
0.5579698085784912
0.5310144424438477
0.5339257717132568
0.5469536781311035
0.5428903102874756
0.531306266784668
0.5438947677612305
0.5398814678192139
0.545910120010376
0.5324611663818359
0.5344622135162354
0.5424706935882568
0.5624876022338867
0.5424709320068359
0.542471170425415
0.5444717407226562
0.5410754680633545
0.5552265644073486
0.5404679775238037
0.549567461013794
0.5298545360565186
0.533977746963501
0.5338497161865234
0.5379621982574463
0.5348880290985107
0.5388550758361816
0.5458672046661377
0.5404679775238037
0.5354640483856201
0.538466215133667
0.5304594039916992
0.5374646186828613
0.5324606895446777
0.5318295955657959
0.565838098526001
0.5394673347473145
0.537747859954834
0.5498948097229004
0.5474739074707031
0.5334622859954834
0.5314600467681885
0.5654892921447754
0.5404684543609619
0.5394678115844727
0.5564825534820557
0.5420055389404297
0.5363717079162598
0.5360009670257568
0.5368201732635498
0.5298829078674316
0.5289554595947266
0.5348596572875977
0.5468711853027344
0.5508530139923096
0.5349805355072021
0.5449855327606201
0.5309658050537109
0.5379724502563477
0.5484745502471924
0.5354640483856201
0.5334622859954834
0.543471097946167
0.5524790287017822
0.5384666919708252
0.5444717407226562
0.5389962196350098
0.5420377254486084
0.5457479953765869
0.5464744567871094
0.5445830821990967
0.5288679599761963
0.5320439338684082
0.5278880596160889
0.5499444007873535
0.542471170425415
0.530458927154541
0.5504767894744873
0.5314610004425049
0.5454719066619873
0.5384669303894043
0.5454730987548828
0.5320267677307129
0.552849531173706
0.5354628562927246
0.5475776195526123
0.5408551692962646
0.5399823188781738
0.5394673347473145
0.5434694290161133
0.5414690971374512
0.546473503112793
0.5404677391052246
0.5524783134460449
0.5364646911621094
0.5398881435394287
0.5620603561401367
0.5339417457580566
0.5374665260314941
0.5474746227264404
0.5384659767150879
0.5414690971374512
0.5414695739746094
0.5504767894744873
0.5364646911621094
0.5330185890197754
0.5380544662475586
0.5467109680175781
0.5289826393127441
0.5361392498016357
0.5848851203918457
0.5432131290435791
0.5364644527435303
0.5394675731658936
0.5564818382263184
0.5384669303894043
0.532461404800415
0.5524790287017822
0.546473503112793
0.540797233581543
0.5429658889770508
0.5354816913604736
0.542461633682251
0.5397717952728271
0.5521225929260254
0.5448884963989258
0.5409464836120605
0.566490888595581
0.5364642143249512
0.5624876022338867
0.5614864826202393
0.5324609279632568
0.537466287612915
0.580502986907959
0.5519564151763916
0.5465562343597412
0.5484564304351807
0.5328950881958008
0.5340540409088135
0.5414695739746094
0.5324618816375732
0.5384664535522461
0.5324611663818359
0.537466287612915
0.5394680500030518
0.5384666919708252
0.547945499420166
0.5419387817382812
0.5340993404388428
0.5389361381530762
0.5489716529846191
0.5394670963287354
0.5474741458892822
0.5424697399139404
0.5955159664154053
0.546473503112793
0.5334632396697998
0.5564818382263184
0.5741140842437744
0.5529725551605225
0.5470361709594727
0.545861005783081
0.5380129814147949
0.5309736728668213
0.5336654186248779
0.5394678115844727
0.5524787902832031
0.5384659767150879
0.5594832897186279
0.5324625968933105
0.5538680553436279
0.5800318717956543
0.5420272350311279
0.554978609085083
0.5418741703033447
0.540468692779541
0.5364649295806885
0.5404682159423828
0.5484740734100342
0.5354647636413574
0.52945876121521
0.5418446063995361
0.5303831100463867
0.5594837665557861
0.5437455177307129
0.5399425029754639
0.5329098701477051
0.5509376525878906
0.5314595699310303
0.5544803142547607
0.5434708595275879
0.5584850311279297
0.5404679775238037
0.52945876121521
0.5350406169891357
0.5629849433898926
0.5326430797576904
0.5527815818786621
0.540947675704956
0.5329687595367432
0.549882173538208
0.5419464111328125
0.5499153137207031
0.5409591197967529
0.5389513969421387
0.5289812088012695
0.5379524230957031
0.5354635715484619
0.5584838390350342
0.5414688587188721
0.5464732646942139
0.5554807186126709
0.5294580459594727
0.5394678115844727
0.5482895374298096
0.5271210670471191
0.5549130439758301
0.559030294418335
0.5384674072265625
0.5414690971374512
0.5344626903533936
0.5404689311981201
0.5304594039916992
0.5314614772796631
0.5329079627990723
0.5676858425140381
0.5812609195709229
0.5449771881103516
0.5498898029327393
0.5410380363464355
0.5514767169952393
0.5474746227264404
0.5334622859954834
0.5294589996337891
0.533461332321167
0.5424697399139404
0.548987627029419
0.5327458381652832
0.5441668033599854
0.5478866100311279
0.5299723148345947
0.5318558216094971
0.5488741397857666
0.5268979072570801
0.5399818420410156
0.5298902988433838
0.5324616432189941
0.5424692630767822
0.5484755039215088
0.5374665260314941
0.530458927154541
0.5294589996337891
0.5654900074005127
0.5490384101867676
0.5412931442260742
0.5562825202941895
0.5690009593963623
0.5603833198547363
0.5835058689117432
0.5316810607910156
0.5304594039916992
0.5464727878570557
0.5444700717926025
0.5304591655731201
0.544471025466919
0.5404691696166992
0.5344624519348145
0.5359706878662109
0.5339972972869873
0.5398166179656982
0.5304596424102783
0.5318660736083984
0.5548927783966064
0.5338947772979736
0.533958911895752
0.5424702167510986
0.5384664535522461
0.5384666919708252
0.5324611663818359
0.5815043449401855
0.5374655723571777
0.532970666885376
0.5342583656311035
0.5410432815551758
0.5344672203063965
0.5278072357177734
0.5464727878570557
0.5404684543609619
0.5384657382965088
0.5384674072265625
0.5374627113342285
0.5386605262756348
0.5460562705993652
0.5374658107757568
0.532646656036377
0.5299913883209229
0.5379538536071777
0.5344638824462891
0.5274572372436523
0.5314610004425049
0.5444715023040771
0.5684924125671387
0.5354642868041992
0.5364644527435303
0.5300121307373047
0.5428106784820557
0.5331287384033203
0.5415077209472656
0.5349199771881104
0.5324616432189941
0.5444717407226562
0.5564830303192139
0.544471263885498
0.5404677391052246
0.5444705486297607
0.5460193157196045
0.5427877902984619
0.5360710620880127
0.5404682159423828
0.5456724166870117
0.547889232635498
0.541013240814209
0.5354642868041992
0.5534794330596924
0.551478385925293
0.5314610004425049
0.5364644527435303
0.5404684543609619
0.5424709320068359
0.5339887142181396
0.5480968952178955
0.5619940757751465
0.5534801483154297
0.5480697154998779
0.5309374332427979
0.529973030090332
0.5338954925537109
0.5268886089324951
0.5434708595275879
0.5434708595275879
0.5374655723571777
0.5384664535522461
0.5324621200561523
0.5384659767150879
0.5394690036773682
0.5389800071716309
0.5285992622375488
0.5353167057037354
0.5435366630554199
0.543919563293457
0.5304594039916992
0.561495304107666
0.544471025466919
0.5344629287719727
0.5624880790710449
0.5404677391052246
0.5466761589050293
0.5354633331298828
0.5467143058776855
0.5334608554840088
0.5324604511260986
0.5354633331298828
0.5314610004425049
0.5464725494384766
0.5324611663818359
0.5410189628601074
0.5680477619171143
0.528313159942627
0.5335183143615723
0.5314607620239258
0.5314605236053467
0.5274572372436523
0.5594847202301025
0.5304601192474365
0.5324609279632568
0.5311336517333984
0.5261993408203125
0.5401556491851807
0.5335512161254883
0.5789601802825928
0.5379436016082764
0.5408649444580078
0.5408260822296143
0.5368962287902832
0.5408930778503418
0.5556509494781494
0.5294580459594727
0.535463809967041
0.5424702167510986
0.5394666194915771
0.5344638824462891
0.5744976997375488
0.5291266441345215
0.528083086013794
0.5274603366851807
0.5464036464691162
0.5329582691192627
0.5448825359344482
0.5289485454559326
0.5410492420196533
0.5439949035644531
0.535942554473877
0.5454726219177246
0.528458833694458
0.5354650020599365
0.5324611663818359
0.5334622859954834
0.5434706211090088
0.5304582118988037
0.5286128520965576
0.5296499729156494
0.527456521987915
0.53584885597229
0.5430202484130859
0.5810267925262451
0.535968542098999
0.5409450531005859
0.5349044799804688
0.5464737415313721
0.5314610004425049
0.5354640483856201
0.530458927154541
0.5424697399139404
0.5384666919708252
0.5584836006164551
0.5356278419494629
0.5288801193237305
0.7651631832122803
0.6555674076080322
0.5624868869781494
0.5344631671905518
0.5454726219177246
0.5955157279968262
0.5384676456451416
0.5484757423400879
0.5814528465270996
0.5321230888366699
0.5414683818817139
0.5938303470611572
0.5399096012115479
0.5304594039916992
0.566490888595581
0.541468620300293
0.6005203723907471
0.6355502605438232
0.5514776706695557
0.5569963455200195
0.5415220260620117
0.5871360301971436
0.7481532096862793
0.5434708595275879
0.5684924125671387
0.5394682884216309
0.5424704551696777
0.5714943408966064
0.5334627628326416
0.5354633331298828
0.5777132511138916
0.5414679050445557
0.5479264259338379
0.5885093212127686
0.5514776706695557
0.5424704551696777
0.5654895305633545
0.5364644527435303
0.5404682159423828
0.5484750270843506
0.5569729804992676
0.5360784530639648
0.552478551864624
0.5385677814483643
0.5348498821258545
0.533860445022583
0.5494751930236816
0.5835056304931641
0.5764992237091064
0.5744976997375488
0.5444731712341309
0.5509037971496582
0.5354893207550049
0.5519342422485352
0.5538895130157471
0.531872034072876
0.5380160808563232
0.5388350486755371
0.5594189167022705
0.5364651679992676
0.5414693355560303
0.5334625244140625
0.5454730987548828
0.5414698123931885
0.5384676456451416
0.5359790325164795
0.530353307723999
0.5514070987701416
0.5328943729400635
0.5339217185974121
0.5349860191345215
0.5494754314422607
0.5324609279632568
0.5364639759063721
0.5604848861694336
0.543471097946167
0.5524764060974121
0.537729024887085
0.5338845252990723
0.5749866962432861
0.5909371376037598
0.5376603603363037
0.5424697399139404
0.566490650177002
0.5314693450927734
0.5384664535522461
0.5374655723571777
0.5364642143249512
0.558060884475708
0.5353538990020752
0.5400125980377197
0.5320029258728027
0.5769474506378174
0.5404684543609619
0.5274567604064941
0.5334620475769043
0.5374646186828613
0.5324604511260986
0.5514769554138184
0.5507326126098633
0.5359296798706055
0.545473575592041
0.5485985279083252
0.5434708595275879
0.5284569263458252
0.5304598808288574
0.526456356048584
0.5334622859954834
0.5394673347473145
0.5710318088531494
0.5832357406616211
0.5781984329223633
0.5917823314666748
0.5380282402038574
0.5349245071411133
0.5341143608093262
0.5390572547912598
0.5262150764465332
0.5418999195098877
0.5314602851867676
0.5374653339385986
0.5604856014251709
0.5484752655029297
0.5334625244140625
0.5805027484893799
0.549476146697998
0.5369842052459717
0.5619966983795166
0.5349843502044678
0.5404689311981201
0.5454716682434082
0.5364651679992676
0.5354640483856201
0.5434708595275879
0.5604851245880127
0.5484745502471924
0.540468692779541
0.5677144527435303
0.540372371673584
0.5493218898773193
0.5444722175598145
0.6025350093841553
0.5608994960784912
0.5384674072265625
0.5544812679290771
0.5694942474365234
0.5554811954498291
0.5434703826904297
0.5534789562225342
0.6015212535858154
0.5639586448669434
0.5766890048980713
0.5460062026977539
0.5675640106201172
0.5419743061065674
0.545060396194458
0.5480797290802002
0.5514774322509766
0.5684916973114014
0.5504779815673828
0.5594849586486816
0.5965156555175781
0.5754985809326172
0.5726704597473145
0.5557084083557129
0.5470445156097412
0.5476479530334473
0.5692007541656494
0.5304598808288574
0.5905120372772217
0.5674922466278076
0.5584831237792969
0.5374648571014404
0.5594837665557861
0.5429739952087402
0.5421173572540283
0.5445349216461182
0.5354642868041992
0.5277564525604248
0.5398635864257812
0.5257449150085449
0.558807373046875
0.5634880065917969
0.561485767364502
0.5504763126373291
0.5594847202301025
0.5905113220214844
0.5414688587188721
0.5514771938323975
0.5269355773925781
0.5410885810852051
0.5379893779754639
0.5269534587860107
0.5304596424102783
0.5334615707397461
0.5464727878570557
0.5384664535522461
0.532461404800415
0.5354642868041992
0.565009355545044
0.5380492210388184
0.530907392501831
0.5510122776031494
0.5815038681030273
0.5289185047149658
0.5298821926116943
0.5424702167510986
0.5374653339385986
0.5404677391052246
0.5374648571014404
0.5304598808288574
0.5324611663818359
0.5414690971374512
0.5479998588562012
0.5492243766784668
0.539156436920166
0.5379271507263184
0.5434708595275879
0.5414679050445557
0.5384674072265625
0.5484755039215088
0.5424695014953613
0.541468620300293
0.5284571647644043
0.5279593467712402
0.5940337181091309
0.6345500946044922
0.6609411239624023
0.548454999923706
0.5509481430053711
0.543968915939331
0.5379586219787598
0.5459690093994141
0.5338971614837646
0.5336041450500488
0.5494766235351562
0.5424704551696777
0.5474746227264404
0.5875086784362793
0.5604853630065918
0.5399916172027588
0.5421366691589355
0.5521671772003174
0.535369873046875
0.5429754257202148
0.5434753894805908
0.5304596424102783
0.5334625244140625
0.5474755764007568
0.532461404800415
0.594515323638916
0.5363819599151611
0.5347414016723633
0.53946852684021
0.5296313762664795
0.5369150638580322
0.5318899154663086
0.53594970703125
0.5279076099395752
0.5359702110290527
0.5429847240447998
0.5249254703521729
0.5259156227111816
0.5319092273712158
0.5389025211334229
0.5388913154602051
0.5469458103179932
0.5460076332092285
0.5288925170898438
0.5289549827575684
0.5558502674102783
0.5358977317810059
0.5328762531280518
0.5320789813995361
0.5492935180664062
0.5384671688079834
0.5334618091583252
0.5955145359039307
0.5314600467681885
0.5324604511260986
0.5444703102111816
0.5334627628326416
0.5425517559051514
0.5496902465820312
0.537468433380127
0.574505090713501
0.5325295925140381
0.5388591289520264
0.5353467464447021
0.5244545936584473
0.5484747886657715
0.5434708595275879
0.5815038681030273
0.5284571647644043
0.5344643592834473
0.5319781303405762
0.5391209125518799
0.5418205261230469
0.5320005416870117
0.5384666919708252
0.5658187866210938
0.5293080806732178
0.5644891262054443
0.5424699783325195
0.5324623584747314
0.5414695739746094
0.5334610939025879
0.5484750270843506
0.5848472118377686
0.5368626117706299
0.5334486961364746
0.5484738349914551
0.571495532989502
0.5564820766448975
0.5905113220214844
0.5434715747833252
0.5339787006378174
0.5370025634765625
0.5587763786315918
0.5331900119781494
0.5350155830383301
0.533951997756958
0.5309286117553711
0.5399844646453857
0.5308544635772705
0.5459532737731934
0.5468974113464355
0.5438604354858398
0.5504777431488037
0.5324616432189941
0.5254554748535156
0.527456521987915
0.5434703826904297
0.5259618759155273
0.542060375213623
0.5365116596221924
0.5390377044677734
0.5289449691772461
0.5753521919250488
0.5467128753662109
0.5627939701080322
0.5937635898590088
0.6688199043273926
0.6933972835540771
0.6342675685882568
0.6402139663696289
0.6151297092437744
0.6747109889984131
0.6082785129547119
0.6079561710357666
0.6337826251983643
0.6013283729553223
0.6776182651519775
0.5805230140686035
0.5869395732879639
0.5483622550964355
0.5437440872192383
0.5481657981872559
0.5605859756469727
0.6024765968322754
0.550347089767456
0.5674011707305908
0.5487303733825684
0.5598187446594238
0.5579535961151123
0.5556445121765137
0.5564546585083008
0.5511493682861328
0.5657224655151367
0.5748541355133057
0.5619950294494629
0.5867118835449219
0.5666911602020264
0.5729532241821289
0.5614192485809326
0.5637056827545166
0.5479843616485596
0.5476813316345215
0.5911526679992676
0.5720360279083252
0.5834064483642578
0.5604672431945801
0.5486032962799072
0.5682804584503174
0.5681576728820801
0.5600881576538086
0.5572247505187988
0.5613813400268555
0.5580830574035645
0.5385839939117432
0.5793001651763916
0.5514540672302246
0.5838956832885742
0.5579533576965332
0.5810089111328125
0.5445351600646973
0.5596108436584473
0.5548639297485352
0.5643308162689209
0.5707962512969971
0.5523505210876465
0.5781536102294922
0.5470635890960693
0.5487492084503174
0.5477705001831055
0.5761098861694336
0.558687686920166
0.5566620826721191
0.5563724040985107
0.5615358352661133
0.5477228164672852
0.5450503826141357
0.5661342144012451
0.5467028617858887
0.5574846267700195
0.5388216972351074
0.5375118255615234
0.5652568340301514
0.5531661510467529
0.5493788719177246
0.5568299293518066
0.5365369319915771
0.5470900535583496
0.5698873996734619
0.562615156173706
0.5462467670440674
0.5481219291687012
0.5644910335540771
0.5481967926025391
0.536935567855835
0.5471069812774658
0.5594055652618408
0.537689208984375
0.5700209140777588
0.584174394607544
0.5581107139587402
0.5737800598144531
0.5797877311706543
0.5678510665893555
0.5401859283447266
0.5678713321685791
0.5404393672943115
0.5361201763153076
0.5634641647338867
0.5441045761108398
0.5619258880615234
0.5519928932189941
0.549701452255249
0.568138837814331
0.5497393608093262
0.5554525852203369
0.5707311630249023
0.5629739761352539
0.5381953716278076
0.5859696865081787
0.5536577701568604
0.5479381084442139
0.5526788234710693
0.5368313789367676
0.5513153076171875
0.541496753692627
0.5770530700683594
0.5554354190826416
0.5410068035125732
0.5552160739898682
0.5742943286895752
0.5527868270874023
0.5614528656005859
0.5641202926635742
0.5576791763305664
0.5533974170684814
0.5523896217346191
0.5536055564880371
0.5490338802337646
0.5664937496185303
0.5425565242767334
0.5690915584564209
0.5582582950592041
0.5631551742553711
0.535529613494873
0.541332483291626
0.5501363277435303
0.5569553375244141
0.5534050464630127
0.5546040534973145
0.5540482997894287
0.5526907444000244
0.5497288703918457
0.5497996807098389
0.5589489936828613
0.557974100112915
0.5446610450744629
0.5415141582489014
0.5732159614562988
0.5579953193664551
0.5427200794219971
0.547332763671875
0.5543212890625
0.5417416095733643
0.5584936141967773
0.5616455078125
0.5647263526916504
0.5658597946166992
0.5480246543884277
0.5474526882171631
0.5593559741973877
0.5594253540039062
0.5639593601226807
0.5621607303619385
0.6219179630279541
0.641268253326416
0.5682919025421143
0.5686051845550537
0.5549843311309814
0.5575203895568848
0.5654220581054688
0.5546667575836182
0.5646820068359375
0.5510132312774658
0.5713756084442139
0.5610740184783936
0.571723222732544
0.5687839984893799
0.565260648727417
0.5614371299743652
0.5572214126586914
0.5607876777648926
0.5612695217132568
0.5596408843994141
0.5534560680389404
0.5515940189361572
0.5564968585968018
0.544278621673584
0.5908315181732178
0.5634336471557617
0.5653848648071289
0.5570278167724609
0.5813438892364502
0.5808389186859131
0.5825397968292236
0.5928976535797119
0.5512878894805908
0.5667119026184082
0.5438978672027588
0.536109447479248
0.5673606395721436
0.5593850612640381
0.5701799392700195
0.5497772693634033
0.5428988933563232
0.5523772239685059
0.5683116912841797
0.5554373264312744
0.5513598918914795
0.5412023067474365
0.5719239711761475
0.5457124710083008
0.5546932220458984
0.5895426273345947
0.5755541324615479
0.5857958793640137
0.5776913166046143
0.5497579574584961
0.5500602722167969
0.5643112659454346
0.5480170249938965
0.5447287559509277
0.5570495128631592
0.5538487434387207
0.5455129146575928
0.5497057437896729
0.5482203960418701
0.5463137626647949
0.5681984424591064
0.5845503807067871
0.5759308338165283
0.5545904636383057
0.5472304821014404
0.5594167709350586
0.5583043098449707
0.6056535243988037
0.5617964267730713
0.5873303413391113
0.5729033946990967
0.5760605335235596
0.5779740810394287
0.5701620578765869
0.5546255111694336
0.5785379409790039
0.5768840312957764
0.5439438819885254
0.5640921592712402
0.5762951374053955
0.5455024242401123
0.5876471996307373
0.5612409114837646
0.5542259216308594
0.5556521415710449
0.5429196357727051
0.5745320320129395
0.5694026947021484
0.5717649459838867
0.5439333915710449
0.5528132915496826
0.5872697830200195
0.550079345703125
0.5636193752288818
0.5768153667449951
0.5642127990722656
0.5406479835510254
0.5670831203460693
0.5668654441833496
0.546283483505249
0.5805895328521729
0.5504453182220459
0.5440304279327393
0.549386739730835
0.5532217025756836
0.5497252941131592
0.5553295612335205
0.5613174438476562
0.5590810775756836
0.5701148509979248
0.5616843700408936
0.590078592300415
0.5563592910766602
0.5435011386871338
0.5453269481658936
0.5388298034667969
0.5629332065582275
0.5488057136535645
0.5533297061920166
0.5502109527587891
0.5426464080810547
0.54205322265625
0.5546927452087402
0.5449984073638916
0.551032543182373
0.5459752082824707
0.5341451168060303
0.5520713329315186
0.5343472957611084
0.5450906753540039
0.5557940006256104
0.5801253318786621
0.5647308826446533
0.5527300834655762
0.5427541732788086
0.5418620109558105
0.5579402446746826
0.5512697696685791
0.5450894832611084
0.5559282302856445
0.5427978038787842
0.5555815696716309
0.5513322353363037
0.5461821556091309
0.5540180206298828
0.5421600341796875
0.5589718818664551
0.574981689453125
0.549924373626709
0.5533499717712402
0.5440318584442139
0.5519793033599854
0.5606727600097656
0.5462913513183594
0.553631067276001
0.5511956214904785
0.5479998588562012
0.5712227821350098
0.5537214279174805
0.5671725273132324
0.5767707824707031
0.574843168258667
0.5607836246490479
0.554318904876709
0.5424833297729492
0.5365982055664062
0.5308933258056641
0.5803313255310059
0.648470401763916
0.6758685111999512
0.5934569835662842
0.5678186416625977
0.5513484477996826
0.5469405651092529
0.5950415134429932
0.5501918792724609
0.5474843978881836
0.5478720664978027
0.5649673938751221
0.5603275299072266
0.5487580299377441
0.5504961013793945
0.5590338706970215
0.5468349456787109
0.5510389804840088
0.5572693347930908
0.5516159534454346
0.5768449306488037
0.5570759773254395
0.5361406803131104
0.5424709320068359
0.5583772659301758
0.5556983947753906
0.5803694725036621
0.546013593673706
0.5910484790802002
0.5648205280303955
0.531562089920044
0.5596556663513184
0.5409297943115234
0.5518536567687988
0.5490109920501709
0.5649495124816895
0.5788819789886475
0.5424575805664062
0.5494604110717773
0.5485861301422119
0.5473208427429199
0.5708773136138916
0.5710268020629883
0.5513429641723633
0.5465030670166016
0.557988166809082
0.536557674407959
0.5417101383209229
0.5766043663024902
0.5612328052520752
0.551917552947998
0.5597925186157227
0.5701959133148193
0.55399489402771
0.5568079948425293
0.5537307262420654
0.5569193363189697
0.5598387718200684
0.5598134994506836
0.5485713481903076
0.5399937629699707
0.5475969314575195
0.5537371635437012
0.5457847118377686
0.5562002658843994
0.5480868816375732
0.550987720489502
0.5479810237884521
0.5457644462585449
0.5450434684753418
0.5528745651245117
0.57570481300354
0.572364091873169
0.570256233215332
0.5420641899108887
0.5540668964385986
0.5316102504730225
0.551161527633667
0.5377740859985352
0.5488266944885254
0.5542452335357666
0.5373685359954834
0.5641300678253174
0.5380086898803711
0.5620217323303223
0.5381054878234863
0.5543498992919922
0.5619771480560303
0.5709397792816162
0.5498769283294678
0.5709960460662842
0.5719244480133057
0.5659112930297852
0.5602781772613525
0.5409164428710938
0.5467579364776611
0.5409696102142334
0.5818936824798584
0.5658736228942871
0.5405211448669434
0.5660364627838135
0.5849452018737793
0.5647530555725098
0.5559377670288086
0.564507246017456
0.5459043979644775
0.5436408519744873
0.5359170436859131
0.5696465969085693
0.5527489185333252
0.5532009601593018
0.5612361431121826
0.558734655380249
0.572446346282959
0.551023006439209
0.5535316467285156
0.5724258422851562
0.5617825984954834
0.5560941696166992
0.5434741973876953
0.5461084842681885
0.5502071380615234
0.5409045219421387
0.553694486618042
0.5518605709075928
0.550222635269165
0.553260087966919
0.554340124130249
0.5717108249664307
0.5688819885253906
0.5751681327819824
0.5462501049041748
0.5696930885314941
0.534276008605957
0.5721821784973145
0.5630383491516113
0.5307497978210449
0.5616316795349121
0.5663578510284424
0.5807344913482666
0.5527806282043457
0.5641376972198486
0.5349783897399902
0.5524556636810303
0.5457751750946045
0.5515475273132324
0.5579602718353271
0.5380823612213135
0.5591769218444824
0.5554111003875732
0.5421454906463623
0.5549771785736084
0.5377225875854492
0.5420069694519043
0.5592069625854492
0.5530581474304199
0.5679218769073486
0.5581264495849609
0.547637939453125
0.5323913097381592
0.5697669982910156
0.5595786571502686
0.5551166534423828
0.5554764270782471
0.5323054790496826
0.534869909286499
0.5471458435058594
0.5504696369171143
0.5520846843719482
0.5356364250183105
0.5410192012786865
0.5685718059539795
0.5387411117553711
0.54775071144104
0.5430924892425537
0.5446493625640869
0.574603796005249
0.5916659832000732
0.5661277770996094
0.5582320690155029
0.5959115028381348
0.5661830902099609
0.5488545894622803
0.5518529415130615
0.5442838668823242
0.5523684024810791
0.5755255222320557
0.5409324169158936
0.5487945079803467
0.5492780208587646
0.5489456653594971
0.5798337459564209
0.5419323444366455
0.5392467975616455
0.5541379451751709
0.5711066722869873
0.5412299633026123
0.5628397464752197
0.5472762584686279
0.5627784729003906
0.5574443340301514
0.550849199295044
0.5726516246795654
0.5552771091461182
0.5395684242248535
0.5529425144195557
0.5531113147735596
0.573868989944458
0.5480561256408691
0.5601847171783447
0.5528073310852051
0.5557646751403809
0.5510396957397461
0.5663249492645264
0.5518395900726318
0.5627319812774658
0.5439767837524414
0.5635371208190918
0.5534324645996094
0.5457601547241211
0.5622892379760742
0.5555906295776367
0.5376911163330078
0.546011209487915
0.5466530323028564
0.541579008102417
0.543370246887207
0.547832727432251
0.5358366966247559
0.5821859836578369
0.5380213260650635
0.5301415920257568
0.536261796951294
0.5509552955627441
0.539114236831665
0.5527687072753906
0.5552413463592529
0.5462460517883301
0.5651555061340332
0.5331432819366455
0.553962230682373
0.5503242015838623
0.549898624420166
0.5561215877532959
0.5475139617919922
0.5447168350219727
0.5431573390960693
0.5478816032409668
0.5463595390319824
0.5757021903991699
0.5429518222808838
0.5470960140228271
0.542046070098877
0.5367512702941895
0.5628888607025146
0.543201208114624
0.5402791500091553
0.5583500862121582
0.5659353733062744
0.5669183731079102
0.5654327869415283
0.5399882793426514
0.574791669845581
0.5509569644927979
0.5674617290496826
0.5372312068939209
0.5394928455352783
0.5750441551208496
0.5487451553344727
0.5333113670349121
0.5440385341644287
0.5750186443328857
0.5395019054412842
0.5465619564056396
0.5424916744232178
0.6065866947174072
0.5815284252166748
0.5572636127471924
0.6031949520111084
0.6051695346832275
0.5588626861572266
0.5609793663024902
0.555694580078125
0.5400862693786621
0.5421581268310547
0.5471360683441162
0.5457966327667236
0.565140962600708
0.5519387722015381
0.5874183177947998
0.5373287200927734
0.5826377868652344
0.5618898868560791
0.5631871223449707
0.5589766502380371
0.5523390769958496
0.5581161975860596
0.5575578212738037
0.5301566123962402
0.5711033344268799
0.5518429279327393
0.5623903274536133
0.6114208698272705
0.5491163730621338
0.5609099864959717
0.5438871383666992
0.5542471408843994
0.5829434394836426
0.5607528686523438
0.5612597465515137
0.5296294689178467
0.5578134059906006
0.559657096862793
0.5638213157653809
0.550184965133667
0.5759842395782471
0.5328030586242676
0.5519182682037354
0.5335514545440674
0.562030553817749
0.5589544773101807
0.5560286045074463
0.5570259094238281
0.5511245727539062
0.5485897064208984
0.548234224319458
0.5535180568695068
0.549597978591919
0.5339562892913818
0.5351240634918213
0.5571193695068359
0.5523476600646973
0.5600700378417969
0.5530498027801514
0.5310196876525879
0.5670924186706543
0.5654284954071045
0.5503246784210205
0.5646848678588867
0.5700292587280273
0.5430889129638672
0.5463736057281494
0.5500187873840332
0.5403578281402588
0.5455443859100342
0.5534391403198242
0.5669381618499756
0.5429229736328125
0.5615525245666504
0.5518779754638672
0.5679244995117188
0.6028797626495361
0.5301921367645264
0.5556554794311523
0.5681478977203369
0.5570056438446045
0.5546743869781494
0.5346641540527344
0.5590724945068359
0.5467123985290527
0.5421910285949707
0.5590770244598389
0.5330379009246826
0.5511033535003662
0.5471184253692627
0.5535571575164795
0.5507833957672119
0.5603253841400146
0.5869178771972656
0.5554897785186768
0.5416653156280518
0.5471620559692383
0.5714693069458008
0.5500912666320801
0.5408530235290527
0.5476791858673096
0.542872428894043
0.5626258850097656
0.5452280044555664
0.5749859809875488
0.548342227935791
0.5470597743988037
0.5557637214660645
0.5557432174682617
0.551954984664917
0.5569422245025635
0.585392951965332
0.5629606246948242
0.5461816787719727
0.5342612266540527
0.5361273288726807
0.5439677238464355
0.5451111793518066
0.5418877601623535
0.5668723583221436
0.5407969951629639
0.5374331474304199
0.5510694980621338
0.5570380687713623
0.5558428764343262
0.561621904373169
0.5504941940307617
0.5444631576538086
0.5838849544525146
0.5483212471008301
0.5512089729309082
0.5479640960693359
0.5504004955291748
0.5362899303436279
0.5398147106170654
0.5519247055053711
0.5634841918945312
0.573199987411499
0.5810773372650146
0.5647609233856201
0.5553765296936035
0.560652494430542
0.5467720031738281
0.5496542453765869
0.5398640632629395
0.5693418979644775
0.5751128196716309
0.5419883728027344
0.5531175136566162
0.5382931232452393
0.5677030086517334
0.5545179843902588
0.5443499088287354
0.5379016399383545
0.5815255641937256
0.5814197063446045
0.5557882785797119
0.5631439685821533
0.5481836795806885
0.5459623336791992
0.575559139251709
0.551563024520874
0.5697860717773438
0.5708825588226318
0.5462038516998291
0.5359907150268555
0.5636680126190186
0.5692667961120605
0.5440423488616943
0.5942943096160889
0.5654010772705078
0.5671484470367432
0.5772440433502197
0.5645935535430908
0.5452370643615723
0.559964656829834
0.5449352264404297
0.55757737159729
0.5403907299041748
0.5435097217559814
0.5561692714691162
0.5768094062805176
0.5426802635192871
0.5514123439788818
0.5423481464385986
0.5647847652435303
0.5609571933746338
0.5495054721832275
0.5457000732421875
0.5862433910369873
0.5696766376495361
0.5621471405029297
0.5478119850158691
0.5319721698760986
0.5380480289459229
0.5497968196868896
0.5511136054992676
0.5623359680175781
0.5465011596679688
0.5801470279693604
0.5397522449493408
0.5548582077026367
0.5440609455108643
0.5437636375427246
0.5523514747619629
0.549858808517456
0.5690083503723145
0.5519161224365234
0.5665719509124756
0.5670020580291748
0.6080684661865234
0.5384409427642822
0.5519912242889404
0.5811893939971924
0.5727660655975342
0.547194242477417
0.5634126663208008
0.5659644603729248
0.5615441799163818
0.5642657279968262
0.5410902500152588
0.550006628036499
0.5643961429595947
0.5480499267578125
0.5550801753997803
0.5397312641143799
0.5690314769744873
0.5645608901977539
0.5659501552581787
0.5568368434906006
0.5586943626403809
0.5610342025756836
0.5612473487854004
0.5664267539978027
0.5699179172515869
0.5442094802856445
0.5798108577728271
0.5515942573547363
0.5599415302276611
0.5510194301605225
0.5696146488189697
0.5601806640625
0.5578036308288574
0.5458455085754395
0.5344178676605225
0.5745072364807129
0.5564694404602051
0.5918846130371094
0.5722842216491699
0.5526943206787109
0.54608154296875
0.5661404132843018
0.5694000720977783
0.5701260566711426
0.5831120014190674
0.5568478107452393
0.5695064067840576
0.5714342594146729
0.5318870544433594
0.53739333152771
0.5565786361694336
0.5444483757019043
0.5536239147186279
0.5367257595062256
0.5427100658416748
0.5608386993408203
0.5451679229736328
0.5581510066986084
0.5752646923065186
0.5560612678527832
0.5503361225128174
0.5570676326751709
0.5479605197906494
0.5479612350463867
0.5800049304962158
0.5696330070495605
0.5363516807556152
0.5697994232177734
0.5502026081085205
0.5530474185943604
0.553579568862915
0.5686447620391846
0.5429775714874268
0.554755449295044
0.5539498329162598
0.5306382179260254
0.5474143028259277
0.5568795204162598
0.5516138076782227
0.6080543994903564
0.6622264385223389
0.5999207496643066
0.5701186656951904
0.542672872543335
0.5425887107849121
0.5840492248535156
0.5391521453857422
0.6743175983428955
0.6516406536102295
