Timing log for each step:
0.010009288787841797
10.536972045898438
10.510514736175537
10.422076225280762
10.504528522491455
10.507686376571655
10.51764726638794
10.465483665466309
10.498456239700317
10.48684573173523
10.594939231872559
10.57181715965271
10.614336252212524
10.579513311386108
10.555899381637573
10.494748592376709
10.594828128814697
10.572780847549438
10.594522476196289
10.641358375549316
10.64928674697876
10.653045415878296
10.618423223495483
10.565473079681396
10.584752559661865
10.657124757766724
10.60905122756958
10.660072565078735
10.63863730430603
10.652359247207642
10.638277292251587
10.671565771102905
10.716341495513916
10.691044569015503
10.581105709075928
10.677668333053589
10.598448514938354
10.386548280715942
10.480859994888306
10.482285976409912
10.596857070922852
10.411651849746704
10.557189702987671
10.62371301651001
10.652349948883057
10.5869619846344
10.788915634155273
10.122734069824219
10.63333535194397
10.651065349578857
10.460615634918213
10.532957792282104
10.561816215515137
10.608959197998047
10.631370782852173
10.73350715637207
10.580646514892578
10.687212705612183
10.301567792892456
10.598947048187256
10.671611547470093
10.644223690032959
10.611741304397583
10.72579312324524
10.631521701812744
10.566905975341797
10.589601039886475
10.706955909729004
10.688653230667114
10.60793161392212
10.577177286148071
10.677139282226562
10.539228439331055
10.727992057800293
10.61600661277771
10.548540830612183
10.565019369125366
10.561182022094727
10.515254974365234
10.640743494033813
10.643237113952637
10.607065200805664
10.732072114944458
10.63594675064087
10.584780931472778
10.545782327651978
10.448917150497437
10.400175094604492
10.143117666244507
10.512823104858398
10.406805276870728
10.445444583892822
10.323796272277832
10.524293184280396
10.176523685455322
10.103290796279907
10.400399446487427
10.501587152481079
9.669580936431885
10.503355264663696
10.249713659286499
10.13490605354309
10.505656957626343
10.105284929275513
10.2003812789917
10.236180067062378
10.581712484359741
10.543900489807129
10.59182333946228
10.661009311676025
10.652361869812012
10.495461225509644
10.417099714279175
10.531185626983643
10.579027652740479
10.54262638092041
10.513770818710327
10.662890434265137
10.624228477478027
10.56284475326538
10.513248920440674
10.6527099609375
10.620205402374268
10.53677248954773
10.630576133728027
10.532823324203491
10.432012557983398
10.507370948791504
10.554238319396973
10.478252410888672
10.526411294937134
10.655722379684448
10.57428526878357
10.560595512390137
10.520575761795044
10.495505094528198
10.396093845367432
10.530203819274902
10.49857497215271
10.59717607498169
10.512843132019043
10.577309846878052
10.521666765213013
10.534446239471436
10.581961154937744
10.604849338531494
10.60531234741211
10.593668699264526
10.590393781661987
10.5095853805542
10.700278282165527
10.595596551895142
10.598689317703247
10.564810991287231
10.553044319152832
10.585622549057007
10.525962114334106
10.545236349105835
10.62738585472107
10.601402044296265
10.64345669746399
10.600261926651001
10.529841184616089
10.584818363189697
10.705224514007568
10.604229927062988
10.617936372756958
10.772051572799683
10.660755395889282
10.641675472259521
10.581841945648193
10.61949610710144
10.60054349899292
10.614512205123901
10.610208988189697
10.644742727279663
10.717096328735352
10.653425216674805
10.718968152999878
10.673809289932251
10.670350074768066
10.734536170959473
10.679550409317017
10.519745349884033
10.536513566970825
10.5767982006073
10.50562596321106
10.538692474365234
10.507554054260254
10.596115350723267
10.603307485580444
10.573896884918213
10.46006965637207
10.63211464881897
10.479009866714478
10.63637399673462
10.514841556549072
10.61325740814209
10.534148454666138
10.621018409729004
10.49883770942688
10.523020029067993
10.567445993423462
10.505790710449219
10.551249742507935
10.513404369354248
10.544822692871094
10.531660795211792
10.549877405166626
10.564953804016113
10.45011281967163
10.570460319519043
10.542939901351929
10.614182472229004
10.673487424850464
10.574660539627075
10.570379734039307
10.575055360794067
10.536436796188354
10.568135499954224
10.520849466323853
10.516465187072754
10.501013278961182
10.592283725738525
10.558548927307129
10.619415044784546
10.500932455062866
10.61682653427124
10.76509428024292
10.646190404891968
10.716414451599121
10.569420337677002
10.729347467422485
10.625190019607544
10.66453218460083
10.687880039215088
10.620791673660278
10.445885181427002
10.656297206878662
10.61456847190857
10.693264722824097
10.71699833869934
10.629594564437866
10.573028326034546
10.572251319885254
10.570011138916016
10.68997597694397
10.684432983398438
10.63194990158081
10.687218427658081
10.75639033317566
10.590770721435547
10.912830114364624
10.680780172348022
10.699880599975586
10.74209475517273
10.649930953979492
10.775118350982666
10.612212419509888
10.766236543655396
10.794440507888794
10.592918634414673
10.70258903503418
10.63192892074585
10.667291402816772
10.600457191467285
10.662859439849854
10.525217294692993
10.801492929458618
10.65026330947876
10.837655305862427
10.814833164215088
10.778777599334717
10.588568210601807
