Timing log for each step:
0.016014575958251953
5.590675354003906
5.474241733551025
5.505091667175293
5.418178558349609
5.505385637283325
5.507524251937866
5.50009298324585
5.530122518539429
5.394424676895142
5.401183843612671
5.529045581817627
5.599004507064819
5.4673004150390625
5.479032516479492
5.537599802017212
5.47350549697876
5.551055431365967
5.5796425342559814
5.564236879348755
5.470513582229614
5.483501434326172
5.5425193309783936
5.465055704116821
5.536086559295654
5.507077217102051
5.405093669891357
5.516985177993774
5.496528387069702
5.474606275558472
5.565150022506714
5.650714874267578
5.358884811401367
5.518579483032227
5.491420269012451
5.477038145065308
5.554707765579224
5.467232942581177
5.481754779815674
5.536557912826538
5.453197479248047
5.481351137161255
5.5609917640686035
5.4112548828125
5.51810097694397
5.531937599182129
5.4965126514434814
5.5642290115356445
5.481777191162109
5.503843784332275
5.442486524581909
5.449968099594116
5.506046295166016
5.575944185256958
5.483854532241821
5.588674068450928
5.582971572875977
5.391915798187256
5.581881046295166
5.623260498046875
5.687740802764893
5.5262744426727295
5.5144171714782715
5.630563020706177
5.642139673233032
5.604035377502441
5.539671182632446
5.621535778045654
5.566576242446899
5.644881963729858
5.535546064376831
5.605561971664429
5.482357740402222
5.584567308425903
5.4858787059783936
5.452242136001587
5.670342445373535
5.549259662628174
5.533649921417236
5.2971038818359375
5.517714262008667
5.5945515632629395
5.593605279922485
5.64649510383606
5.6249940395355225
5.543501853942871
5.885346174240112
5.760155916213989
5.54192590713501
5.627851724624634
5.7204179763793945
5.558120012283325
5.525895833969116
5.513962268829346
5.529249429702759
5.554532051086426
5.6042633056640625
5.549946308135986
5.612358570098877
5.881728649139404
5.648635149002075
5.569580316543579
5.4659833908081055
5.722371339797974
5.587920427322388
5.542564868927002
5.749720335006714
5.731343030929565
5.659257411956787
5.678315162658691
5.714031934738159
5.601593017578125
5.605548858642578
5.546557664871216
5.616160154342651
5.7425713539123535
5.619634628295898
5.715927839279175
5.6036598682403564
5.555482864379883
5.619643449783325
5.5771448612213135
5.6200995445251465
5.522482395172119
5.625872611999512
5.549078702926636
5.706196546554565
5.590603828430176
5.58501935005188
5.6600182056427
5.519471645355225
5.470798969268799
5.62212610244751
5.496623992919922
5.602982521057129
5.606104850769043
5.541996240615845
5.686000823974609
5.599902868270874
5.5740814208984375
5.491945028305054
5.627720594406128
5.547583341598511
5.610598564147949
5.550074100494385
5.538560628890991
5.56173849105835
5.653500318527222
5.5006091594696045
5.5949015617370605
5.465210914611816
5.557268857955933
5.550469160079956
5.5905561447143555
5.672747850418091
5.635742425918579
5.486423492431641
5.613072395324707
5.57210636138916
5.520475625991821
5.493983268737793
5.600716829299927
5.602883577346802
5.558581829071045
5.52213454246521
5.684562683105469
5.520906925201416
5.568069696426392
5.491636514663696
5.547967910766602
5.639134168624878
5.652918577194214
5.500446319580078
5.408231973648071
5.583460330963135
5.6231231689453125
5.8724164962768555
5.852783918380737
5.604646444320679
5.64057183265686
5.704169988632202
5.429712772369385
5.583516836166382
5.60842227935791
5.697806358337402
5.712079048156738
5.675684690475464
5.556486129760742
5.565773010253906
5.579619646072388
5.575783967971802
5.508885145187378
5.5495781898498535
5.586118459701538
5.70382022857666
5.64355993270874
5.530915260314941
5.470209121704102
5.48788857460022
5.477234363555908
5.656048059463501
5.786147356033325
5.555580377578735
5.604148626327515
5.602943420410156
5.724296808242798
5.564578533172607
5.658347129821777
5.730787038803101
5.592107534408569
5.671087741851807
5.548992872238159
5.539508819580078
5.484518766403198
5.597097396850586
5.522502660751343
5.739150285720825
5.4990410804748535
5.568686008453369
5.609839916229248
5.662703275680542
5.641228914260864
5.614960432052612
5.620611906051636
5.864771127700806
5.940429210662842
5.705771207809448
5.634787559509277
5.629786491394043
5.684599876403809
5.5945234298706055
5.609447479248047
5.610541343688965
5.550560712814331
5.567631959915161
5.681177616119385
5.648041486740112
5.584374189376831
5.671696424484253
5.625135183334351
5.5276103019714355
5.607096195220947
5.800896883010864
5.994960308074951
5.691515207290649
5.640591859817505
5.864174842834473
5.601146221160889
5.620832681655884
5.458491086959839
5.6461403369903564
5.666300058364868
5.575965642929077
5.620112419128418
5.572848081588745
5.603546380996704
5.580079078674316
5.582116603851318
5.5270466804504395
5.575486183166504
5.940791130065918
6.003400802612305
5.556827068328857
5.590625047683716
5.527552843093872
5.646444320678711
5.649524211883545
5.678708791732788
5.578599691390991
5.726219892501831
5.570064544677734
5.7437584400177
5.544942855834961
5.62939190864563
5.593237638473511
5.6523003578186035
5.689930200576782
5.6003172397613525
5.851932525634766
5.741584539413452
5.816848993301392
5.738797187805176
5.767762899398804
5.451417922973633
6.1929402351379395
5.5699851512908936
5.639252185821533
5.937458276748657
6.067389011383057
5.743941068649292
5.5870866775512695
5.702732086181641
5.535461902618408
5.555579423904419
5.722246408462524
5.442615509033203
5.577022314071655
5.570594072341919
5.5275349617004395
5.492660999298096
5.62053656578064
5.628124475479126
5.632063627243042
5.692161798477173
5.610624313354492
5.759594440460205
5.819490194320679
5.602688550949097
5.727999210357666
5.678134202957153
5.49055814743042
5.730481386184692
5.80464243888855
5.650597333908081
5.717815637588501
5.694212913513184
5.674969673156738
6.086959362030029
5.717798709869385
5.641496658325195
5.604001522064209
5.474502086639404
5.511829853057861
5.539910793304443
5.494588613510132
5.690301179885864
5.6021645069122314
5.499902009963989
5.705705165863037
5.6243813037872314
5.565027952194214
5.889264106750488
5.766757249832153
5.867211580276489
5.650576591491699
5.639049530029297
5.685523748397827
5.472135305404663
5.548582553863525
5.480411529541016
5.648654460906982
5.6904847621917725
5.746666669845581
5.777668237686157
5.826031923294067
5.651638031005859
5.948733329772949
5.809751987457275
5.6333160400390625
5.541470766067505
5.895405530929565
6.054898977279663
5.699865341186523
5.680554628372192
5.7227301597595215
5.733070611953735
5.842176198959351
5.567958831787109
5.679746866226196
5.707171201705933
5.763855934143066
5.865232944488525
5.669388771057129
5.542626857757568
5.821738243103027
5.631626129150391
5.64397931098938
5.496897220611572
6.006606340408325
5.705244302749634
5.729093790054321
5.601456165313721
5.581360340118408
5.679903745651245
5.667618751525879
5.488503932952881
5.643322467803955
5.59901762008667
5.567502737045288
5.578595399856567
5.61873459815979
5.470433473587036
5.633571624755859
5.641647815704346
5.620278596878052
5.6470746994018555
5.847759962081909
5.821467638015747
5.552923679351807
5.647060871124268
5.62162446975708
5.70972466468811
5.7302703857421875
5.612554311752319
5.786811828613281
5.579984188079834
5.813732862472534
5.669145107269287
5.675955772399902
5.690583229064941
5.687006235122681
5.570225715637207
5.570582389831543
5.629124164581299
6.16143536567688
5.857201814651489
5.600616931915283
5.678402662277222
5.645327568054199
5.64799690246582
5.623484134674072
5.591443777084351
5.86488938331604
5.467977285385132
5.735672235488892
5.6644933223724365
5.829301357269287
5.655148267745972
5.719085454940796
5.521024465560913
5.645284175872803
5.498295545578003
5.641692876815796
5.795113563537598
5.637279510498047
5.642582178115845
5.740463495254517
5.604367971420288
5.658668518066406
5.645159482955933
5.75700044631958
5.570501327514648
5.747297763824463
5.646624565124512
5.683290719985962
5.570621013641357
5.609877109527588
5.5668134689331055
5.774783134460449
5.622725009918213
5.584871292114258
5.854180812835693
5.554879903793335
5.825030326843262
5.716204881668091
5.761922121047974
5.6314921379089355
5.587860822677612
5.715550661087036
5.569074869155884
5.6450419425964355
5.679771900177002
5.628681421279907
5.6251256465911865
5.4920501708984375
5.532700538635254
5.608687162399292
5.708197832107544
5.720986604690552
6.14055323600769
5.678220272064209
5.567404508590698
5.778568267822266
5.645871877670288
5.652662754058838
5.515273094177246
5.833739519119263
5.54648494720459
5.648030996322632
5.628602743148804
5.649367094039917
5.643894672393799
5.778730869293213
5.610628366470337
5.66936731338501
5.612628221511841
5.5619401931762695
5.715773820877075
5.662708044052124
5.836226940155029
5.617109537124634
5.714977502822876
5.794356107711792
5.774195432662964
5.596801042556763
5.619840860366821
5.631729602813721
5.732797145843506
5.654362440109253
5.6685569286346436
5.684307336807251
5.786782741546631
5.502769231796265
5.86480188369751
5.836530447006226
5.803192138671875
5.747763156890869
5.6914355754852295
5.8017473220825195
5.687597751617432
5.814431428909302
5.64087700843811
5.656407594680786
5.654654502868652
5.869966506958008
5.6792614459991455
5.6485795974731445
5.57157826423645
5.678431749343872
5.819918155670166
5.699400901794434
5.489508628845215
5.937709331512451
5.720438480377197
5.561582326889038
5.799278020858765
5.820745944976807
5.7911217212677
5.508526086807251
5.760384798049927
5.654286861419678
5.710504055023193
5.564488172531128
5.688176393508911
5.743211507797241
5.784136056900024
5.514235973358154
5.654507637023926
5.574033737182617
5.645736217498779
5.714723348617554
5.683397531509399
5.71321177482605
5.472869634628296
5.770817041397095
5.628581762313843
5.742058515548706
5.530544757843018
5.619114398956299
5.6671600341796875
5.7723870277404785
5.70863151550293
5.511417388916016
5.62236762046814
5.629992246627808
5.689565658569336
5.590892314910889
5.53998327255249
5.793111562728882
5.758041858673096
5.58951210975647
5.784173965454102
5.671452522277832
5.8301002979278564
5.612196207046509
5.549473762512207
5.561079978942871
5.660007476806641
5.597028493881226
5.703859090805054
5.692688941955566
5.69103217124939
5.830007791519165
5.596499919891357
5.638639688491821
5.753458738327026
5.547209739685059
5.860204219818115
5.792327165603638
5.613484859466553
5.760560512542725
5.759772062301636
5.590667724609375
5.540079355239868
5.659014463424683
5.578507661819458
5.713346242904663
5.5072033405303955
5.538442850112915
5.596669435501099
5.72841477394104
5.749541759490967
5.628089189529419
5.683031797409058
5.793331623077393
6.144522428512573
5.5038902759552
5.496518850326538
5.580572128295898
5.927350044250488
5.6510169506073
5.644686222076416
5.540254354476929
5.5882568359375
5.602162599563599
5.6090404987335205
5.810068845748901
5.712096929550171
5.674229145050049
5.712596654891968
5.8707709312438965
5.607163190841675
5.650640249252319
5.7116639614105225
5.797851324081421
5.586601972579956
5.76424765586853
5.574612855911255
5.833241939544678
5.686420440673828
5.62900447845459
5.6787474155426025
5.616062164306641
5.871903419494629
5.9142866134643555
5.713088750839233
5.707590579986572
5.624499797821045
5.887259483337402
6.258955955505371
5.856906414031982
5.514901876449585
5.693032503128052
5.710594177246094
5.8028223514556885
5.87494158744812
5.662330150604248
5.52714991569519
5.765242338180542
5.824301242828369
5.692446231842041
5.683582067489624
5.666167497634888
5.637964248657227
5.803174734115601
5.8468337059021
5.6140055656433105
5.660918235778809
5.735363960266113
5.706084966659546
5.688647508621216
5.79692006111145
5.5846779346466064
5.865415334701538
5.982167959213257
5.571436405181885
5.708811521530151
5.707609415054321
5.863403558731079
5.773883104324341
5.6206324100494385
5.5769782066345215
5.625752210617065
5.88266134262085
6.157448768615723
5.90109658241272
5.641608715057373
5.824589967727661
5.772234916687012
5.502882242202759
5.579655170440674
5.582085847854614
5.766249895095825
5.675752639770508
5.78533148765564
5.64444899559021
5.617028474807739
5.658571004867554
5.828387022018433
5.815437316894531
5.929893255233765
5.6768717765808105
5.541133642196655
5.809257745742798
5.9435508251190186
5.690245866775513
5.706802129745483
5.832186937332153
5.797619104385376
5.791280031204224
5.709061145782471
5.731119155883789
5.563478708267212
6.17806339263916
6.03486967086792
6.1720640659332275
6.279568195343018
6.354583978652954
5.675031661987305
5.805099725723267
5.749637603759766
5.822715997695923
6.170014142990112
5.9444098472595215
6.024306535720825
6.121450662612915
6.074427843093872
6.038495779037476
6.061396837234497
6.0173680782318115
6.16229772567749
6.049507141113281
5.7996580600738525
6.152077674865723
5.728213310241699
5.914383172988892
6.02888298034668
6.228091239929199
6.032566785812378
5.601412057876587
5.774127721786499
5.779821395874023
5.758139133453369
5.613572120666504
5.831210136413574
5.5565102100372314
5.701706409454346
5.925793647766113
5.940415382385254
5.796183824539185
5.715410947799683
5.801157474517822
5.902041912078857
5.899892091751099
5.796584367752075
5.790631532669067
5.899811267852783
5.832308292388916
5.812335968017578
5.757443428039551
5.850852012634277
6.005162000656128
5.897001028060913
5.7871763706207275
5.545849323272705
5.6340107917785645
5.6245436668396
5.838359117507935
5.763348579406738
5.857390880584717
5.842597961425781
5.776759624481201
5.724210500717163
5.659744024276733
5.494438886642456
6.235585927963257
5.830108165740967
5.862962961196899
5.646926164627075
5.930909872055054
5.543072938919067
5.873321056365967
5.79135799407959
5.825355768203735
5.829199552536011
5.750100374221802
5.98335599899292
5.962371587753296
5.739097595214844
5.7618348598480225
5.935776710510254
6.107670545578003
5.7705078125
5.854529142379761
5.828911542892456
5.789296865463257
5.836694955825806
5.872929573059082
5.873331308364868
5.757307052612305
5.599883794784546
5.849182367324829
5.644123315811157
5.792959451675415
5.739825010299683
5.806237697601318
5.717205286026001
5.69547438621521
5.906810283660889
5.780207395553589
5.6922361850738525
5.834018707275391
5.856909275054932
5.7464494705200195
6.000863552093506
5.452402353286743
5.782563924789429
5.581506729125977
5.831347703933716
5.756541967391968
5.771692514419556
5.828177213668823
5.6280152797698975
5.879084348678589
5.6286845207214355
5.762515544891357
5.78972601890564
5.925822973251343
5.93586802482605
5.460908889770508
5.689246654510498
5.705191612243652
5.602046489715576
5.702101707458496
5.651665925979614
5.81380295753479
5.761107683181763
5.625464200973511
5.558574914932251
5.719087839126587
5.691155433654785
5.819366693496704
5.841416358947754
5.812402009963989
5.61444616317749
5.550544738769531
5.651655912399292
5.487830877304077
5.518479585647583
5.786791563034058
5.764479160308838
5.8008763790130615
5.520504474639893
5.741225719451904
5.641811847686768
5.860760450363159
5.843373537063599
5.700187683105469
5.663690567016602
5.9054999351501465
5.548553466796875
5.7377471923828125
5.456546783447266
5.5008838176727295
5.594362020492554
5.766826629638672
5.546564102172852
5.766487121582031
5.653560161590576
5.925712585449219
5.87453293800354
5.779259443283081
5.347867012023926
5.727211952209473
5.393908977508545
5.739222526550293
5.490997076034546
5.3278489112854
5.720204591751099
5.466976642608643
5.590088129043579
5.636128664016724
5.300825119018555
5.574072599411011
5.600095748901367
5.741223096847534
5.474982976913452
5.69818639755249
5.559060335159302
6.097548961639404
5.606102228164673
5.571070432662964
5.671160936355591
5.213746070861816
5.4139275550842285
5.605102300643921
5.648139953613281
5.568068265914917
5.538041114807129
5.532033920288086
5.597094774246216
5.453963756561279
5.128668546676636
5.494000673294067
5.565065145492554
5.675164222717285
5.392907381057739
5.343863487243652
5.599095821380615
5.455964803695679
5.1216607093811035
5.6281187534332275
5.431943416595459
5.38990592956543
5.3378586769104
5.5420448780059814
5.344863653182983
5.848322868347168
5.608104228973389
5.6161110401153564
5.528029918670654
5.6481404304504395
5.513018369674683
5.634127140045166
5.566064834594727
5.795274257659912
5.44795823097229
5.392909526824951
5.318840503692627
5.584081649780273
5.43494725227356
5.296821117401123
5.458967447280884
5.555055618286133
5.292817831039429
5.637129783630371
5.445956707000732
5.584081172943115
5.22976016998291
5.4799864292144775
5.477986097335815
5.515018939971924
5.520023822784424
5.555055856704712
5.465975761413574
5.503007888793945
5.684172868728638
5.326848745346069
5.361879348754883
5.416929483413696
5.47298002243042
5.496001720428467
5.666157007217407
5.319840669631958
5.495001792907715
5.605100631713867
5.4489586353302
5.510014295578003
5.757239103317261
5.548050165176392
5.615108966827393
5.362880706787109
5.477984428405762
5.528030157089233
5.449960231781006
5.748230695724487
5.27780294418335
5.350870370864868
5.61410927772522
5.332853078842163
5.367885112762451
5.460968732833862
5.583082437515259
5.300825119018555
5.384899377822876
5.676166534423828
5.456966876983643
5.359877347946167
5.471978664398193
5.412927150726318
5.477985143661499
5.299823522567749
5.474982738494873
5.404918909072876
5.2227537631988525
5.60409951210022
5.488995552062988
5.3528711795806885
5.594090700149536
5.442953109741211
5.530033349990845
5.546048164367676
5.553054094314575
5.616110563278198
5.29481840133667
5.60710334777832
5.484991788864136
5.547046661376953
5.6201159954071045
5.5700695514678955
5.499004125595093
5.533035755157471
5.429940700531006
5.592089891433716
5.755237579345703
5.68617582321167
5.683173656463623
5.3839006423950195
5.588084936141968
5.502007246017456
5.538039684295654
5.374891996383667
5.59108829498291
5.554053783416748
5.583080530166626
5.660150766372681
5.30082368850708
5.390906810760498
5.417931318283081
5.540040969848633
5.360879421234131
5.546047925949097
5.424936771392822
5.761243581771851
5.544046640396118
5.548048973083496
5.528029680252075
5.3258466720581055
5.645137310028076
5.379897117614746
5.323844909667969
5.360880136489868
5.582079172134399
5.621114730834961
5.709194660186768
5.381897926330566
5.447957515716553
5.421935558319092
5.683172702789307
5.4679765701293945
5.3288493156433105
5.3518712520599365
5.436946392059326
5.4869935512542725
5.479986906051636
5.5770745277404785
5.351870775222778
5.57807469367981
5.637129545211792
5.395910024642944
5.5140180587768555
5.47998833656311
5.38289999961853
5.493999004364014
5.332853078842163
5.534036636352539
5.415928602218628
5.577075242996216
5.44095253944397
5.620114326477051
5.624118089675903
5.289815187454224
5.392908096313477
5.512016296386719
5.49500036239624
5.173708915710449
5.511016130447388
5.43994927406311
5.496000289916992
5.38289737701416
5.480987787246704
5.264792203903198
5.374891042709351
5.722207069396973
5.463972806930542
5.349869251251221
5.283809185028076
5.440950870513916
5.552053928375244
5.423936605453491
5.443955183029175
5.342861890792847
5.395910739898682
5.976438999176025
5.2998223304748535
5.555054664611816
5.35787558555603
5.395911693572998
5.740224599838257
5.322843313217163
5.548049211502075
5.451960802078247
5.472980737686157
5.474982976913452
5.473982572555542
5.50601053237915
5.523026704788208
5.43294358253479
5.61911416053772
5.431943416595459
5.504009246826172
5.459969520568848
5.479987621307373
5.272798538208008
5.265791893005371
5.601097822189331
5.291816234588623
5.457967042922974
5.492999315261841
5.652143478393555
5.361879110336304
5.559058666229248
5.465973854064941
5.272798538208008
5.391906499862671
5.421935081481934
5.426939249038696
5.542044162750244
5.535038232803345
5.585082054138184
5.49800443649292
5.572070598602295
5.396912336349487
5.507011651992798
5.396912574768066
5.37188982963562
5.67316198348999
5.348866939544678
5.303827524185181
5.3468663692474365
5.3158392906188965
5.367886066436768
5.281807899475098
5.331852197647095
5.478987216949463
5.350869417190552
5.132672071456909
5.320842504501343
5.583081960678101
5.607102870941162
5.179713726043701
5.4589667320251465
5.337857961654663
5.346864938735962
5.502007007598877
5.317839860916138
5.62011456489563
5.553054094314575
5.416929721832275
5.291815996170044
5.570068836212158
5.379895925521851
5.4709792137146
5.21674656867981
5.43494725227356
5.477985143661499
5.586082696914673
5.360878229141235
5.338858127593994
5.405920743942261
5.357875347137451
5.483992099761963
5.3648834228515625
5.51702094078064
5.287811756134033
5.416929483413696
5.620114803314209
5.513017892837524
5.493000268936157
5.711197137832642
5.5790770053863525
5.5170207023620605
5.6061015129089355
5.371888637542725
5.467976093292236
5.45996880531311
5.3678858280181885
5.468976974487305
5.630125045776367
5.366883993148804
5.576074123382568
5.238768815994263
5.789267301559448
5.39791202545166
5.377893447875977
5.452962398529053
5.236757278442383
5.443955421447754
5.354872941970825
5.3949103355407715
5.487994194030762
5.289813756942749
5.264791250228882
5.487993955612183
5.4799885749816895
5.487994194030762
5.795274019241333
5.655147552490234
5.970084190368652
5.767983913421631
5.605100393295288
5.426938533782959
5.512526750564575
