Timing log for each step:
0.01701498031616211
5.6121063232421875
5.591088533401489
5.55305290222168
5.566065311431885
5.601095676422119
5.55805778503418
5.600096702575684
5.965428590774536
5.703190326690674
5.6271209716796875
5.632125616073608
5.6911780834198
5.678167104721069
5.634126663208008
5.596092462539673
5.7782580852508545
5.779258728027344
5.773254156112671
5.691178560256958
5.619112014770508
5.509013652801514
5.636128902435303
5.585082292556763
5.7892680168151855
6.000460863113403
5.484991073608398
5.855327606201172
5.766247272491455
5.633125305175781
5.659150123596191
5.696183919906616
5.590087175369263
5.687175750732422
5.742225408554077
5.784264087677002
5.741224765777588
5.443953275680542
5.637128591537476
5.533034563064575
5.491998195648193
5.652142763137817
5.5650646686553955
5.714200019836426
5.546046495437622
5.549049377441406
5.54004168510437
5.522024869918823
5.433944940567017
5.54004168510437
5.736220359802246
5.440950870513916
5.585082292556763
5.712197780609131
5.615109205245972
5.500005006790161
5.4199323654174805
5.5590596199035645
5.6561479568481445
5.676164865493774
5.5320353507995605
5.521024942398071
5.50601053237915
5.496001958847046
5.477986097335815
5.505010366439819
5.413927793502808
5.52402663230896
5.416929483413696
5.800278186798096
5.473982572555542
5.473982810974121
5.518024921417236
5.649139881134033
5.61210823059082
5.556056499481201
5.445956707000732
5.59609317779541
5.686175346374512
5.61811375617981
5.655145645141602
5.613108158111572
5.359877347946167
5.599094390869141
5.470978498458862
5.769250392913818
5.718202829360962
5.703190803527832
5.686174154281616
5.571070432662964
5.621113538742065
5.667156457901001
5.609104871749878
5.485992670059204
5.638130187988281
5.5710694789886475
4.827393293380737
5.567066192626953
4.8173828125
4.7583301067352295
4.79336142539978
4.715291976928711
4.92348051071167
4.791360378265381
5.0295774936676025
4.7062828540802
4.827393531799316
4.677256107330322
4.7253007888793945
4.923480033874512
4.758331298828125
4.706282615661621
4.826392889022827
4.711287021636963
4.836400985717773
4.823390245437622
4.753324508666992
4.948503017425537
4.714291095733643
4.670250415802002
4.802369832992554
4.804372310638428
4.841406345367432
4.78035044670105
4.784353494644165
4.9014599323272705
4.795363426208496
4.795363426208496
4.7963645458221436
4.776346445083618
4.770340204238892
4.884443759918213
4.802368879318237
4.840404272079468
4.763333797454834
4.8394036293029785
5.002552509307861
5.260786771774292
4.81538200378418
4.808375358581543
4.774344444274902
4.795363664627075
4.599184989929199
4.847410202026367
4.884444952011108
4.912469863891602
5.018566608428955
4.653234958648682
4.806373357772827
4.941496849060059
4.591177940368652
4.766336441040039
4.852415084838867
4.830395460128784
4.992543935775757
4.757328748703003
4.8584206104278564
4.640221834182739
4.87843918800354
4.837401390075684
4.997538089752197
4.937493085861206
4.827392578125
4.774344205856323
4.895454406738281
4.688266277313232
4.86142373085022
4.818384885787964
4.989530801773071
4.880440950393677
4.9184746742248535
4.861423492431641
5.054599285125732
4.8474109172821045
4.824390411376953
4.944499731063843
4.888447999954224
4.795363903045654
4.750321626663208
4.7913594245910645
4.915473222732544
4.745317459106445
4.736310005187988
4.912470102310181
4.84340763092041
4.864427089691162
4.66624641418457
4.896455526351929
4.7973644733428955
4.823389053344727
4.883443593978882
4.79336142539978
4.8013694286346436
4.703279733657837
4.743316411972046
4.833398103713989
4.7022788524627686
4.878437519073486
4.858421564102173
5.089630842208862
4.766972303390503
4.736308574676514
4.85541844367981
4.7453179359436035
4.862424612045288
4.631214618682861
4.827392578125
4.79836630821228
4.9014599323272705
4.837401628494263
4.888447999954224
4.8874475955963135
5.031578540802002
4.880441904067993
4.875436544418335
4.920477628707886
4.667247295379639
4.790358066558838
4.713288068771362
4.781351327896118
5.27880334854126
4.941495895385742
4.75832986831665
4.880440711975098
4.985537052154541
4.89645528793335
4.993543386459351
4.830394983291626
4.7963645458221436
4.809376955032349
4.896455764770508
4.978528738021851
4.883443832397461
4.659239053726196
4.813379764556885
4.78235125541687
4.780350208282471
4.886444330215454
4.938493490219116
4.688266277313232
4.740313529968262
4.643225193023682
4.8394036293029785
4.859422206878662
4.698275327682495
4.889448165893555
4.684262037277222
5.031579256057739
4.722297191619873
4.850413799285889
4.838402271270752
4.898458480834961
4.869431257247925
4.988538980484009
4.793361186981201
5.063607692718506
4.727301836013794
4.811377763748169
4.959513187408447
4.848411798477173
4.792360782623291
4.780349969863892
4.826393127441406
4.923480272293091
4.864426851272583
4.808375358581543
4.819385290145874
4.665245056152344
4.7503228187561035
4.880441665649414
4.949504137039185
4.744317293167114
4.749321937561035
4.953506946563721
4.943498611450195
4.908467769622803
4.749322175979614
4.663244009017944
4.713288068771362
4.715290784835815
4.800366640090942
4.3639702796936035
4.115744113922119
4.098729848861694
4.060695171356201
3.8495025634765625
4.013652563095093
3.9375832080841064
4.087719440460205
4.049685955047607
3.892542600631714
3.998638868331909
4.006646156311035
4.031668663024902
3.9125611782073975
4.143770694732666
4.131759881973267
4.000640392303467
3.862515687942505
3.9686119556427
3.939584970474243
3.9886293411254883
4.0186567306518555
4.012651205062866
3.9355814456939697
3.9936327934265137
4.166791677474976
4.0697033405303955
3.9055540561676025
4.044680595397949
3.9435882568359375
4.031668186187744
3.783442974090576
3.7954533100128174
3.9806225299835205
4.029666900634766
4.097728729248047
3.8595128059387207
3.9576008319854736
4.100730895996094
3.8585121631622314
4.150777101516724
4.080712795257568
4.0156543254852295
3.9886295795440674
3.9726147651672363
3.9115593433380127
3.893540620803833
4.093724727630615
3.976618766784668
4.016654968261719
4.0236616134643555
3.878530263900757
3.966609477996826
3.9095571041107178
3.8515045642852783
4.03266978263855
3.9295756816864014
3.8745248317718506
3.968611240386963
3.8184754848480225
3.9616048336029053
4.075708627700806
4.214834928512573
3.922569513320923
3.9646077156066895
3.9055542945861816
4.192815065383911
3.9085566997528076
3.9075562953948975
3.995635986328125
3.9756178855895996
4.001641511917114
3.973616600036621
4.144772052764893
4.006646156311035
3.8895392417907715
4.041678190231323
4.170795202255249
4.1327619552612305
4.046682119369507
4.114743947982788
3.931577444076538
4.075708866119385
4.130758047103882
4.161787271499634
3.97761869430542
3.9806225299835205
3.944589853286743
3.894543409347534
4.001641035079956
3.961604356765747
3.880530834197998
3.979621410369873
4.145772695541382
4.01365327835083
4.003642797470093
3.936582326889038
3.9946351051330566
4.013652563095093
4.221842527389526
3.911559581756592
3.9646072387695312
4.087719440460205
4.041677951812744
4.094726324081421
3.9756171703338623
3.9886295795440674
3.984626531600952
3.9545986652374268
3.946591377258301
3.8254806995391846
4.0316689014434814
4.111741781234741
4.141769647598267
3.910557985305786
3.958601713180542
4.020658493041992
4.011650562286377
3.9435887336730957
4.123752593994141
4.070703983306885
3.9996392726898193
4.062697887420654
4.001641273498535
4.1467742919921875
3.9245710372924805
3.988629102706909
3.9686119556427
3.9055540561676025
4.194817781448364
3.8485021591186523
4.150777578353882
3.984626054763794
4.037675142288208
3.9706130027770996
3.9976377487182617
3.971613883972168
4.310922861099243
4.083715915679932
3.9105587005615234
3.9265730381011963
4.017657041549683
4.008648157119751
3.8845341205596924
4.076710224151611
4.020658254623413
4.243860721588135
3.8444983959198
4.027665138244629
3.986628770828247
4.046681642532349
4.199821949005127
3.857510566711426
4.083716630935669
3.938584327697754
4.077710866928101
3.9405858516693115
4.031668663024902
4.07771110534668
4.137765169143677
4.073616027832031
3.954680919647217
