Timing log for each step:
0.013012170791625977
5.073626279830933
5.262798070907593
5.038594961166382
5.182725429534912
4.9425060749053955
5.222760438919067
5.223762035369873
5.174718141555786
5.348876953125
5.166710376739502
5.476993560791016
5.011569261550903
5.160706520080566
5.190731763839722
5.1196677684783936
5.188731670379639
5.2718071937561035
5.14969539642334
5.134681940078735
5.08463716506958
5.326856374740601
5.180723667144775
5.394919395446777
5.252790689468384
5.355883598327637
5.3638904094696045
5.314846038818359
5.279813528060913
5.334864377975464
5.2277679443359375
5.364891290664673
5.206746816635132
5.263798952102661
5.2858195304870605
5.202744722366333
5.274808645248413
5.407930374145508
5.229767560958862
5.2457826137542725
5.265801191329956
5.332861423492432
5.126672744750977
5.384909391403198
5.1276750564575195
5.291824579238892
5.217757940292358
5.273808479309082
5.305836915969849
5.404927492141724
5.331861257553101
5.173717260360718
5.257794141769409
5.3508782386779785
5.193735122680664
5.19874119758606
5.316848278045654
5.469986915588379
5.475992202758789
5.307840347290039
5.5640716552734375
5.3769025802612305
5.326856851577759
5.2728071212768555
5.284818172454834
5.340869426727295
5.3538818359375
5.185727834701538
5.3238525390625
5.3698952198028564
5.2457826137542725
5.419942140579224
5.417940139770508
5.272807359695435
5.313845157623291
5.373899936676025
5.381906986236572
5.383908271789551
5.375900983810425
5.426948308944702
5.261797189712524
5.272806644439697
5.320851564407349
5.408932209014893
5.395919561386108
5.314846754074097
5.237776279449463
5.395920753479004
5.397921085357666
5.3698954582214355
5.348877191543579
5.471989154815674
5.427948951721191
5.381906270980835
5.423945426940918
5.377904176712036
5.394918918609619
5.391916751861572
5.398922443389893
5.347875118255615
5.383908748626709
5.41894006729126
5.345874786376953
5.329859256744385
5.403926610946655
5.400923490524292
5.321851968765259
5.438958644866943
5.373899698257446
5.459978342056274
5.534045696258545
5.451969385147095
5.403927326202393
5.332862377166748
5.413936138153076
5.4739906787872314
5.345874309539795
5.298830270767212
5.319850921630859
5.3849098682403564
5.408932209014893
5.424947500228882
5.336865663528442
5.402925491333008
5.377902984619141
5.392916917800903
5.387913703918457
5.385909080505371
5.401925086975098
5.420942783355713
5.405928611755371
5.4159369468688965
5.307839870452881
5.333863258361816
5.365893363952637
5.368894577026367
5.416938781738281
5.339869260787964
5.424945592880249
5.410933256149292
5.285820007324219
5.319849967956543
5.387913465499878
5.436956405639648
5.48199725151062
5.429950475692749
5.345875024795532
5.465983629226685
5.386911153793335
5.42194390296936
5.45197057723999
5.403926610946655
5.51502799987793
5.348876476287842
5.492006301879883
5.333863019943237
5.3939173221588135
5.402925252914429
5.472990036010742
5.329859495162964
5.402925252914429
5.439959764480591
5.4179394245147705
5.378904342651367
5.40592885017395
5.449970006942749
5.398922920227051
5.410933971405029
5.433953285217285
5.312843561172485
5.4479663372039795
5.453972578048706
5.403926610946655
5.497011423110962
5.355883359909058
5.442961692810059
5.478993654251099
5.41894006729126
5.286820411682129
5.432952642440796
5.439959287643433
5.4659833908081055
5.499013185501099
5.34987735748291
5.4799964427948
5.39892315864563
5.382907867431641
5.362890243530273
5.333862543106079
5.3278586864471436
5.360884428024292
5.404927492141724
5.40092396736145
5.337866544723511
5.458977222442627
5.342871904373169
5.36088752746582
5.483629465103149
5.60162615776062
5.47081995010376
5.461559295654297
