Timing log for each step:
0.015014171600341797
5.29712986946106
5.12371826171875
5.119925260543823
5.15543007850647
5.251483201980591
5.209096908569336
5.306380033493042
5.0843117237091064
5.162646770477295
5.295227289199829
5.193530797958374
5.325654029846191
5.268277645111084
5.23984169960022
5.36956000328064
5.325881481170654
5.232913970947266
5.2904212474823
5.36770224571228
5.23165225982666
5.275004625320435
5.22432017326355
5.333287715911865
5.202219486236572
5.312747478485107
5.276895046234131
5.306461334228516
5.333757162094116
5.317765951156616
5.294011831283569
5.345916748046875
5.287852764129639
5.296896696090698
5.35143256187439
5.459146738052368
5.369626522064209
5.3560192584991455
5.3730340003967285
5.249213457107544
5.424878835678101
5.434940576553345
5.485499858856201
5.349917411804199
5.373178958892822
5.428945302963257
5.346335411071777
5.368990659713745
5.260254621505737
5.372131824493408
5.409764289855957
5.4107582569122314
5.2903172969818115
5.363919973373413
5.406113862991333
5.409198522567749
5.499096632003784
5.434254884719849
5.257943630218506
5.478569030761719
5.4103899002075195
5.2709641456604
5.379914283752441
5.314100027084351
5.303473234176636
5.44920802116394
5.237312316894531
5.469835519790649
5.498387575149536
5.340401649475098
5.501777410507202
5.442729949951172
5.325381517410278
5.23210597038269
5.451969146728516
5.5242860317230225
5.369989395141602
5.366196155548096
5.454702854156494
5.499772548675537
5.429977893829346
5.324693202972412
5.47156286239624
5.3622002601623535
5.456942796707153
5.473215341567993
5.512930631637573
5.363758087158203
5.406476974487305
5.382943153381348
5.4405152797698975
5.446531534194946
5.453031063079834
5.553347110748291
5.446552753448486
5.437808275222778
5.234994649887085
5.442441940307617
5.365805387496948
5.440317392349243
5.439391613006592
5.314872741699219
5.530847787857056
5.534364223480225
5.430893898010254
5.362988471984863
5.331937313079834
5.37790060043335
5.538634777069092
5.521073579788208
5.4880712032318115
5.433029413223267
5.266370058059692
5.366933822631836
5.319925308227539
5.415863275527954
5.467844009399414
5.322777986526489
5.472190618515015
5.459846258163452
5.357805967330933
5.4451904296875
5.441481828689575
5.467245817184448
5.378503799438477
5.403849363327026
5.463770389556885
5.4024012088775635
5.530221939086914
5.38423228263855
5.365767240524292
5.479685068130493
5.418406009674072
5.420374870300293
5.522568702697754
5.35736083984375
5.464966535568237
5.565197944641113
5.392483711242676
5.4479382038116455
5.435837745666504
5.383445978164673
5.441104412078857
5.439467668533325
5.41243577003479
5.428212881088257
5.463022708892822
5.481599807739258
5.492586612701416
5.348156929016113
5.34020733833313
5.27503776550293
5.513213157653809
5.452033281326294
5.4681761264801025
5.498053312301636
5.37743616104126
5.535507440567017
5.5025975704193115
5.467533111572266
5.461729526519775
5.523353815078735
5.5345518589019775
5.357950448989868
5.45946478843689
5.418985843658447
5.419861316680908
5.284864187240601
5.479852676391602
5.503314256668091
5.45753812789917
5.4075024127960205
5.521587371826172
5.425405979156494
5.364943742752075
5.50964093208313
5.459511041641235
5.468141794204712
5.318275451660156
5.355560779571533
5.4478418827056885
5.355119705200195
5.490223407745361
5.3762288093566895
5.4774720668792725
5.3172290325164795
5.524959564208984
5.337944746017456
5.429516077041626
5.479648590087891
5.664291620254517
5.512573957443237
5.538763523101807
5.335770845413208
5.253354072570801
5.401962757110596
5.486315488815308
5.460203170776367
5.447585344314575
5.479852676391602
5.465621471405029
5.430211544036865
5.311488628387451
5.318049430847168
5.5319578647613525
5.51252555847168
5.6246161460876465
5.471136808395386
5.444899559020996
5.268624305725098
5.521939754486084
5.485750913619995
5.4842445850372314
5.526204824447632
5.436985969543457
5.4871015548706055
5.452606201171875
5.372866630554199
5.450613737106323
5.424031496047974
5.517824411392212
5.475360631942749
5.4906933307647705
5.431119918823242
5.3471033573150635
5.491019010543823
5.55195951461792
5.399969100952148
5.48447322845459
5.445411682128906
5.475029230117798
5.331682443618774
5.516003847122192
5.48200535774231
5.547103404998779
5.483414173126221
5.549928426742554
5.481631755828857
5.492194175720215
5.525116443634033
5.369835138320923
5.310847282409668
5.496964693069458
5.512997150421143
5.364131927490234
5.405450344085693
5.5268659591674805
5.37096095085144
5.536239862442017
5.352418422698975
5.57516884803772
5.522698879241943
5.407399415969849
5.582773447036743
5.5003273487091064
5.505026340484619
5.517598390579224
5.325475215911865
5.454587459564209
5.490554094314575
5.389340877532959
5.407500982284546
5.485971450805664
5.412990093231201
5.400360822677612
5.4900922775268555
5.489555835723877
5.471959590911865
5.472643613815308
5.459518909454346
5.500298500061035
5.4377524852752686
5.441444158554077
5.344136953353882
5.487539529800415
5.373865842819214
5.491195440292358
5.419281482696533
5.4351701736450195
5.450541257858276
5.468392372131348
5.449308156967163
5.472336292266846
5.373157024383545
5.522594213485718
5.451463937759399
5.475373029708862
5.624618768692017
5.542916297912598
5.437427520751953
5.446497917175293
5.4470415115356445
5.411245346069336
5.51732611656189
5.3989715576171875
5.487367391586304
5.320769309997559
5.439035415649414
5.422219753265381
5.359433889389038
5.416286468505859
5.356299638748169
5.411231517791748
5.453638553619385
5.453678131103516
5.453845739364624
5.360292434692383
5.439285516738892
5.425715923309326
5.476117849349976
5.36290979385376
5.41800856590271
5.35979962348938
5.516597747802734
5.508502006530762
5.450124025344849
5.411957740783691
5.450003623962402
5.455361843109131
5.3933751583099365
5.446481466293335
5.447146415710449
5.792779445648193
5.563486576080322
5.397009611129761
5.371153116226196
5.751472234725952
5.415035247802734
5.471530437469482
5.394848585128784
5.541425704956055
5.565213918685913
5.466545104980469
5.481881618499756
5.360095500946045
5.309749603271484
5.642183303833008
5.612619638442993
5.572337865829468
5.51206636428833
5.386801719665527
5.5193116664886475
5.402871370315552
5.532127618789673
5.540809392929077
5.344021797180176
5.433481931686401
5.494718074798584
5.362691879272461
5.966423988342285
5.955589294433594
5.449517488479614
5.3824896812438965
5.377981901168823
5.467735052108765
5.32665228843689
5.489531993865967
5.4203057289123535
5.451014757156372
5.3768227100372314
5.5626091957092285
5.54213285446167
5.5158703327178955
5.36080002784729
5.457120180130005
5.440403699874878
5.471039772033691
5.81516432762146
5.794031381607056
5.522128582000732
5.431435585021973
5.372436285018921
5.465328931808472
5.374663591384888
5.505548715591431
5.483362436294556
5.546658992767334
5.643685817718506
5.301369905471802
5.4149863719940186
5.443231821060181
5.5173633098602295
5.455338478088379
5.519415616989136
5.420458555221558
5.590179204940796
5.637356519699097
5.422284841537476
5.439568042755127
5.323829174041748
5.47376012802124
5.35981822013855
5.4910197257995605
5.448906660079956
5.5249645709991455
5.404132843017578
5.537066221237183
5.563755989074707
5.3539040088653564
5.4500322341918945
5.562614679336548
5.355362415313721
5.3824474811553955
5.561955213546753
5.405206680297852
5.417933940887451
5.447983503341675
5.451210021972656
5.261272430419922
5.455524206161499
5.324886083602905
5.4436328411102295
5.361897230148315
5.442568302154541
5.521134853363037
5.389081001281738
5.530491590499878
5.48729681968689
5.435021162033081
5.482559680938721
5.466162443161011
5.498676776885986
5.3714001178741455
5.477504730224609
5.478519439697266
5.538297653198242
5.410168647766113
5.567114353179932
5.535170078277588
5.3732335567474365
5.4315667152404785
5.494086265563965
5.554368257522583
5.4670960903167725
5.495207071304321
5.450253009796143
5.393132925033569
5.4862213134765625
5.478167772293091
5.547088623046875
5.579361438751221
5.387554407119751
5.447101593017578
5.44665265083313
5.569471120834351
5.903716087341309
5.751569509506226
5.482337951660156
5.499075651168823
5.5003578662872314
5.491632699966431
5.4564454555511475
5.439040899276733
5.495298624038696
5.335262775421143
5.5100417137146
5.462028980255127
5.553937911987305
5.610379219055176
5.444502353668213
5.488678216934204
5.556808710098267
5.4846413135528564
5.557894229888916
5.5172119140625
5.514257431030273
5.668543577194214
5.55063796043396
5.45599627494812
5.458972930908203
5.437093019485474
5.425309658050537
5.420107126235962
5.3126044273376465
5.484158515930176
5.595685958862305
5.642321586608887
5.416194677352905
5.446432828903198
5.483450889587402
5.4528961181640625
5.678743839263916
5.518923997879028
5.496067762374878
5.494563102722168
5.569077253341675
5.434419631958008
5.53202223777771
5.386021852493286
5.498108863830566
5.559540033340454
5.538988351821899
5.345334529876709
5.395488023757935
5.526007652282715
5.319445371627808
5.635462760925293
5.4450647830963135
5.374433994293213
5.451525449752808
5.476366996765137
5.406593561172485
5.492680549621582
5.365415573120117
5.384490966796875
5.5555360317230225
5.6091344356536865
5.414031267166138
5.367058515548706
5.427504062652588
5.62532114982605
5.449494123458862
5.4414591789245605
5.481953144073486
5.515432596206665
5.38737154006958
5.548543930053711
5.654725074768066
5.385187149047852
5.416654825210571
5.475238561630249
5.477430105209351
5.463238954544067
5.4622673988342285
5.475473403930664
5.572507619857788
5.310653448104858
5.357815980911255
5.382916212081909
5.593862056732178
5.5315468311309814
5.48795485496521
5.591570615768433
5.5611042976379395
5.40446925163269
5.522064447402954
5.699460029602051
5.359800815582275
5.357405424118042
5.569424152374268
5.52436375617981
5.543688535690308
5.484154224395752
5.6060967445373535
5.472975254058838
5.464404106140137
5.521406173706055
5.481670618057251
5.515633583068848
5.4725048542022705
5.474912166595459
5.5579869747161865
5.665345191955566
5.4040446281433105
5.407765626907349
5.449967384338379
5.583536386489868
5.515232801437378
5.45799446105957
5.461358308792114
5.622702121734619
5.4157798290252686
5.442338228225708
5.493556499481201
5.834801197052002
5.756060838699341
5.474425554275513
5.480300426483154
5.527773141860962
5.585615158081055
5.4749743938446045
5.3919477462768555
5.442964315414429
5.611562967300415
5.321806907653809
5.374014377593994
5.5844972133636475
5.426877021789551
5.508176326751709
5.471359729766846
5.577738523483276
5.640150308609009
5.617130517959595
5.426955938339233
5.532052278518677
5.376910448074341
5.30284309387207
5.580096483230591
5.544063568115234
5.316855192184448
5.284825801849365
5.381915330886841
5.402933835983276
5.5961103439331055
5.545063734054565
5.51503586769104
5.597112417221069
5.539058446884155
5.3218607902526855
5.7142181396484375
5.413944959640503
5.386920690536499
5.321860074996948
5.593108177185059
5.518038272857666
5.303843259811401
5.277820587158203
5.532052040100098
5.538056373596191
5.6441545486450195
5.496018886566162
5.431960105895996
5.394927740097046
5.406937599182129
5.60712194442749
5.403934717178345
5.617129564285278
5.565082788467407
5.407938003540039
5.792289733886719
5.470996856689453
5.462988615036011
5.57108736038208
5.41494607925415
5.42094874382019
5.609123706817627
5.397928953170776
5.624135732650757
5.347872972488403
5.51503586769104
5.569085121154785
5.4970197677612305
5.361896753311157
5.5270469188690186
5.358893394470215
5.456983804702759
5.5760931968688965
5.913400173187256
5.910397291183472
5.4950172901153564
5.5600745677948
5.57309103012085
5.365900278091431
5.597111701965332
5.510031223297119
5.334872007369995
5.505025863647461
5.468995094299316
5.677184343338013
5.466983079910278
5.450978517532349
5.385918378829956
5.4189488887786865
5.649158477783203
5.855347633361816
5.529049873352051
5.579094409942627
5.3318681716918945
5.309848308563232
5.349884748458862
5.43496298789978
5.445972919464111
5.475000858306885
6.455896377563477
5.55207085609436
5.629137754440308
5.560074806213379
5.396740198135376
5.376910448074341
5.441328048706055
5.460986375808716
5.51903772354126
5.376905679702759
5.546060800552368
5.488003730773926
5.5601983070373535
5.727223634719849
5.33987021446228
5.4689905643463135
5.653159141540527
5.53705358505249
5.616124868392944
5.396925687789917
5.59010124206543
5.42094612121582
5.5630762577056885
5.569082260131836
5.542057514190674
5.3859148025512695
5.452976703643799
5.567166328430176
5.438962697982788
5.3899195194244385
5.6311399936676025
5.457979917526245
5.442967653274536
5.4299540519714355
5.379909515380859
5.394923210144043
5.669172525405884
5.450973749160767
5.652158975601196
5.428952932357788
5.638144016265869
5.53335976600647
5.4449687004089355
5.5150322914123535
5.629136085510254
5.667171239852905
5.482001543045044
5.663167476654053
5.805297613143921
5.593103408813477
5.316852569580078
5.435960054397583
5.52904486656189
5.386915445327759
5.506022930145264
5.583096265792847
5.464987754821777
5.515032768249512
5.453975200653076
5.422946453094482
5.50902795791626
5.444967269897461
5.4940125942230225
5.590100526809692
5.984021186828613
5.419580936431885
5.379908561706543
5.60011100769043
5.43195652961731
5.5520665645599365
5.5730836391448975
5.467988729476929
5.446969985961914
5.48400354385376
5.655160188674927
5.410936117172241
5.497016906738281
5.567080497741699
5.452974796295166
5.511029243469238
5.566076040267944
5.5760886669158936
5.6711742877960205
5.409935474395752
5.533049583435059
5.411937236785889
5.429954767227173
5.585095643997192
5.382911443710327
5.495013952255249
5.491012096405029
5.506023168563843
5.347881078720093
5.473994970321655
5.743241310119629
5.640146017074585
5.426952123641968
5.516034364700317
5.491009712219238
5.456979990005493
5.5780909061431885
5.631139039993286
5.684185743331909
5.388917922973633
5.592100620269775
5.675178289413452
5.559072494506836
5.382912874221802
5.420946836471558
5.52604341506958
5.557070732116699
5.530046463012695
5.483003854751587
5.593102931976318
5.560073137283325
5.420945882797241
5.6481544971466064
5.667171001434326
5.638141870498657
5.622130393981934
5.477999925613403
5.597107410430908
5.443968772888184
5.3208558559417725
5.6751744747161865
5.54105544090271
5.522038459777832
5.538052558898926
5.652157545089722
5.376905679702759
5.455979347229004
5.431957721710205
5.511029005050659
5.563075304031372
5.56207537651062
5.448971748352051
5.491011619567871
5.563077449798584
5.7392377853393555
5.477997541427612
5.649154186248779
5.47099232673645
5.584095239639282
5.406933546066284
5.496013402938843
5.5370543003082275
5.551065921783447
5.465987920761108
5.512029647827148
5.56808066368103
5.562075138092041
5.439964056015015
5.570081949234009
5.5840959548950195
5.468989849090576
5.808300733566284
5.531047582626343
5.410937309265137
5.587099313735962
5.527045488357544
5.614123106002808
5.566079616546631
5.541056156158447
5.550064563751221
5.5090272426605225
5.537052154541016
5.491010665893555
5.499016284942627
5.533048629760742
5.472994089126587
5.627135515213013
5.42695164680481
5.392917633056641
5.488005876541138
5.43695855140686
6.285734176635742
5.7072062492370605
5.523038148880005
5.416938066482544
5.484004497528076
5.474993705749512
5.452974557876587
5.382911205291748
5.491009712219238
5.494011402130127
5.473992586135864
5.483001947402954
5.542057275772095
5.539053201675415
5.471991777420044
5.490007162094116
5.488005638122559
5.308841705322266
5.54105544090271
5.435958385467529
5.517033100128174
5.528043031692505
5.506022214889526
5.508023977279663
5.386919975280762
5.505022287368774
5.539052963256836
5.479998826980591
5.526041507720947
5.416940927505493
5.478999614715576
5.4759955406188965
5.688188314437866
5.4789979457855225
5.377904653549194
5.544055461883545
5.413940906524658
5.505021810531616
5.442965030670166
5.458981513977051
5.449971675872803
5.4369590282440186
5.436960697174072
5.5140299797058105
5.599109172821045
5.519033908843994
5.518032789230347
5.459979772567749
5.6711742877960205
5.699198246002197
5.48600435256958
5.577086687088013
5.534048795700073
5.442967176437378
5.565076589584351
5.482001543045044
5.562075138092041
5.457981109619141
5.4890055656433105
5.430953025817871
5.371901273727417
5.420945405960083
5.5510640144348145
5.467988014221191
5.51703405380249
5.393920183181763
5.434959173202515
5.5490617752075195
5.576087236404419
5.564075469970703
5.4980149269104
5.500017881393433
5.537052154541016
5.634139776229858
5.47899866104126
5.541054964065552
5.371900796890259
5.361891746520996
5.5430567264556885
5.456977367401123
5.530045509338379
5.394921779632568
5.452974557876587
5.406933069229126
5.442965269088745
5.494012117385864
5.484001636505127
5.422947645187378
5.553064584732056
5.413938760757446
5.464985132217407
5.560072183609009
5.500017881393433
5.517033338546753
5.477997779846191
5.479999542236328
5.507024526596069
5.515031576156616
5.532045841217041
5.504020690917969
5.436956167221069
5.504021167755127
5.576087236404419
5.422947883605957
5.453975439071655
5.4239490032196045
5.445968389511108
5.544058322906494
5.3458778858184814
5.498015642166138
5.478999376296997
5.44496750831604
5.386915683746338
5.325858116149902
5.498016595840454
5.445967197418213
5.37490439414978
5.447971343994141
5.442965984344482
5.436958312988281
5.526040554046631
5.345876693725586
5.406931638717651
5.465987682342529
5.684185981750488
5.6371424198150635
5.524038791656494
5.4659881591796875
5.431956052780151
5.476996898651123
5.417944431304932
5.507024765014648
5.353883981704712
5.544057607650757
5.46598744392395
5.4249489307403564
5.749244213104248
5.469990253448486
5.318851947784424
5.6191253662109375
5.588096380233765
5.372901439666748
5.565076589584351
5.5080249309539795
5.508023738861084
5.512028932571411
5.453974008560181
5.468989610671997
5.437961101531982
5.4699907302856445
5.410934925079346
5.425950765609741
5.520035982131958
5.463983774185181
5.460981845855713
5.530046224594116
5.428953170776367
5.520036935806274
5.405930042266846
5.537050008773804
5.516031265258789
5.518032073974609
5.429953575134277
5.517030954360962
5.6521546840667725
5.449970483779907
5.436959266662598
5.508022785186768
5.442964792251587
5.553063869476318
5.57808780670166
5.56807804107666
5.503017902374268
5.503018379211426
5.511026382446289
5.450971603393555
5.337868690490723
5.440961599349976
5.3749024868011475
5.3698976039886475
5.391916275024414
5.502017974853516
5.354883909225464
5.491008043289185
5.472992420196533
5.522036790847778
5.522035598754883
5.339871168136597
5.472990989685059
5.459980249404907
5.4870054721832275
5.572081804275513
5.603109359741211
5.679180145263672
5.418942213058472
5.505020380020142
5.5040199756622314
5.331863164901733
5.4639811515808105
5.5220372676849365
5.486004114151001
5.337869644165039
5.414938688278198
5.252789497375488
5.403928518295288
5.3118438720703125
5.359889030456543
5.390916585922241
5.4709882736206055
5.486001968383789
5.432953596115112
5.50301718711853
5.484002113342285
5.419941186904907
5.417941331863403
5.436957836151123
5.4749932289123535
5.777268886566162
5.304838180541992
5.349881410598755
5.483000040054321
5.324857473373413
5.3949196338653564
5.3078413009643555
5.370897531509399
5.520033836364746
5.347878456115723
5.426950693130493
5.356885671615601
5.555064678192139
5.332864284515381
5.664164066314697
5.601108551025391
5.439960956573486
5.477997064590454
5.420944452285767
5.466986179351807
5.543054819107056
5.4509711265563965
5.4419636726379395
5.465985298156738
5.405929803848267
5.514029026031494
5.418941974639893
5.43695855140686
5.440962791442871
5.418941497802734
5.5360496044158936
5.40893292427063
5.396921873092651
5.378906488418579
5.3769025802612305
5.322855472564697
5.569077730178833
5.415940761566162
5.356884479522705
5.4089319705963135
5.412936449050903
5.422945499420166
5.4639832973480225
5.512026786804199
5.576085090637207
5.325855255126953
5.448968887329102
5.485002040863037
5.633136987686157
5.497014045715332
5.361889600753784
5.390915393829346
5.497013807296753
5.599106788635254
6.044510126113892
5.539058446884155
5.670170783996582
5.744240045547485
5.539050817489624
5.417941331863403
5.382913589477539
5.467987060546875
5.384911298751831
5.421945333480835
5.431953430175781
5.42294454574585
5.4319539070129395
5.426950454711914
5.4459662437438965
5.446967840194702
5.465985536575317
5.333862066268921
5.396922826766968
5.4930102825164795
5.545057535171509
5.39091682434082
5.471989870071411
5.401926279067993
5.471991539001465
5.372901439666748
5.448969125747681
5.437958478927612
5.330861568450928
5.426950216293335
5.470988988876343
5.412937164306641
5.444965839385986
5.44896936416626
5.403928518295288
5.436958074569702
5.469987869262695
5.496012210845947
5.470990896224976
5.507023096084595
5.440962076187134
5.470988512039185
5.479997873306274
5.555065631866455
5.453974485397339
5.395920991897583
5.311843633651733
5.309841871261597
5.355883836746216
5.488004922866821
5.5140297412872314
5.47999382019043
5.44896936416626
5.5110249519348145
5.433953762054443
5.4189393520355225
5.448967218399048
5.4569761753082275
5.332862377166748
5.383908748626709
5.547058343887329
5.286824464797974
5.499014377593994
5.360888481140137
5.3749001026153564
5.437956094741821
5.405930280685425
5.322854280471802
5.509023189544678
5.438958406448364
5.4679856300354
5.404929161071777
5.474992513656616
5.466984033584595
5.360888481140137
5.4109320640563965
5.42194390296936
5.343873500823975
5.523036956787109
5.519032716751099
5.307841062545776
5.459977865219116
5.471989870071411
5.398922681808472
5.519030570983887
5.422945737838745
5.443965196609497
5.411933660507202
5.407928705215454
5.412933349609375
5.47899603843689
5.585092544555664
5.460980176925659
5.492008686065674
5.481998443603516
5.477995157241821
5.334862947463989
5.332859992980957
5.513026714324951
5.4779956340789795
5.432953357696533
5.479996681213379
5.325855731964111
5.451972484588623
5.494008541107178
5.559068918228149
5.423946380615234
5.425948143005371
5.359888315200806
5.457974672317505
5.527040243148804
5.208749771118164
5.294828176498413
5.37590217590332
5.290824890136719
5.4559760093688965
5.437957763671875
5.387913227081299
5.399923801422119
5.507021427154541
5.369896173477173
5.520031213760376
5.397921800613403
5.340870380401611
5.395920038223267
5.436955690383911
5.398923635482788
5.39491868019104
5.487003326416016
5.413936614990234
5.4389567375183105
5.44596529006958
5.421942710876465
5.428951263427734
5.448969602584839
5.5380494594573975
5.372900009155273
5.35688591003418
5.49701189994812
5.359888076782227
5.400923490524292
5.443964004516602
5.4459662437438965
5.452972173690796
5.394919157028198
5.469987869262695
5.385910987854004
5.539050340652466
5.396921873092651
5.410933971405029
5.472990989685059
5.350879430770874
5.523034334182739
5.372899293899536
5.4039270877838135
5.360888957977295
5.420942783355713
5.383907794952393
5.388913154602051
5.413936138153076
5.453968524932861
5.413936614990234
5.477994918823242
5.486002683639526
5.450969219207764
5.490004301071167
5.52503776550293
5.396921157836914
5.383908987045288
5.320851802825928
5.404927730560303
5.403926372528076
5.479997396469116
5.463982105255127
5.4900054931640625
5.472990274429321
5.444963693618774
5.346874237060547
5.409933567047119
5.366888523101807
5.471987962722778
5.407928466796875
5.442963600158691
5.29082465171814
5.440962314605713
5.482998847961426
5.361889839172363
5.3558831214904785
5.4880030155181885
5.420943260192871
5.3739001750946045
5.54105281829834
5.547057628631592
5.526039123535156
5.40392804145813
5.305838108062744
5.4359564781188965
5.545054912567139
5.491006374359131
5.41793966293335
5.446964740753174
5.408932209014893
5.501016139984131
5.49100661277771
5.495010852813721
5.482996940612793
5.447967290878296
5.469988107681274
5.3288586139678955
5.502017259597778
5.462981462478638
5.467987060546875
5.458976745605469
5.479997873306274
5.469985723495483
5.445966720581055
5.431952953338623
5.374899625778198
5.461978435516357
5.9233949184417725
5.302833318710327
5.553062915802002
5.445964813232422
5.470987796783447
5.541052341461182
5.382906913757324
5.4489662647247314
5.462979078292847
5.477994441986084
5.3939173221588135
5.391915559768677
5.434955358505249
5.434955358505249
5.3518781661987305
5.4319517612457275
5.4149370193481445
5.437958002090454
5.640140533447266
5.518029451370239
5.467984914779663
5.395918369293213
5.345873117446899
5.430950164794922
5.488002300262451
5.463980674743652
5.546054363250732
5.458976984024048
5.501013994216919
5.41593861579895
5.46097207069397
5.4579758644104
5.457975625991821
5.408930063247681
5.413935422897339
5.444962978363037
5.461979150772095
5.366892337799072
5.418940305709839
5.447965621948242
5.367894411087036
5.411933422088623
5.456974744796753
5.378903388977051
5.646148204803467
5.81229829788208
5.373899459838867
5.49701189994812
5.314845085144043
5.408930540084839
5.502016305923462
5.403927564620972
5.480994701385498
5.494008541107178
5.52103328704834
5.375901460647583
5.402925252914429
5.326855659484863
5.363889932632446
5.427948474884033
5.503015041351318
5.4579758644104
5.3929173946380615
5.429949998855591
5.445962190628052
5.328857898712158
5.378901958465576
5.472989320755005
5.497011661529541
5.451969623565674
5.3228538036346436
5.487001657485962
5.475991725921631
5.478994369506836
5.400922060012817
5.517029762268066
5.434954404830933
5.438958168029785
5.483999490737915
5.392915964126587
5.481997489929199
5.447967052459717
5.4759931564331055
5.320850610733032
5.507021427154541
5.3919148445129395
5.364892244338989
5.524036645889282
5.442960977554321
5.441960096359253
5.370894908905029
5.489004135131836
5.504017114639282
5.406928062438965
5.372898101806641
5.417938947677612
5.480996608734131
5.4689860343933105
5.528039216995239
5.413933753967285
5.417938947677612
5.405927896499634
5.401923656463623
5.451969623565674
5.428947925567627
5.566072940826416
5.339868068695068
5.449968576431274
5.333860397338867
5.42694878578186
5.449968099594116
5.4519689083099365
5.441959381103516
5.384911298751831
5.405927658081055
5.470987796783447
5.360887050628662
5.453972101211548
5.458975553512573
5.404926538467407
5.550059080123901
5.477992534637451
5.373899459838867
5.4269468784332275
5.498013019561768
5.256790637969971
5.481998920440674
5.378902196884155
5.5020153522491455
5.511024475097656
5.487002372741699
5.372897624969482
5.484999895095825
5.484999895095825
5.3688929080963135
5.511023998260498
5.46198034286499
5.489001750946045
5.582088947296143
5.486001014709473
5.390914678573608
5.503016710281372
5.613117218017578
5.427948236465454
5.391916036605835
5.786275386810303
5.568074703216553
5.395918607711792
5.517029523849487
5.4289491176605225
5.337867259979248
5.452972173690796
5.48799991607666
5.561068296432495
5.435954332351685
5.427948236465454
5.488004207611084
5.4449622631073
5.5010154247283936
5.551060914993286
5.423945426940918
5.336865663528442
5.555065155029297
5.349869966506958
5.49901270866394
5.5600669384002686
5.419940948486328
5.453970193862915
5.563071250915527
5.419939756393433
5.352879762649536
5.404926776885986
5.3749003410339355
5.508020877838135
5.442959308624268
5.4099280834198
5.395918369293213
5.230767488479614
5.423943758010864
5.576083183288574
5.400922060012817
5.42494535446167
5.417938470840454
5.4359540939331055
5.42894983291626
5.435954332351685
5.43795371055603
5.370896100997925
5.6351354122161865
5.633134126663208
5.428948640823364
5.438957691192627
5.466984510421753
5.342869997024536
5.519030570983887
5.473989963531494
5.428947687149048
5.393916606903076
5.2978293895721436
5.404926538467407
5.48299765586853
5.519031047821045
5.428948879241943
5.379903793334961
5.4860005378723145
5.299831390380859
5.327851057052612
5.317846298217773
5.335862874984741
5.390914440155029
5.479994058609009
5.442962169647217
5.413935422897339
5.3979198932647705
5.409929990768433
5.308841228485107
5.433953762054443
5.5050177574157715
5.473989725112915
5.51602840423584
5.476991891860962
5.5030152797698975
5.4519689083099365
5.4169371128082275
5.543052911758423
5.519030809402466
5.597102165222168
5.450140476226807
