Timing log for each step:
0.016015052795410156
5.785971403121948
5.706486701965332
5.94061803817749
5.901599407196045
5.852302551269531
5.8922271728515625
5.994792461395264
5.827131986618042
5.931055784225464
5.932876110076904
5.8794519901275635
5.992233514785767
6.074815273284912
5.962568044662476
6.037617206573486
6.017182350158691
6.083186626434326
5.982044458389282
5.928804159164429
5.76915168762207
5.334726572036743
5.366035223007202
5.38973593711853
5.542964935302734
5.647511005401611
5.930791139602661
5.5422492027282715
5.702211141586304
5.493821859359741
5.951444625854492
5.523926019668579
5.617967844009399
6.344092845916748
5.8522374629974365
5.516514539718628
5.32433819770813
5.1926305294036865
5.573050260543823
5.297958612442017
5.310825824737549
5.3373048305511475
5.275828123092651
5.3689141273498535
5.312023639678955
5.5118935108184814
5.265451669692993
5.281938076019287
5.19554328918457
5.257169723510742
5.508192539215088
5.315572738647461
5.21174955368042
5.367703914642334
5.280883312225342
5.454989671707153
5.428258657455444
5.316641569137573
5.259937286376953
5.282175779342651
5.29984188079834
5.402829170227051
5.32066798210144
5.587812185287476
5.322472333908081
5.340353012084961
5.447316408157349
5.322062253952026
5.4001946449279785
5.612287759780884
5.539304971694946
5.341737270355225
5.249462127685547
5.50912070274353
6.0411622524261475
5.912041187286377
5.429793119430542
5.421742677688599
5.734899997711182
5.532183408737183
5.06416654586792
5.250415563583374
5.131997346878052
5.137593030929565
5.159563064575195
5.186319351196289
5.043684482574463
5.047935962677002
5.085971832275391
5.225327253341675
5.131359577178955
5.534966707229614
4.9908082485198975
5.077121257781982
5.250048398971558
4.990089416503906
5.001405954360962
5.301334619522095
5.111675262451172
4.9821929931640625
4.956882953643799
5.128522872924805
4.814761161804199
5.06782078742981
5.239916801452637
5.074833154678345
5.336195468902588
5.38209867477417
6.127833127975464
5.409515142440796
5.289316415786743
5.532199859619141
5.426400184631348
5.276237487792969
5.4124791622161865
5.143263339996338
