Timing log for each step:
0.009007453918457031
1.9898099899291992
1.8473186492919922
1.8437464237213135
1.8917195796966553
1.888824224472046
1.8432273864746094
1.7986345291137695
1.8106460571289062
1.8289806842803955
1.9137399196624756
1.9107372760772705
1.7801129817962646
1.758786678314209
1.8586888313293457
1.7913017272949219
1.8211510181427002
1.820655107498169
1.840193271636963
1.896239995956421
1.8847308158874512
1.7936320304870605
1.8107295036315918
1.7693004608154297
1.79563570022583
1.8206562995910645
1.940687894821167
1.935671329498291
1.7766156196594238
1.7931396961212158
1.7550358772277832
1.7756142616271973
1.7465882301330566
1.7575438022613525
1.768606424331665
1.7986350059509277
1.853217601776123
1.7708728313446045
1.8176524639129639
1.7748229503631592
1.7710139751434326
1.886714220046997
1.7425847053527832
1.7790887355804443
1.8561255931854248
1.8446776866912842
1.9618871212005615
1.7568554878234863
1.7796199321746826
1.7651195526123047
1.7664494514465332
1.735579252243042
1.7791662216186523
1.8234503269195557
1.7656056880950928
1.8176519870758057
1.7831261157989502
1.7919955253601074
1.895723581314087
1.7909045219421387
1.7374660968780518
1.7465896606445312
1.835667610168457
1.9109957218170166
1.8920323848724365
1.972794532775879
1.800781488418579
1.8050627708435059
1.7746131420135498
1.842674732208252
1.9597043991088867
1.7075846195220947
1.863694667816162
1.782930850982666
1.8276515007019043
1.8676981925964355
1.835174560546875
1.836698293685913
1.7896263599395752
1.888719081878662
1.761488914489746
1.78562331199646
1.8256595134735107
1.8225107192993164
1.8448450565338135
1.8016383647918701
1.7879152297973633
1.8502824306488037
1.7716097831726074
1.8476808071136475
1.7955501079559326
1.7922372817993164
1.858691930770874
1.7611076831817627
1.7453083992004395
1.8456790447235107
1.7986350059509277
1.803175449371338
1.7599852085113525
1.7816205024719238
1.8237881660461426
1.833059549331665
1.9197463989257812
1.8221642971038818
1.835526943206787
1.842646837234497
1.8857135772705078
1.8439524173736572
1.775217056274414
1.845679759979248
1.8646950721740723
1.8094048500061035
1.7891345024108887
1.8396730422973633
1.7831549644470215
1.8290736675262451
1.7285709381103516
1.7596004009246826
1.845902919769287
1.8539085388183594
1.7475883960723877
1.8015899658203125
1.8416311740875244
1.7515928745269775
1.8156461715698242
1.7417216300964355
1.9087376594543457
1.7716119289398193
1.8610587120056152
1.7466413974761963
1.7706108093261719
1.7565968036651611
1.8660056591033936
1.9195995330810547
1.8376705646514893
1.7440249919891357
1.7955970764160156
1.774613857269287
1.7596018314361572
1.892469882965088
1.8971898555755615
1.7676069736480713
1.871870994567871
1.7990174293518066
1.8176536560058594
1.790621042251587
1.8507368564605713
1.7826199531555176
1.8156509399414062
1.8569228649139404
1.8921949863433838
1.8676984310150146
1.786409854888916
1.7422494888305664
1.850682258605957
1.8612749576568604
1.7455618381500244
1.8737037181854248
1.8216562271118164
1.9041483402252197
1.8177225589752197
1.823659896850586
1.7888715267181396
1.7876219749450684
1.7816193103790283
1.9047296047210693
1.7917203903198242
1.7696092128753662
1.8116462230682373
1.7610325813293457
1.768033504486084
1.826659917831421
1.9097366333007812
1.8508968353271484
1.8416759967803955
1.9157414436340332
1.822526216506958
1.82924222946167
1.860692024230957
1.8457660675048828
1.775381088256836
2.0068254470825195
1.8822283744812012
1.8639845848083496
1.9147346019744873
1.7485897541046143
1.8549225330352783
1.8054351806640625
1.7766151428222656
1.9017293453216553
1.8036916255950928
1.8166592121124268
1.8586902618408203
1.8859353065490723
1.7970337867736816
1.786625623703003
1.8241794109344482
1.858992576599121
1.9527716636657715
1.9407634735107422
1.8534753322601318
1.7791087627410889
1.9527771472930908
1.8252294063568115
1.8179247379302979
1.7816195487976074
1.8967249393463135
1.8041703701019287
1.887098789215088
1.7936303615570068
1.8582937717437744
1.7593352794647217
2.220029354095459
1.8227436542510986
1.8588652610778809
1.8596913814544678
1.9828026294708252
1.8810811042785645
1.8168785572052002
1.8827102184295654
1.8141837120056152
1.7890269756317139
1.7826220989227295
1.8962745666503906
1.828615427017212
1.8227286338806152
1.9127395153045654
1.801708459854126
1.8445258140563965
1.8006377220153809
1.825976848602295
1.8693580627441406
1.7686092853546143
1.857689619064331
1.7514028549194336
1.8687021732330322
1.8056411743164062
1.8813738822937012
1.9372665882110596
1.808645486831665
1.8682820796966553
1.8634653091430664
1.856848955154419
1.9377624988555908
1.8718478679656982
1.85276460647583
1.7586002349853516
1.839672327041626
1.993351697921753
1.8524425029754639
1.8596911430358887
1.8739876747131348
1.828061580657959
1.7656044960021973
1.8131604194641113
1.8335940837860107
1.8788173198699951
1.7696096897125244
1.8979763984680176
1.807387351989746
1.8146514892578125
1.8727037906646729
1.8443615436553955
1.8302383422851562
1.8126492500305176
1.8429076671600342
1.8266029357910156
1.8576881885528564
1.8166522979736328
1.8743419647216797
1.9307873249053955
1.8596906661987305
1.8663084506988525
1.8158531188964844
1.8346669673919678
1.7445878982543945
1.881410837173462
1.7896277904510498
2.000819444656372
1.8063790798187256
1.8726439476013184
1.8747053146362305
1.780747413635254
2.060131788253784
1.7806191444396973
1.7956340312957764
1.8248610496520996
1.7840576171875
1.8156511783599854
1.911935567855835
1.8448810577392578
1.860692024230957
1.8406739234924316
1.8653404712677002
1.8197441101074219
1.8697009086608887
1.7842116355895996
1.799544095993042
1.780627727508545
1.867699146270752
1.8801848888397217
1.7861382961273193
1.7806193828582764
1.8212082386016846
2.0318760871887207
1.8246591091156006
1.9337596893310547
1.8112101554870605
1.943169116973877
1.8216569423675537
1.892289161682129
1.8285243511199951
1.871701717376709
1.9757969379425049
1.870180368423462
1.8124537467956543
1.8877179622650146
1.801001787185669
1.7651305198669434
1.8526859283447266
1.7979962825775146
1.8140215873718262
1.818655252456665
1.8086457252502441
1.7961266040802002
1.804133653640747
1.8697011470794678
1.8548369407653809
1.8670439720153809
1.8897194862365723
2.051370620727539
1.8821814060211182
1.7878100872039795
1.7736115455627441
1.7578434944152832
1.906764268875122
1.907733678817749
1.8336687088012695
1.9147412776947021
1.9267518520355225
1.8277769088745117
1.8884892463684082
1.8486807346343994
1.9818031787872314
1.9094409942626953
1.8564865589141846
1.9497735500335693
1.9823594093322754
1.8233823776245117
1.7766151428222656
1.8656980991363525
1.8776772022247314
1.8723690509796143
1.8366694450378418
1.750830888748169
1.8740894794464111
1.8707005977630615
1.7971603870391846
1.7710058689117432
1.8276581764221191
1.8346672058105469
1.8069140911102295
1.8266713619232178
1.7786171436309814
1.7951610088348389
1.827394723892212
1.8016376495361328
1.7826216220855713
1.8269476890563965
1.8479652404785156
1.804640293121338
1.8368117809295654
1.7675766944885254
1.935746431350708
1.8176531791687012
1.7831556797027588
1.8552441596984863
1.849682331085205
1.998382568359375
1.9351592063903809
1.899728775024414
1.92775297164917
1.8165719509124756
1.8978819847106934
1.8636949062347412
1.7937703132629395
1.9011619091033936
1.792630672454834
1.916274070739746
1.7994122505187988
1.7646050453186035
1.8466787338256836
1.8567662239074707
1.8119089603424072
1.7926301956176758
1.8016390800476074
1.8856008052825928
1.8666985034942627
1.8306646347045898
1.7661173343658447
1.8320112228393555
1.8246595859527588
1.7857427597045898
1.8031456470489502
1.8917222023010254
1.8132045269012451
1.7929339408874512
1.8426761627197266
1.9603345394134521
1.8938024044036865
1.7826216220855713
1.8236570358276367
1.9282684326171875
1.7850008010864258
1.8436765670776367
1.8738560676574707
1.825479507446289
1.852684497833252
1.8822460174560547
1.9256863594055176
1.8526859283447266
1.9437692165374756
1.8567752838134766
1.8152377605438232
1.826662302017212
1.8778347969055176
1.8216323852539062
1.8777084350585938
1.90773606300354
1.8932993412017822
1.8618133068084717
1.8476777076721191
1.827240228652954
1.8081398010253906
1.9047331809997559
1.913740873336792
1.8631091117858887
1.8487770557403564
1.8266611099243164
1.8603394031524658
1.8646249771118164
1.8566901683807373
1.8732411861419678
1.8200509548187256
1.8276636600494385
1.8326661586761475
1.902613878250122
1.9597818851470947
1.8126492500305176
1.8009178638458252
1.7169301509857178
1.725569725036621
1.9583604335784912
1.8210508823394775
1.8867723941802979
1.8406741619110107
1.8411426544189453
1.8440463542938232
1.9597821235656738
1.8481905460357666
1.9339098930358887
1.92167329788208
1.8126490116119385
1.8537890911102295
1.8198039531707764
1.8596904277801514
1.8436777591705322
1.8934762477874756
1.8767063617706299
1.8516850471496582
1.8484489917755127
1.9633288383483887
1.7465882301330566
1.7887470722198486
1.7635557651519775
1.7826213836669922
1.943767786026001
1.8181560039520264
1.8006618022918701
1.8526861667633057
1.8121209144592285
2.0460026264190674
1.9567797183990479
1.8081722259521484
1.8940205574035645
1.8367111682891846
1.8086440563201904
1.8972525596618652
1.8819386959075928
1.826662302017212
1.856689453125
1.8171665668487549
1.835669755935669
1.8767058849334717
1.8673362731933594
1.9051146507263184
1.8236596584320068
1.8477809429168701
1.839599847793579
1.830664873123169
1.997817039489746
1.815753698348999
1.758599042892456
1.872704267501831
1.8059403896331787
1.8299691677093506
1.7926313877105713
1.8698663711547852
1.8875446319580078
2.0058236122131348
1.8476803302764893
1.9102585315704346
1.911738395690918
1.8877174854278564
1.90085768699646
1.7495908737182617
1.8216569423675537
1.8175063133239746
1.9260661602020264
1.8586926460266113
1.9531567096710205
1.8812720775604248
1.7856254577636719
1.8640527725219727
1.772709608078003
1.767606258392334
1.8967251777648926
1.904550552368164
1.9677891731262207
1.8586909770965576
1.8870038986206055
1.7796947956085205
1.922748327255249
1.8522734642028809
1.8074662685394287
1.93876314163208
1.8156523704528809
1.9527502059936523
1.8110015392303467
1.8216567039489746
1.8201179504394531
2.0310111045837402
1.9257524013519287
1.8117785453796387
1.7972383499145508
1.9467689990997314
2.027843952178955
1.8661792278289795
1.9733352661132812
1.825659990310669
1.928889513015747
1.9536175727844238
1.8426764011383057
1.9477720260620117
2.001166582107544
1.9777989387512207
1.8596930503845215
1.8217418193817139
2.0518200397491455
2.137944459915161
2.044464588165283
1.8214988708496094
1.8506836891174316
1.8106474876403809
1.8888592720031738
1.9449667930603027
1.9097373485565186
1.8992946147918701
1.9417316913604736
2.0108277797698975
1.962784767150879
1.847151517868042
1.876236915588379
2.036853551864624
1.986809492111206
2.0886776447296143
1.8526861667633057
1.8282196521759033
2.020411968231201
1.9367616176605225
1.9322912693023682
1.9160223007202148
1.8056752681732178
1.9527766704559326
1.9793171882629395
2.074934482574463
2.0478618144989014
1.830268144607544
1.9150168895721436
2.1139235496520996
2.072885513305664
1.8304378986358643
1.995816946029663
1.9517755508422852
1.9891369342803955
2.051384210586548
1.8897185325622559
1.823775053024292
1.962914228439331
2.1369433403015137
2.151578664779663
1.8154122829437256
2.133941173553467
2.0343878269195557
2.0289905071258545
1.9737260341644287
2.0788912773132324
2.0776145458221436
2.1529579162597656
2.1059131622314453
2.0954487323760986
1.9213545322418213
2.0939056873321533
1.9883487224578857
2.0330424308776855
2.0498664379119873
1.8728342056274414
1.9230852127075195
1.8296639919281006
1.911283016204834
2.1054224967956543
2.0118296146392822
2.0561225414276123
2.1322805881500244
2.029853343963623
2.1461997032165527
2.0443332195281982
1.954777479171753
2.0513813495635986
1.9528088569641113
1.990812063217163
2.177525281906128
2.0369129180908203
2.090965747833252
1.9818036556243896
1.983407974243164
1.9979236125946045
2.0258424282073975
2.041520118713379
2.0791172981262207
1.9818031787872314
1.9842581748962402
2.0173070430755615
1.9838037490844727
2.1244046688079834
2.12493634223938
2.0919029712677
2.0850989818573
2.068817377090454
2.210016965866089
2.1279356479644775
2.0227577686309814
2.02984619140625
1.9943411350250244
2.0366551876068115
2.043858528137207
2.131939649581909
2.067744016647339
2.060894250869751
2.0628769397735596
2.1414594650268555
2.0834004878997803
2.0858967304229736
1.9862751960754395
2.0213067531585693
2.231030225753784
2.0290255546569824
2.0605266094207764
2.007826328277588
1.9589943885803223
1.982071876525879
1.925753116607666
2.0368518829345703
2.0718929767608643
2.1195201873779297
2.031848669052124
2.048351526260376
2.0721750259399414
1.9747974872589111
2.096489429473877
2.102764129638672
2.032848358154297
2.136944532394409
2.0107457637786865
1.9647886753082275
2.109452962875366
1.9447205066680908
1.96518874168396
2.1169273853302
2.041388750076294
2.059972047805786
2.118926525115967
1.6605112552642822
1.7633628845214844
1.6343951225280762
1.5834391117095947
1.7827348709106445
1.6580595970153809
1.8636953830718994
1.7497217655181885
1.7215492725372314
1.6825308799743652
1.7495908737182617
1.6887433528900146
1.681244134902954
1.6374893188476562
1.8528530597686768
1.8375098705291748
1.7646052837371826
1.6845321655273438
1.835658311843872
1.765608787536621
1.7175641059875488
1.7850666046142578
1.7396674156188965
1.8086445331573486
1.7085554599761963
1.7363808155059814
1.610809087753296
1.6985445022583008
1.6420440673828125
1.643467664718628
1.700916051864624
1.7415838241577148
1.6952605247497559
1.7960608005523682
1.7926299571990967
1.7236595153808594
1.7181496620178223
1.733576774597168
1.6920526027679443
1.7496798038482666
1.779350757598877
1.7686092853546143
1.6706407070159912
1.6917834281921387
1.7976336479187012
1.6985445022583008
1.7055020332336426
1.707662582397461
1.651500940322876
1.7587394714355469
1.831129789352417
1.6935393810272217
1.747589111328125
1.8342082500457764
1.7065653800964355
1.678527593612671
1.701141119003296
1.6995649337768555
1.6104636192321777
1.7402024269104004
1.6868932247161865
1.664513349533081
1.7811803817749023
1.7317495346069336
1.7315754890441895
1.6655147075653076
1.7806718349456787
1.7102351188659668
1.747588872909546
1.79931640625
1.7174098491668701
1.6444954872131348
1.6645140647888184
1.6484098434448242
1.7180931568145752
1.814650297164917
1.792881965637207
1.7989375591278076
1.7485897541046143
1.7095544338226318
1.7393643856048584
1.754765272140503
1.7075536251068115
1.676187515258789
1.7941703796386719
1.7816212177276611
1.743124008178711
1.7874999046325684
1.8076426982879639
1.8486812114715576
1.7322173118591309
1.8068172931671143
1.773613691329956
1.7261199951171875
1.828334093093872
1.7408106327056885
1.921748399734497
1.7321264743804932
1.7785115242004395
1.9127399921417236
1.7976346015930176
2.0277767181396484
1.9218921661376953
1.7986350059509277
1.6400947570800781
2.09226131439209
2.032848596572876
1.8328039646148682
1.8063194751739502
1.800638198852539
2.06087327003479
1.955641269683838
1.8391802310943604
2.207007884979248
1.8774096965789795
2.013144016265869
1.7986359596252441
1.848219394683838
2.0997118949890137
1.8827121257781982
2.033849000930786
2.2231504917144775
1.854687213897705
1.9457695484161377
2.2607579231262207
1.8318419456481934
1.8266606330871582
2.1815836429595947
1.9047315120697021
2.092902898788452
1.840822458267212
1.8386287689208984
1.9958159923553467
1.9013261795043945
1.8267204761505127
1.8666987419128418
1.9097375869750977
2.1175224781036377
1.9247522354125977
1.7946336269378662
1.8856709003448486
1.7618234157562256
1.8867154121398926
1.8898179531097412
1.8598964214324951
1.8626930713653564
1.8867158889770508
2.056079864501953
1.865696668624878
1.8897202014923096
1.8211143016815186
1.803924322128296
1.87770676612854
1.8484470844268799
2.0606136322021484
1.7565972805023193
1.7495899200439453
1.8305683135986328
1.7806196212768555
1.7826220989227295
1.81463623046875
1.793691873550415
1.803640365600586
1.8522253036499023
1.7409613132476807
1.8306663036346436
1.8182182312011719
1.94010329246521
1.8910956382751465
1.8006367683410645
1.7967569828033447
1.7989468574523926
1.7245681285858154
1.8076436519622803
1.8412220478057861
1.9301106929779053
1.8616936206817627
1.8117947578430176
1.9078762531280518
1.8827128410339355
1.8366713523864746
1.7986164093017578
1.9528956413269043
1.826660394668579
1.7981493473052979
1.776557207107544
1.8576900959014893
1.8436744213104248
1.7478644847869873
1.8809494972229004
1.833667516708374
1.7588000297546387
1.9411382675170898
1.9077343940734863
1.8241980075836182
1.8856561183929443
1.8717877864837646
1.8496813774108887
1.8060522079467773
1.8871548175811768
1.8586912155151367
1.8252041339874268
1.817444086074829
1.9868075847625732
1.8176326751708984
1.7662508487701416
1.8366718292236328
1.817652702331543
1.7987616062164307
1.816056489944458
1.8396728038787842
1.9083647727966309
1.7612595558166504
1.8466806411743164
1.831667184829712
1.9620599746704102
1.7736132144927979
1.8676998615264893
1.8690831661224365
1.809211254119873
1.843677043914795
1.8048148155212402
1.858332872390747
1.8877174854278564
1.7806215286254883
1.8561537265777588
1.8992619514465332
1.8356688022613525
1.8217778205871582
1.7958054542541504
1.9587821960449219
1.8486812114715576
1.8466598987579346
1.9081952571868896
1.7856230735778809
1.8429384231567383
1.8218810558319092
1.852684736251831
1.7976353168487549
1.8732986450195312
1.8017385005950928
1.9317562580108643
1.8283133506774902
1.8960270881652832
1.9167358875274658
2.009827136993408
1.985456943511963
2.077653169631958
1.8226583003997803
1.80912446975708
1.9078457355499268
1.8356707096099854
1.8962335586547852
1.9306683540344238
1.9177441596984863
1.849682092666626
1.9218854904174805
1.8779854774475098
1.8606929779052734
1.878892421722412
1.8969883918762207
1.8857145309448242
1.8516836166381836
1.8615779876708984
1.853644847869873
1.865696907043457
1.8037619590759277
1.8496229648590088
1.8656961917877197
1.8573932647705078
1.8369510173797607
1.862694263458252
1.880248785018921
1.8515396118164062
1.9057893753051758
1.814650058746338
1.851780652999878
1.844743013381958
1.8486814498901367
1.8707001209259033
1.8603830337524414
1.9094338417053223
1.824660301208496
1.8392016887664795
1.8236753940582275
1.7454662322998047
1.7866253852844238
1.829803705215454
1.8540208339691162
1.833667278289795
1.798229455947876
1.8528096675872803
1.8987276554107666
1.8026399612426758
1.8962600231170654
1.8569378852844238
1.809645652770996
1.9100849628448486
1.6909544467926025
1.8236589431762695
1.8072288036346436
1.838698148727417
1.769608736038208
1.7926290035247803
1.7992970943450928
1.750746250152588
1.8086433410644531
1.9422705173492432
1.8358216285705566
1.9067332744598389
1.853684663772583
2.005999803543091
1.8286621570587158
1.8727030754089355
1.7741317749023438
1.8171803951263428
1.8496818542480469
1.8290009498596191
1.7666935920715332
1.8626935482025146
1.8827118873596191
1.8791885375976562
1.7390599250793457
2.016834259033203
1.8632214069366455
1.8298957347869873
1.7806193828582764
1.8468143939971924
1.8492984771728516
1.9027292728424072
1.8341853618621826
1.9463207721710205
1.8997271060943604
1.8496835231781006
1.8700523376464844
1.8177814483642578
1.8456780910491943
1.858292818069458
1.9203546047210693
1.805640697479248
1.7941663265228271
1.780778169631958
1.9267535209655762
1.8186538219451904
1.8613743782043457
1.9258837699890137
1.8276617527008057
1.879357099533081
1.824232578277588
1.7786178588867188
1.8406758308410645
1.8318231105804443
1.8521811962127686
1.8026397228240967
1.8397936820983887
1.8486886024475098
1.8727052211761475
1.8041608333587646
1.9254109859466553
1.8727028369903564
1.8276610374450684
1.8487286567687988
1.84065580368042
1.8396730422973633
1.7862083911895752
1.847069501876831
1.8386709690093994
1.78117036819458
1.8405933380126953
1.8476803302764893
1.7616009712219238
1.8548462390899658
1.8141202926635742
1.8436777591705322
1.7621824741363525
1.7464914321899414
1.9370338916778564
1.861694097518921
1.8689122200012207
1.8070435523986816
1.833669900894165
1.9879133701324463
1.7838845252990723
1.912738561630249
1.7826223373413086
1.9185445308685303
1.8046162128448486
1.7796180248260498
1.8384172916412354
1.872908115386963
1.834669589996338
1.8296637535095215
1.828230857849121
1.8343794345855713
1.8867156505584717
1.8799726963043213
1.8231725692749023
1.8767070770263672
1.8942813873291016
1.836728811264038
1.845672845840454
1.9447674751281738
1.892988681793213
1.831214427947998
1.8036394119262695
1.840674638748169
1.7887566089630127
1.869020938873291
1.8276612758636475
1.8913049697875977
1.8274500370025635
1.8747053146362305
1.8727021217346191
1.8458259105682373
1.8319206237792969
1.9848041534423828
1.7901926040649414
1.8244094848632812
1.911738395690918
1.8476803302764893
2.0182714462280273
1.8186352252960205
1.7806193828582764
2.0174386501312256
1.9237475395202637
1.8526852130889893
1.9077343940734863
1.8599684238433838
1.921510934829712
1.7726125717163086
1.720566749572754
1.8977231979370117
1.8368256092071533
1.8276610374450684
1.7967112064361572
1.8237051963806152
1.8506841659545898
1.8496818542480469
1.8062877655029297
1.9201500415802002
1.8056416511535645
1.8037238121032715
1.8210959434509277
1.8126490116119385
1.8166534900665283
1.8027727603912354
1.8616931438446045
1.8827128410339355
1.7700791358947754
1.8018593788146973
1.8396737575531006
1.8372368812561035
1.815354347229004
1.8696999549865723
1.962784767150879
1.9389307498931885
1.967071294784546
1.9055776596069336
2.009664297103882
1.9116840362548828
