Timing log for each step:
0.018016815185546875
5.74822998046875
5.838634014129639
5.956867218017578
5.83073616027832
5.701848030090332
5.7441041469573975
5.884512186050415
5.94056510925293
6.366966009140015
5.924548149108887
6.030651092529297
5.842474699020386
5.843476057052612
5.96658992767334
5.968591928482056
5.824457883834839
5.783418416976929
5.837467908859253
5.916543960571289
5.763400077819824
5.884512901306152
5.925551652908325
6.120734453201294
6.030650854110718
6.09270977973938
6.0036256313323975
5.8474767208099365
5.778412818908691
5.901528835296631
5.8194520473480225
5.786421298980713
5.934560537338257
5.844476222991943
5.981604099273682
5.96859073638916
5.828461408615112
5.881509065628052
5.9005286693573
5.991612672805786
5.974598169326782
6.089706659317017
6.0326526165008545
5.878507852554321
5.956581115722656
5.934560775756836
6.077694892883301
5.886515855789185
6.0046257972717285
5.989611864089966
5.940565347671509
5.9866087436676025
5.9305572509765625
6.098715305328369
6.025646448135376
6.052671670913696
5.921549081802368
5.940563678741455
5.950574636459351
5.968591928482056
6.01663613319397
6.0446624755859375
5.936563014984131
6.0186402797698975
5.994617700576782
6.045665264129639
6.011631011962891
6.185795783996582
6.160772085189819
6.37697434425354
6.273878335952759
6.318920135498047
6.01963996887207
6.070687770843506
5.971595287322998
6.001622438430786
6.049667835235596
6.121735572814941
6.2648701667785645
6.0506696701049805
6.051668405532837
6.050668954849243
6.0196404457092285
6.169780015945435
6.115730047225952
6.026646614074707
6.082699775695801
6.054673194885254
6.0406599044799805
6.231839895248413
6.122736930847168
5.998621702194214
6.102718353271484
5.965588331222534
6.3269288539886475
6.169780969619751
5.985607862472534
6.062680006027222
6.051670789718628
6.169781446456909
6.120734214782715
6.1787896156311035
6.097713947296143
6.227833986282349
6.062680721282959
6.146759033203125
6.581166982650757
6.3689680099487305
6.329931020736694
6.053671598434448
5.985607147216797
5.942568778991699
6.020641803741455
6.044663429260254
5.996619701385498
5.929553985595703
5.96759033203125
6.202773809432983
6.129697561264038
6.085657596588135
6.164731502532959
6.199763774871826
6.113684177398682
5.951534986495972
6.009586811065674
6.004581451416016
6.067643404006958
6.060633420944214
6.18274450302124
6.173739194869995
5.9905686378479
6.178744316101074
6.0396153926849365
6.136706113815308
6.090662240982056
6.116687059402466
6.237798690795898
6.100672006607056
6.221785068511963
6.019596815109253
6.114684343338013
6.04461932182312
6.029605150222778
6.150718688964844
6.030606746673584
6.128698110580444
6.107677459716797
6.059633493423462
6.12869668006897
6.054629325866699
6.0225982666015625
6.188753128051758
5.989567756652832
6.124693870544434
6.183749437332153
6.1156861782073975
6.128695964813232
6.25781774520874
6.1507182121276855
6.161729097366333
6.270829916000366
6.21477746963501
6.239801406860352
6.131699562072754
6.198761940002441
6.184749603271484
5.99957799911499
6.009586572647095
6.066640138626099
6.121691465377808
6.015591144561768
6.115684509277344
6.0246007442474365
6.1046741008758545
6.106677770614624
6.1637303829193115
6.076646566390991
6.154721975326538
6.022598505020142
6.046621322631836
6.001579284667969
6.046622037887573
6.019597053527832
5.995573043823242
6.061635255813599
6.097667455673218
5.957537889480591
5.991571426391602
6.080653667449951
6.589125633239746
6.235797882080078
6.270830154418945
6.314870595932007
8.41282057762146
6.736645936965942
7.918363094329834
5.931512832641602
5.91469669342041
6.392943382263184
5.608837842941284
