Timing log for each step:
0.01201176643371582
6.001622200012207
5.571741104125977
5.517117500305176
5.270393133163452
5.7757508754730225
5.627120494842529
5.513756990432739
5.539039611816406
5.524592876434326
4.8844687938690186
5.4784746170043945
5.135892868041992
5.424933433532715
5.483227491378784
5.39918851852417
5.199834108352661
5.676785469055176
5.482153654098511
5.553006410598755
5.78210973739624
5.472375154495239
5.88122296333313
6.66865611076355
6.520416736602783
6.622337102890015
6.712926149368286
7.159950494766235
6.361606597900391
5.699405908584595
5.6352434158325195
5.885629177093506
5.674147367477417
6.323531627655029
6.056150436401367
6.94866156578064
6.524690389633179
6.43712854385376
6.03359580039978
7.000921964645386
5.678559064865112
5.612647771835327
