Timing log for each step:
0.01501607894897461
10.632062435150146
9.978809118270874
10.057626962661743
10.167599201202393
10.228363990783691
10.187418699264526
10.066575765609741
9.997201919555664
10.149768590927124
10.051900863647461
10.29059624671936
10.155409097671509
10.225987195968628
10.090778350830078
10.385166883468628
9.992624521255493
10.366724252700806
10.129480123519897
10.332522869110107
10.401611089706421
10.27756381034851
10.293840646743774
10.2818124294281
10.416104078292847
10.425938367843628
10.363699197769165
10.361886024475098
10.479764461517334
10.435508966445923
10.29386281967163
10.443490028381348
10.35964298248291
10.353474140167236
10.356967210769653
10.32302451133728
10.295493364334106
10.523604154586792
10.593595743179321
10.417906045913696
10.393641233444214
10.373063325881958
10.5166335105896
10.503703832626343
10.543031215667725
10.461162090301514
10.56238865852356
10.496973991394043
10.373412609100342
10.446358680725098
10.378886222839355
10.476305723190308
10.381771087646484
10.498895645141602
10.32822322845459
10.453401327133179
10.469316005706787
10.44690227508545
10.412809610366821
10.655081033706665
10.674670696258545
10.6131272315979
10.418872594833374
10.59347152709961
10.636778116226196
10.089456796646118
10.548537731170654
10.633606195449829
10.591736078262329
10.61055064201355
10.34571623802185
10.485474824905396
10.70685625076294
10.653519630432129
10.258564472198486
10.60823917388916
10.457872152328491
10.39460277557373
10.495036602020264
10.55241870880127
10.44730806350708
10.33976697921753
10.387467861175537
10.40048861503601
10.58710527420044
10.314175605773926
10.640493869781494
10.58767318725586
10.511177778244019
10.412682056427002
10.44260859489441
10.344915390014648
10.370773077011108
10.547556161880493
10.588570833206177
10.57106351852417
10.504852533340454
10.532664775848389
10.522336721420288
10.437894105911255
10.404353618621826
10.612699031829834
10.380629777908325
10.530656576156616
10.443362951278687
10.584647417068481
10.307792901992798
10.647777080535889
10.522475242614746
10.62267279624939
10.513645648956299
10.462774276733398
10.603764295578003
10.472792148590088
10.674759864807129
10.531534433364868
10.362977504730225
10.281684637069702
10.472727537155151
10.669774055480957
10.563829898834229
10.398222208023071
10.46947431564331
10.673752069473267
10.46685242652893
10.598726749420166
10.497712135314941
10.437910318374634
10.517688751220703
10.615914583206177
10.590121269226074
10.597888946533203
10.422497749328613
10.540318965911865
10.747602462768555
10.54710078239441
10.31954050064087
10.526301383972168
10.653093814849854
10.641545057296753
10.202056407928467
10.532030820846558
10.44908618927002
10.624452352523804
10.507957935333252
10.563944816589355
10.581654787063599
10.491929054260254
10.700791358947754
10.264646291732788
10.610923528671265
10.502558946609497
10.540184736251831
10.539443492889404
10.32638144493103
10.604434251785278
10.501702070236206
10.532732486724854
10.550536632537842
10.60629153251648
10.623862266540527
10.513217210769653
10.500503778457642
10.245649576187134
10.539918661117554
10.55963397026062
10.684035301208496
10.459755659103394
10.538506269454956
10.550049304962158
10.542805671691895
10.48040246963501
10.542813062667847
10.584134817123413
10.434075117111206
10.441849708557129
10.682642936706543
10.477311134338379
10.567165851593018
10.590815782546997
10.66359281539917
10.520675420761108
10.556126594543457
10.453622817993164
10.4696946144104
10.358772993087769
10.291279315948486
10.579376220703125
10.694093942642212
10.378669500350952
10.458127498626709
10.529675722122192
10.332463026046753
10.585914850234985
10.20683765411377
10.512598514556885
10.277346849441528
10.68734622001648
10.6467444896698
10.441849708557129
10.601465225219727
10.416146039962769
10.349772930145264
10.612873315811157
10.641661167144775
10.352957248687744
10.517596006393433
10.662887573242188
10.423541784286499
10.662041187286377
10.647810935974121
10.55781865119934
11.1623215675354
10.517659902572632
10.541874647140503
10.468742609024048
10.752191066741943
10.413662672042847
10.492413759231567
10.362704753875732
10.360929489135742
10.47101879119873
10.550644874572754
10.588297605514526
10.421639919281006
10.638011693954468
10.517821550369263
10.709458589553833
10.646266222000122
10.65009617805481
10.605754375457764
10.560208082199097
10.463067293167114
10.561049222946167
10.578971862792969
10.275696992874146
10.71711540222168
10.577819108963013
10.351523637771606
10.612391948699951
10.720744609832764
10.602063417434692
10.564495086669922
10.652719497680664
10.497809886932373
10.532341957092285
10.51596212387085
10.531668663024902
10.264163255691528
10.561989784240723
10.61941647529602
10.43971037864685
10.447852373123169
10.448400974273682
10.698652744293213
10.544586658477783
10.369850158691406
10.53389859199524
10.537951707839966
10.598081588745117
10.475973844528198
10.683234930038452
10.52981448173523
10.421524286270142
10.694737911224365
10.49512791633606
10.45280122756958
10.486899614334106
10.6249361038208
10.621131658554077
10.509813070297241
10.597341299057007
10.55314016342163
10.406535148620605
10.613333702087402
10.551297187805176
10.610345602035522
10.484447956085205
10.456961870193481
10.541869163513184
10.821493148803711
10.573358535766602
10.514500379562378
10.433795690536499
10.301789999008179
10.570518970489502
10.661647319793701
10.58076524734497
10.626249313354492
10.708333730697632
10.591606855392456
10.296701431274414
10.459770679473877
10.395190238952637
10.31396222114563
10.552830934524536
10.697871446609497
10.582792282104492
10.662350416183472
10.469955205917358
10.620630264282227
10.666816473007202
10.582860231399536
10.363375902175903
10.364033699035645
10.608736276626587
10.46310830116272
10.465914487838745
10.577656507492065
10.482935667037964
10.501750230789185
10.2960524559021
10.30622124671936
10.458699703216553
10.291709184646606
10.406893491744995
10.44360065460205
10.810832262039185
10.414813041687012
10.609672784805298
10.485276222229004
10.363915920257568
10.510148048400879
10.424464464187622
10.159223079681396
10.166229009628296
9.960042953491211
10.142208337783813
10.077148675918579
10.261316061019897
10.091161727905273
10.069141626358032
10.041115760803223
10.27132511138916
9.990070343017578
10.08015251159668
10.04311728477478
9.91300082206726
10.146209955215454
10.515546798706055
10.312362432479858
9.947030782699585
10.29835033416748
10.288341283798218
10.193253993988037
10.236292839050293
10.458495378494263
10.39643907546997
10.307358264923096
10.532562494277954
10.112180471420288
10.276330471038818
10.419459819793701
10.217276573181152
9.978058815002441
10.2062668800354
9.997076272964478
10.52055287361145
10.021098613739014
10.136201858520508
10.300351619720459
10.234291315078735
10.344391584396362
10.223281621932983
10.176239967346191
10.497530698776245
10.182244062423706
10.290342807769775
10.354400634765625
10.210270166397095
10.302353143692017
10.12819504737854
10.275329351425171
9.75986123085022
9.657768487930298
10.35239839553833
10.063135623931885
10.305355787277222
10.30936050415039
10.328376531600952
10.327377080917358
10.280333280563354
10.293346166610718
10.245301246643066
10.127195358276367
10.276329040527344
10.285339117050171
9.895985126495361
10.206265926361084
10.167228937149048
10.233290910720825
10.282334804534912
10.35740351676941
10.192255020141602
10.165228128433228
10.39844036102295
10.082154273986816
10.256311178207397
10.386430740356445
10.438475847244263
10.20226001739502
10.260315179824829
10.464500427246094
10.043117761611938
10.499530553817749
10.219278812408447
10.114182233810425
10.37441873550415
10.351397275924683
10.146212339401245
10.499532222747803
10.023099660873413
10.508539199829102
10.153218269348145
9.99207091331482
10.095165491104126
9.685792922973633
10.366411447525024
10.253308296203613
10.23028826713562
10.29434585571289
10.297348260879517
9.919005155563354
10.338385820388794
9.422555446624756
9.781880617141724
10.035110235214233
9.153311252593994
9.270416736602783
8.980153322219849
9.851945638656616
10.087158918380737
9.693801164627075
9.519643545150757
9.646758794784546
9.678787469863892
9.841935396194458
9.67778730392456
10.01209020614624
9.70781397819519
10.106173515319824
9.694802045822144
9.974055767059326
10.083154439926147
9.33247423171997
9.056221961975098
9.447576522827148
9.311453580856323
9.105267524719238
9.188341856002808
9.319461345672607
9.107268333435059
8.980153560638428
9.1493079662323
9.214364290237427
9.32947039604187
8.84803318977356
9.357495307922363
9.286432027816772
9.193346500396729
9.053219079971313
9.46759557723999
9.360498666763306
9.303446769714355
9.265412330627441
9.104266166687012
9.214365005493164
9.435566425323486
9.197349786758423
9.372509717941284
9.615729331970215
9.172326564788818
9.229379653930664
9.281426906585693
9.702808380126953
9.170322179794312
9.231381177902222
9.292436361312866
9.303447246551514
9.600716590881348
9.48461127281189
9.30544924736023
8.98715877532959
9.432563781738281
9.079242944717407
9.069231986999512
9.251399040222168
9.114274263381958
9.09726071357727
9.32947063446045
9.389523983001709
9.210363149642944
9.025193214416504
9.470597982406616
9.371509075164795
9.474601745605469
9.535657167434692
9.28342866897583
9.63574743270874
9.258405923843384
8.932508945465088
9.12087631225586
9.383131504058838
9.219972372055054
9.218972444534302
9.051807165145874
9.378125429153442
9.28303337097168
9.216970205307007
9.187940120697021
9.275026321411133
9.43718433380127
8.940699815750122
9.24699854850769
9.445191144943237
9.124878644943237
9.240992069244385
9.19694972038269
9.04079794883728
9.14490008354187
9.291041374206543
9.135889768600464
9.463208436965942
9.466211557388306
9.281031608581543
9.286036729812622
9.431177854537964
9.238991737365723
9.195948362350464
9.379127264022827
9.3831307888031
9.285036087036133
9.13188648223877
9.44519567489624
9.213965892791748
9.108864068984985
9.314064025878906
9.539281129837036
9.18894076347351
9.403148412704468
9.391138553619385
9.24199390411377
9.196947574615479
9.105859994888306
8.915676593780518
9.492237567901611
9.31106185913086
9.190942764282227
9.147903203964233
9.12588095664978
8.904665470123291
9.011769771575928
9.045801401138306
9.267016649246216
9.397144556045532
9.285035371780396
9.20395565032959
9.258009195327759
9.2630136013031
9.2149658203125
9.285035848617554
9.3981454372406
9.319069623947144
9.484228372573853
9.232985258102417
9.361109495162964
9.250002145767212
9.183938026428223
9.264014482498169
9.205957889556885
9.145899772644043
9.19494891166687
9.100856065750122
9.233986139297485
9.504249334335327
9.23298168182373
8.96372389793396
9.245996713638306
9.082838773727417
9.151905536651611
9.22697901725769
9.199953317642212
9.403151512145996
9.418164730072021
9.375122547149658
9.082839965820312
9.371119022369385
9.09585165977478
9.218971252441406
9.516259670257568
9.243994235992432
9.438184022903442
9.467212438583374
9.273024797439575
9.419140100479126
9.213805198669434
9.157750129699707
9.40498661994934
9.199791193008423
9.349935531616211
9.254844903945923
9.13873291015625
9.157749891281128
9.523098707199097
9.263851404190063
9.395977973937988
9.278865814208984
9.110705137252808
9.197788953781128
9.411993265151978
9.548123836517334
9.164756059646606
9.07967495918274
9.044642686843872
9.268855810165405
9.504081726074219
9.483058452606201
9.263850927352905
9.230821132659912
9.192784786224365
9.258847713470459
8.975576162338257
9.20179271697998
9.10269808769226
9.328913927078247
9.2688570022583
9.277865409851074
9.547121286392212
9.434012174606323
9.459037780761719
9.263853073120117
9.057655572891235
9.116711139678955
9.244834184646606
9.365949153900146
9.29888653755188
9.338923931121826
9.407989025115967
8.967568159103394
8.89850401878357
9.522098064422607
9.2408287525177
9.339924097061157
9.058655023574829
9.219809293746948
9.080678701400757
9.439019918441772
9.763330936431885
9.467045307159424
9.40298581123352
9.236825704574585
9.462042093276978
9.535112142562866
9.445026397705078
9.185775518417358
8.989591121673584
9.303888320922852
9.14073395729065
8.992593050003052
9.07667350769043
9.320907831192017
9.20679521560669
8.94254469871521
9.21780800819397
9.26485300064087
9.22180962562561
9.358942985534668
9.205796003341675
9.349932670593262
9.330916166305542
9.17076301574707
9.388969898223877
9.267855167388916
9.27986741065979
9.39097285270691
9.544118881225586
9.32190728187561
9.197787523269653
9.35493779182434
9.34893274307251
9.554129123687744
9.419000387191772
9.080676794052124
9.279868364334106
9.179770946502686
9.281869173049927
9.345930576324463
9.102696418762207
9.276859045028687
9.286779642105103
9.223697900772095
9.128607273101807
9.174651384353638
9.287757873535156
9.338807106018066
9.380845069885254
9.164641857147217
9.309776544570923
9.289759635925293
8.903396368026733
9.458919048309326
9.378843307495117
9.40687084197998
9.401865720748901
9.409874439239502
9.18466067314148
9.467926979064941
9.072552680969238
9.335803031921387
9.326794624328613
9.332799673080444
9.438900232315063
9.483942985534668
9.372838497161865
9.458918809890747
9.175651788711548
9.150626182556152
9.2667396068573
9.182661294937134
9.291760444641113
8.950439929962158
9.153631925582886
9.48194169998169
9.197673082351685
9.216690063476562
9.22469687461853
9.107587814331055
9.238710641860962
9.16264033317566
9.192668199539185
9.293762445449829
9.237711668014526
9.336804389953613
9.12160062789917
9.370835781097412
9.555010318756104
9.204678297042847
9.229702711105347
9.44490647315979
9.318788051605225
9.410874605178833
9.105584859848022
9.28875994682312
9.116597414016724
9.294764041900635
9.209683656692505
9.17665410041809
9.261734247207642
9.257729530334473
9.41187572479248
9.026512384414673
9.247719287872314
9.224699258804321
9.319788455963135
9.219693183898926
9.292762279510498
9.012498378753662
9.040524244308472
9.511969804763794
9.236709594726562
9.141619682312012
9.409873962402344
9.462923526763916
8.468985557556152
8.66316819190979
8.555067300796509
8.77026891708374
8.770269632339478
8.663169384002686
8.57708740234375
8.46198034286499
8.696200132369995
8.785284757614136
8.59110140800476
8.721224069595337
8.706208944320679
8.730233192443848
8.34186577796936
8.660167217254639
8.612120389938354
8.771272420883179
8.505020380020142
8.450972318649292
8.434947490692139
8.752173900604248
8.722144842147827
8.672098875045776
8.777197360992432
8.59502625465393
8.783202409744263
8.86527967453003
8.844260454177856
8.781200885772705
8.505943775177002
8.784203052520752
8.712135791778564
8.675100088119507
8.660088777542114
8.797215461730957
8.754174709320068
8.485925436019897
8.63306212425232
8.531968116760254
8.667095184326172
8.68310809135437
8.829245805740356
8.954360961914062
8.557992219924927
8.761181592941284
8.810227870941162
8.586019039154053
8.453896045684814
8.631061553955078
8.728151321411133
8.620049476623535
8.85927438735962
8.808226108551025
8.436879873275757
8.759179830551147
8.78620457649231
8.702127456665039
8.884297847747803
8.580012559890747
8.537974834442139
8.069536447525024
8.072538614273071
7.925404787063599
8.19765567779541
8.161622524261475
7.828310489654541
8.019490242004395
8.206665277481079
8.038508176803589
8.324774980545044
8.037506341934204
8.08555269241333
7.939413547515869
7.964437961578369
8.165626287460327
8.120582580566406
8.177637577056885
8.307758569717407
8.224680185317993
8.005476713180542
8.082545280456543
8.303754329681396
8.283735752105713
8.319769144058228
8.427870750427246
8.030499935150146
8.315765142440796
8.448891639709473
8.363810300827026
8.442884683609009
8.47091007232666
8.347794532775879
8.063529968261719
8.50294041633606
8.108572483062744
8.342790126800537
8.404850482940674
8.343792200088501
8.138601779937744
8.194652557373047
8.367815494537354
8.336785078048706
8.395840167999268
8.287739515304565
8.447888374328613
8.253708124160767
8.359807014465332
8.432873249053955
8.374820947647095
8.5549898147583
8.348797082901001
8.259713649749756
8.498936414718628
8.439882278442383
8.225682735443115
8.26872181892395
8.251654148101807
8.287686824798584
8.294693231582642
8.366760730743408
8.221625328063965
8.329725980758667
8.521904706954956
8.482868671417236
8.47586464881897
8.171579360961914
8.246649980545044
8.30069899559021
8.3097083568573
8.230633735656738
8.362756967544556
8.143552541732788
8.561941146850586
8.389783143997192
8.617993831634521
8.4708571434021
8.187594890594482
7.9123382568359375
8.33873438835144
8.420809984207153
8.233636617660522
7.967390298843384
8.268668413162231
8.16057014465332
8.160567283630371
8.28268313407898
8.332728624343872
8.240642309188843
8.668039560317993
8.462850570678711
8.495879888534546
9.37069058418274
8.868224382400513
8.21361756324768
8.598975896835327
8.33773398399353
8.35374641418457
8.258659362792969
8.270670890808105
8.377769947052002
8.228631973266602
8.415805101394653
8.487871646881104
8.55093002319336
8.413804769515991
8.251652956008911
8.38878083229065
8.489874124526978
8.262664794921875
8.646019697189331
8.48887324333191
8.17158317565918
8.393784999847412
8.270671367645264
8.23163390159607
8.400791645050049
8.177584648132324
8.367761373519897
8.239641904830933
8.054470300674438
8.256657838821411
8.277677059173584
8.150561571121216
8.325722455978394
8.585962533950806
8.112525224685669
8.090504884719849
8.406797647476196
8.247648477554321
7.9583823680877686
8.18158745765686
8.227630138397217
8.11552619934082
8.247647762298584
8.317713737487793
8.16457200050354
8.290688514709473
8.002421379089355
8.467853784561157
8.265665769577026
8.288687467575073
8.624999761581421
8.286685943603516
7.964386463165283
8.277677297592163
8.182589530944824
8.299697875976562
8.377769947052002
7.87830662727356
8.082497119903564
8.184592008590698
8.169577360153198
8.409799575805664
8.125505685806274
8.130502700805664
8.127499103546143
8.1515212059021
8.064440965652466
7.95133638381958
8.094469785690308
8.745070457458496
8.382735252380371
8.31166958808899
8.091466188430786
8.275636911392212
8.163531064987183
8.442790269851685
8.136508226394653
8.249613046646118
7.981364965438843
8.223589658737183
8.405756950378418
8.026405811309814
8.311669826507568
8.206573009490967
8.365720987319946
8.406757593154907
7.955341100692749
8.133505582809448
8.345700979232788
8.08846402168274
8.145517110824585
8.220585823059082
8.426775932312012
8.206573247909546
8.052430629730225
8.409760236740112
8.39875054359436
8.289649963378906
8.304664134979248
8.123496055603027
8.280641317367554
8.486831188201904
8.201567649841309
8.346702337265015
8.229594945907593
8.410760879516602
8.428778171539307
8.475821018218994
8.382734537124634
8.09947395324707
8.258621215820312
8.364717960357666
8.381736040115356
8.184552669525146
8.6059410572052
8.343700647354126
8.122496366500854
8.133506298065186
8.554895401000977
8.230592250823975
8.06644344329834
7.944331645965576
8.001383304595947
8.190556764602661
8.30466341972351
8.278639793395996
7.764164686203003
8.480825662612915
8.156526327133179
8.472817659378052
8.383735656738281
8.269631147384644
8.210574865341187
7.814211845397949
8.170538902282715
8.048426151275635
8.074451684951782
8.12149453163147
8.255617380142212
8.313671827316284
8.061439514160156
8.050428867340088
8.39274525642395
8.35070538520813
8.437786340713501
8.19356083869934
8.323680639266968
8.274635314941406
8.2836434841156
8.321680307388306
8.396748304367065
8.502845525741577
8.400751829147339
8.273634910583496
8.309667110443115
8.607943058013916
8.237602233886719
8.311670064926147
8.619954347610474
8.424774169921875
8.58090090751648
8.498815298080444
8.485801458358765
8.272605657577515
8.430752038955688
8.302634954452515
8.430752038955688
8.37870478630066
8.513827562332153
8.575885534286499
8.51182770729065
8.560871124267578
8.70900821685791
8.672974109649658
8.525839805603027
8.43375563621521
8.335664749145508
8.578887701034546
8.633939027786255
8.490807056427002
8.50582242012024
8.318648338317871
8.305637121200562
8.553865194320679
8.372698307037354
8.487804889678955
8.738036155700684
8.515830755233765
8.601909399032593
8.699999570846558
8.510826110839844
8.437758922576904
8.661964416503906
8.345673084259033
8.613920211791992
8.496813535690308
8.455775022506714
8.507823467254639
8.490806818008423
8.493809938430786
8.49380898475647
8.627933740615845
8.44676661491394
8.686987400054932
8.438759565353394
8.432753801345825
8.335664749145508
8.42174482345581
8.331660509109497
8.730027437210083
8.521835803985596
8.530843257904053
8.776069641113281
8.674976110458374
8.440762042999268
8.602910041809082
8.647951364517212
8.589897871017456
8.702001094818115
8.46378231048584
8.455775260925293
8.581891775131226
8.48079776763916
8.651954650878906
8.82111120223999
8.770063877105713
8.22055959701538
8.581891775131226
8.491807460784912
8.378703832626343
8.496812582015991
8.537850379943848
8.862149953842163
8.587896823883057
8.5418541431427
8.339668035507202
8.622928857803345
8.740036487579346
8.762057542800903
8.68698763847351
8.773067235946655
8.557868480682373
8.526839971542358
8.418741703033447
8.667969703674316
8.657960414886475
8.568879842758179
8.969247102737427
8.738032102584839
8.581891775131226
8.778071880340576
8.479797124862671
8.691992998123169
8.768061637878418
8.67998218536377
8.580889701843262
8.840126752853394
8.564867496490479
8.608896970748901
8.776048183441162
8.59888744354248
8.532826662063599
8.55885100364685
8.543837070465088
8.524818658828735
8.611897945404053
8.593881845474243
8.813083410263062
8.463762760162354
8.71899676322937
8.800070762634277
8.750025510787964
8.572863340377808
8.507802486419678
8.654937267303467
8.636920928955078
8.273588418960571
8.78305459022522
8.736013412475586
8.55885124206543
8.630915880203247
8.789061307907104
8.508803367614746
8.670952796936035
8.578868389129639
8.811081647872925
8.411714553833008
8.505801439285278
8.694973945617676
8.812081813812256
8.685966730117798
8.557847499847412
8.5898756980896
8.844112873077393
8.853119850158691
8.734010934829712
8.595883846282959
8.782054662704468
8.660943746566772
8.625911951065063
8.695976734161377
8.539832353591919
8.657941102981567
8.71099042892456
8.566858768463135
8.786057949066162
8.391695976257324
8.86313009262085
8.672954559326172
8.633919954299927
8.654937982559204
8.506802558898926
8.406711339950562
8.624910593032837
8.58487343788147
8.43773889541626
8.613898515701294
8.611898183822632
8.702982902526855
8.481778860092163
8.595884084701538
8.570860147476196
8.627912998199463
8.531825065612793
8.754029273986816
8.683964490890503
8.883146286010742
8.562854766845703
8.640925407409668
8.864129781723022
8.61189866065979
8.475773811340332
8.3746817111969
8.59388279914856
8.740017175674438
8.553845882415771
8.603891611099243
8.65693998336792
8.606894493103027
8.768041610717773
8.671953201293945
8.631917953491211
8.507803201675415
8.883148670196533
8.434735774993896
8.515810489654541
8.73501181602478
8.632918119430542
8.558850765228271
8.372678279876709
8.475773811340332
8.60689377784729
8.522816181182861
8.606891632080078
8.686952352523804
8.719980716705322
8.46274733543396
8.611884117126465
8.857108116149902
8.6379075050354
8.731994152069092
8.76002025604248
8.880128860473633
8.55182933807373
8.568845510482788
8.734262704849243
