Timing log for each step:
0.013012409210205078
10.443453311920166
10.008226871490479
10.141494035720825
10.647135019302368
10.50645899772644
10.503745079040527
10.43838620185852
10.429414749145508
10.562005519866943
10.54641580581665
10.595306873321533
10.547707319259644
10.49311351776123
10.134409427642822
10.152139663696289
10.041192054748535
10.139832258224487
10.259714841842651
10.132730960845947
10.211552858352661
10.122461318969727
10.352880477905273
10.215260744094849
9.966624021530151
10.058994770050049
10.212077856063843
10.327742338180542
10.3211190700531
10.251576662063599
10.070312261581421
10.224517583847046
10.227265357971191
10.142205715179443
10.191143989562988
10.224393367767334
10.28423547744751
10.435928106307983
10.85505986213684
10.490464925765991
10.329140901565552
10.24472165107727
10.143346309661865
10.267302989959717
10.25531554222107
11.074298858642578
11.304084777832031
10.448333501815796
11.026158094406128
10.74793815612793
10.508403301239014
10.323743343353271
10.307889699935913
10.381842851638794
10.314962387084961
10.007299661636353
10.300364255905151
10.278671503067017
10.388831615447998
10.296724557876587
10.478658676147461
10.325470924377441
10.287317514419556
10.297449827194214
9.858654260635376
10.327553510665894
10.324509143829346
10.37083125114441
10.236925840377808
10.10627293586731
10.325157165527344
10.369189500808716
10.356804609298706
10.309924840927124
10.367997407913208
10.403581619262695
10.32104778289795
10.297014474868774
10.32856035232544
10.320778369903564
10.389824628829956
10.453200101852417
10.329027891159058
10.414045572280884
10.436955213546753
10.31872272491455
10.22381067276001
10.3748459815979
10.335767269134521
10.409924268722534
10.3560152053833
10.44081163406372
10.253652572631836
10.271920919418335
10.366328001022339
10.423126935958862
10.47284197807312
10.271677732467651
10.859888792037964
10.595073699951172
10.537330389022827
10.354460000991821
10.462882280349731
10.513185262680054
10.552965641021729
10.475671529769897
10.16684627532959
10.362945318222046
10.41547966003418
10.465460538864136
10.438978433609009
10.327132940292358
11.362525939941406
10.300308465957642
10.954554796218872
10.629381656646729
10.596641778945923
10.36540699005127
10.319652080535889
10.34713077545166
10.267964124679565
10.23593544960022
10.266687393188477
10.235479354858398
10.386457920074463
10.398601293563843
10.27361273765564
10.168892621994019
10.457722425460815
10.430104732513428
10.058940410614014
10.413599967956543
10.352082014083862
10.288367986679077
10.441469430923462
10.398342847824097
10.15355110168457
10.67043399810791
10.305129528045654
10.421388626098633
10.267637014389038
10.270609140396118
10.344431161880493
10.846588134765625
10.816992282867432
10.36466383934021
10.441502571105957
10.547659635543823
11.107887506484985
10.797935009002686
10.5129873752594
10.560989141464233
10.657546758651733
10.68562126159668
10.660118579864502
10.643946647644043
10.27816128730774
10.36488151550293
10.308393239974976
10.31937837600708
10.437250852584839
10.441196203231812
10.310993671417236
10.400377750396729
10.369738340377808
10.52085566520691
10.506299018859863
10.601457834243774
10.511316299438477
10.41019892692566
10.410668849945068
10.428652048110962
10.335652589797974
10.494643926620483
10.42393183708191
10.550445079803467
10.358591556549072
10.335543155670166
10.384896755218506
10.482001304626465
10.482999324798584
10.514601230621338
10.451163291931152
10.524394512176514
10.324661016464233
10.341604232788086
10.332353353500366
10.44511604309082
10.517899990081787
10.736211776733398
10.870880842208862
10.662206888198853
10.47099494934082
10.421708345413208
10.461246013641357
10.22324800491333
10.488345861434937
10.32512617111206
10.39748740196228
10.372914791107178
10.25105094909668
10.354440927505493
10.439389705657959
10.30401062965393
10.244368314743042
10.148484706878662
10.44043517112732
10.510671854019165
10.36739706993103
10.324943780899048
10.418670892715454
10.547513961791992
10.539024353027344
9.849441051483154
9.893035888671875
10.39208459854126
10.37893795967102
10.480311632156372
10.466703653335571
10.411222696304321
10.503698825836182
10.54892349243164
10.613425493240356
10.39208698272705
10.459803342819214
10.524835586547852
10.5355224609375
10.440729856491089
10.307948350906372
10.382046937942505
10.485597848892212
10.355518817901611
10.348427534103394
10.34244418144226
10.444544315338135
10.34847903251648
10.446895360946655
10.448301076889038
10.45773458480835
10.282156944274902
10.257712364196777
10.39305329322815
10.48799443244934
10.37804651260376
10.440558671951294
10.44472074508667
10.477179288864136
10.629534482955933
10.351669073104858
10.418731212615967
10.354949712753296
10.622776508331299
10.442550420761108
10.42860221862793
10.534831047058105
10.586505889892578
10.539494514465332
10.395885229110718
10.52656102180481
10.048517942428589
10.426032543182373
10.349998235702515
10.211854219436646
10.442955732345581
10.331138134002686
9.3565354347229
10.268770933151245
10.705501794815063
10.497027397155762
10.5732901096344
10.59713101387024
10.583024024963379
9.974571228027344
10.615735530853271
10.63132619857788
10.041706800460815
10.528957605361938
10.642037153244019
10.030579328536987
9.804675579071045
10.530954837799072
10.45844578742981
10.370664596557617
10.499454736709595
10.335991621017456
9.914787769317627
9.564749956130981
10.428041696548462
11.1551673412323
10.328635454177856
11.175219058990479
10.722126245498657
10.344707727432251
9.747397184371948
9.007457256317139
10.23257827758789
9.758154153823853
9.752525806427002
10.198461532592773
10.437768459320068
9.481699228286743
10.279668092727661
10.590847730636597
9.715999841690063
10.34372329711914
9.679421424865723
10.250017881393433
10.286927700042725
9.814871311187744
9.689607620239258
10.203888893127441
10.19393253326416
10.414770126342773
10.266728401184082
9.14281439781189
9.907898902893066
10.394964456558228
10.39871883392334
9.37490463256836
10.188193321228027
10.227117776870728
9.912766456604004
10.414071083068848
9.779146432876587
10.331605434417725
10.329923629760742
9.213186740875244
10.41781997680664
10.342881917953491
9.057734966278076
10.262305736541748
10.24372410774231
10.154629468917847
10.245657205581665
10.331849575042725
10.315893173217773
10.345818042755127
10.311630964279175
10.17893648147583
10.165137529373169
10.252368211746216
10.321768045425415
10.519865989685059
10.192885875701904
10.32180666923523
10.28909683227539
10.216535329818726
10.29060673713684
10.196913480758667
10.277901887893677
9.821964502334595
9.31592345237732
9.73292088508606
10.179816961288452
10.29220724105835
9.884011507034302
9.654008626937866
10.383570671081543
10.728374004364014
10.686358213424683
9.80405330657959
10.309883117675781
11.491193056106567
9.909159421920776
9.75962519645691
10.286929845809937
10.381953954696655
10.383976221084595
10.309883117675781
10.207986831665039
10.230587482452393
10.358019351959229
10.041952848434448
10.187711715698242
10.286210298538208
10.471956729888916
10.336419343948364
10.291192531585693
10.196076154708862
10.379913330078125
10.302944898605347
10.267940759658813
10.333508729934692
10.193713188171387
11.192859888076782
11.424386978149414
10.211580514907837
10.113933801651001
9.610880374908447
10.515974283218384
10.50992727279663
10.358248949050903
10.182656288146973
9.951569557189941
9.894707441329956
11.317404985427856
10.843127012252808
10.521993637084961
10.027645111083984
10.174429416656494
10.796494722366333
10.932085990905762
10.738245010375977
10.210734844207764
10.256810903549194
10.1202073097229
10.681851387023926
9.593890190124512
10.291114091873169
11.041240215301514
10.503718852996826
10.133063554763794
10.831737995147705
10.220196008682251
10.089010238647461
11.058239459991455
10.268766403198242
10.285145998001099
10.927072763442993
10.211875438690186
10.709296941757202
10.840186595916748
10.950196743011475
10.673146963119507
10.022976875305176
10.28342342376709
9.45633316040039
10.1768159866333
10.924392223358154
