Timing log for each step:
0.013011693954467773
5.7327892780303955
5.4756669998168945
5.4950010776519775
5.485166788101196
5.464045286178589
5.486459255218506
5.627394437789917
5.738900423049927
5.711096525192261
5.468313694000244
5.65511155128479
5.758775949478149
5.558283805847168
5.379488229751587
5.368354082107544
5.43656063079834
5.355392932891846
5.469708204269409
5.789917945861816
5.338855504989624
5.320369243621826
5.351122617721558
5.376796722412109
5.3648457527160645
5.32537841796875
5.423274517059326
5.344982624053955
5.346868276596069
5.403322696685791
5.380771636962891
5.35006308555603
5.418042898178101
5.460930347442627
5.459635019302368
5.447739601135254
5.351979494094849
5.356160402297974
5.421322584152222
5.420499324798584
5.4051244258880615
5.355014801025391
5.468925714492798
5.535627603530884
5.36968994140625
5.421895503997803
5.318583011627197
5.3836188316345215
5.562411308288574
5.38719916343689
5.42520546913147
5.376588344573975
5.390287399291992
5.556970596313477
5.393138647079468
5.351194143295288
5.478001594543457
5.4512269496917725
5.441798448562622
5.424296855926514
5.408291816711426
5.472395420074463
5.422452926635742
5.4325737953186035
5.475065231323242
5.4465718269348145
5.386335849761963
5.472445249557495
5.442573308944702
5.397722482681274
5.430999755859375
5.3589887619018555
5.38248085975647
5.388533353805542
5.396591424942017
5.423739671707153
5.429016351699829
5.465581178665161
5.482771873474121
5.452659606933594
5.452467441558838
5.490800142288208
5.479936361312866
5.486634016036987
5.450898885726929
5.576173782348633
5.517217397689819
5.4624834060668945
5.442714691162109
5.411267518997192
5.467414617538452
5.467207670211792
5.4908998012542725
5.437079191207886
5.471442699432373
5.521288633346558
5.543025970458984
5.468749761581421
5.496920347213745
5.452490568161011
5.537172794342041
5.656660079956055
5.4859559535980225
5.499251842498779
5.542330980300903
5.611562490463257
5.4832329750061035
5.670387029647827
5.5302650928497314
5.568311452865601
5.664132833480835
5.511595010757446
5.506372928619385
5.550682067871094
5.516157150268555
5.492553472518921
5.506179332733154
5.492254257202148
5.410109758377075
5.460811138153076
5.54983377456665
5.5227131843566895
5.756681203842163
5.489878416061401
5.3905510902404785
5.532603740692139
5.523807525634766
5.496591806411743
5.591688394546509
5.551192760467529
5.543578624725342
5.5389344692230225
5.573713302612305
5.553370952606201
5.5867345333099365
5.658118486404419
5.728017568588257
5.685600280761719
5.660467147827148
5.587918043136597
5.6552605628967285
5.842615604400635
5.6709229946136475
5.618751764297485
5.693743944168091
5.562628507614136
5.547612428665161
5.781559467315674
5.7022740840911865
5.5576112270355225
5.555394887924194
5.666446208953857
5.499930143356323
5.634736061096191
5.7406392097473145
6.271212816238403
5.484293222427368
5.639877796173096
5.814491510391235
6.037606477737427
5.566331386566162
5.735682010650635
5.95184850692749
5.787508249282837
5.6180901527404785
5.707491874694824
5.489117383956909
5.6539695262908936
5.401701211929321
5.629631519317627
6.1639344692230225
6.411218643188477
6.346688747406006
5.746126651763916
5.685867547988892
5.736499071121216
5.738006830215454
5.565896272659302
6.274785757064819
5.995604038238525
6.223201751708984
6.058099985122681
6.037108659744263
6.098661422729492
6.228296995162964
5.973512649536133
6.020714282989502
6.283562660217285
6.451205015182495
6.024471759796143
5.773951292037964
5.585792779922485
5.76851487159729
6.032892227172852
6.309297561645508
5.695698022842407
5.670613527297974
5.8328471183776855
5.84886360168457
5.974825859069824
6.147056341171265
6.145329475402832
5.9312262535095215
5.674663782119751
5.635633230209351
5.670548439025879
5.65395975112915
5.82378888130188
6.685630798339844
6.103433132171631
6.168063402175903
6.010169982910156
5.966528654098511
5.604320049285889
6.147585868835449
5.5423970222473145
5.873376131057739
5.887739419937134
5.80318546295166
6.3088672161102295
5.854549884796143
5.822630167007446
6.081633806228638
6.058173656463623
5.917699098587036
6.2238969802856445
6.72777533531189
5.79915452003479
5.587116718292236
6.4279022216796875
6.460486888885498
5.840762376785278
5.759397268295288
5.842554330825806
5.728134393692017
6.0419909954071045
6.12698221206665
5.982083082199097
6.008151531219482
5.687589645385742
5.724699020385742
5.858781099319458
5.757104158401489
5.7867443561553955
5.775131464004517
5.847731828689575
5.818443775177002
5.8312366008758545
5.822806119918823
5.742384433746338
5.763659238815308
5.834023714065552
5.689854860305786
5.741639137268066
5.690882921218872
5.7130701541900635
5.640147686004639
5.80846905708313
5.780060052871704
5.746349096298218
5.77711820602417
5.831690788269043
5.794779539108276
5.781616926193237
5.828771591186523
6.578057527542114
6.445842981338501
6.0620880126953125
5.93180775642395
5.893744707107544
6.217695474624634
6.340831279754639
6.193977117538452
6.089449167251587
5.716563701629639
5.658305883407593
5.629514217376709
5.80326509475708
5.72688102722168
5.828359603881836
5.626737833023071
5.716916084289551
5.716623067855835
5.7311482429504395
5.8339385986328125
5.69409441947937
5.664554834365845
5.729269981384277
5.695396423339844
5.656713008880615
5.713337659835815
5.648911237716675
5.691668748855591
5.654255151748657
5.663589715957642
5.660082101821899
5.746371746063232
5.6384618282318115
5.501362562179565
5.436538457870483
5.5334508419036865
5.567228555679321
5.489486932754517
5.597597122192383
5.991295576095581
6.005004405975342
5.7211902141571045
5.669829845428467
5.457397699356079
5.51167106628418
5.438069820404053
5.446246862411499
5.419025421142578
5.470032691955566
5.5091331005096436
5.552119731903076
5.401546239852905
5.410001039505005
5.423159599304199
5.523376703262329
5.455689191818237
5.444438934326172
5.6556336879730225
5.802945852279663
5.442077398300171
5.493403196334839
5.462859869003296
5.499119520187378
5.485402822494507
5.4428184032440186
5.44840407371521
5.432326793670654
5.460885286331177
5.526417970657349
5.439471960067749
5.480463266372681
5.457305192947388
5.456228494644165
5.609020471572876
5.737691879272461
5.656768083572388
5.722960710525513
5.640588283538818
5.6685075759887695
6.133748531341553
5.585476875305176
5.434001922607422
5.380856990814209
