Timing log for each step:
0.014013290405273438
5.248809576034546
5.320042133331299
5.271221876144409
5.229075908660889
5.669549226760864
5.436580657958984
5.349861145019531
5.276820182800293
5.072572946548462
4.80604362487793
5.1596503257751465
5.2057414054870605
5.26381254196167
5.325268983840942
5.252184867858887
5.276956558227539
5.1958301067352295
5.214186429977417
5.192949056625366
5.252957105636597
5.262748956680298
5.29134464263916
5.255125045776367
5.2410383224487305
5.292017459869385
5.328895807266235
5.344627618789673
5.276301622390747
5.423741579055786
5.282518625259399
5.257061719894409
5.381760120391846
5.330415487289429
5.247236251831055
5.312170505523682
5.299945592880249
5.270912408828735
5.433083534240723
5.249410390853882
5.304088592529297
5.266228675842285
5.306610584259033
5.323700666427612
5.305510997772217
5.3008873462677
5.2776525020599365
5.282857894897461
5.361745834350586
5.270777225494385
5.359285354614258
5.338303327560425
5.358497142791748
5.588623523712158
5.421210289001465
5.370487689971924
5.440057277679443
5.4243714809417725
5.472515106201172
5.423336029052734
5.307994604110718
5.372319459915161
5.343502044677734
5.371683597564697
5.314888954162598
5.36043381690979
5.386495590209961
5.3710668087005615
5.361685276031494
5.339960813522339
5.440586090087891
5.417007207870483
5.40552544593811
5.403759241104126
5.334742307662964
5.395727157592773
5.35670018196106
5.411515951156616
5.347309112548828
5.356611251831055
5.434387445449829
5.296705961227417
5.396099090576172
5.33510947227478
5.362920522689819
5.4251744747161865
5.4307005405426025
5.333267450332642
5.377304315567017
5.3400256633758545
5.3604254722595215
5.295653343200684
5.421045780181885
5.350569486618042
5.385530233383179
5.413218975067139
5.335290431976318
5.421898603439331
5.309697389602661
5.423854351043701
5.377922773361206
5.36014723777771
5.396845579147339
5.373089075088501
5.351010084152222
5.360362768173218
5.3750245571136475
5.309899091720581
5.364035367965698
5.363083362579346
5.38341212272644
5.377145051956177
5.377024412155151
5.39481258392334
5.367809295654297
5.399587631225586
5.345207452774048
5.375783920288086
5.333765983581543
5.380024671554565
