Timing log for each step:
0.02001667022705078
5.632121801376343
5.59408712387085
5.605095624923706
5.65914511680603
5.622112274169922
5.462968826293945
5.696179151535034
5.6241135597229
5.601093530654907
5.6020894050598145
5.597088098526001
5.700183153152466
5.656142950057983
5.628133058547974
5.558053970336914
5.597088098526001
5.6891725063323975
5.621109962463379
5.548044681549072
5.636124849319458
5.640127897262573
5.616106271743774
5.6391282081604
5.572066307067871
5.6211113929748535
5.6641504764556885
5.6521384716033936
5.651138544082642
5.639127731323242
5.671156167984009
5.624114513397217
5.633121728897095
5.69818115234375
5.705187559127808
5.609099864959717
5.689173221588135
5.602093696594238
5.628118515014648
5.646132946014404
5.619108438491821
5.666151762008667
5.550046443939209
5.665149927139282
5.594086170196533
5.586078643798828
5.5520477294921875
5.599091291427612
5.654141426086426
5.482985734939575
5.669153928756714
5.917381286621094
5.665151119232178
5.686170816421509
5.6381261348724365
5.645132064819336
5.527027130126953
5.636124849319458
5.544044017791748
5.7131946086883545
5.6301188468933105
5.659144878387451
5.567061901092529
5.677161931991577
5.643131256103516
5.615105390548706
5.650137186050415
5.687171220779419
5.651137351989746
5.623112916946411
5.674160003662109
5.632119417190552
5.811283588409424
5.670154571533203
5.684168577194214
5.639127969741821
5.817288875579834
5.680164575576782
5.692176342010498
5.945405721664429
5.6351237297058105
5.699181795120239
5.639127254486084
5.622111082077026
5.628116846084595
5.6511383056640625
5.643129825592041
5.680164337158203
5.590082406997681
5.661147356033325
5.6461341381073
5.57807183265686
5.702184200286865
5.568063497543335
5.670156002044678
5.645132303237915
5.708190679550171
5.6221113204956055
5.5780720710754395
5.6371259689331055
5.62711501121521
5.719200372695923
5.93239426612854
5.700182914733887
5.63312292098999
5.585078001022339
5.706188201904297
5.71419620513916
5.609099626541138
5.586079835891724
5.735214710235596
5.656142950057983
5.613103628158569
5.602094888687134
5.6451332569122314
5.600087404251099
5.616106271743774
5.641129493713379
5.6991822719573975
5.659145355224609
5.633121490478516
5.741220951080322
5.693177223205566
5.56706166267395
5.705187559127808
5.698180198669434
5.5860795974731445
5.589083194732666
5.663148641586304
5.691174507141113
5.697179317474365
5.643130302429199
5.654141902923584
5.678163528442383
5.718199014663696
5.621110677719116
5.605095386505127
5.63812780380249
5.6631505489349365
5.6521384716033936
5.6531407833099365
5.620110034942627
5.669154167175293
5.651137828826904
5.650137424468994
5.677161931991577
5.672157526016235
5.683168649673462
5.593091249465942
5.659146070480347
5.674158811569214
5.66915488243103
5.6501383781433105
5.6101014614105225
5.528026103973389
5.674160003662109
5.685169219970703
5.63912558555603
5.571065187454224
5.685168504714966
5.6381261348724365
5.669154167175293
5.641128301620483
5.628116607666016
5.676161766052246
5.606097936630249
5.558053016662598
5.634123802185059
5.617107629776001
5.716196537017822
5.674159288406372
5.628117561340332
5.716196775436401
5.67516016960144
5.668153762817383
5.660146474838257
5.6381261348724365
5.660146236419678
5.685169219970703
5.659145355224609
5.644132614135742
5.650137901306152
5.69918155670166
5.6751604080200195
5.644131898880005
5.655142545700073
5.621110916137695
5.646134614944458
5.626115798950195
5.684168815612793
5.655141592025757
5.672157526016235
5.674158334732056
5.661147832870483
5.580073118209839
5.539036512374878
5.62211275100708
5.646133661270142
5.602093935012817
5.682166814804077
5.709190368652344
5.675159692764282
5.677161693572998
5.742221355438232
5.658144474029541
5.634122610092163
5.670155048370361
5.712194204330444
5.648135185241699
5.666151762008667
5.665151834487915
5.686169862747192
5.625115633010864
5.658143997192383
5.7602386474609375
5.69918155670166
5.735215425491333
5.682166576385498
5.61810827255249
5.67716121673584
5.746224403381348
5.757234573364258
5.605096101760864
5.707189559936523
5.685169696807861
5.661146879196167
5.665152072906494
5.642129898071289
5.718198776245117
5.669154405593872
5.701183795928955
5.7071897983551025
5.61210298538208
5.7081897258758545
5.653139591217041
5.712194442749023
5.660147190093994
5.661148548126221
5.703185319900513
5.68717098236084
5.642130613327026
5.623112440109253
5.7212018966674805
5.656142711639404
5.574068307876587
5.653140306472778
5.60009241104126
5.613104820251465
5.595087766647339
5.662146806716919
5.583076238632202
5.677163124084473
5.595087051391602
5.617106914520264
5.638126850128174
5.644130706787109
5.654141902923584
5.6671531200408936
5.654140472412109
6.006464004516602
5.586079359054565
5.7722485065460205
5.625114679336548
5.6451334953308105
5.582075834274292
5.596087694168091
5.677161693572998
5.593085289001465
5.709190607070923
5.639127016067505
5.639127492904663
5.661147594451904
5.586078405380249
5.674159288406372
5.667152643203735
5.668154239654541
5.7131946086883545
5.614104270935059
5.6921751499176025
5.669154405593872
5.630119323730469
5.641129732131958
5.689172983169556
5.597090005874634
5.595087289810181
5.59608793258667
5.6050965785980225
5.613103628158569
5.58507776260376
5.651138782501221
5.6161065101623535
5.72620701789856
5.666152000427246
5.637125730514526
5.694176912307739
5.591084718704224
5.602093935012817
5.626115560531616
5.649136543273926
5.605096101760864
5.619109392166138
5.680164575576782
5.679163694381714
5.689172983169556
5.635123252868652
5.60209321975708
5.540036201477051
5.660146236419678
5.690174102783203
5.627117395401001
5.650137424468994
5.7232043743133545
5.574068307876587
5.698180675506592
5.602093458175659
5.5910844802856445
5.664149761199951
5.680164337158203
5.622112512588501
5.630120277404785
5.659146308898926
5.554049491882324
5.6261162757873535
5.57406759262085
5.613102674484253
5.701183795928955
5.595087289810181
5.5900819301605225
5.689172267913818
5.6291186809539795
5.624114513397217
5.669154167175293
5.5970892906188965
5.674159288406372
5.6321210861206055
5.653141021728516
5.690173625946045
5.67916464805603
5.623112678527832
5.688171625137329
5.710191965103149
5.707189321517944
5.614104747772217
5.676160097122192
5.652139186859131
5.6621482372283936
5.721201181411743
5.7392191886901855
5.968425989151001
5.623113632202148
5.718199253082275
5.648134708404541
5.67716121673584
5.597088813781738
5.709191083908081
5.585078477859497
5.598090648651123
5.593083620071411
5.692175388336182
5.706188440322876
5.552048206329346
5.832303047180176
5.6701555252075195
5.648135185241699
5.703185796737671
5.679163694381714
5.6701555252075195
5.958418607711792
5.836306810379028
5.759235858917236
5.745223760604858
5.551047086715698
5.619110345840454
5.850318908691406
5.585078954696655
5.781256437301636
5.649136304855347
5.743221759796143
5.646134376525879
5.745223522186279
5.608099937438965
5.635122537612915
5.732212066650391
5.715197324752808
5.6831676959991455
5.697179317474365
5.764240980148315
5.667151689529419
5.625114679336548
5.697179079055786
5.639127016067505
5.654142141342163
5.661147117614746
5.62311315536499
5.693177223205566
5.642129421234131
5.690173387527466
5.679163932800293
5.563058376312256
5.68617057800293
5.713195323944092
5.655141830444336
5.876343727111816
5.639127969741821
5.621111154556274
5.822293996810913
5.768245697021484
5.833304405212402
5.879345655441284
5.8423120975494385
5.839310169219971
5.859328031539917
5.856324672698975
5.9123756885528564
5.919381618499756
5.81929087638855
5.821292877197266
5.838309288024902
5.829301118850708
5.733213663101196
5.917380332946777
5.849318504333496
5.827298641204834
5.854323148727417
5.847316741943359
5.788263559341431
5.864333629608154
5.850319862365723
5.765241622924805
5.781256914138794
5.8313024044036865
5.8503193855285645
5.918380498886108
5.918381690979004
5.8132851123809814
5.805278539657593
5.7642412185668945
5.930392026901245
5.8152875900268555
5.838308095932007
5.909373998641968
5.800273656845093
5.901367425918579
7.966243267059326
5.872339248657227
5.8483171463012695
5.783258676528931
5.862330198287964
5.523021221160889
5.3678812980651855
5.413923740386963
5.446953296661377
5.260784149169922
5.356870889663696
5.285806894302368
5.419929265975952
5.287807464599609
5.321839332580566
5.396907091140747
5.374886989593506
5.446953535079956
5.398909568786621
5.431938648223877
5.3758885860443115
5.398908853530884
5.3909032344818115
5.5030035972595215
5.354869365692139
5.367880344390869
5.3848958015441895
5.333850622177124
5.294814109802246
5.425933361053467
5.377890586853027
5.338854551315308
5.371884822845459
5.2868077754974365
5.586079835891724
5.441947937011719
5.439946174621582
5.373885631561279
5.276797771453857
5.362877130508423
5.266787528991699
5.356871128082275
5.317835330963135
5.276798963546753
5.3899009227752686
5.389900207519531
5.451955795288086
5.3388543128967285
5.423931837081909
5.212740659713745
5.357872724533081
5.349864721298218
5.289809942245483
5.32985520362854
5.332849502563477
5.379891872406006
5.2627854347229
5.2477710247039795
5.493994951248169
5.315834283828735
5.3348517417907715
5.240764856338501
5.387898683547974
5.385896682739258
5.281803846359253
5.374887228012085
5.350865125656128
5.287809133529663
5.39290452003479
5.374887228012085
5.348863124847412
5.371884107589722
5.2577805519104
5.388899803161621
5.4319398403167725
5.328844785690308
5.35686993598938
5.25678014755249
5.244769096374512
5.411920070648193
5.248772144317627
5.356870889663696
5.387898683547974
5.353868246078491
5.425934076309204
5.42893648147583
5.350865840911865
5.398910760879517
5.282803773880005
5.333849191665649
5.348863840103149
5.233757972717285
5.310827970504761
5.223749160766602
5.327845096588135
5.3008201122283936
5.406915187835693
5.3768885135650635
5.502002954483032
5.487989664077759
5.388899803161621
5.3848960399627686
5.421929597854614
5.3949055671691895
5.3648786544799805
5.299818754196167
5.4889912605285645
5.281802415847778
5.3138298988342285
5.353868007659912
5.313831090927124
5.427934646606445
5.396907567977905
5.326843023300171
5.391902923583984
5.303822994232178
5.281803607940674
5.4059154987335205
5.338855266571045
5.319836378097534
5.430939197540283
5.314833164215088
5.362875699996948
5.27379584312439
5.4109203815460205
5.464969158172607
5.386899471282959
5.259782552719116
5.296816349029541
5.368879318237305
5.288807392120361
5.420929193496704
5.360874891281128
5.289809703826904
5.381894588470459
5.338854551315308
5.400911331176758
5.379891395568848
5.337853908538818
5.341856956481934
5.296816110610962
5.4099204540252686
5.274796962738037
5.385030746459961
5.336149454116821
5.311829328536987
5.219745635986328
5.325842380523682
5.351867437362671
5.325842618942261
5.32684326171875
5.284806251525879
5.462967157363892
5.503004789352417
5.235760450363159
5.21574330329895
5.349863767623901
5.390902042388916
5.275807619094849
5.302821636199951
5.109646558761597
5.232759237289429
5.631120443344116
5.278799772262573
5.496999263763428
5.217743873596191
5.2818028926849365
5.228754281997681
5.313831090927124
5.336467266082764
5.2798011302948
5.29581618309021
5.341857433319092
5.189719200134277
5.299818515777588
5.318834543228149
5.275797128677368
5.406904220581055
5.283804178237915
5.26178503036499
5.336853504180908
5.199727535247803
5.132667779922485
5.350863695144653
5.25177526473999
5.342857837677002
5.218744993209839
5.079618215560913
5.170701265335083
5.2067341804504395
5.2717931270599365
5.227753639221191
5.42293119430542
5.2918126583099365
5.330846786499023
5.259782314300537
5.3118298053741455
5.254777669906616
5.145679473876953
5.215743541717529
5.231757402420044
5.351867198944092
5.325842380523682
5.227752923965454
5.275796890258789
5.3228394985198975
5.2307562828063965
5.198725938796997
5.245769500732422
5.26879096031189
5.2177441120147705
5.280802249908447
5.284804582595825
5.043585300445557
5.226752281188965
5.197727680206299
5.286806344985962
5.162694931030273
5.283803939819336
5.2187464237213135
5.061602592468262
5.16769814491272
5.23876428604126
5.142676115036011
5.2037317752838135
5.1837122440338135
5.337853193283081
5.192721128463745
5.215742826461792
5.170140266418457
5.280801773071289
5.309828042984009
5.1476805210113525
5.3068249225616455
5.284805536270142
5.31383204460144
5.312830448150635
5.288808584213257
5.337852954864502
5.193636894226074
5.261784553527832
5.314832448959351
5.2737953662872314
5.309827566146851
5.288662910461426
5.398909330368042
5.2908103466033936
5.310828685760498
5.179933071136475
5.42493200302124
5.192722320556641
5.276797771453857
5.34385871887207
5.329845905303955
5.136670351028442
5.357870817184448
5.442949533462524
5.681165456771851
5.785260200500488
5.5880796909332275
5.600091218948364
5.3818933963775635
5.357871770858765
5.243768930435181
5.305825471878052
5.316056489944458
5.293812990188599
5.203732013702393
5.236761808395386
5.348864793777466
5.2257513999938965
5.241766452789307
5.265788316726685
5.298817873001099
5.175706148147583
5.279800176620483
5.2577807903289795
5.269792079925537
5.290810823440552
5.227753162384033
5.23876428604126
5.316835403442383
5.121177673339844
5.262784004211426
5.30482292175293
5.229755163192749
5.146680116653442
5.1296656131744385
5.278799772262573
5.233759164810181
5.158690452575684
5.311830759048462
5.290811061859131
5.2537782192230225
5.358872652053833
5.305824518203735
5.276798963546753
5.294814586639404
5.221748113632202
5.23576021194458
5.354868173599243
5.359874248504639
5.25177526473999
5.303861379623413
5.248772144317627
5.115651369094849
5.2687907218933105
5.660146236419678
5.3868982791900635
5.318836450576782
5.340857028961182
5.382894515991211
5.151684045791626
5.173705339431763
5.207735538482666
5.304823398590088
5.254777669906616
5.3328492641448975
5.214741468429565
5.329845428466797
5.11965537071228
5.231756687164307
5.1476805210113525
5.298818588256836
5.481985330581665
5.251774311065674
5.209636926651001
5.303822994232178
5.320836544036865
5.197726488113403
5.335852146148682
5.307825803756714
5.320838212966919
5.3418567180633545
5.33184814453125
5.240764617919922
5.356870889663696
5.177709341049194
5.184714078903198
5.211738348007202
5.196726560592651
5.113649845123291
5.156688213348389
5.225752115249634
5.453959941864014
5.2407660484313965
5.328278064727783
5.328845500946045
5.664150238037109
5.35987401008606
5.245770454406738
5.166697978973389
5.144677639007568
5.427936553955078
5.188354969024658
5.062603235244751
5.471975088119507
5.251213550567627
5.247771263122559
5.282803058624268
5.2788002490997314
5.150683879852295
5.2088072299957275
5.181711912155151
5.27579665184021
5.28123140335083
5.236762523651123
5.278021335601807
5.3308470249176025
5.211738586425781
5.2327587604522705
5.2717931270599365
5.097635984420776
5.151685953140259
5.189096212387085
5.267587423324585
5.154687166213989
5.2798011302948
5.242766618728638
5.266788959503174
5.17070198059082
5.396906614303589
5.144677639007568
5.304823875427246
5.218745708465576
5.1767072677612305
5.145678758621216
5.1927220821380615
5.140674591064453
5.21173882484436
5.272794485092163
5.255780220031738
5.2117393016815186
5.2908103466033936
5.058598756790161
5.21273946762085
5.083624601364136
5.139673233032227
5.19372296333313
5.1586902141571045
5.201729774475098
5.139673471450806
5.261783838272095
5.0776166915893555
5.219277381896973
5.1887171268463135
5.196725606918335
5.2227489948272705
5.176707029342651
5.25577974319458
5.2567808628082275
5.196725130081177
5.129038333892822
5.1436779499053955
5.230756759643555
5.273796081542969
5.194724798202515
5.2337586879730225
5.094632387161255
5.2848052978515625
5.1278581619262695
5.171702861785889
5.1837921142578125
5.2347588539123535
5.205733060836792
5.277798414230347
5.468972682952881
5.417477130889893
5.437787771224976
5.431938648223877
5.388899564743042
5.479982852935791
5.88134765625
5.804278373718262
5.758235216140747
5.284804821014404
5.229754447937012
5.303823471069336
5.283803701400757
5.251776218414307
5.35586953163147
5.237761974334717
5.184713840484619
5.204733371734619
5.244768381118774
5.33084774017334
5.20072865486145
5.297816753387451
5.268791437149048
5.244770050048828
5.2868077754974365
5.239764213562012
5.216742992401123
5.2818028926849365
5.285806179046631
5.197726249694824
5.340855836868286
5.190719842910767
5.330847263336182
5.2697906494140625
5.247771501541138
5.221747398376465
5.200728893280029
5.285807132720947
5.209737300872803
5.1747047901153564
5.343858242034912
5.23576021194458
5.273796081542969
5.230755090713501
5.2117390632629395
5.25077486038208
5.364878177642822
5.267788648605347
5.201730728149414
5.285806179046631
5.189719200134277
5.237761974334717
5.20573353767395
5.261784553527832
5.203731060028076
5.272794961929321
5.247772455215454
5.33184814453125
5.306825399398804
5.438945293426514
5.297816753387451
5.209737300872803
5.571065902709961
5.430938243865967
5.209737062454224
5.317835330963135
5.179708957672119
5.254776477813721
5.262784957885742
5.236761569976807
5.200729608535767
5.267790079116821
5.195724964141846
5.221748352050781
5.32083797454834
5.284806251525879
5.265787601470947
5.272823810577393
5.2567784786224365
5.229755163192749
5.210738658905029
5.240765810012817
5.287808656692505
5.320837497711182
5.3718836307525635
5.193723440170288
5.351868152618408
5.260783433914185
5.240764856338501
5.176707029342651
5.284805059432983
5.2017295360565186
5.283804416656494
5.243767976760864
5.277798891067505
5.266789197921753
5.252776384353638
5.316834449768066
5.258781433105469
5.293813943862915
5.227751016616821
5.279800891876221
5.200728893280029
5.291810989379883
5.256779193878174
5.232757329940796
5.151684999465942
5.255779504776001
5.256779670715332
5.243768930435181
5.215741157531738
5.309826850891113
5.25878119468689
5.332850217819214
5.228754043579102
5.240765571594238
5.295815706253052
5.133668661117554
5.231757402420044
5.274796962738037
5.24677038192749
5.165695667266846
5.2788004875183105
5.268791913986206
5.2417662143707275
5.256778955459595
5.199727535247803
5.23475980758667
5.311830997467041
5.21874475479126
5.2447686195373535
5.2687904834747314
5.267790079116821
5.208736181259155
5.293813467025757
5.251775503158569
5.251775026321411
5.25978422164917
5.284804344177246
5.2507734298706055
5.3208372592926025
5.226752996444702
5.222750425338745
5.212739706039429
5.277798891067505
5.339856147766113
5.326842546463013
5.213741302490234
5.266788959503174
5.411921262741089
5.386898040771484
5.287807464599609
5.278800964355469
5.219746828079224
5.159690856933594
5.289809942245483
5.151684045791626
5.278799533843994
5.241765975952148
5.072612285614014
5.2227489948272705
5.581073760986328
5.283703804016113
5.123657941818237
5.200728416442871
5.160691976547241
5.215742588043213
5.06960916519165
5.016561031341553
5.172703981399536
5.120655059814453
5.090628623962402
5.1416754722595215
5.058599948883057
5.1126484870910645
5.107645034790039
5.136670351028442
5.132666349411011
5.1396729946136475
5.1276631355285645
5.090628385543823
5.09863543510437
5.082621097564697
5.1656975746154785
5.12666130065918
5.186716079711914
5.08862829208374
5.076615810394287
5.151683568954468
5.102640390396118
5.189719200134277
5.136670827865601
5.164695501327515
5.058599472045898
5.0746142864227295
5.142674922943115
5.09763503074646
5.126661062240601
5.253777027130127
5.087626934051514
5.1196558475494385
5.205734968185425
5.9373979568481445
5.315832614898682
6.0511980056762695
