Timing log for each step:
0.009008169174194336
1.8061742782592773
1.7356727123260498
1.8757503032684326
1.8027691841125488
1.7255699634552002
1.820307970046997
1.761605978012085
1.7410473823547363
1.5003654956817627
1.7349472045898438
1.8456788063049316
1.8460469245910645
1.8506839275360107
1.8041789531707764
1.8482019901275635
1.8455586433410645
1.7467117309570312
1.9397644996643066
1.8087186813354492
1.740584135055542
1.7770557403564453
1.743586778640747
1.7505202293395996
1.7481615543365479
1.8169176578521729
1.8567581176757812
1.7846240997314453
1.867171049118042
1.8797123432159424
1.8181438446044922
1.823660135269165
1.8923463821411133
1.80063796043396
1.810546875
1.8087940216064453
1.829665184020996
1.7918846607208252
1.848682165145874
1.835310697555542
1.7736141681671143
1.788682222366333
1.7576003074645996
1.7676725387573242
1.82065749168396
1.7719898223876953
1.9068617820739746
1.7656071186065674
1.8919291496276855
1.8186557292938232
1.9722394943237305
1.942767858505249
2.01921010017395
1.8396737575531006
1.832942247390747
1.8426778316497803
1.8085370063781738
1.8596906661987305
1.8485524654388428
1.7856245040893555
1.9052143096923828
1.853686809539795
1.8588085174560547
1.8616943359375
1.8121092319488525
2.0138325691223145
1.868110179901123
1.9467706680297852
1.8367133140563965
1.8636970520019531
1.8172006607055664
1.8236589431762695
1.927222728729248
1.856689453125
1.9141736030578613
1.8496818542480469
1.94716215133667
1.7936315536499023
1.9337482452392578
1.8807117938995361
1.8370702266693115
1.821657657623291
1.7520976066589355
1.8206572532653809
1.871230125427246
1.837209939956665
1.9327588081359863
1.8871960639953613
1.8266611099243164
1.8351454734802246
1.75059175491333
1.83836030960083
1.8486816883087158
1.9521119594573975
1.8857171535491943
1.7938110828399658
1.8336684703826904
1.9321720600128174
1.8056423664093018
1.8157830238342285
1.8456039428710938
1.8852591514587402
2.1254074573516846
1.8772788047790527
1.8026392459869385
1.796891689300537
2.1009109020233154
1.7482898235321045
1.816652774810791
1.7419004440307617
1.9412472248077393
1.7700371742248535
1.8416764736175537
1.9337832927703857
1.8957240581512451
1.8165054321289062
1.8476812839508057
1.8075852394104004
1.818655252456665
1.8621833324432373
1.8586909770965576
1.9246737957000732
1.8264994621276855
1.9338746070861816
1.8797118663787842
1.9601171016693115
1.7906303405761719
1.9289484024047852
1.888716697692871
1.817214012145996
1.844677448272705
1.8344461917877197
1.818655014038086
1.7567942142486572
1.816652774810791
2.000025987625122
1.8456785678863525
1.7819900512695312
1.7721402645111084
1.8193252086639404
1.9478578567504883
1.7886278629302979
1.970987319946289
1.859691858291626
1.8490698337554932
1.83066725730896
1.9026126861572266
1.8156518936157227
1.7175793647766113
1.896726369857788
1.799203872680664
1.949286937713623
1.7898597717285156
1.8785252571105957
1.8757059574127197
1.8285987377166748
1.8807108402252197
1.843275547027588
1.9547791481018066
1.8460464477539062
1.7716131210327148
1.9011635780334473
1.746588945388794
1.7766268253326416
1.7867307662963867
1.8837134838104248
1.8691511154174805
1.9247510433197021
1.8358325958251953
1.9227502346038818
1.7805635929107666
1.8927202224731445
1.9623644351959229
1.7495923042297363
1.6982581615447998
1.788628101348877
1.8136694431304932
1.8357789516448975
1.7485337257385254
1.8366703987121582
1.8079462051391602
1.8044021129608154
1.7875258922576904
1.7395834922790527
1.8476815223693848
1.8220772743225098
1.90273118019104
1.835151195526123
1.7666070461273193
1.8045403957366943
1.7756152153015137
1.84550142288208
1.8817119598388672
1.846266269683838
1.859692096710205
1.7287826538085938
1.792630910873413
1.9350543022155762
1.911741018295288
1.8321735858917236
1.8812432289123535
1.8829622268676758
1.7911627292633057
1.951233148574829
1.862694263458252
1.8529047966003418
1.8311753273010254
1.797635555267334
1.8378701210021973
1.897726058959961
1.8070180416107178
1.7555983066558838
1.8920648097991943
1.8176546096801758
1.8822345733642578
1.9657886028289795
1.786475658416748
1.8466806411743164
1.8095569610595703
1.8206558227539062
1.7785594463348389
1.781620740890503
1.9239826202392578
1.8386728763580322
1.8136498928070068
1.8389761447906494
1.8311200141906738
1.8486824035644531
2.0191545486450195
1.8952524662017822
1.855712652206421
1.8368232250213623
1.800638198852539
1.793588638305664
1.835669994354248
1.7920091152191162
1.8406744003295898
1.8650898933410645
1.8086459636688232
1.9112796783447266
1.8192343711853027
1.8028287887573242
1.9502763748168945
1.820143699645996
1.820178508758545
1.8138620853424072
1.8992924690246582
1.7908172607421875
1.8236596584320068
1.797635555267334
1.8584082126617432
1.8146510124206543
1.8495855331420898
1.827662706375122
1.9355440139770508
1.7736144065856934
1.8151285648345947
1.9417665004730225
1.8902361392974854
1.839097261428833
1.7555973529815674
1.9989688396453857
1.7626049518585205
1.7530975341796875
1.8647058010101318
1.8357551097869873
1.8436849117279053
1.8663313388824463
1.8466801643371582
1.9552257061004639
1.834669828414917
1.7620666027069092
1.813650131225586
1.9528312683105469
1.8366725444793701
1.9137399196624756
1.9232492446899414
1.8426768779754639
1.8250272274017334
1.7265713214874268
1.8569839000701904
1.885242223739624
1.7842016220092773
1.9528007507324219
1.7489736080169678
1.817185401916504
1.8686988353729248
1.784749984741211
1.8406744003295898
1.9362869262695312
1.8326666355133057
1.8317461013793945
1.8246614933013916
1.8368499279022217
1.8176541328430176
1.8842456340789795
1.817652940750122
1.843989372253418
1.8076436519622803
1.7831249237060547
1.9277539253234863
1.7542808055877686
1.7275712490081787
2.001088857650757
1.8046419620513916
1.8785669803619385
1.750593662261963
1.8980350494384766
1.8366708755493164
2.0197386741638184
1.74458646774292
1.867556095123291
1.8016397953033447
1.9203310012817383
1.7731709480285645
1.9078521728515625
1.8062293529510498
1.8311920166015625
1.808182954788208
1.8401432037353516
1.8598110675811768
2.0448598861694336
1.8400979042053223
1.763603925704956
1.774397850036621
1.8456792831420898
1.9165260791778564
1.9547784328460693
1.8255112171173096
1.8476810455322266
1.885601282119751
1.71956205368042
1.8516268730163574
1.7305753231048584
1.7720553874969482
1.834667444229126
1.858147144317627
1.8777077198028564
1.8030779361724854
1.9752142429351807
1.9486076831817627
1.8127195835113525
1.8927216529846191
1.8531725406646729
1.7906286716461182
1.8141098022460938
2.032849073410034
1.9247100353240967
1.9047341346740723
1.9834609031677246
1.9878079891204834
1.8386549949645996
1.7956347465515137
1.9146168231964111
1.9737958908081055
1.923363447189331
2.0188374519348145
1.992159128189087
1.973797082901001
1.8902530670166016
1.9257524013519287
1.915675163269043
1.8962206840515137
