Timing log for each step:
0.015013456344604492
5.447966575622559
5.576083183288574
5.259795904159546
5.004562616348267
5.381907224655151
5.604108810424805
5.2758095264434814
5.355884075164795
4.866437196731567
5.078630685806274
4.91648268699646
4.920485734939575
4.826400518417358
4.783361196517944
4.879448890686035
4.891460180282593
4.964525938034058
5.038593769073486
5.096646547317505
4.96152400970459
5.003563642501831
4.971532583236694
5.036592483520508
4.89246129989624
4.909475564956665
5.094643592834473
4.98954963684082
5.102653503417969
5.0005576610565186
5.046601295471191
4.973533391952515
4.9425060749053955
4.976536989212036
5.058612585067749
5.004565477371216
4.9765379428863525
4.968530178070068
5.037592887878418
4.845417737960815
5.044599771499634
5.023580312728882
4.82539963722229
4.7102952003479
5.306837797164917
5.378904104232788
5.348876476287842
5.4399590492248535
5.376902103424072
5.292824745178223
5.258794546127319
5.320850133895874
5.355883598327637
5.4659833908081055
5.332863092422485
5.413936614990234
5.577084302902222
5.432953834533691
5.4209418296813965
5.427950143814087
5.404927015304565
5.339869737625122
5.376902341842651
5.4259467124938965
5.492006301879883
5.461978435516357
5.343871831893921
5.420942068099976
5.241779088973999
5.295828819274902
5.554064512252808
5.335865020751953
5.37189793586731
5.469986438751221
5.377901792526245
5.447967052459717
5.393918991088867
5.374901294708252
5.60010552406311
5.426947832107544
5.400924205780029
5.449968576431274
5.447967052459717
5.360888242721558
5.42394495010376
5.371895790100098
5.43795919418335
5.369895696640015
5.313844919204712
5.455973386764526
5.669169187545776
5.3749003410339355
5.409932613372803
5.321847200393677
5.4579761028289795
5.421942234039307
5.506019592285156
5.4659833908081055
5.460977792739868
5.477994680404663
5.414936304092407
5.322852373123169
5.390915870666504
5.427949666976929
5.384909152984619
5.298831462860107
5.495009183883667
5.420942783355713
5.381907224655151
5.4789958000183105
5.368895053863525
5.466984510421753
5.435957193374634
5.371897459030151
5.289822340011597
5.369896650314331
5.410931825637817
5.420942306518555
5.428950071334839
5.3588855266571045
5.273809432983398
5.259793758392334
5.406930685043335
5.378904104232788
5.395920038223267
5.3969199657440186
5.599104404449463
5.488003253936768
5.271806716918945
5.4099321365356445
5.281815767288208
5.392916917800903
5.339868783950806
5.3809051513671875
5.416938543319702
5.367894411087036
5.367894887924194
5.37790322303772
5.4279491901397705
5.353881597518921
5.449966669082642
5.433954477310181
5.445964813232422
5.3548805713653564
5.470987558364868
5.395918607711792
5.430951356887817
5.448967456817627
5.4459638595581055
5.289823532104492
5.385911703109741
5.563071966171265
5.485000133514404
5.429950952529907
5.429949522018433
5.419941663742065
5.477993726730347
5.378904342651367
5.4259467124938965
5.3749001026153564
5.3688929080963135
5.311844110488892
5.3688952922821045
5.3498780727386475
5.381906032562256
5.518030166625977
5.496011018753052
5.326855421066284
5.426947593688965
5.452971696853638
5.557066202163696
5.464982509613037
5.341871738433838
5.4069294929504395
5.411933660507202
5.480997562408447
5.345873594284058
5.442962884902954
5.316847801208496
5.306838035583496
5.297830581665039
5.4559736251831055
5.430951118469238
5.329859256744385
5.41093373298645
5.374899387359619
5.3969199657440186
5.360886335372925
5.459977149963379
5.387911081314087
5.415938138961792
5.5020153522491455
5.256791591644287
5.4229443073272705
5.435956954956055
5.474991083145142
5.454972982406616
5.367895603179932
5.314846038818359
5.349877834320068
5.397921562194824
5.292825937271118
5.4099321365356445
5.4119343757629395
5.3909149169921875
5.471989631652832
5.361888408660889
5.279814958572388
5.451968669891357
5.331861257553101
5.3738977909088135
5.344873428344727
5.469986438751221
5.387912273406982
5.365891218185425
5.346874237060547
5.423943996429443
5.467984914779663
5.3879125118255615
5.374901294708252
5.414937496185303
5.383908748626709
5.4199395179748535
5.465982675552368
5.440959692001343
5.412935018539429
5.466984272003174
5.312844276428223
5.4149370193481445
5.368894815444946
5.385910987854004
5.368895053863525
5.442962169647217
5.3688952922821045
5.382907152175903
5.423943758010864
5.3939173221588135
5.383908271789551
5.425947427749634
5.473986625671387
5.440959930419922
5.493008852005005
5.443963527679443
5.404928207397461
5.367895126342773
5.424945831298828
5.362888813018799
5.430951833724976
5.370897531509399
6.084876537322998
5.570889234542847
