Timing log for each step:
0.007005929946899414
0.5414910316467285
0.606271505355835
0.5865321159362793
0.5605084896087646
0.5510308742523193
0.5470550060272217
0.5686254501342773
0.5535030364990234
0.5357835292816162
0.547919511795044
0.5469186305999756
0.5615091323852539
0.5484974384307861
0.5444929599761963
0.5885343551635742
0.556504487991333
0.5555033683776855
0.550499677658081
0.547006368637085
0.5450732707977295
0.5384809970855713
0.5475313663482666
0.550499439239502
0.5675148963928223
0.5454952716827393
0.5705184936523438
0.5434927940368652
0.5334835052490234
0.5895340442657471
0.7296643257141113
0.6485850811004639
0.5867290496826172
0.5953664779663086
0.7426724433898926
0.7093656063079834
0.723656415939331
0.6105537414550781
0.622565507888794
0.6215641498565674
0.6130459308624268
0.6836202144622803
0.6595966815948486
0.6275691986083984
0.61441969871521
0.5755219459533691
0.5535027980804443
0.7666957378387451
0.5865309238433838
0.6027727127075195
0.6165568828582764
0.5935380458831787
0.6065502166748047
0.6255669593811035
0.602545976638794
0.6265687942504883
0.5795259475708008
0.5605573654174805
0.5921730995178223
0.5615112781524658
0.5469663143157959
0.548497200012207
0.5795249938964844
0.6736106872558594
0.649590015411377
0.5947365760803223
0.5846447944641113
0.6435837745666504
0.5945396423339844
0.5915360450744629
0.5965409278869629
0.6145572662353516
0.6325736045837402
0.6045477390289307
0.6276772022247314
0.624133825302124
0.5845341682434082
0.6308097839355469
0.614558219909668
0.655595064163208
0.6395809650421143
0.632573127746582
0.6135571002960205
0.68161940574646
0.6051809787750244
0.6456844806671143
0.6045486927032471
0.7466788291931152
0.6736178398132324
0.6713447570800781
0.6646175384521484
0.5985434055328369
0.6425826549530029
0.5850279331207275
0.6115548610687256
0.6045489311218262
0.5915367603302002
0.6275689601898193
0.5825273990631104
0.5715179443359375
0.6215639114379883
0.5815632343292236
0.6060545444488525
0.5925381183624268
0.5855302810668945
0.6179788112640381
0.6115546226501465
0.66159987449646
0.5785248279571533
0.6155576705932617
0.5805261135101318
0.623565673828125
0.6155588626861572
0.6095528602600098
0.5935378074645996
0.6045467853546143
0.5735197067260742
0.56551194190979
0.5605087280273438
0.5846123695373535
0.5725197792053223
0.5808444023132324
0.5605084896087646
0.5705170631408691
0.5945403575897217
0.5484981536865234
0.5775241851806641
0.6045467853546143
0.6185610294342041
0.5814528465270996
0.5927727222442627
0.5885343551635742
0.5917239189147949
0.5515000820159912
0.5755214691162109
0.5765235424041748
0.6055490970611572
0.5895352363586426
0.560509443283081
0.5835299491882324
0.5916910171508789
0.57887864112854
0.6255667209625244
0.6357791423797607
0.619563102722168
0.6425848007202148
0.5605101585388184
0.5755221843719482
0.5995445251464844
0.5745229721069336
0.5810396671295166
0.5785262584686279
0.5880382061004639
0.5649909973144531
0.5795285701751709
0.5620503425598145
0.5803530216217041
0.5775237083435059
0.572519063949585
0.5955402851104736
0.5655128955841064
0.572519063949585
0.6305718421936035
0.5685162544250488
0.5535018444061279
0.5915360450744629
0.5948781967163086
0.5980777740478516
0.5664112567901611
0.5735733509063721
0.5769643783569336
0.5825331211090088
0.5885331630706787
0.583528995513916
0.5735194683074951
0.5695161819458008
0.5915367603302002
0.5625121593475342
0.562039852142334
0.5992295742034912
0.5755383968353271
0.612555980682373
0.5637428760528564
0.6211049556732178
0.5642435550689697
0.5635113716125488
0.5725202560424805
0.5785260200500488
0.5745205879211426
0.5795242786407471
0.6055505275726318
0.5765230655670166
0.5785245895385742
0.6115546226501465
0.5790348052978516
0.5768280029296875
0.581524133682251
0.5827994346618652
0.5655121803283691
0.5895354747772217
0.5635104179382324
0.5685157775878906
0.5745217800140381
0.5925378799438477
0.5645124912261963
0.5875327587127686
0.5895340442657471
0.5875339508056641
0.5770344734191895
0.5910768508911133
0.5827970504760742
0.5935380458831787
0.5755221843719482
0.5705177783966064
0.5865318775177002
0.5825281143188477
0.5715193748474121
0.5665154457092285
0.5585067272186279
0.5605084896087646
0.5735199451446533
0.5965492725372314
0.5685200691223145
0.5665137767791748
0.5865969657897949
0.5749728679656982
0.566514253616333
0.5695171356201172
0.5815279483795166
0.5685160160064697
0.5875322818756104
0.5895357131958008
0.5845310688018799
0.5998060703277588
0.5805723667144775
0.5815274715423584
0.5823090076446533
0.5763404369354248
0.5825276374816895
0.5835294723510742
0.6025469303131104
0.5845293998718262
0.5705170631408691
0.5835292339324951
0.5771069526672363
0.5765233039855957
0.5635123252868652
0.5825684070587158
0.5875327587127686
0.5596151351928711
0.6045482158660889
0.5875332355499268
0.5975415706634521
0.6115541458129883
0.5965397357940674
0.5735211372375488
0.5955400466918945
0.5667746067047119
0.5617930889129639
0.5855312347412109
0.5846230983734131
0.6203529834747314
0.6005442142486572
0.5635128021240234
0.6285693645477295
0.588533878326416
0.5775232315063477
0.6005449295043945
0.5875329971313477
0.5736522674560547
0.5590522289276123
0.5715186595916748
0.5686585903167725
0.5676052570343018
0.5965406894683838
0.5705175399780273
0.5755221843719482
0.569516658782959
0.5625104904174805
0.5995438098907471
0.609795331954956
0.5850472450256348
0.5480587482452393
0.5678451061248779
0.5585060119628906
0.5555038452148438
0.580528736114502
0.5565054416656494
0.5615091323852539
0.5865323543548584
0.5665140151977539
0.5635838508605957
0.5675125122070312
0.577603816986084
0.5663690567016602
0.5756440162658691
0.5689218044281006
0.5719718933105469
0.575944185256958
0.6946303844451904
0.6786150932312012
0.5995438098907471
0.6095526218414307
0.5945394039154053
0.5870866775512695
0.586531400680542
0.5860416889190674
0.6389968395233154
0.5842592716217041
0.6105968952178955
0.6008520126342773
0.5989594459533691
0.5795254707336426
0.5695159435272217
0.5875329971313477
0.6025466918945312
0.6205620765686035
0.6225645542144775
0.5875322818756104
0.6105549335479736
0.6095530986785889
0.6355757713317871
0.6062753200531006
0.609290599822998
0.605661153793335
0.6232905387878418
0.6205620765686035
0.5805263519287109
0.5645110607147217
0.6015453338623047
0.569516658782959
0.5765225887298584
0.5705173015594482
0.6022837162017822
0.5690736770629883
0.5794558525085449
0.5656790733337402
0.5720608234405518
0.5735187530517578
0.5865321159362793
0.5815279483795166
0.5875327587127686
0.5985422134399414
0.6485874652862549
0.5807251930236816
0.5898942947387695
0.57688307762146
0.5825803279876709
0.5605084896087646
0.5695195198059082
0.5755219459533691
0.5695154666900635
0.57552170753479
0.5975420475006104
0.588533878326416
0.5785243511199951
0.5695159435272217
0.5709269046783447
0.5635116100311279
0.5895383358001709
0.5664050579071045
0.5726156234741211
0.5605077743530273
0.5695164203643799
0.5765228271484375
0.5825273990631104
0.5925369262695312
0.5835292339324951
0.558682918548584
0.5910027027130127
0.5685174465179443
0.5896017551422119
0.560509204864502
0.607551097869873
0.6265678405761719
0.5835285186767578
0.588533878326416
0.5755224227905273
0.603548526763916
0.6016602516174316
0.5670275688171387
0.5690696239471436
0.5758225917816162
0.585982084274292
0.5655126571655273
0.5775249004364014
0.5765230655670166
0.5715179443359375
0.5815279483795166
0.6165573596954346
0.5585064888000488
0.58553147315979
0.5885343551635742
0.6236088275909424
0.5934195518493652
0.7788805961608887
0.6100006103515625
0.6612341403961182
0.5818519592285156
0.5645120143890381
0.6335732936859131
0.5945389270782471
0.5595076084136963
0.7516818046569824
0.6039474010467529
0.5685157775878906
0.6626005172729492
0.5647010803222656
0.7066962718963623
0.6245720386505127
0.6565947532653809
0.7206540107727051
0.6579556465148926
0.696631669998169
0.704643964767456
0.6802659034729004
0.5815269947052002
0.5845253467559814
0.7478501796722412
0.5929563045501709
0.5937979221343994
0.5819351673126221
0.5608692169189453
0.5810682773590088
0.556504487991333
0.5925374031066895
0.5514991283416748
0.5725193023681641
0.5655133724212646
0.5645115375518799
0.5705158710479736
0.5955400466918945
0.574526309967041
0.7208685874938965
0.5808353424072266
0.5923218727111816
0.6515915393829346
0.5805313587188721
0.5740036964416504
0.5965404510498047
0.5695159435272217
0.5635120868682861
0.5945360660552979
0.5685162544250488
0.6105537414550781
0.5790567398071289
0.5785253047943115
0.5930473804473877
0.5825395584106445
0.5855305194854736
0.5568773746490479
0.5707805156707764
0.6455860137939453
0.5786764621734619
0.5742981433868408
0.5751385688781738
0.5676372051239014
0.5585072040557861
0.5615091323852539
0.5795252323150635
0.5855305194854736
0.5965416431427002
0.5595071315765381
0.582528829574585
0.5742692947387695
0.5660660266876221
0.5895369052886963
0.6039450168609619
0.5785233974456787
0.5855312347412109
0.5825285911560059
0.5755214691162109
0.5705180168151855
0.5795247554779053
0.5635113716125488
0.5785253047943115
0.58553147315979
0.578028678894043
0.5768754482269287
0.5735197067260742
0.5976948738098145
0.5635128021240234
0.571519136428833
0.57051682472229
0.5635101795196533
0.5825278759002686
0.5575056076049805
0.5464963912963867
0.5615098476409912
0.5605087280273438
0.5715203285217285
0.5640230178833008
0.5675406455993652
0.5835294723510742
0.5710022449493408
0.5764310359954834
0.5715181827545166
0.574521541595459
0.5555050373077393
0.589533805847168
0.5745213031768799
0.5935378074645996
0.6045475006103516
0.5855309963226318
0.5875325202941895
0.5520205497741699
0.5861172676086426
0.5855312347412109
0.5570931434631348
0.5546534061431885
0.5695173740386963
0.574521541595459
0.558506965637207
0.5735201835632324
0.5745205879211426
0.5725195407867432
0.5895357131958008
0.5522830486297607
0.5830807685852051
0.5825285911560059
0.5785963535308838
0.574429988861084
0.5815279483795166
0.598534107208252
0.57051682472229
0.5715179443359375
0.5845296382904053
0.5745210647583008
0.5625109672546387
0.5474967956542969
0.5915367603302002
0.5745110511779785
0.5915369987487793
0.558976411819458
0.5590524673461914
0.582068920135498
0.6085522174835205
0.5715181827545166
0.5675144195556641
0.5655131340026855
0.588533878326416
0.5735206604003906
0.7126460075378418
0.6816177368164062
0.6816177368164062
0.5800380706787109
0.6091134548187256
0.6135563850402832
0.7185273170471191
0.7226572036743164
0.7196531295776367
0.7086427211761475
0.5955400466918945
0.5835275650024414
0.5943958759307861
0.7156867980957031
0.698312520980835
0.6740036010742188
0.5745210647583008
0.5715186595916748
0.6035468578338623
1.1120085716247559
0.6816179752349854
0.6986358165740967
0.5835294723510742
0.5625107288360596
0.5525004863739014
0.6761221885681152
0.7112452983856201
0.7418570518493652
0.5795257091522217
0.5935385227203369
0.6135575771331787
1.1390361785888672
0.7171635627746582
0.6986336708068848
0.6005449295043945
0.5845308303833008
0.6011312007904053
0.7166492938995361
0.6950588226318359
0.7176508903503418
0.6305723190307617
0.7764167785644531
0.582528829574585
0.5935397148132324
0.6001787185668945
0.731663703918457
0.18416714668273926
0.17315983772277832
0.6135571002960205
0.7144348621368408
0.7026381492614746
0.6916272640228271
0.5645112991333008
1.121016502380371
0.7056410312652588
0.6666052341461182
0.25574684143066406
0.6816229820251465
0.6939780712127686
0.6896939277648926
0.6976325511932373
0.6880090236663818
0.7471799850463867
0.7429461479187012
0.6999948024749756
0.684135913848877
0.7026379108428955
0.7066404819488525
0.7026376724243164
0.6906261444091797
0.24422240257263184
0.09008121490478516
0.08307671546936035
0.08007311820983887
0.08707952499389648
0.0840764045715332
0.08207845687866211
0.08207511901855469
0.084075927734375
0.08307600021362305
0.07998251914978027
0.089080810546875
0.08107542991638184
0.08207345008850098
0.08507800102233887
0.6255698204040527
0.5695168972015381
0.6085529327392578
0.6360995769500732
0.6035466194152832
0.5997974872589111
0.6105568408966064
0.6045517921447754
0.5813453197479248
0.5975427627563477
0.5965423583984375
0.592538595199585
0.6105525493621826
0.6196074485778809
0.5785257816314697
0.570518970489502
0.59053635597229
0.5865330696105957
0.5962176322937012
0.6152551174163818
0.5835847854614258
0.5923540592193604
0.5855309963226318
0.5775270462036133
0.5915393829345703
0.5851898193359375
0.5762088298797607
0.5771565437316895
0.5917441844940186
0.6581168174743652
0.5734884738922119
0.5835301876068115
0.5855317115783691
0.5805270671844482
0.5885341167449951
0.5825290679931641
0.5885350704193115
0.5655145645141602
0.596541166305542
0.5936830043792725
0.5766570568084717
0.5935389995574951
0.585817813873291
0.5825285911560059
0.5625107288360596
0.6756143569946289
0.6876215934753418
0.6095547676086426
0.6221306324005127
0.6816196441650391
0.5905542373657227
0.5655477046966553
0.6055548191070557
0.5685162544250488
0.5805282592773438
0.5965433120727539
0.5565052032470703
0.565514087677002
0.5825285911560059
0.6025485992431641
0.6085541248321533
0.6093404293060303
0.5772085189819336
0.5710210800170898
0.5809366703033447
0.5834367275238037
0.5805253982543945
0.5795254707336426
0.566514253616333
0.5815272331237793
0.5975406169891357
0.6145594120025635
0.5969388484954834
0.57895827293396
0.572519063949585
0.5748386383056641
0.6125566959381104
0.5855317115783691
0.6105549335479736
0.5815269947052002
0.5785255432128906
0.5785253047943115
0.5945403575897217
0.570789098739624
0.5720300674438477
0.5655136108398438
0.6022946834564209
0.6095912456512451
0.6339356899261475
0.5865325927734375
0.5685157775878906
0.60054612159729
0.5775139331817627
0.6035480499267578
0.619560956954956
0.588533878326416
0.6145579814910889
0.581528902053833
0.58553147315979
0.5726194381713867
0.5645129680633545
0.5887997150421143
0.6039988994598389
0.5810708999633789
0.5845301151275635
0.5715184211730957
0.5815281867980957
0.5975420475006104
0.5855326652526855
0.5995433330535889
0.5745220184326172
0.5865342617034912
0.5975430011749268
0.7416727542877197
0.6017658710479736
0.6583991050720215
0.5998985767364502
0.5988667011260986
0.6033527851104736
0.5981266498565674
0.6155588626861572
0.5855317115783691
0.6575963497161865
0.5985441207885742
0.6683623790740967
0.6090414524078369
0.5836813449859619
0.5885353088378906
0.5846121311187744
0.5705258846282959
0.6656036376953125
0.5835297107696533
0.6115555763244629
0.6095540523529053
0.6225664615631104
0.6155588626861572
0.5825285911560059
0.5835304260253906
0.6030569076538086
0.5890777111053467
0.5898926258087158
0.6095545291900635
0.6165599822998047
0.6946301460266113
0.668607234954834
0.6465873718261719
0.6325638294219971
0.650590181350708
0.6736111640930176
0.6595988273620605
0.639087438583374
0.5970416069030762
0.5965476036071777
0.5536079406738281
0.5819797515869141
0.5805273056030273
0.5995423793792725
0.5765230655670166
0.6005454063415527
0.5675146579742432
0.5925388336181641
0.5785253047943115
0.5755221843719482
0.5835299491882324
0.5985434055328369
0.5689682960510254
0.5795259475708008
0.5775268077850342
0.5877001285552979
0.5865323543548584
0.5635113716125488
0.5685153007507324
0.5585074424743652
0.5775227546691895
0.5755224227905273
0.6245663166046143
0.5655126571655273
0.5705170631408691
0.5740249156951904
0.5733330249786377
0.5845320224761963
0.5869195461273193
0.5715181827545166
0.5895347595214844
0.5675132274627686
0.5665097236633301
0.5575053691864014
0.5705180168151855
0.599130392074585
0.5785250663757324
0.6025474071502686
0.578577995300293
0.5835332870483398
0.5830481052398682
0.5675158500671387
0.5995442867279053
0.5675156116485596
0.5675151348114014
0.5765244960784912
0.5635113716125488
0.6095535755157471
0.5655138492584229
0.5935482978820801
0.5875339508056641
0.6098983287811279
0.596541166305542
0.5905365943908691
0.5695164203643799
0.5915379524230957
0.5775260925292969
0.6055502891540527
0.5805277824401855
0.6295716762542725
0.6030769348144531
0.6190803050994873
0.6205635070800781
0.6038880348205566
0.5884873867034912
0.5915393829345703
0.5665135383605957
0.5725181102752686
0.5975425243377686
0.6415817737579346
0.5985445976257324
0.6025476455688477
0.6265671253204346
0.6045489311218262
0.587533712387085
0.5660905838012695
0.5845310688018799
0.5589158535003662
0.5835366249084473
0.5655145645141602
0.5715188980102539
0.5785250663757324
0.5685164928436279
0.5875344276428223
0.602553129196167
0.6062130928039551
0.5872595310211182
0.5635111331939697
0.5605087280273438
0.5645127296447754
0.5855312347412109
0.5825283527374268
0.5825304985046387
0.5835297107696533
0.5915372371673584
0.604548454284668
0.5655279159545898
0.5600647926330566
0.6796162128448486
0.6638569831848145
0.6575968265533447
0.5748226642608643
0.5735197067260742
0.5895357131958008
0.5865342617034912
0.5725197792053223
0.5905365943908691
0.5575065612792969
0.5855317115783691
0.5683913230895996
0.5700223445892334
0.5927309989929199
0.5975437164306641
0.5978641510009766
0.5622262954711914
0.59053635597229
0.5895345211029053
0.5775253772735596
0.5965414047241211
0.5695183277130127
0.5915377140045166
0.5629868507385254
0.5810906887054443
0.57576584815979
0.5845308303833008
0.5676913261413574
0.5749754905700684
0.5648694038391113
0.5875334739685059
0.557506799697876
0.5885350704193115
0.5895352363586426
0.5635130405426025
0.5675158500671387
0.5815291404724121
0.6475882530212402
0.5820503234863281
0.5765299797058105
0.5865323543548584
0.6007609367370605
0.5789763927459717
0.5828893184661865
0.5730645656585693
0.6098463535308838
0.5989053249359131
0.5602428913116455
0.5845305919647217
0.574521541595459
0.598543643951416
0.5645132064819336
0.5715193748474121
0.5715198516845703
0.5828242301940918
0.5932202339172363
0.5695219039916992
0.6015465259552002
0.5730068683624268
0.5690388679504395
0.5575058460235596
0.5775246620178223
0.5905356407165527
0.5805284976959229
0.5875349044799805
0.5625100135803223
0.5948357582092285
0.5858492851257324
0.5590245723724365
0.5935440063476562
0.5906853675842285
0.5905365943908691
0.633575439453125
0.6035480499267578
0.6395800113677979
0.5565052032470703
0.5855312347412109
0.5505008697509766
0.5675153732299805
0.5535027980804443
0.5775232315063477
0.5753493309020996
0.5740706920623779
0.5899088382720947
0.5955400466918945
0.5805270671844482
0.5705187320709229
0.5745229721069336
0.5875341892242432
0.5855321884155273
0.5639958381652832
0.5656561851501465
0.5774626731872559
0.5839743614196777
0.5640277862548828
0.5935397148132324
0.6185612678527832
0.6005458831787109
0.588533878326416
0.632575511932373
0.6135573387145996
0.5795252323150635
0.5745210647583008
0.59053635597229
0.5975425243377686
0.5660927295684814
0.5595076084136963
0.5825338363647461
0.5995349884033203
0.5845308303833008
0.5765180587768555
0.5725204944610596
0.5675163269042969
0.5845310688018799
0.588533878326416
0.5985443592071533
0.575524091720581
0.5816218852996826
0.5809798240661621
0.602048397064209
0.5885334014892578
0.5935375690460205
0.5895357131958008
0.6265609264373779
0.5855271816253662
0.6225650310516357
0.5815277099609375
0.5805270671844482
0.6165592670440674
0.6636018753051758
0.5660264492034912
0.6161134243011475
0.5993978977203369
0.5929834842681885
0.574495792388916
0.5745210647583008
0.5685138702392578
0.587533712387085
0.5725200176239014
0.6045479774475098
0.6145577430725098
0.5905370712280273
0.5721416473388672
0.5930726528167725
0.5725209712982178
0.5995476245880127
0.5801217555999756
0.5859394073486328
0.5899660587310791
0.6119160652160645
0.577974796295166
0.5789773464202881
0.5889852046966553
0.5642147064208984
0.5868542194366455
0.5679597854614258
0.5779502391815186
0.5708720684051514
0.5760743618011475
0.5715193748474121
0.5975422859191895
0.578526496887207
0.6065516471862793
0.6355769634246826
0.58553147315979
0.5975425243377686
0.5915367603302002
0.5745203495025635
0.5895364284515381
0.5965666770935059
0.5925383567810059
0.6659848690032959
0.584646463394165
0.5999882221221924
0.5905356407165527
0.5965418815612793
0.5725195407867432
0.5815286636352539
0.5845308303833008
0.5815286636352539
0.58052659034729
0.5875334739685059
0.5816717147827148
0.6070883274078369
0.5885403156280518
0.591559886932373
0.5965409278869629
0.5885341167449951
0.6265690326690674
0.591536283493042
0.6095528602600098
0.5765235424041748
0.6055502891540527
0.6055493354797363
0.6202025413513184
0.6220767498016357
0.5855319499969482
0.5835347175598145
0.5783853530883789
0.5985386371612549
0.5825300216674805
0.5895352363586426
0.5855317115783691
0.5915374755859375
0.6045494079589844
0.5845320224761963
0.5955407619476318
0.5835311412811279
0.6135563850402832
0.5885977745056152
0.5838890075683594
0.5755228996276855
0.6055500507354736
0.5815277099609375
0.5825300216674805
0.6515905857086182
0.5815296173095703
0.6115550994873047
0.5705161094665527
0.5820934772491455
0.5740292072296143
0.59303879737854
0.5783660411834717
0.6018238067626953
0.5945403575897217
0.6115553379058838
0.612555980682373
0.5805282592773438
0.5805275440216064
0.581528902053833
0.5625109672546387
0.5815274715423584
0.5846290588378906
0.5790548324584961
0.5955455303192139
0.5898258686065674
0.5945401191711426
0.5915381908416748
0.5945405960083008
0.5855321884155273
0.606550931930542
0.5785245895385742
0.5695171356201172
0.5875339508056641
0.6065511703491211
0.5835309028625488
0.5791008472442627
0.5700201988220215
0.6125552654266357
0.5725212097167969
0.5875322818756104
0.5915374755859375
0.6175596714019775
0.5665137767791748
0.597541332244873
0.5805208683013916
0.5735135078430176
0.615769624710083
0.5775246620178223
0.5938503742218018
0.6035478115081787
0.5875346660614014
0.6015462875366211
0.5805273056030273
0.5845315456390381
0.5635116100311279
0.5785262584686279
0.5995447635650635
0.596541166305542
0.6095545291900635
0.5810420513153076
0.5768232345581055
0.5721328258514404
0.5925383567810059
0.5925378799438477
0.598543643951416
0.6599464416503906
0.5875341892242432
0.5745217800140381
0.606083869934082
0.5986857414245605
0.5955402851104736
0.5769898891448975
0.618443489074707
0.578956127166748
0.5939042568206787
0.5655138492584229
0.6275694370269775
0.6085526943206787
0.5835309028625488
0.5845305919647217
0.5665163993835449
0.563511848449707
0.5765242576599121
0.5785255432128906
0.5810329914093018
0.5818538665771484
0.6085536479949951
0.5827076435089111
0.5708413124084473
0.5851216316223145
0.5891668796539307
0.5645134449005127
0.5825297832489014
0.5735199451446533
0.5875332355499268
0.5925393104553223
0.5965423583984375
0.5775256156921387
0.578526496887207
0.5785257816314697
0.5755226612091064
0.5956261157989502
0.6035487651824951
0.5908157825469971
0.6326878070831299
0.5635116100311279
0.571519136428833
0.5765237808227539
0.59554123878479
0.5915381908416748
0.5805280208587646
0.6055507659912109
0.700636625289917
0.6135578155517578
0.5905373096466064
0.5828347206115723
0.5981042385101318
0.5625166893005371
0.5882394313812256
0.5925381183624268
0.5615091323852539
0.5735223293304443
0.5805270671844482
0.5484981536865234
0.5473654270172119
0.5531127452850342
0.549879789352417
0.5373055934906006
0.5404908657073975
0.5665152072906494
0.5555047988891602
0.5364880561828613
0.5434935092926025
0.5494987964630127
0.5765230655670166
0.5567595958709717
0.5640332698822021
0.5385153293609619
0.5344858169555664
0.5374867916107178
0.5615098476409912
0.5304820537567139
0.5605096817016602
0.5815284252166748
0.551501989364624
0.5394899845123291
0.5596086978912354
0.5360608100891113
0.5665297508239746
0.55147385597229
0.5739176273345947
0.5567920207977295
0.560906171798706
0.5518560409545898
0.558506965637207
0.5565052032470703
0.5785262584686279
0.5605084896087646
0.5705182552337646
0.5494985580444336
0.5565052032470703
0.5470139980316162
0.5474214553833008
0.5530471801757812
0.5849874019622803
0.5468878746032715
0.5595080852508545
0.5785255432128906
0.5785260200500488
0.5454957485198975
0.5525026321411133
0.5585074424743652
0.5585064888000488
0.5500476360321045
0.5651388168334961
0.5490641593933105
0.5495281219482422
0.5653910636901855
0.5709056854248047
0.5835301876068115
0.5494992733001709
0.5374886989593506
0.5665149688720703
0.5474960803985596
0.5555038452148438
0.5474967956542969
0.5512371063232422
0.5680038928985596
0.5443928241729736
0.5509567260742188
0.5819070339202881
0.542992115020752
0.5438981056213379
0.5484981536865234
0.5454962253570557
0.552501916885376
0.543494462966919
0.5424928665161133
0.5685164928436279
0.5394902229309082
0.5390324592590332
0.5560603141784668
0.5730822086334229
0.5925502777099609
0.5439169406890869
0.558868408203125
0.5468943119049072
0.5588858127593994
0.5645122528076172
0.5434930324554443
0.5595083236694336
0.5665147304534912
0.5525014400482178
0.5805277824401855
0.5456943511962891
0.5611357688903809
0.5374941825866699
0.5676901340484619
0.549968957901001
0.55450439453125
0.5374884605407715
0.547497034072876
0.5535037517547607
0.5434932708740234
0.5595180988311768
0.5404908657073975
0.5537819862365723
0.5517265796661377
0.5555028915405273
0.5335195064544678
0.5633842945098877
0.5505001544952393
0.5745220184326172
0.5635123252868652
0.5555050373077393
0.5545039176940918
0.5505001544952393
0.5380163192749023
0.5550038814544678
0.5349462032318115
0.5495233535766602
0.5505497455596924
0.538489580154419
0.5374877452850342
0.5454955101013184
0.5875346660614014
0.5454957485198975
0.5394902229309082
0.5480124950408936
0.5400466918945312
0.5670731067657471
0.5455381870269775
0.5477018356323242
0.5819768905639648
0.5569112300872803
0.5420987606048584
0.5639359951019287
0.5389118194580078
0.5648655891418457
0.560509443283081
0.5605096817016602
0.5464966297149658
0.5434937477111816
0.5344853401184082
0.5364868640899658
0.5394909381866455
0.553295373916626
0.5690479278564453
0.5515084266662598
0.5457737445831299
0.5474975109100342
0.5555050373077393
0.561509370803833
0.5915367603302002
0.5454955101013184
0.5535032749176025
0.5719027519226074
0.5380141735076904
0.5545992851257324
0.5545041561126709
0.5457432270050049
0.5618240833282471
0.5313296318054199
0.5354859828948975
0.5454955101013184
0.5555050373077393
0.5444941520690918
0.5565049648284912
0.5685160160064697
0.5460047721862793
0.5490424633026123
0.5705883502960205
0.5575060844421387
0.548842191696167
0.5589501857757568
0.5490326881408691
0.5384881496429443
0.5454957485198975
0.5444941520690918
0.5374882221221924
0.5284802913665771
0.5805270671844482
0.5775249004364014
0.5489964485168457
0.5405685901641846
0.6335818767547607
0.5425279140472412
0.5480051040649414
0.5558536052703857
0.5633900165557861
0.5444953441619873
0.5985434055328369
0.5414896011352539
0.5735206604003906
0.5515005588531494
0.5795266628265381
0.56205153465271
0.5700521469116211
0.5349118709564209
0.5625205039978027
0.5319161415100098
0.5675163269042969
0.579526424407959
0.5715198516845703
0.5595085620880127
0.561509370803833
0.5494983196258545
0.5404911041259766
0.5388500690460205
0.5377869606018066
0.5520436763763428
0.5355932712554932
0.553992509841919
0.5399675369262695
0.596991777420044
0.6095550060272217
0.5444953441619873
0.5735208988189697
0.5434932708740234
0.5535027980804443
0.5595083236694336
0.5615074634552002
0.5657899379730225
0.5448877811431885
0.5840611457824707
0.5635130405426025
0.5545539855957031
0.545494556427002
0.5334844589233398
0.5555040836334229
0.5595083236694336
0.557506799697876
0.5655126571655273
0.5505003929138184
0.5620362758636475
0.5531024932861328
0.5775237083435059
0.5416371822357178
0.5698962211608887
0.5371217727661133
0.5409915447235107
0.5578861236572266
0.5620074272155762
0.5378885269165039
0.5619993209838867
0.5629737377166748
0.582960844039917
0.5588970184326172
0.5570640563964844
0.5629584789276123
0.5512247085571289
0.5575072765350342
0.5414927005767822
0.5555047988891602
0.5555033683776855
0.5454952716827393
0.5354864597320557
0.5435922145843506
0.5387530326843262
0.5444307327270508
0.5474977493286133
0.5447254180908203
0.5569107532501221
0.561924934387207
0.5539166927337646
0.5519528388977051
0.5469658374786377
0.5449366569519043
0.5539722442626953
0.5348913669586182
0.5500636100769043
0.5469708442687988
0.554008960723877
0.5509686470031738
0.5608956813812256
0.543997049331665
0.5394904613494873
0.543494462966919
0.5414917469024658
0.571519136428833
0.6025469303131104
0.5605089664459229
0.5384886264801025
0.5549793243408203
0.5570414066314697
0.5395486354827881
0.5404915809631348
0.5668735504150391
0.5364868640899658
0.5555047988891602
0.5404906272888184
0.5575060844421387
0.5394909381866455
0.5344851016998291
0.5645124912261963
0.5665137767791748
0.5675742626190186
0.5473029613494873
0.5543746948242188
0.5664255619049072
0.5580494403839111
0.535487174987793
0.5364871025085449
0.5835299491882324
0.5515010356903076
0.5444948673248291
0.5464966297149658
0.5535023212432861
0.5441830158233643
0.5498096942901611
0.5454952716827393
0.5846107006072998
0.5342717170715332
0.5525016784667969
0.5595076084136963
0.5535032749176025
0.5515003204345703
0.5464956760406494
0.5494978427886963
0.555504560470581
0.5453059673309326
0.5588178634643555
0.558506965637207
0.5595483779907227
0.5459365844726562
0.5619330406188965
0.5523202419281006
0.5595073699951172
0.5424931049346924
0.5605087280273438
0.5615100860595703
0.54949951171875
0.5625104904174805
0.5474963188171387
0.5485854148864746
0.5457444190979004
0.5631790161132812
0.5695240497589111
0.5575263500213623
0.564511775970459
0.5565061569213867
0.5394904613494873
0.555504560470581
0.5575082302093506
0.5494985580444336
0.5610532760620117
0.579456090927124
0.5580265522003174
0.5505006313323975
0.5977392196655273
0.6260073184967041
0.573521614074707
0.5815291404724121
0.5875341892242432
0.6105542182922363
0.5945398807525635
0.5630514621734619
0.5417559146881104
0.5478458404541016
0.5625946521759033
0.5757532119750977
0.5735208988189697
0.5565047264099121
0.581528902053833
0.5535035133361816
0.5565054416656494
0.5525028705596924
0.562511682510376
0.5487401485443115
0.5400004386901855
0.5500426292419434
0.5484979152679443
0.5435731410980225
0.5605082511901855
0.5414915084838867
0.5414924621582031
0.5855309963226318
0.5444955825805664
0.5464959144592285
0.5715188980102539
0.5498926639556885
0.5517842769622803
0.5410556793212891
0.5505013465881348
0.5755233764648438
0.5525021553039551
0.5324835777282715
0.538489818572998
0.5725200176239014
0.5434935092926025
0.5515000820159912
0.5474972724914551
0.5575518608093262
0.5489387512207031
0.5420234203338623
0.5685310363769531
0.5584967136383057
0.5533034801483154
0.546497106552124
0.5545034408569336
0.5484981536865234
0.5424931049346924
0.5555047988891602
0.5480039119720459
0.5490527153015137
0.5478572845458984
0.5437815189361572
0.5500061511993408
0.5625119209289551
0.5525007247924805
0.5404911041259766
0.5565052032470703
0.5494992733001709
0.5595078468322754
0.5380396842956543
0.5547895431518555
0.6050913333892822
0.5495080947875977
0.5744104385375977
0.5595245361328125
0.5505003929138184
0.5845305919647217
0.5354864597320557
0.54449462890625
0.5555040836334229
0.6347675323486328
0.5580177307128906
0.5640480518341064
0.543510913848877
0.5425186157226562
0.545494556427002
0.5555057525634766
0.5575065612792969
0.5695171356201172
0.5484991073608398
0.5655138492584229
0.5705931186676025
0.5348215103149414
0.5530283451080322
0.5434935092926025
0.5503177642822266
0.5515007972717285
0.5645124912261963
0.5625102519989014
0.5735206604003906
0.5545048713684082
0.5665144920349121
0.5525031089782715
0.5608208179473877
0.5369992256164551
0.5480377674102783
0.5555047988891602
0.5456557273864746
0.54449462890625
0.548497200012207
0.5464949607849121
0.5525014400482178
0.558506965637207
0.5595085620880127
0.5474967956542969
0.5569884777069092
0.6160156726837158
0.5705227851867676
0.5554265975952148
0.5864410400390625
0.5525016784667969
0.5424928665161133
0.5504992008209229
0.5394892692565918
0.5675153732299805
0.5490496158599854
0.5480308532714844
0.5628373622894287
0.5434963703155518
0.5659561157226562
0.5364871025085449
0.5555047988891602
0.5615098476409912
0.5414924621582031
0.553504228591919
0.5545036792755127
0.5799589157104492
0.5651721954345703
0.5734829902648926
0.5429701805114746
0.566514253616333
0.5615096092224121
0.5474979877471924
0.5575060844421387
0.5464956760406494
0.5384886264801025
0.5400052070617676
0.5462088584899902
0.5499022006988525
0.5595226287841797
0.5466136932373047
0.5434932708740234
0.5545036792755127
0.5745220184326172
0.555964469909668
0.5605037212371826
0.5464975833892822
0.5975422859191895
0.588533878326416
0.5494980812072754
0.5414927005767822
0.5634336471557617
0.5404911041259766
0.5406553745269775
0.550830602645874
0.5639207363128662
0.5354869365692139
0.557506799697876
0.5855317115783691
0.5424923896789551
0.5434939861297607
0.5575060844421387
0.5504999160766602
0.5585794448852539
0.5635213851928711
0.5735211372375488
0.5466187000274658
0.5409226417541504
0.5675153732299805
0.5364878177642822
0.5505015850067139
0.5675156116485596
0.5394899845123291
0.563511848449707
0.5675151348114014
0.571052074432373
0.5590615272521973
0.5479297637939453
0.5605089664459229
0.5517172813415527
0.5449466705322266
0.5499711036682129
0.5575065612792969
0.5515007972717285
0.5605084896087646
0.5915377140045166
0.5685157775878906
0.5515012741088867
0.5464963912963867
0.5368099212646484
0.5408141613006592
0.5609474182128906
0.557528018951416
0.5373983383178711
0.5444943904876709
0.5414917469024658
0.5374879837036133
0.5474979877471924
0.606550931930542
0.5585072040557861
0.5965409278869629
0.5499310493469238
0.5566768646240234
0.5555050373077393
0.5375316143035889
0.5519702434539795
0.5359838008880615
0.5553195476531982
0.5344860553741455
0.5444941520690918
0.536487340927124
0.5464949607849121
0.5525021553039551
0.5474977493286133
0.5414919853210449
0.5575706958770752
0.5458548069000244
0.5572888851165771
0.542971134185791
0.5525016784667969
0.5645129680633545
0.5374889373779297
0.5605108737945557
0.5625107288360596
0.5324838161468506
0.5645129680633545
0.5565054416656494
0.5423300266265869
0.5510292053222656
0.5750346183776855
0.5737831592559814
0.5625100135803223
0.5525021553039551
0.5424926280975342
0.5525012016296387
0.5695168972015381
0.5595088005065918
0.5545032024383545
0.5562899112701416
0.5507903099060059
0.5364878177642822
0.556800365447998
0.577949047088623
0.5845315456390381
0.5595073699951172
0.5344853401184082
0.538489580154419
0.5725200176239014
0.577523946762085
0.5354857444763184
0.5588672161102295
0.5648856163024902
0.5431602001190186
0.555504322052002
0.5346074104309082
0.5374879837036133
0.5615096092224121
0.5454952716827393
0.5565056800842285
0.557506799697876
0.5404903888702393
0.5464966297149658
0.5479986667633057
0.5511157512664795
0.5407013893127441
0.5545027256011963
0.5504999160766602
0.5394895076751709
0.5585072040557861
0.5344855785369873
0.5565059185028076
0.5515012741088867
0.5760571956634521
0.5460457801818848
0.5619685649871826
0.5495331287384033
0.5563287734985352
0.5404906272888184
0.551501989364624
0.550499677658081
0.5454971790313721
0.5454959869384766
0.54449462890625
0.5585072040557861
0.5628275871276855
0.5532271862030029
0.5384993553161621
0.555565357208252
0.5765228271484375
0.5645134449005127
0.55450439453125
0.5585074424743652
0.5725207328796387
0.5835297107696533
0.5494987964630127
0.5404284000396729
0.5484976768493652
0.5499536991119385
0.5434966087341309
0.5409958362579346
0.5545036792755127
0.5515007972717285
0.555504560470581
0.5384893417358398
0.5855321884155273
0.5464959144592285
0.5585074424743652
0.577085018157959
0.5470798015594482
0.5450854301452637
0.5675160884857178
0.5846071243286133
0.5409252643585205
0.5589592456817627
0.5474967956542969
0.5565061569213867
0.5484983921051025
0.5444955825805664
0.5725212097167969
0.550499439239502
0.5520529747009277
0.5544214248657227
0.5385453701019287
0.5379593372344971
0.5358803272247314
0.5600171089172363
0.5557980537414551
0.5699024200439453
0.5464959144592285
0.5635113716125488
0.5504989624023438
0.5334837436676025
0.5575063228607178
0.5464966297149658
0.5484983921051025
0.5520420074462891
0.5450315475463867
0.5923299789428711
0.5640318393707275
0.5490047931671143
0.5398819446563721
0.5444948673248291
0.5364868640899658
0.5675158500671387
0.55950927734375
0.5575065612792969
0.5535018444061279
0.560509443283081
0.5611021518707275
0.5533273220062256
0.5470404624938965
0.5625290870666504
0.5673573017120361
0.541877269744873
0.5373828411102295
0.5665152072906494
0.5695180892944336
0.5434939861297607
0.5434935092926025
0.5645127296447754
0.5505013465881348
0.5697348117828369
0.5480165481567383
0.5464951992034912
0.5427978038787842
0.5529172420501709
0.5409162044525146
0.5579018592834473
0.5595080852508545
0.5595083236694336
0.550499439239502
0.5575056076049805
0.574521541595459
0.5404913425445557
0.5424909591674805
0.580498456954956
0.5384891033172607
0.6002390384674072
0.6165604591369629
0.5489346981048584
0.5480403900146484
0.5569953918457031
0.5475022792816162
0.5665144920349121
0.5685164928436279
0.5484981536865234
0.5565061569213867
0.5645124912261963
0.5444934368133545
0.561053991317749
0.544121503829956
0.5535156726837158
0.53948974609375
0.550675630569458
0.5479655265808105
0.5344858169555664
0.5364866256713867
0.5755231380462646
0.5404901504516602
0.543494701385498
0.5625097751617432
0.5374860763549805
0.5440797805786133
0.5418477058410645
0.5373144149780273
0.5740277767181396
0.5404012203216553
0.5505006313323975
0.5464963912963867
0.5745217800140381
0.5525023937225342
0.5525035858154297
0.5575063228607178
0.5420126914978027
0.5642251968383789
0.5405023097991943
0.5585076808929443
0.5611441135406494
0.5545034408569336
0.5705187320709229
0.5404915809631348
0.5575072765350342
0.5565071105957031
0.5540401935577393
0.5468142032623291
0.5553445816040039
0.5525119304656982
0.564511775970459
0.5486929416656494
0.5484981536865234
0.5555055141448975
0.5484981536865234
0.5364878177642822
0.5505011081695557
0.536487340927124
0.5445890426635742
0.5517728328704834
0.5515012741088867
0.5607326030731201
0.5494072437286377
0.5595078468322754
0.5454962253570557
