Timing log for each step:
0.011008739471435547
5.971283435821533
5.930120468139648
5.811678647994995
5.870921850204468
5.898528575897217
5.850314140319824
5.872797727584839
5.890836477279663
5.954095125198364
5.8392744064331055
5.672825574874878
5.780330657958984
5.928371429443359
5.926357269287109
5.7766499519348145
5.764262437820435
5.904626131057739
5.837332725524902
5.825620889663696
5.9412970542907715
5.982271909713745
6.023587942123413
5.903193473815918
5.8594653606414795
5.9362781047821045
6.014525413513184
6.006566524505615
6.041096448898315
6.1161744594573975
6.154812574386597
5.945265769958496
5.968321084976196
5.992600440979004
6.010667085647583
5.954086542129517
5.915039300918579
5.96282696723938
6.017318964004517
5.914808034896851
5.949023485183716
5.963301181793213
5.816999435424805
5.782444477081299
5.76781702041626
5.876478433609009
5.89830207824707
5.94269585609436
6.048207998275757
5.905797958374023
5.910517454147339
5.935267210006714
5.992101430892944
5.910775184631348
5.976610422134399
5.973158121109009
5.949122190475464
5.984282970428467
6.04124116897583
5.942313194274902
6.099542856216431
6.166524648666382
5.96337103843689
5.973428964614868
5.9585936069488525
5.972528696060181
5.98526406288147
5.959043502807617
5.999268054962158
5.9982404708862305
5.976387023925781
5.957473993301392
5.956987142562866
5.998386383056641
5.947507858276367
5.953008651733398
6.321289300918579
5.91485071182251
5.924145221710205
5.994988203048706
5.895026445388794
5.942745923995972
5.954272985458374
5.942454814910889
5.963174819946289
6.1496827602386475
6.044959545135498
6.086411952972412
5.990118741989136
6.071374893188477
5.957520484924316
5.930978536605835
6.02131724357605
6.06890082359314
5.975476980209351
5.9740118980407715
5.881336212158203
5.997171878814697
5.971081256866455
6.0843846797943115
6.033302307128906
6.196031808853149
6.057262420654297
5.914745330810547
5.9760987758636475
5.793326139450073
5.957806348800659
5.961319446563721
5.953411340713501
5.99809193611145
5.940795660018921
6.0649192333221436
6.431164503097534
6.417357444763184
6.432039976119995
6.835949182510376
6.701925039291382
6.656092882156372
6.562071323394775
6.865635871887207
6.972532749176025
6.562041997909546
6.0396130084991455
6.055182695388794
5.954364776611328
7.59870457649231
6.566889047622681
6.051644563674927
5.966814756393433
5.555547714233398
5.964202880859375
6.795774459838867
5.507007360458374
5.491993427276611
5.50800633430481
5.5910844802856445
5.531029224395752
5.549044847488403
5.557053089141846
5.481984376907349
5.511011838912964
5.438945770263672
5.449955463409424
5.515013933181763
5.541038751602173
5.529027223587036
5.477980136871338
5.4409472942352295
5.469972133636475
5.513012409210205
5.506235599517822
5.51235294342041
5.466422080993652
5.541037559509277
5.533030033111572
5.5900819301605225
5.384896755218506
5.495996713638306
5.503003120422363
5.461965560913086
5.444950342178345
5.398908853530884
5.488990545272827
5.440946817398071
5.505005121231079
5.513010740280151
5.435941696166992
5.463968276977539
5.734205722808838
5.617035865783691
5.462965965270996
5.554049253463745
5.436943292617798
5.484987020492554
5.508008241653442
5.495187997817993
5.456500768661499
5.4599645137786865
5.572065591812134
5.600091934204102
5.433940649032593
5.553049087524414
5.4439496994018555
5.4499547481536865
5.497998476028442
5.480983257293701
5.487989664077759
5.509008407592773
5.471975326538086
5.445952415466309
5.47997784614563
5.489991903305054
5.407916307449341
5.424933671951294
5.455960750579834
5.474977731704712
5.5170159339904785
5.496714353561401
5.438943862915039
5.484987020492554
5.477981090545654
5.462967872619629
5.431938648223877
5.434942007064819
5.434942007064819
5.487989902496338
5.4469523429870605
5.45996356010437
5.48498797416687
5.435942888259888
5.524022340774536
5.4828290939331055
5.4859888553619385
5.4549596309661865
5.4819841384887695
5.522020578384399
5.446387052536011
5.411920547485352
5.478981971740723
5.3658788204193115
5.381892919540405
5.415925979614258
5.474977731704712
5.409919023513794
5.427934885025024
5.434942245483398
5.418926239013672
5.500000715255737
5.459541082382202
5.539840459823608
5.414924144744873
5.500000238418579
5.47297739982605
5.459965467453003
5.457961797714233
5.510010004043579
5.740511178970337
6.129078149795532
5.96104097366333
5.892944574356079
5.944342136383057
6.000711917877197
5.91268515586853
5.797964572906494
6.01026463508606
5.896934747695923
5.9392759799957275
5.950844764709473
5.930602788925171
5.866105794906616
5.841071128845215
5.714297533035278
5.804696559906006
5.880400657653809
5.959089756011963
5.9279091358184814
5.984779357910156
5.993505239486694
5.896232604980469
5.932065725326538
6.013047456741333
5.898329496383667
5.9179112911224365
5.987728595733643
5.895887851715088
5.9587743282318115
5.968629598617554
5.94515323638916
6.073292255401611
5.867471933364868
5.801705360412598
5.902842283248901
5.966556072235107
5.9291298389434814
5.947574853897095
6.009721040725708
5.891348838806152
5.925663709640503
5.9479992389678955
5.968606472015381
5.976463556289673
5.9001874923706055
5.899820566177368
5.980075836181641
5.900674819946289
5.933853387832642
6.055603504180908
5.897159576416016
5.847344160079956
5.955407381057739
5.889997482299805
5.942275047302246
5.989768981933594
5.911692142486572
5.945464611053467
5.826767444610596
5.970155715942383
5.8327109813690186
5.81554913520813
5.862207889556885
5.920284748077393
5.960446357727051
5.894305467605591
5.8621625900268555
5.942657947540283
5.983358383178711
5.9071946144104
6.002298831939697
6.021439075469971
5.85479474067688
6.009461164474487
5.788937091827393
5.84517502784729
5.868012428283691
5.795995712280273
5.853838682174683
5.83301305770874
5.863317489624023
5.945893287658691
5.920705795288086
5.866338729858398
5.894149541854858
5.943267107009888
6.007913827896118
6.0228869915008545
6.5320916175842285
6.687079906463623
5.834304571151733
5.639126777648926
5.471976041793823
5.45596170425415
5.443950176239014
5.422930717468262
5.438945055007935
5.496996641159058
5.479982376098633
5.501002073287964
5.460965633392334
5.54504132270813
5.384895324707031
5.507007360458374
5.482985258102417
5.5240232944488525
5.484986305236816
5.504004240036011
5.446953773498535
5.477980852127075
5.410919904708862
5.44895339012146
5.481984853744507
5.484659194946289
5.425933599472046
5.442949533462524
5.479982852935791
5.455960512161255
5.4909937381744385
5.44194769859314
5.443950176239014
5.422930717468262
5.4129204750061035
5.442948579788208
5.467972755432129
5.468973159790039
5.4089179039001465
5.482985258102417
5.430938482284546
5.3929033279418945
5.495962142944336
5.490992784500122
5.415924787521362
5.372884750366211
5.286807298660278
5.525022506713867
5.428934812545776
5.322839021682739
5.39790678024292
5.419928073883057
5.5090086460113525
5.42893648147583
5.575068235397339
5.431938648223877
5.480983018875122
5.418926954269409
5.322838306427002
5.396907329559326
5.419928550720215
5.438946008682251
5.510008335113525
5.464968919754028
5.464967966079712
5.4629669189453125
5.894089221954346
5.876965761184692
5.935135841369629
5.886219263076782
6.2326178550720215
6.042156457901001
6.194345235824585
6.146677255630493
5.9121010303497314
5.895588159561157
5.8973472118377686
5.861275672912598
5.8782007694244385
5.9148337841033936
5.9587156772613525
6.034693241119385
5.890882253646851
5.824463129043579
6.008913278579712
5.965896368026733
5.93147087097168
5.9204442501068115
6.053145170211792
5.935112476348877
5.9145894050598145
6.041498184204102
5.9154040813446045
5.779952526092529
5.623198747634888
5.953068971633911
5.923438310623169
5.970206022262573
5.916689395904541
5.9331231117248535
5.752484083175659
5.815589189529419
5.893173933029175
5.878315448760986
5.719353675842285
5.8586955070495605
5.8323211669921875
5.8832690715789795
5.79411244392395
5.931816339492798
5.841829538345337
6.4470133781433105
5.875920057296753
5.883556365966797
5.912575721740723
5.791889905929565
5.848957061767578
5.854700088500977
5.835000038146973
5.732150077819824
5.833709716796875
5.799962043762207
5.900009870529175
5.979241609573364
5.946481227874756
5.851730823516846
5.926527500152588
5.927914142608643
5.944689035415649
5.975318908691406
5.835334062576294
5.839115142822266
5.833336353302002
5.863726615905762
5.823472738265991
5.777610778808594
5.8646321296691895
5.819720029830933
5.9293694496154785
5.905507326126099
5.857418775558472
5.903628587722778
5.973587274551392
6.182055234909058
6.186670780181885
5.978225231170654
5.828890562057495
5.8842854499816895
5.845355033874512
5.856175899505615
5.985591888427734
5.8151795864105225
5.910452127456665
5.838973045349121
5.836230993270874
5.856281995773315
5.7718186378479
5.836779356002808
5.858152389526367
5.920869588851929
5.8835930824279785
5.9439377784729
5.856789588928223
5.916909217834473
5.964993715286255
5.908004999160767
6.454463958740234
6.250680685043335
6.2717125415802
6.125635385513306
5.9058990478515625
5.85166072845459
5.884057283401489
5.883484601974487
5.896218776702881
5.91289496421814
5.84917426109314
5.9021384716033936
5.8516857624053955
5.857412815093994
5.849973678588867
5.882634401321411
5.872962951660156
5.804868936538696
5.932016611099243
5.888852834701538
5.824065685272217
5.889729261398315
5.861196756362915
5.827369689941406
5.919412612915039
5.8887939453125
5.809267997741699
5.833912134170532
5.85080099105835
5.895400524139404
5.845552682876587
5.8505144119262695
6.089080572128296
5.872044801712036
5.860179901123047
5.907626390457153
6.249578475952148
5.869517803192139
5.918494701385498
5.986544132232666
6.110486030578613
5.882525205612183
5.935152530670166
5.8741254806518555
5.832218885421753
5.774231910705566
5.931306600570679
5.818993091583252
5.8380491733551025
5.896552085876465
5.880894422531128
5.930478811264038
5.857983112335205
5.778877019882202
5.837599992752075
5.847702980041504
5.864033222198486
5.8814802169799805
5.778925657272339
5.785982370376587
5.7452192306518555
5.812143087387085
5.82214093208313
5.7908971309661865
5.725780487060547
6.316453218460083
5.755737781524658
5.792729616165161
5.770582437515259
5.725743055343628
5.743885517120361
5.76474666595459
5.810399770736694
5.690140962600708
5.815317869186401
5.746501445770264
5.770610332489014
5.88842248916626
5.763083457946777
5.746377229690552
5.8608691692352295
5.812312364578247
5.751507759094238
5.68972373008728
5.738105297088623
5.754248857498169
5.768794775009155
5.7703399658203125
5.732696294784546
5.773399591445923
5.7012038230896
5.719951152801514
5.762949228286743
5.725696086883545
5.72737455368042
5.716452360153198
5.799147605895996
5.725504398345947
5.7514262199401855
5.741923570632935
5.745304584503174
5.74091362953186
5.715210676193237
5.742622137069702
5.8547258377075195
5.750166654586792
5.767340660095215
5.780229806900024
5.663726568222046
5.7091217041015625
5.6936047077178955
5.72948694229126
5.777571439743042
5.85436749458313
5.849881410598755
5.885559320449829
5.841775178909302
5.750842809677124
5.721974611282349
5.648667335510254
5.601984262466431
5.336852312088013
5.3838958740234375
5.502002239227295
5.365879774093628
5.438945770263672
5.442948579788208
5.277798414230347
5.42192816734314
5.2517735958099365
5.377889394760132
5.370883226394653
5.434942007064819
5.46696925163269
5.411919593811035
5.453959226608276
5.482985258102417
5.434940576553345
5.305824279785156
5.465969085693359
5.315834999084473
5.356870651245117
5.324841022491455
5.4029107093811035
5.348863363265991
5.3738853931427
5.371882915496826
5.386898040771484
5.359872817993164
5.361875295639038
5.678905248641968
5.799520015716553
5.824525833129883
5.748400449752808
5.708252906799316
5.791610479354858
5.7560133934021
5.92020845413208
5.610101699829102
5.424933195114136
5.568064212799072
5.452958822250366
6.447862386703491
6.1506195068359375
6.4217047691345215
6.496684312820435
6.3203606605529785
6.441259145736694
5.919873952865601
5.734589576721191
5.940780162811279
5.750475883483887
5.714593410491943
5.732227325439453
5.731285810470581
5.698537111282349
5.734732389450073
5.706557035446167
5.840527534484863
5.742547273635864
5.789373159408569
5.7759387493133545
5.7570555210113525
5.668600559234619
5.7043235301971436
5.8371148109436035
5.760558128356934
5.7321248054504395
5.761501312255859
6.046010494232178
5.89525032043457
5.750308513641357
5.7638914585113525
5.77788519859314
5.751525402069092
5.770140886306763
5.75692343711853
5.780451774597168
5.82152795791626
5.826467990875244
5.849546909332275
5.830959320068359
5.688125848770142
5.806509256362915
5.832045078277588
5.769078493118286
5.728386878967285
5.893195867538452
5.865774869918823
5.764781951904297
5.793790340423584
5.7222373485565186
5.841026306152344
5.778925657272339
5.779313325881958
5.756433725357056
5.82384467124939
5.789641618728638
6.248196601867676
6.1537926197052
5.798324823379517
5.716472864151001
5.8211493492126465
6.002887487411499
6.215148448944092
6.392964601516724
5.762069225311279
5.732309579849243
6.179612874984741
5.891145944595337
5.8017754554748535
6.106904029846191
5.823583602905273
5.766806602478027
5.761983394622803
5.676101446151733
5.802505731582642
5.813287973403931
5.742959022521973
5.821732521057129
5.970811605453491
6.594522714614868
6.993557691574097
6.293723106384277
5.592085123062134
5.63345193862915
5.711852073669434
5.501001358032227
5.679164409637451
5.712194442749023
6.406825542449951
6.748135089874268
5.950410604476929
5.58507776260376
5.771932601928711
5.44695258140564
5.705187559127808
5.615105152130127
5.475978374481201
5.698181629180908
5.566061019897461
5.498999834060669
6.07513952255249
5.946636438369751
5.732632637023926
5.729551315307617
5.782904863357544
5.756155252456665
5.710161209106445
5.760436058044434
5.945169448852539
6.165764808654785
5.89738392829895
5.898967981338501
5.88438606262207
5.828453540802002
5.944264888763428
5.67018985748291
5.747482776641846
5.86584210395813
5.8060314655303955
5.813783168792725
5.863765716552734
5.862783908843994
5.861373424530029
5.822442531585693
5.7845916748046875
5.786673545837402
5.869499444961548
5.699920654296875
5.799682855606079
5.762014865875244
5.776174068450928
5.800415754318237
5.801206588745117
5.856459379196167
5.886561632156372
5.970610618591309
5.982698440551758
5.956902265548706
5.7780327796936035
5.652502536773682
5.728411674499512
5.76460075378418
5.807881593704224
5.856347322463989
5.778334140777588
5.787328243255615
5.820628881454468
5.806743383407593
5.737090826034546
5.802974700927734
5.835147142410278
5.898611545562744
5.791873931884766
5.810091733932495
5.739581823348999
5.8391759395599365
5.8467371463775635
5.741642951965332
5.759648561477661
5.788742542266846
5.747111558914185
5.7710065841674805
6.040843486785889
5.78423285484314
5.802527189254761
5.768407344818115
5.781938076019287
5.83155083656311
5.756006956100464
5.883928537368774
5.845792770385742
5.800338268280029
5.89286994934082
5.792497634887695
5.770311594009399
5.7655675411224365
5.857275485992432
5.867919921875
5.7839953899383545
5.782808065414429
5.841041803359985
5.810644865036011
5.821369647979736
5.8389363288879395
5.879227876663208
6.0663347244262695
5.904696464538574
5.804093599319458
5.883054971694946
5.788737773895264
5.9094648361206055
5.7888829708099365
6.284778833389282
6.0975470542907715
5.809889078140259
5.596356391906738
6.051435947418213
5.954075813293457
5.9058263301849365
5.906116485595703
5.876690626144409
5.892304182052612
5.895330905914307
6.017473459243774
5.895057678222656
5.929681777954102
5.895126819610596
5.948064565658569
5.891186475753784
5.924489736557007
5.916966438293457
5.905907392501831
5.870253086090088
5.925510406494141
5.874163627624512
5.901525259017944
5.903850078582764
5.94238805770874
5.957306146621704
5.949069976806641
5.903902053833008
5.919398546218872
5.9542200565338135
5.878320932388306
5.913871765136719
5.936885356903076
5.945532560348511
5.988500118255615
5.894338846206665
5.902732849121094
5.844417095184326
5.924736022949219
6.025564670562744
6.011188268661499
6.496084451675415
6.687096118927002
6.42531681060791
5.973137855529785
5.974607229232788
5.869882822036743
5.959649562835693
5.8936614990234375
5.915611743927002
5.944782972335815
6.155717611312866
5.944098949432373
5.924981594085693
5.859863996505737
5.974791049957275
6.65037727355957
6.099364280700684
6.458657503128052
6.40682578086853
7.023518085479736
6.863377332687378
6.190628290176392
6.175104856491089
5.837710857391357
5.80165958404541
5.7540342807769775
5.760183095932007
5.891435146331787
5.99410080909729
5.658653259277344
5.719396591186523
5.75456166267395
5.764955997467041
5.786968946456909
5.783321857452393
5.67943263053894
5.759558916091919
5.776386976242065
5.791517972946167
5.714582681655884
5.697747468948364
5.850292444229126
5.765839576721191
5.781259536743164
5.738802194595337
5.7904722690582275
5.722045421600342
5.773253679275513
5.843955993652344
5.7273712158203125
5.771226406097412
5.773738622665405
5.761820554733276
5.816235303878784
5.778284072875977
5.739001035690308
5.756152629852295
5.790790319442749
5.808701753616333
5.850496530532837
5.724789381027222
5.757739543914795
5.7684361934661865
5.807738780975342
5.964713096618652
5.849409818649292
5.768490791320801
5.830763816833496
5.747612953186035
5.78547739982605
5.737011432647705
5.792855739593506
5.778319597244263
5.738330125808716
5.737211227416992
5.74843168258667
5.780750751495361
5.774264812469482
5.800340414047241
5.741322994232178
5.742263555526733
5.801568984985352
5.769154071807861
5.696572542190552
5.788940906524658
5.771077632904053
5.778637886047363
5.7498438358306885
5.69618558883667
5.781213760375977
5.759799003601074
5.739169359207153
5.851865768432617
5.777091026306152
5.719205141067505
5.774075269699097
5.78606915473938
5.75064754486084
5.747997999191284
5.706572771072388
5.747819662094116
5.714309453964233
5.731046199798584
5.776912212371826
5.986026763916016
5.889047622680664
6.47284460067749
6.107985496520996
6.014131784439087
5.851761102676392
5.95641827583313
5.979529142379761
5.917792797088623
6.113587379455566
6.033729791641235
6.128768682479858
6.116426944732666
5.911058187484741
5.980313301086426
5.901208162307739
6.166861534118652
5.813127517700195
5.866608142852783
5.804229259490967
5.831974983215332
5.845960855484009
5.816120862960815
5.795225381851196
5.861553192138672
5.946743726730347
5.977692127227783
6.341638088226318
6.057111978530884
6.009204387664795
6.088104248046875
6.055510997772217
5.978103399276733
6.036221027374268
6.010211944580078
5.932234525680542
6.005208730697632
5.937637805938721
6.028709173202515
6.036757946014404
6.015689134597778
5.921314716339111
6.086493492126465
6.012488126754761
5.981503486633301
5.982623815536499
6.000885963439941
6.16823935508728
6.173761606216431
6.04636287689209
5.990803003311157
5.944018840789795
6.260956287384033
5.927702188491821
5.991970777511597
5.911891460418701
6.044787168502808
6.024698257446289
5.989320516586304
5.93990683555603
6.103216886520386
5.956479549407959
6.084844350814819
5.94882607460022
6.025879383087158
5.960291385650635
6.079991340637207
6.4185497760772705
6.027421951293945
6.077278137207031
6.053428411483765
6.065732479095459
6.051667928695679
6.017262935638428
5.9770355224609375
6.083401203155518
6.006800174713135
6.075311899185181
6.037044525146484
6.236722230911255
6.2190163135528564
6.093582630157471
5.974090576171875
5.995825529098511
5.874494791030884
6.022409200668335
5.950101375579834
6.046734094619751
6.000243425369263
6.323744773864746
6.381669521331787
6.2177345752716064
6.179144620895386
6.244389772415161
6.729332685470581
6.161694526672363
6.041844129562378
6.263865232467651
6.22925877571106
6.034648656845093
6.251382827758789
5.884405136108398
5.982757329940796
6.3271870613098145
6.030699729919434
6.158333778381348
5.968124866485596
6.003130197525024
6.3711998462677
6.02702522277832
6.370588541030884
6.052299499511719
6.066868305206299
6.294636011123657
6.106278419494629
6.0996034145355225
6.131531476974487
6.04795241355896
5.9839513301849365
6.004916191101074
6.018205165863037
5.922642230987549
6.011680841445923
6.038530349731445
6.036800384521484
5.8870697021484375
6.08633828163147
5.962603569030762
5.887674808502197
5.957648992538452
6.011085271835327
6.024168252944946
6.045315980911255
5.969061374664307
5.997066259384155
6.097928047180176
6.256319522857666
5.955604076385498
6.031110525131226
6.014905214309692
6.010909557342529
6.03118634223938
5.895916938781738
6.058623552322388
6.211888313293457
6.192681789398193
6.074665546417236
5.989973545074463
6.160396575927734
6.023770332336426
5.975935935974121
5.965616703033447
5.985126972198486
5.949889659881592
6.027167081832886
6.008436441421509
5.9568047523498535
6.215778350830078
6.071029901504517
6.107676029205322
5.952021360397339
5.996210098266602
5.989112854003906
6.088103532791138
6.113489627838135
6.121086597442627
6.190340995788574
6.412171363830566
6.084329605102539
5.932464361190796
5.997221946716309
5.938343048095703
6.04906153678894
5.927263498306274
6.0321338176727295
6.0138819217681885
5.957324743270874
6.018960475921631
5.977169513702393
5.908947229385376
5.9120261669158936
5.958421468734741
5.997230529785156
6.022645473480225
6.0337233543396
6.000819206237793
6.021628141403198
5.975507497787476
5.959483861923218
5.923678636550903
6.049036979675293
5.931483745574951
6.022730350494385
6.307977676391602
6.313232421875
6.140366077423096
6.02608323097229
5.970239877700806
6.059185981750488
6.190360069274902
6.182571887969971
6.41605544090271
6.42634129524231
6.500722646713257
6.176086664199829
6.222397804260254
6.154744863510132
6.462758541107178
6.431169033050537
6.316060304641724
6.156327962875366
6.077776670455933
6.186027765274048
6.228600263595581
6.221152067184448
6.158829212188721
6.102036476135254
6.068531036376953
5.970557451248169
6.0689167976379395
6.06615948677063
6.124619960784912
6.166656732559204
6.065818548202515
6.129812955856323
6.007260799407959
6.0295960903167725
6.014881134033203
6.07203221321106
6.031696557998657
6.0261476039886475
6.163184404373169
6.171541452407837
6.067379474639893
6.222180366516113
6.242779016494751
6.211621046066284
5.789220333099365
5.689391851425171
6.322187900543213
6.266563177108765
6.157635927200317
6.127175331115723
6.209293842315674
6.15308952331543
5.673158884048462
5.6991822719573975
5.555050849914551
5.47998309135437
5.596088171005249
5.633121728897095
5.592084646224976
5.611101388931274
5.575068950653076
5.502003192901611
5.572066307067871
5.5580527782440186
5.561055898666382
5.595087766647339
5.615104913711548
5.540036678314209
5.596086740493774
5.508006572723389
5.591084003448486
5.619109392166138
5.63211989402771
5.527026176452637
5.535033226013184
5.59508752822876
5.60609769821167
5.50700831413269
5.599090099334717
5.506006956100464
5.486990213394165
5.711191654205322
5.5680623054504395
5.8393096923828125
5.680163621902466
5.622110843658447
5.608098983764648
5.601092338562012
5.534037351608276
5.615104913711548
5.679162979125977
5.560054540634155
5.60709810256958
5.60509729385376
5.597089529037476
5.65614128112793
5.541037559509277
5.573067903518677
5.572066783905029
5.595087289810181
5.826296806335449
5.608098983764648
5.58908224105835
5.511010408401489
5.515013694763184
5.602094650268555
5.513012170791626
5.568063020706177
5.620109558105469
5.5680625438690186
5.637121677398682
5.579072952270508
5.525022983551025
5.5450403690338135
5.571064710617065
5.603092432022095
5.646131992340088
5.631119728088379
5.585077285766602
5.638126850128174
5.626113653182983
5.502002477645874
5.601091384887695
5.746224880218506
5.556051015853882
5.6671528816223145
5.524023771286011
5.5460429191589355
5.580070972442627
5.602094650268555
5.604094743728638
5.583076477050781
5.603093147277832
5.5700647830963135
5.562057733535767
5.579072713851929
5.586078643798828
5.630118370056152
5.56105637550354
5.532033920288086
5.596087217330933
5.624112129211426
5.596088171005249
5.490992069244385
5.649137020111084
5.548043966293335
5.587080717086792
5.520018815994263
5.558053493499756
5.4919939041137695
5.536032676696777
5.510009050369263
5.673156499862671
5.659146070480347
5.614104509353638
6.32325291633606
6.174309253692627
6.292562007904053
6.384006500244141
6.170503616333008
6.363276243209839
6.089324951171875
6.321383237838745
6.106666088104248
6.170949935913086
6.110147953033447
6.200063943862915
6.090606689453125
6.105958461761475
6.174737215042114
6.101866006851196
6.027820587158203
6.10607385635376
6.093667507171631
6.10221004486084
5.953516721725464
6.207498073577881
6.016350030899048
6.045664072036743
6.146892309188843
6.10792088508606
6.08672022819519
6.135609865188599
6.099222421646118
6.116523027420044
6.171657562255859
6.216187238693237
6.077105283737183
6.160811901092529
6.218723297119141
6.155874967575073
6.162576198577881
6.198328971862793
6.1628923416137695
6.124145030975342
6.134971618652344
6.187715291976929
6.168233871459961
6.064130783081055
6.143301963806152
6.208805322647095
6.090566396713257
6.137531280517578
6.197796583175659
6.251237869262695
6.176975727081299
6.217069864273071
6.125033378601074
6.138129472732544
6.19132661819458
6.328221797943115
6.168571710586548
6.020954847335815
6.028417110443115
6.119241714477539
6.153959035873413
6.139922142028809
6.092195987701416
6.0936713218688965
6.466973781585693
6.010807991027832
5.957695007324219
6.063117742538452
6.006977796554565
6.0145909786224365
6.0078113079071045
5.944647550582886
5.927570819854736
6.134772062301636
6.125079154968262
6.0638651847839355
6.068910837173462
6.0414955615997314
6.08428692817688
6.051990032196045
6.042885065078735
6.07306432723999
6.062107086181641
5.926804065704346
6.205724000930786
6.060323238372803
6.104607582092285
6.134825944900513
6.023615121841431
6.1052024364471436
6.100664138793945
6.086893081665039
6.163389205932617
6.080136060714722
6.018418550491333
6.114786624908447
6.2399208545684814
6.039710283279419
6.069103956222534
6.245751857757568
6.302881240844727
6.031837701797485
6.148434400558472
6.039607286453247
6.146631717681885
6.173501014709473
6.1821558475494385
6.1896281242370605
6.177013158798218
6.17107367515564
6.176778793334961
6.113403081893921
6.151000738143921
6.092069864273071
6.22235107421875
6.057056188583374
5.71459174156189
5.612102746963501
5.6110999584198
5.835306167602539
5.52702522277832
5.6000916957855225
5.586076498031616
5.552049160003662
5.607098340988159
5.565058946609497
5.584077596664429
5.662147521972656
5.5050048828125
5.591084241867065
5.656140089035034
5.604095935821533
5.562056303024292
5.588080406188965
5.53102970123291
5.540038108825684
5.506004810333252
5.5330305099487305
5.593085765838623
5.571065902709961
5.463967800140381
5.5610551834106445
5.523022651672363
5.514012575149536
5.535032510757446
5.625114679336548
5.464968919754028
5.503003358840942
5.53703498840332
5.554049730300903
5.5660600662231445
5.555050611495972
5.607100486755371
5.6431310176849365
5.684167861938477
5.621109247207642
5.577070713043213
5.5410380363464355
5.8232951164245605
5.697180271148682
5.532029867172241
5.598089694976807
5.597089529037476
5.660146713256836
5.566060304641724
5.570063829421997
5.617106199264526
6.1945788860321045
6.122026205062866
6.494616508483887
6.212877988815308
6.186252593994141
6.14733362197876
6.116381645202637
6.139882802963257
6.151411056518555
6.023987531661987
6.1382880210876465
6.10846209526062
6.056800127029419
6.032759189605713
6.050609111785889
6.135355472564697
6.054984092712402
6.168294191360474
6.3108155727386475
6.6374192237854
6.153405427932739
6.268844842910767
6.069567918777466
6.21236515045166
6.162534236907959
6.163933992385864
5.991881608963013
5.9742631912231445
6.002523899078369
6.262589454650879
6.373241662979126
6.536491870880127
5.957988977432251
6.020747661590576
6.202117681503296
6.1858227252960205
6.092859983444214
6.14511513710022
6.102984189987183
6.1596269607543945
6.1720592975616455
6.425226449966431
6.953409671783447
6.091390132904053
6.275095701217651
6.11282753944397
6.538447380065918
6.039002418518066
6.038558006286621
6.0955235958099365
6.245788812637329
6.051253080368042
6.396950960159302
6.152716398239136
6.097415208816528
6.04439377784729
6.361177444458008
6.064446687698364
6.010415077209473
6.026537895202637
6.047952890396118
6.021595239639282
6.1018407344818115
6.085400104522705
6.108475208282471
6.205851793289185
6.036170721054077
6.411498308181763
6.482297897338867
6.174674987792969
6.107511281967163
6.131096124649048
6.122682332992554
6.115123271942139
6.0920090675354
6.074090242385864
6.0508410930633545
6.259589433670044
6.315844774246216
6.426975965499878
6.302851676940918
6.098969459533691
6.163542032241821
6.169018983840942
6.02446722984314
6.20640230178833
6.342006683349609
6.460852861404419
6.374538898468018
6.2757415771484375
5.971123695373535
6.096038818359375
6.073537588119507
5.979846477508545
6.14817476272583
6.153871774673462
6.183383464813232
5.964341878890991
6.049377679824829
6.081701993942261
6.067617177963257
6.145999908447266
6.207890033721924
6.1612067222595215
6.127518177032471
6.064219951629639
6.072080373764038
6.142774820327759
6.318877696990967
6.15227198600769
6.145857095718384
6.11104416847229
6.097701787948608
6.034168481826782
6.189427614212036
6.190397500991821
6.608680009841919
6.473081350326538
6.444901704788208
6.288378000259399
6.241050958633423
6.150197744369507
6.161766052246094
6.1469879150390625
6.16371488571167
6.15750789642334
6.207913398742676
6.071991205215454
6.097931385040283
6.098627805709839
6.191359519958496
6.170219659805298
6.163318634033203
6.091413974761963
6.122166395187378
6.092148303985596
6.036857604980469
6.0730836391448975
6.000559329986572
6.141451597213745
6.077449321746826
6.073757886886597
6.039259195327759
6.034393072128296
6.012547731399536
6.0674872398376465
6.053771495819092
5.943455457687378
6.0151941776275635
6.016844987869263
6.013240337371826
6.03731107711792
5.978009223937988
6.006448268890381
6.078994989395142
6.100620985031128
6.446004152297974
6.329540967941284
6.158145189285278
6.036854028701782
6.114722490310669
6.3886377811431885
6.318565368652344
6.536998987197876
6.085562467575073
6.134517192840576
6.143250226974487
6.2262115478515625
6.58100152015686
6.64551854133606
6.448025703430176
6.324185132980347
6.054288864135742
6.199331998825073
6.020889043807983
6.391472816467285
6.124519109725952
6.046477794647217
6.119109392166138
6.047057628631592
6.142911911010742
6.418351888656616
6.293731212615967
6.814870357513428
6.34076452255249
6.255948305130005
6.149209976196289
6.188501834869385
6.148912191390991
6.219910383224487
6.164393663406372
6.189068078994751
6.176792144775391
6.155456781387329
6.2057719230651855
6.179942607879639
6.074508905410767
6.116247892379761
6.17434024810791
6.202269554138184
6.180932998657227
6.2507569789886475
6.0937652587890625
6.242443799972534
6.240313529968262
6.238897085189819
6.710847854614258
6.400450706481934
6.229152202606201
6.3650062084198
6.611194372177124
6.268738746643066
6.083990573883057
6.100793838500977
6.040942430496216
6.105107545852661
6.095026254653931
6.1157848834991455
6.14948034286499
6.1036248207092285
6.093421697616577
6.103693723678589
6.02070951461792
6.114773750305176
6.0512309074401855
5.99261474609375
6.02128005027771
6.2259650230407715
6.182951927185059
6.288471221923828
6.44056510925293
6.475674390792847
6.054585933685303
6.055695295333862
6.445056676864624
6.081210374832153
6.197761058807373
6.133176565170288
6.195105314254761
6.131352424621582
6.109152555465698
6.107853174209595
6.342426300048828
6.108851194381714
6.203532934188843
6.226266384124756
6.151371240615845
6.765429258346558
6.53728175163269
6.1903746128082275
6.129122972488403
6.217357397079468
6.150759696960449
6.381360054016113
6.161360502243042
6.043143272399902
6.083257675170898
6.305134534835815
6.103518962860107
6.214428901672363
6.133508682250977
6.35331916809082
6.2152979373931885
6.043308973312378
6.484843492507935
6.279447793960571
6.16414737701416
6.131688117980957
6.517237186431885
6.302810430526733
6.354110956192017
6.1160361766815186
6.050031900405884
6.283656597137451
6.270215272903442
6.125298023223877
6.532475709915161
5.9891886711120605
6.237291574478149
6.148033857345581
6.018218278884888
5.988359212875366
5.983735799789429
6.306981563568115
6.331124305725098
6.041383981704712
6.176697254180908
6.349846124649048
6.245146989822388
6.072447776794434
6.060735702514648
6.076977491378784
6.407514810562134
6.411890268325806
6.012859344482422
5.902962684631348
6.158806324005127
6.270996570587158
6.220522403717041
6.118919610977173
6.0753419399261475
6.27204442024231
6.251864433288574
6.035428524017334
6.042277812957764
6.3144237995147705
6.319238185882568
6.150439023971558
6.06657338142395
6.247694492340088
6.2254319190979
6.367290496826172
6.141897678375244
6.4156413078308105
6.649393796920776
6.094001293182373
6.055632591247559
6.238158702850342
6.261928558349609
6.15859580039978
6.114259481430054
6.334529876708984
6.275665998458862
6.309169769287109
6.01385235786438
6.12296986579895
6.114423990249634
6.298158884048462
6.111823081970215
6.054943323135376
6.1117212772369385
6.181029558181763
6.128828048706055
6.076659679412842
6.133955955505371
6.061803817749023
6.1294639110565186
6.259975433349609
6.103555917739868
6.064563274383545
6.154178619384766
6.168190956115723
6.1793248653411865
6.132392644882202
6.117591142654419
6.206950902938843
6.086676836013794
6.081272840499878
6.193862676620483
6.1506805419921875
6.168452501296997
6.144818544387817
6.089371204376221
6.141987323760986
6.080801486968994
6.321264743804932
6.440411329269409
6.15554404258728
6.4017698764801025
6.384034156799316
6.357661485671997
6.214468479156494
6.179884195327759
6.471250295639038
6.424320936203003
6.424967288970947
6.193160057067871
6.159845352172852
6.55991530418396
6.390549659729004
6.356163501739502
6.231151819229126
6.140097618103027
6.393573999404907
6.301090240478516
6.450546026229858
6.433139324188232
6.917360305786133
7.3506834506988525
7.002993822097778
7.072958946228027
6.76274847984314
6.823956489562988
6.77916407585144
6.858235597610474
6.971807956695557
5.949019432067871
6.064633846282959
6.089536190032959
5.854323625564575
5.878343820571899
6.053505182266235
6.166382551193237
5.901638984680176
5.8533220291137695
6.064030885696411
5.8870368003845215
6.0261054039001465
5.869336366653442
6.413830995559692
6.0038676261901855
6.1903769969940186
6.455996990203857
6.371813774108887
6.132277250289917
6.576152324676514
6.475202798843384
6.213296413421631
6.0877556800842285
6.146886587142944
6.245208501815796
6.3329503536224365
6.204425811767578
6.1166980266571045
6.1543192863464355
6.171522855758667
6.108508586883545
6.194532871246338
6.348446607589722
6.434576511383057
6.438849210739136
6.759140968322754
5.914949178695679
5.678756952285767
6.460954189300537
6.450999975204468
6.402312517166138
6.439446210861206
6.517287969589233
6.528407096862793
6.219105958938599
6.376478433609009
6.343221426010132
6.498901128768921
6.472696304321289
6.5845324993133545
6.8646533489227295
6.408846616744995
6.512037754058838
6.49151349067688
6.4850969314575195
6.425250768661499
6.453839063644409
6.181555271148682
6.231877565383911
6.421136379241943
6.413261413574219
6.392225503921509
6.523117303848267
6.144356966018677
6.222411870956421
6.0343499183654785
6.827826023101807
6.322297811508179
6.339540481567383
6.128589153289795
6.173073768615723
5.89202618598938
6.470190763473511
6.38447117805481
6.428096532821655
6.140208721160889
6.383687973022461
6.237143516540527
6.386586666107178
6.349332094192505
6.34430456161499
6.148876190185547
6.15524959564209
5.81896710395813
6.361584186553955
6.357358455657959
6.353908538818359
6.169806241989136
6.12147331237793
5.8375937938690186
6.449246883392334
6.423041343688965
6.45025634765625
6.5581440925598145
6.1659862995147705
6.279258966445923
5.955987930297852
6.452482223510742
6.516790390014648
6.430453062057495
6.1671741008758545
6.430376052856445
6.445155620574951
6.358451843261719
6.381795644760132
6.247151613235474
6.409346580505371
6.290250539779663
6.384366035461426
6.19353985786438
6.461431503295898
6.668835639953613
6.492421865463257
6.433544635772705
6.2135725021362305
6.409865856170654
6.937135219573975
6.811975955963135
6.339699029922485
6.392692804336548
6.508038282394409
6.347656965255737
6.432749032974243
6.434680461883545
6.388493299484253
6.389319896697998
6.463563680648804
6.419236421585083
6.398352384567261
6.410386800765991
6.400335311889648
6.518862009048462
7.083404779434204
6.865056991577148
6.25621485710144
6.510024785995483
6.247193098068237
6.298739910125732
6.179035425186157
6.2174763679504395
6.224456548690796
6.236216306686401
6.350733041763306
6.590371370315552
6.570217847824097
6.2236247062683105
6.445407867431641
6.25573205947876
6.132700443267822
6.272188425064087
6.2951812744140625
6.208191871643066
6.188144207000732
6.098327159881592
6.270634889602661
6.163428783416748
6.2867186069488525
6.352687835693359
6.473211050033569
6.554335832595825
6.7738282680511475
6.503551483154297
6.52569317817688
6.532610177993774
6.326777696609497
6.256118297576904
6.501939058303833
6.928254842758179
6.12594199180603
6.330835342407227
6.130245923995972
5.8718578815460205
5.936117172241211
6.235425233840942
6.6998231410980225
7.105378150939941
6.947705507278442
6.073493003845215
5.964738607406616
6.164314270019531
6.133244752883911
6.247070550918579
6.738048315048218
6.1142988204956055
6.000357627868652
6.292181015014648
6.321259021759033
6.081531286239624
6.022475957870483
6.119563102722168
6.190537452697754
6.363786220550537
6.729589223861694
6.507621765136719
6.428735256195068
6.409911870956421
6.401443004608154
6.197784423828125
6.108046293258667
6.377032041549683
6.3563642501831055
6.395031452178955
6.4009644985198975
6.383833408355713
6.1759374141693115
6.141195058822632
6.38350510597229
6.425481796264648
6.37658429145813
6.385467529296875
6.411319255828857
6.485880374908447
6.143585205078125
6.1145594120025635
6.518927574157715
6.178619146347046
6.111816644668579
6.0745837688446045
6.154435157775879
6.167981386184692
6.180733680725098
5.894360303878784
6.176203489303589
6.095555782318115
7.641106128692627
