Timing log for each step:
0.024286985397338867
0.5535807609558105
0.571516752243042
0.5455751419067383
0.5439987182617188
0.5815303325653076
0.5354852676391602
0.6015450954437256
0.5565040111541748
0.5925371646881104
0.553502082824707
0.5905351638793945
0.5734443664550781
0.5900542736053467
0.5485002994537354
0.5739738941192627
0.6180112361907959
0.5844616889953613
0.5665132999420166
0.5444927215576172
0.553502082824707
0.562509298324585
0.5494978427886963
0.5835299491882324
0.6205625534057617
0.6345741748809814
0.6055476665496826
0.590012788772583
0.5940794944763184
0.7009308338165283
0.657595157623291
0.6075501441955566
0.5725183486938477
0.6185600757598877
0.6115522384643555
0.6285696029663086
0.6255652904510498
0.6395797729492188
0.6215622425079346
0.6240735054016113
0.6045477390289307
0.6045479774475098
0.6137583255767822
0.6275689601898193
0.6125550270080566
0.6095526218414307
0.5975401401519775
0.6235644817352295
0.6285688877105713
0.6176190376281738
0.6295716762542725
0.6315727233886719
0.6255671977996826
0.664602518081665
0.6205620765686035
0.6325721740722656
0.6325738430023193
0.6315727233886719
0.6435821056365967
0.6300790309906006
0.6445837020874023
0.6324138641357422
0.6285400390625
0.5955393314361572
0.6155581474304199
0.6285693645477295
0.6085491180419922
0.6205601692199707
0.627568244934082
0.654594898223877
0.6445834636688232
0.6115536689758301
0.5995423793792725
0.6466329097747803
0.6182963848114014
0.6655769348144531
0.6375045776367188
0.6235642433166504
0.6545934677124023
0.6635997295379639
0.6085515022277832
0.6545934677124023
0.6055495738983154
0.6225638389587402
0.6165590286254883
0.6555936336517334
0.616668701171875
0.6111299991607666
0.6125543117523193
0.6394288539886475
0.6245653629302979
0.6185574531555176
0.6055483818054199
0.629570722579956
0.6015446186065674
0.6385781764984131
0.6095507144927979
0.6375782489776611
0.6165585517883301
0.6365771293640137
0.622520923614502
0.6090946197509766
0.6205618381500244
0.6019942760467529
0.6165578365325928
0.6145572662353516
0.6145570278167725
0.6225643157958984
0.6415822505950928
0.6305716037750244
0.6345751285552979
0.633573055267334
0.6345748901367188
0.6206028461456299
0.6075491905212402
0.6113946437835693
0.6356179714202881
0.6195628643035889
0.6265678405761719
0.6245663166046143
0.6335740089416504
0.6095528602600098
0.6145579814910889
0.6515896320343018
0.6185598373413086
0.6175603866577148
0.5967702865600586
0.6470046043395996
0.6065065860748291
0.6319975852966309
0.5975415706634521
0.6005427837371826
0.5905354022979736
0.6135556697845459
0.6075513362884521
0.5835301876068115
0.5929334163665771
0.6268677711486816
0.586531400680542
0.6392371654510498
0.6011338233947754
0.6466064453125
0.6025452613830566
0.594538688659668
0.6095516681671143
0.6185605525970459
0.6085522174835205
0.6205623149871826
0.6045479774475098
0.637578010559082
0.6055493354797363
0.6108410358428955
0.6142325401306152
0.6066677570343018
0.6215724945068359
0.6145534515380859
0.608555793762207
0.616560697555542
0.6415815353393555
0.6205635070800781
0.6315739154815674
0.5995430946350098
0.6425824165344238
0.6445848941802979
0.5845293998718262
0.6181683540344238
0.6431517601013184
0.6049323081970215
0.6295645236968994
0.6485874652862549
0.610553503036499
0.6405801773071289
0.5995428562164307
0.5967130661010742
0.5775220394134521
0.5805256366729736
0.596541166305542
0.5965406894683838
0.6115541458129883
0.5965406894683838
0.6275696754455566
0.6375777721405029
0.6335735321044922
0.6398615837097168
0.6552469730377197
0.6625986099243164
0.6378931999206543
0.6135554313659668
0.6465861797332764
0.6265673637390137
0.6375768184661865
0.6305711269378662
0.6345751285552979
0.6255671977996826
0.6545937061309814
0.6278495788574219
0.6539115905761719
0.6485869884490967
0.6167263984680176
0.6266148090362549
0.5955390930175781
0.6345748901367188
0.6265673637390137
0.6015462875366211
0.6095530986785889
0.6445834636688232
0.6375784873962402
0.6470150947570801
0.6293516159057617
0.585529088973999
0.5682647228240967
0.6073272228240967
0.6896243095397949
0.6505887508392334
0.6065497398376465
0.6045470237731934
0.5525012016296387
0.5705170631408691
0.5705175399780273
0.5645103454589844
0.5755212306976318
0.563974142074585
0.5740327835083008
0.6070694923400879
0.5832421779632568
0.5695168972015381
0.5605065822601318
0.5565052032470703
0.5875322818756104
0.5755162239074707
0.584435224533081
0.5750281810760498
0.562509298324585
0.540489912033081
0.5631844997406006
0.6230792999267578
0.5536458492279053
0.5525012016296387
0.5585060119628906
0.5755219459533691
0.5605072975158691
0.5655121803283691
0.5595066547393799
0.5976424217224121
0.5862667560577393
0.6215794086456299
0.5686264038085938
0.567514181137085
0.5605082511901855
0.5705165863037109
0.5525009632110596
0.573519229888916
0.5725185871124268
0.6050136089324951
0.5518686771392822
0.5580565929412842
0.577904462814331
0.609865665435791
0.5739521980285645
0.558363676071167
0.596909761428833
0.5785253047943115
0.5605080127716064
0.6905274391174316
0.5605075359344482
0.5474965572357178
0.5785243511199951
0.5555031299591064
0.5650453567504883
0.5850417613983154
0.562035322189331
0.5560140609741211
0.6235642433166504
0.5795247554779053
0.55088210105896
0.5575063228607178
0.5765228271484375
0.5424914360046387
0.5484962463378906
0.5635104179382324
0.5835270881652832
0.5560460090637207
0.5562329292297363
0.606090784072876
0.556511402130127
0.6180036067962646
0.5625102519989014
0.5745205879211426
0.5565040111541748
0.5585060119628906
0.5504982471466064
0.5905358791351318
0.5820403099060059
0.5595064163208008
0.5579848289489746
0.5454981327056885
0.5638010501861572
0.5905346870422363
0.5615079402923584
0.5858795642852783
0.5654206275939941
0.6145563125610352
0.5835282802581787
0.5687248706817627
0.5757267475128174
0.5565037727355957
0.558241605758667
0.5765233039855957
0.5685153007507324
0.5885326862335205
0.5545015335083008
0.6796140670776367
0.6656026840209961
0.6430850028991699
0.629568338394165
0.5910403728485107
0.698326826095581
0.6184628009796143
0.594536542892456
0.5955386161804199
0.5705165863037109
0.6155579090118408
0.5775220394134521
0.5585060119628906
0.5888595581054688
0.5900681018829346
0.5444977283477783
0.551945686340332
0.6105532646179199
0.594538688659668
0.6355752944946289
0.667604923248291
0.5810604095458984
0.5715165138244629
0.5765221118927002
0.6195602416992188
0.5815258026123047
0.594538688659668
0.5925366878509521
0.5905361175537109
0.5725195407867432
0.6365776062011719
0.6078493595123291
0.5707669258117676
0.6078855991363525
0.5975418090820312
0.5825281143188477
0.5685153007507324
0.5585064888000488
0.5945384502410889
0.5795257091522217
0.5755937099456787
0.5827012062072754
0.5454933643341064
0.5795283317565918
0.6874122619628906
0.5955393314361572
0.6077089309692383
0.6086826324462891
0.6065490245819092
0.5905356407165527
0.6605987548828125
0.6455843448638916
0.6119635105133057
0.5845293998718262
0.597541332244873
0.6445832252502441
0.6115684509277344
0.5825324058532715
0.6686060428619385
0.5846590995788574
0.6936287879943848
0.6880431175231934
0.6285684108734131
0.5645112991333008
0.5895340442657471
0.5915350914001465
0.5925357341766357
0.5745201110839844
0.5725171566009521
0.5685148239135742
0.5601279735565186
0.5810317993164062
0.5810577869415283
0.5854842662811279
0.612555742263794
0.7126457691192627
0.6648993492126465
0.7606861591339111
0.6495883464813232
0.6430726051330566
0.6345751285552979
0.6195583343505859
0.6345751285552979
0.6415820121765137
0.6435840129852295
0.6205623149871826
0.7466762065887451
0.6350293159484863
0.6445825099945068
0.6365764141082764
0.6305708885192871
0.6505897045135498
0.6465854644775391
0.7046384811401367
0.7226550579071045
0.6320881843566895
0.6768925189971924
0.6565935611724854
0.6255655288696289
0.7857117652893066
0.6355724334716797
0.6617178916931152
0.6385772228240967
0.7767016887664795
0.6385774612426758
0.5979099273681641
0.5785236358642578
0.604548454284668
0.5775222778320312
0.6155569553375244
0.5655114650726318
0.5705170631408691
0.5645115375518799
0.5474956035614014
0.5865304470062256
0.586531400680542
0.6000940799713135
0.585259199142456
0.6390678882598877
0.5945360660552979
0.6866214275360107
0.6555938720703125
0.6540672779083252
0.611903190612793
0.7386677265167236
0.6535923480987549
0.6536314487457275
0.6195623874664307
0.6275694370269775
0.6115543842315674
0.6295700073242188
0.6035463809967041
0.5905349254608154
0.5835294723510742
0.6095528602600098
0.6015453338623047
0.582038164138794
0.6175594329833984
0.614558219909668
0.5859651565551758
0.6075384616851807
0.5875351428985596
0.6075491905212402
0.6015448570251465
0.5755226612091064
0.6075499057769775
0.6105532646179199
0.5845277309417725
0.5655124187469482
0.5925357341766357
0.6010844707489014
0.6285691261291504
0.580810546875
0.6215019226074219
0.6335742473602295
0.7917163372039795
0.7416725158691406
0.6976299285888672
0.6095516681671143
0.624565601348877
0.6976320743560791
0.622563362121582
0.6440904140472412
0.6531534194946289
0.6032943725585938
0.6156678199768066
0.6156604290008545
0.6505897045135498
0.6125552654266357
0.6175587177276611
0.6175596714019775
0.5905346870422363
0.6335744857788086
0.6095526218414307
0.6656029224395752
0.6290767192840576
0.5930831432342529
0.608551025390625
0.588813066482544
0.5845296382904053
0.5765218734741211
0.57552170753479
0.5795259475708008
0.622563362121582
0.6265676021575928
0.7096421718597412
0.6395773887634277
0.5985422134399414
0.61305832862854
0.583381175994873
0.5600035190582275
0.5568108558654785
0.5754046440124512
0.5865309238433838
0.5785231590270996
0.567514181137085
0.5675139427185059
0.5525004863739014
0.5815274715423584
0.5605089664459229
0.5645112991333008
0.5464954376220703
0.5917856693267822
0.58847975730896
0.5755271911621094
0.5532314777374268
0.5528709888458252
0.5623824596405029
0.5715184211730957
0.5414917469024658
0.5955402851104736
0.5615096092224121
0.5394895076751709
0.5444920063018799
0.7026364803314209
0.5915353298187256
