Timing log for each step:
0.014014005661010742
5.497198104858398
5.154306888580322
5.2057013511657715
5.10922384262085
5.25488805770874
5.147621393203735
5.221899747848511
5.253116130828857
5.276390790939331
5.3698036670684814
5.410136699676514
5.214049816131592
5.242451906204224
5.24516487121582
5.325502872467041
5.2983222007751465
5.164906740188599
5.267991781234741
5.24379301071167
5.289175510406494
5.3443005084991455
5.250942707061768
5.717146396636963
5.119465589523315
5.248301267623901
5.170729875564575
5.788288593292236
5.4292542934417725
5.388410568237305
5.453809976577759
5.580206871032715
5.626953601837158
5.404806137084961
5.418254375457764
5.587355613708496
5.358098983764648
5.3155198097229
5.270435094833374
5.288052320480347
5.2146382331848145
5.353475093841553
5.227389574050903
5.312052011489868
5.341315507888794
5.256890535354614
5.415434837341309
5.242573022842407
5.552779197692871
5.279280662536621
5.6069018840789795
5.200201511383057
5.434753894805908
5.373933792114258
5.212643146514893
5.511600971221924
5.170325040817261
5.21338152885437
5.319475889205933
5.3186938762664795
5.234395980834961
5.192808389663696
5.390920162200928
5.2781946659088135
5.133817195892334
5.311367034912109
5.426027536392212
5.357675552368164
5.341033220291138
5.336362838745117
5.17694354057312
5.537005424499512
5.348115921020508
5.491185426712036
5.303124666213989
5.330034017562866
5.332403182983398
5.398122072219849
5.33399224281311
5.322328090667725
5.384831190109253
5.383444309234619
5.22072434425354
5.145256757736206
5.379187107086182
5.337011098861694
5.354645252227783
5.3069984912872314
5.337450742721558
5.273238658905029
5.348011255264282
5.44749641418457
5.393991470336914
5.393647909164429
5.389369487762451
5.489684820175171
5.3824663162231445
5.35452127456665
5.392536163330078
5.358134508132935
5.451004505157471
5.443561315536499
5.378300428390503
5.387183666229248
5.4022839069366455
5.412487268447876
5.390307188034058
5.309612989425659
5.379787921905518
5.245824337005615
5.371161937713623
5.518564939498901
5.338534355163574
5.351438760757446
5.433499336242676
5.407503366470337
5.533348083496094
5.368279695510864
5.399920463562012
5.366309881210327
5.349033355712891
5.447464942932129
5.293376207351685
5.3665244579315186
5.325922012329102
5.526564598083496
5.3883936405181885
5.3360395431518555
5.253285884857178
5.224366903305054
5.447011470794678
5.28743577003479
5.367273330688477
5.3902106285095215
5.3875603675842285
5.279024124145508
5.321619749069214
5.3968095779418945
5.37209153175354
5.489732503890991
5.407576084136963
5.299455404281616
5.3105456829071045
5.538585424423218
5.280081272125244
5.301648139953613
5.442165851593018
5.367440700531006
5.389778137207031
5.239546537399292
5.312389373779297
5.4668190479278564
5.38702130317688
5.486379861831665
5.402127265930176
5.375834226608276
5.327465534210205
5.440905809402466
5.356492757797241
5.316030979156494
5.41600489616394
5.2473108768463135
5.3325793743133545
5.459613800048828
5.392940282821655
5.348202228546143
5.377322196960449
5.462144136428833
5.478156328201294
5.401395082473755
5.505786895751953
5.343110799789429
5.502972364425659
5.428190231323242
5.355424880981445
5.427587985992432
5.560591220855713
5.428228139877319
5.409267425537109
5.370569467544556
5.588991641998291
5.38830828666687
5.3866376876831055
5.3970866203308105
5.469149351119995
5.411579608917236
5.4573962688446045
5.437302589416504
5.470404148101807
5.457525730133057
5.447633504867554
5.4560699462890625
5.44725489616394
5.37610387802124
5.4643120765686035
5.413329839706421
5.411546945571899
5.4263105392456055
5.303000211715698
5.348376989364624
5.603680372238159
5.442556142807007
5.419387102127075
5.456048011779785
5.42997670173645
5.312313556671143
5.47692346572876
5.450770616531372
5.365098714828491
5.469571352005005
5.426508665084839
5.422863721847534
5.357994794845581
5.430032968521118
5.446520090103149
5.5251874923706055
5.395175933837891
5.4524877071380615
5.348059415817261
5.279298782348633
5.490520238876343
5.358508110046387
5.460980176925659
5.3403332233428955
5.4896399974823
5.450106382369995
5.45926570892334
5.411718368530273
5.405050277709961
5.352397441864014
5.4482996463775635
5.444560527801514
5.39196252822876
5.521416902542114
5.417629957199097
5.405168294906616
5.408096075057983
5.3928282260894775
5.424780368804932
5.4346466064453125
5.3468053340911865
5.402749061584473
5.45375657081604
5.511500358581543
5.459755897521973
5.405427932739258
5.443012952804565
5.392645835876465
5.329350471496582
5.383805513381958
5.437025785446167
5.359290838241577
5.4240429401397705
5.440434455871582
5.472087860107422
5.468244791030884
5.48598575592041
5.394173622131348
5.3761985301971436
5.452315092086792
5.515387058258057
5.458623170852661
5.467582702636719
5.400460243225098
5.428101539611816
5.497609615325928
5.347686052322388
5.292125701904297
5.345111608505249
5.466200590133667
5.472782850265503
5.462737321853638
5.44537091255188
5.486723184585571
5.439101219177246
5.326282978057861
5.470860958099365
5.442705869674683
5.498137474060059
5.411340713500977
5.449542760848999
5.381908893585205
5.4301371574401855
5.594558954238892
5.469395399093628
