Timing log for each step:
0.014012813568115234
5.193923711776733
5.216256856918335
5.221375465393066
4.956383228302002
5.011643171310425
5.05202579498291
5.094688415527344
5.05339241027832
5.061883926391602
5.118178844451904
4.835770130157471
5.045210123062134
5.128745794296265
4.936493158340454
5.098097562789917
5.027414560317993
5.113131523132324
5.2309181690216064
5.155892372131348
5.068124771118164
5.104050636291504
4.965537071228027
5.0380308628082275
5.030706167221069
5.046244859695435
5.183253049850464
5.198915243148804
5.258223533630371
5.181504964828491
5.073013544082642
5.074465036392212
5.255057096481323
5.1702048778533936
5.2273218631744385
5.229329586029053
5.1916344165802
5.18962836265564
5.166247367858887
5.130539178848267
5.274805545806885
5.164571523666382
5.286203384399414
5.170649766921997
5.2738707065582275
5.31341290473938
5.233201026916504
5.060601234436035
5.118267059326172
5.208324193954468
5.218743801116943
5.156441926956177
5.276679039001465
5.167724370956421
5.267698764801025
5.01344108581543
5.239428520202637
5.1002044677734375
5.173025369644165
5.259079217910767
5.18829607963562
5.246774435043335
5.185145616531372
5.157195329666138
5.230731964111328
5.185986518859863
5.295209646224976
5.171188831329346
5.295725107192993
5.083645582199097
5.250664949417114
5.227753400802612
5.240558624267578
5.267751932144165
5.146738290786743
5.251407861709595
5.1431872844696045
5.392575263977051
5.114558219909668
5.231616020202637
5.315871953964233
5.146554231643677
5.29583215713501
5.2141571044921875
5.282338619232178
5.302165746688843
5.407445907592773
5.251859188079834
5.189978122711182
5.353942394256592
5.326227903366089
5.226743459701538
5.0884904861450195
5.204157829284668
5.354467868804932
5.195239067077637
5.317356824874878
5.214580774307251
5.285259246826172
5.255778074264526
5.31263542175293
5.178609848022461
5.252177953720093
5.306800365447998
5.135194778442383
5.130692005157471
5.25627326965332
5.284363269805908
5.239031553268433
5.28123140335083
5.319275856018066
5.7395806312561035
5.252419471740723
5.4443581104278564
5.698460340499878
5.453807592391968
5.198291540145874
5.294689655303955
5.169207334518433
5.254776954650879
5.155346870422363
5.154686689376831
5.334920167922974
5.3317646980285645
5.64827036857605
5.2323386669158936
5.318274021148682
5.297824144363403
5.27993369102478
5.21934175491333
5.326516389846802
5.359502792358398
5.208634853363037
5.187725782394409
5.344554662704468
5.057158470153809
5.340840816497803
5.411087274551392
5.354503870010376
5.240806341171265
5.153854131698608
5.338155031204224
5.315478324890137
5.360015153884888
5.327329635620117
5.447680473327637
5.273413419723511
5.254423379898071
5.331347465515137
5.383519411087036
5.326737642288208
5.324971675872803
5.284980535507202
5.253955841064453
5.316979885101318
5.350625514984131
5.204960823059082
5.227886438369751
5.362839937210083
5.2171101570129395
5.3404927253723145
5.521066427230835
5.276796340942383
5.294674396514893
5.143203496932983
5.194361448287964
5.321960210800171
5.247352600097656
5.255435943603516
5.2615461349487305
5.294305324554443
5.289477586746216
5.455276012420654
5.3433778285980225
5.405825853347778
5.387493133544922
5.403090000152588
5.422072410583496
5.204791069030762
5.239904403686523
5.192269325256348
5.313445329666138
5.345546722412109
5.396870374679565
5.4330620765686035
5.405057668685913
5.585974216461182
5.279491424560547
5.375635385513306
5.382044553756714
5.346886396408081
5.365386247634888
5.2289650440216064
5.304620981216431
5.37402606010437
5.428565502166748
5.332503318786621
5.334691524505615
5.377116441726685
5.372094631195068
5.36956787109375
5.365840673446655
5.239851474761963
5.408047676086426
5.2876365184783936
5.201222658157349
5.301861524581909
5.209345817565918
5.239264726638794
5.263336181640625
5.269315242767334
5.336697340011597
5.339561939239502
5.349393367767334
5.342470169067383
5.310187578201294
5.267942428588867
5.365132093429565
5.325620889663696
5.279482364654541
5.393551826477051
5.37741756439209
5.2499144077301025
5.229932069778442
5.465122222900391
5.232285737991333
5.333102703094482
5.323331832885742
5.407454967498779
5.355105876922607
5.187852621078491
5.353947639465332
5.333388328552246
5.338531255722046
5.309829473495483
5.284982919692993
5.190372943878174
5.249037265777588
5.396578311920166
5.292076587677002
5.364444732666016
5.34871506690979
5.3765294551849365
5.354061126708984
5.454029083251953
5.359489917755127
5.350371599197388
5.346533298492432
5.257767200469971
5.400239706039429
5.43356990814209
5.431462049484253
5.308950424194336
5.320510387420654
5.365708112716675
5.4034082889556885
5.40776515007019
5.344334602355957
5.200080156326294
5.452791452407837
5.175741910934448
5.407416582107544
5.463040113449097
5.326391220092773
5.669898271560669
5.32507586479187
5.327874183654785
5.307635068893433
5.449012994766235
5.46201229095459
5.346041440963745
5.421008110046387
5.209890365600586
5.427180051803589
5.349351167678833
5.255416393280029
5.4015953540802
5.39544677734375
5.4466352462768555
5.270796298980713
5.299952745437622
5.273431062698364
5.398569583892822
5.351902008056641
5.439190864562988
5.312598705291748
5.2689642906188965
5.313213348388672
5.361176013946533
5.267481327056885
5.432054758071899
5.417137622833252
5.293501853942871
5.487592458724976
5.394984722137451
5.379499435424805
5.24301290512085
5.396142244338989
5.354463815689087
5.390653848648071
5.358992099761963
5.425675630569458
5.4140143394470215
5.290939092636108
5.353993892669678
5.393310785293579
5.420409202575684
5.4027040004730225
5.475336313247681
5.281136512756348
5.37514066696167
5.3503992557525635
5.386630058288574
5.332927227020264
5.480786561965942
5.2573535442352295
5.413560628890991
5.327083110809326
5.4838879108428955
5.294983625411987
5.322256565093994
5.3615882396698
5.44254469871521
5.596813678741455
5.478338718414307
5.4321699142456055
5.281958818435669
5.2485716342926025
5.327101707458496
5.400249242782593
5.442951440811157
5.333083391189575
5.391933441162109
5.198365688323975
5.435194253921509
5.267117500305176
5.261959075927734
5.41182804107666
5.3954997062683105
5.329690933227539
5.318757057189941
5.351769685745239
5.434830904006958
5.33458399772644
5.262453556060791
5.282050132751465
5.295719623565674
5.325767517089844
5.259028673171997
5.362726449966431
5.299404621124268
5.414164304733276
5.267323732376099
5.405153512954712
5.450218200683594
5.31460976600647
5.403797388076782
5.4267730712890625
5.436678171157837
5.238955736160278
5.3731303215026855
5.351148843765259
5.340485572814941
5.423711538314819
5.433145523071289
5.39251971244812
5.347041606903076
5.298028230667114
5.358676195144653
5.3826494216918945
5.418093919754028
5.540293216705322
5.398488998413086
5.362158536911011
5.29057765007019
5.463006973266602
5.330458879470825
5.371083974838257
5.3895628452301025
5.397531986236572
5.381633043289185
5.354504108428955
5.256014347076416
5.318417072296143
5.293553590774536
5.33545994758606
5.503643274307251
5.346914291381836
5.2740318775177
5.521149158477783
5.616219758987427
5.595008611679077
5.583798170089722
5.542597532272339
5.563904285430908
5.538723707199097
5.535883188247681
5.556084632873535
5.35444712638855
5.2690653800964355
5.439548015594482
5.392839670181274
5.411481618881226
5.249895334243774
5.378616809844971
5.380533456802368
5.367046117782593
5.317953586578369
5.471069812774658
5.522192716598511
5.404003381729126
5.421380043029785
5.436550617218018
5.46470046043396
5.339004039764404
5.385782957077026
5.369537830352783
5.349207639694214
5.404696702957153
5.694018363952637
5.5246758460998535
5.288156747817993
5.341646909713745
5.332082748413086
5.33554220199585
5.307534217834473
5.296056509017944
5.489729404449463
5.337179899215698
5.421168565750122
5.3611900806427
5.425571441650391
5.467076301574707
5.421679496765137
5.301046371459961
5.453183174133301
5.431599140167236
5.308053731918335
5.472263336181641
5.396750211715698
5.336493730545044
5.3575990200042725
5.241637945175171
5.403027296066284
5.391075849533081
5.252827167510986
5.375485181808472
5.427969217300415
5.418724060058594
5.382672548294067
5.42270040512085
5.427588701248169
5.426094055175781
5.301526069641113
5.398102045059204
5.47820520401001
5.410202980041504
5.329066038131714
5.2655839920043945
5.452456951141357
5.344522714614868
5.3530967235565186
5.368014574050903
5.312511444091797
5.430670976638794
5.360092401504517
5.250925540924072
5.4792633056640625
5.3483710289001465
5.464711666107178
5.5470311641693115
5.416219234466553
5.385313272476196
5.413540601730347
5.343616008758545
5.382441997528076
5.224918365478516
5.300803899765015
5.363516807556152
5.4308507442474365
5.354153633117676
5.245956897735596
5.385133981704712
5.25150728225708
5.345531940460205
5.310766696929932
5.430736303329468
5.386629343032837
5.460758209228516
5.36301851272583
5.3485589027404785
5.406733751296997
5.460406303405762
5.486303329467773
5.452765464782715
5.449771881103516
5.4347875118255615
5.359230995178223
5.325518369674683
5.359211683273315
5.232656240463257
5.38710355758667
5.3942766189575195
5.271140098571777
5.334055185317993
5.407770872116089
5.201056241989136
5.289724826812744
5.464320659637451
5.416713237762451
5.414612054824829
5.36519455909729
5.502904653549194
5.404577016830444
5.33970046043396
5.469672679901123
5.24857759475708
5.20705771446228
5.4601850509643555
5.33689284324646
5.4437127113342285
5.378871440887451
5.399641036987305
5.388209581375122
5.470672130584717
5.370579719543457
5.464189052581787
5.47036600112915
5.213605642318726
5.427454233169556
5.381094455718994
5.430736541748047
5.362213611602783
5.286118507385254
5.283951044082642
5.4477858543396
5.394306182861328
5.289195537567139
5.38355278968811
5.446281909942627
5.3517005443573
5.389574766159058
5.386061191558838
5.381680727005005
5.323535680770874
5.54469895362854
5.367623329162598
5.407334804534912
5.346683025360107
5.415644407272339
5.370204925537109
5.472301959991455
5.277045011520386
5.471753835678101
5.433049201965332
5.435157299041748
5.454287767410278
5.372047185897827
5.370562314987183
5.370207786560059
5.447704792022705
5.323158025741577
5.372426986694336
5.484037637710571
5.282114505767822
5.331047058105469
5.299482345581055
5.31964373588562
5.346315145492554
5.552767038345337
5.489362716674805
5.370578289031982
5.477306604385376
5.391773462295532
5.4111647605896
5.293132305145264
5.413639783859253
5.389280319213867
5.367475986480713
5.3762335777282715
5.427647113800049
5.741345643997192
5.40988826751709
5.496666669845581
5.4456939697265625
5.326539516448975
5.36020302772522
5.3264319896698
5.234008550643921
5.433232307434082
5.333475351333618
5.412339448928833
5.531142950057983
5.368075609207153
5.423250436782837
5.4367969036102295
5.432835340499878
5.22406268119812
5.330021858215332
5.436224699020386
5.401091575622559
5.435542106628418
5.4604480266571045
5.3230860233306885
5.412730932235718
5.372731685638428
5.289765357971191
5.229584693908691
5.435278654098511
5.417255878448486
5.406267881393433
5.403681516647339
5.439251184463501
5.298012018203735
5.2634804248809814
5.253851413726807
5.33155369758606
5.512372732162476
5.3670618534088135
5.417609691619873
5.425688028335571
5.389801502227783
5.352567195892334
5.35575270652771
5.525642395019531
5.34627366065979
5.463270425796509
5.424803256988525
5.485778093338013
5.436611175537109
5.660351276397705
5.3871564865112305
5.403201103210449
5.400139331817627
5.427291631698608
5.420239686965942
5.26452374458313
5.323071241378784
5.351333856582642
5.316110849380493
5.370135545730591
5.301179885864258
5.421035289764404
5.485202312469482
5.328073978424072
5.169092893600464
5.435128927230835
5.473271369934082
5.307512521743774
5.242086172103882
5.289066791534424
5.252784252166748
5.426037073135376
5.305475473403931
5.28607439994812
5.449988603591919
5.2516303062438965
5.233985900878906
5.302639484405518
5.423272609710693
5.479358196258545
5.712041139602661
5.357515335083008
5.094496488571167
5.4728310108184814
5.256639719009399
5.378748178482056
5.300677299499512
5.366735935211182
5.22861385345459
5.375744342803955
5.398765563964844
5.286667108535767
5.399767637252808
5.38575553894043
5.306684494018555
5.340716123580933
5.299678325653076
5.24262809753418
5.277658700942993
5.365737676620483
5.383751392364502
5.359770774841309
5.352725028991699
5.408775806427002
5.421785831451416
5.344718933105469
5.420783519744873
5.4107770919799805
5.359731197357178
5.4678263664245605
5.215604066848755
5.436799764633179
5.457817792892456
5.360732793807983
5.30568265914917
5.369739294052124
5.426791429519653
5.345719814300537
5.323699235916138
5.457882642745972
5.274656295776367
5.392760515213013
5.4648237228393555
5.144540786743164
5.39976692199707
5.30468225479126
5.320696592330933
5.250633001327515
5.223611116409302
5.1895740032196045
5.409773826599121
5.34828519821167
5.335708856582642
5.1225221157073975
5.389758348464966
5.3257012367248535
5.3967649936676025
5.323699712753296
5.315692663192749
5.397763967514038
5.26764988899231
5.2946741580963135
5.2896692752838135
5.481840133666992
5.3357110023498535
5.360731601715088
5.404763698577881
5.4257893562316895
5.373743772506714
5.732059955596924
5.415777683258057
5.317694187164307
5.224612236022949
5.394762754440308
5.1815736293792725
5.306680917739868
5.38174843788147
5.335710287094116
5.332707405090332
5.798118352890015
5.343715190887451
5.344717979431152
5.264647483825684
5.245631217956543
5.339707374572754
5.356729030609131
5.353725910186768
5.407773017883301
5.064470052719116
5.353725910186768
5.163557291030884
5.340714454650879
5.341715335845947
5.3337082862854
5.436796188354492
5.365736246109009
5.376745939254761
5.371742248535156
5.345718860626221
5.359731197357178
5.233614206314087
5.257641077041626
5.423787355422974
5.332828521728516
5.349721431732178
5.392760515213013
5.19959020614624
5.244629383087158
5.418783187866211
5.286667585372925
5.260643720626831
5.261644601821899
5.330705881118774
5.3447349071502686
5.370741605758667
5.270652770996094
5.517869472503662
5.529882192611694
5.502234697341919
5.431794166564941
5.30468225479126
5.3457183837890625
5.326703310012817
5.371741771697998
5.289668560028076
5.340715408325195
5.253637075424194
5.3357110023498535
5.199589729309082
5.3917601108551025
5.353727102279663
5.421785354614258
5.384753942489624
5.229617118835449
5.36473536491394
5.285659313201904
5.321697235107422
5.362733602523804
5.3016791343688965
5.28466534614563
5.320696115493774
5.461645126342773
5.2576398849487305
5.365735769271851
5.453814506530762
5.348721265792847
5.36373496055603
5.1065075397491455
5.145541667938232
5.372742176055908
5.13453221321106
5.36573600769043
5.17256498336792
5.1305296421051025
5.127526521682739
5.280661582946777
5.286666631698608
5.236623048782349
5.115516185760498
5.2726545333862305
5.467826843261719
5.4418044090271
5.418782472610474
5.053950786590576
5.153548955917358
5.38175106048584
5.407772541046143
5.312688112258911
5.443805456161499
5.330704927444458
5.229615688323975
5.312687635421753
5.267651319503784
5.319690227508545
5.383753299713135
5.392801761627197
5.389798879623413
5.360772609710693
5.438840389251709
5.2316575050354
5.348761558532715
5.341755390167236
5.308725833892822
5.416822195053101
5.341756343841553
5.383792400360107
5.28270149230957
5.344756364822388
5.257680654525757
5.15666127204895
5.1916234493255615
5.261685132980347
5.328742504119873
5.2336585521698
5.40481162071228
5.367777585983276
5.367777347564697
5.272693395614624
5.2016308307647705
5.389798164367676
5.273695230484009
5.3117287158966064
5.266688585281372
5.394803762435913
5.389796733856201
5.307724952697754
5.408814191818237
5.246670961380005
5.12956690788269
5.30272102355957
5.4548563957214355
5.42983341217041
5.409815788269043
5.57996678352356
5.24967360496521
5.361772537231445
5.3477606773376465
5.411818027496338
5.337752342224121
5.654033184051514
5.314730167388916
5.289708852767944
5.428832054138184
5.362774133682251
5.29471492767334
5.463864088058472
5.2947142124176025
5.335748195648193
5.4508538246154785
5.296715497970581
5.27970027923584
5.286707401275635
5.159592151641846
5.398806810379028
5.322738170623779
5.20863676071167
5.283702611923218
5.356765985488892
5.354765892028809
5.321737766265869
5.266688108444214
5.35676908493042
5.418819427490234
5.293713331222534
5.394802808761597
5.382791996002197
5.322738885879517
5.335750579833984
5.457858562469482
5.34375524520874
5.361772060394287
5.244669437408447
5.488886117935181
5.406811714172363
5.299718618392944
5.205634355545044
5.326740980148315
5.2756969928741455
5.3547682762146
5.383792877197266
5.314731121063232
5.3127281665802
5.3227379322052
5.580662727355957
5.530165910720825
5.400808572769165
5.306725263595581
5.421825170516968
5.390798807144165
5.361774206161499
5.30772590637207
5.224650144577026
5.362774133682251
5.458859443664551
5.4168219566345215
5.2997190952301025
5.332747220993042
5.1856162548065186
5.445848226547241
5.26168417930603
5.360771894454956
5.42082667350769
5.382791996002197
5.4178242683410645
5.311728477478027
5.331745147705078
5.314731597900391
5.24867057800293
5.152587175369263
5.1736061573028564
5.309727668762207
5.1655988693237305
5.279697895050049
5.332746744155884
5.449852228164673
5.547938585281372
5.276697635650635
5.403810262680054
5.272692918777466
5.3377525806427
5.4028098583221436
5.290465354919434
5.335747957229614
5.231657266616821
5.350763559341431
5.417822599411011
5.235660791397095
5.352763652801514
5.477877855300903
5.34575891494751
5.306724548339844
5.336750030517578
5.2416651248931885
5.462863206863403
5.379789352416992
5.264686822891235
5.393803119659424
5.240665435791016
5.189619541168213
5.330745458602905
5.31072735786438
5.3607728481292725
5.312727451324463
5.244669198989868
5.390798091888428
5.405812501907349
5.342756748199463
5.330744028091431
5.2116405963897705
5.36477518081665
5.2566797733306885
5.233658790588379
5.396805286407471
5.26268458366394
5.379789590835571
5.228654861450195
5.394802570343018
5.317733526229858
5.281702756881714
5.312729358673096
5.311728000640869
5.269690752029419
5.342756032943726
5.172604560852051
5.333746433258057
5.454856872558594
5.208637475967407
5.371782541275024
5.1575915813446045
5.268690586090088
5.283729553222656
5.39283013343811
5.490917205810547
5.403840065002441
5.294743537902832
5.34878945350647
5.716119289398193
5.334778070449829
5.367807149887085
5.256708383560181
5.3627965450286865
5.268715858459473
5.218673229217529
5.241694688796997
5.249701738357544
5.310756683349609
5.3147594928741455
5.366805553436279
5.345787763595581
5.344786167144775
5.3808205127716064
5.13459849357605
5.212668180465698
5.419852018356323
5.3127593994140625
5.260711431503296
5.34178352355957
5.4178526401519775
5.313760280609131
5.198655843734741
5.392829179763794
5.421855449676514
5.285733938217163
5.267718553543091
5.175632953643799
5.309755086898804
5.456888198852539
5.371811151504517
5.262707233428955
5.402839183807373
5.419853687286377
5.440675735473633
5.151612997055054
5.317641973495483
5.23167872428894
5.255707263946533
5.420856237411499
5.284732341766357
5.351793050765991
5.029504776000977
5.176636695861816
5.344160556793213
5.4038405418396
5.315761566162109
5.332318067550659
5.167628288269043
5.370811700820923
5.386824369430542
5.179796934127808
5.394832372665405
5.231686592102051
5.309756755828857
5.393829822540283
5.330869436264038
5.469896554946899
5.206662654876709
5.2006566524505615
5.386824607849121
5.473902702331543
5.340782642364502
5.409845352172852
5.278727293014526
5.237691402435303
5.452884912490845
5.534956932067871
5.251703262329102
5.4869139194488525
5.380817890167236
5.243696928024292
5.46189022064209
5.358797311782837
5.145608425140381
5.205697774887085
5.345740079879761
5.299746513366699
5.381820440292358
5.425860166549683
5.260711431503296
5.495922803878784
5.311757326126099
5.365805625915527
5.421855926513672
5.297879457473755
5.3267717361450195
5.447879076004028
5.32577109336853
5.280729293823242
5.440872669219971
5.478916168212891
5.186644077301025
5.420854806900024
5.298746824264526
5.249701499938965
5.395832777023315
5.257709741592407
5.293741703033447
5.446877956390381
5.384821653366089
4.993472576141357
5.491917371749878
5.425859451293945
5.343786716461182
5.443876504898071
5.418851852416992
5.266717433929443
5.225679874420166
5.187645435333252
5.321766138076782
5.421857118606567
5.264716148376465
5.349791765213013
5.362801551818848
5.454885721206665
5.274724960327148
5.3888258934021
5.403839111328125
5.3978965282440186
5.356796741485596
5.379818439483643
5.237689733505249
5.306753635406494
5.285733938217163
5.333774566650391
5.381819725036621
5.277184247970581
5.324769020080566
5.405480623245239
5.398836135864258
5.426860570907593
5.4058403968811035
5.33477783203125
5.385557174682617
5.255705833435059
5.46490740776062
5.468897581100464
5.3087546825408936
5.405842065811157
5.503928899765015
5.365806341171265
5.421854496002197
5.384823322296143
5.591006755828857
5.319764852523804
5.439871549606323
5.39783239364624
5.432866096496582
5.2807300090789795
5.372811555862427
5.362802982330322
5.378810405731201
5.353796482086182
5.2027037143707275
5.324768543243408
5.368836164474487
5.3948304653167725
5.234688758850098
5.348791599273682
5.325770378112793
5.395833253860474
5.439870595932007
5.247699975967407
5.303750038146973
5.402841091156006
5.363825082778931
5.32178521156311
5.409864902496338
5.3858418464660645
5.504950523376465
5.351814031600952
5.418874263763428
5.193671464920044
5.1726531982421875
5.474926233291626
5.402860403060913
5.132610082626343
5.467918157577515
5.369831562042236
5.476926565170288
5.403860092163086
5.4058616161346436
5.2226667404174805
5.312247276306152
5.287755966186523
5.324790954589844
5.492940187454224
5.457909345626831
5.367829084396362
5.389849424362183
5.254726886749268
5.4188759326934814
5.480928182601929
5.402867794036865
5.408864736557007
5.344807863235474
5.405861139297485
5.191669225692749
5.340803623199463
5.3287928104400635
5.307775259017944
5.28174901008606
5.426882982254028
5.509956121444702
5.27774715423584
5.327792406082153
5.365825176239014
5.532977819442749
5.484933614730835
5.27574610710144
5.29376220703125
5.372832775115967
5.304771661758423
5.453904867172241
5.387845516204834
5.2737438678741455
5.394851922988892
5.400858402252197
5.366826772689819
5.4729228019714355
5.581020355224609
5.346808195114136
5.205682992935181
5.419875860214233
5.380840063095093
5.421875953674316
5.237709999084473
5.331796407699585
5.211686849594116
5.385844707489014
5.232707977294922
5.4198737144470215
5.286755084991455
5.235709190368652
5.399859189987183
5.235708951950073
5.400859117507935
5.372833013534546
5.307774066925049
5.407864093780518
5.348812103271484
5.256726264953613
5.390849590301514
5.275745391845703
5.354815721511841
5.270348310470581
5.129614353179932
5.216691493988037
5.382840633392334
5.363825082778931
5.564005136489868
5.3558173179626465
5.333795547485352
5.223699331283569
5.9533531665802
5.348811388015747
5.319784164428711
5.327792167663574
5.5099568367004395
5.4118688106536865
5.502949953079224
5.313778638839722
5.19166898727417
5.411869049072266
5.40586256980896
5.527972459793091
5.581019639968872
5.2517218589782715
5.1886656284332275
5.4569079875946045
5.5800158977508545
5.517961502075195
5.428883075714111
5.363825082778931
5.4849348068237305
5.380840539932251
5.581018447875977
5.3648247718811035
5.468915224075317
5.383843421936035
5.532976865768433
5.4639153480529785
5.4308857917785645
5.249722003936768
5.284753799438477
5.3998565673828125
5.303770065307617
5.500947952270508
5.401857376098633
5.44990086555481
5.450902223587036
5.2567291259765625
5.37483549118042
5.67710542678833
5.7351579666137695
5.184662342071533
5.379838228225708
5.479929685592651
5.62305760383606
5.423880338668823
5.2997660636901855
5.243716716766357
5.464917182922363
5.489936351776123
5.295763254165649
5.2216973304748535
5.456907749176025
5.5870256423950195
5.654084920883179
5.404860019683838
5.333799123764038
5.571011304855347
5.783201456069946
5.721145391464233
5.373831510543823
5.391849994659424
5.3408043384552
5.498945713043213
5.5950329303741455
5.6350672245025635
5.269740343093872
5.41286826133728
5.4849348068237305
5.574014186859131
5.536980152130127
5.447894811630249
5.237711429595947
5.5349791049957275
5.5380377769470215
5.60103702545166
5.36482572555542
5.170651197433472
5.379838705062866
5.649080276489258
5.567007541656494
5.539579153060913
5.281309604644775
5.521981239318848
5.507969379425049
5.468935251235962
5.4258949756622314
5.385708332061768
5.486948728561401
5.479945421218872
5.382856607437134
5.400871515274048
5.142641305923462
5.673119306564331
5.499963760375977
5.409881591796875
5.442910194396973
5.513975143432617
5.366840600967407
5.554011821746826
5.49795937538147
5.5309906005859375
5.304786682128906
5.294776916503906
5.476964235305786
5.669114589691162
5.4078779220581055
5.28777003288269
5.572014808654785
5.512972831726074
5.426897287368774
5.581035375595093
5.660105466842651
5.444910526275635
5.491955280303955
5.319799423217773
5.505966663360596
5.547003984451294
5.515976190567017
5.4359047412872314
5.5169782638549805
5.712153434753418
5.525984525680542
5.391864538192749
5.343821048736572
5.437907695770264
5.587038993835449
5.647093772888184
5.377851963043213
5.4579246044158936
5.432901859283447
5.600052833557129
5.693136692047119
5.4899516105651855
5.3007824420928955
5.420891761779785
5.602055788040161
5.54900598526001
5.299781322479248
5.418888330459595
5.594044923782349
5.690133094787598
6.368744611740112
6.660008430480957
6.6243672370910645
6.065617322921753
5.903214454650879
6.008241891860962
5.788510799407959
5.711681127548218
5.608059644699097
5.586039781570435
5.533992528915405
5.447914123535156
6.417789459228516
5.577029228210449
5.525985956192017
5.6460936069488525
5.508970260620117
5.542999744415283
5.475939512252808
5.52898907661438
5.862288236618042
5.805235385894775
5.5279858112335205
5.905328035354614
5.493955850601196
5.769203424453735
6.232622385025024
5.532991409301758
5.49795937538147
5.551008701324463
6.5034499168396
6.640099287033081
5.745286703109741
5.7404563426971436
6.111982345581055
6.173534631729126
6.0518858432769775
6.036907196044922
5.946500301361084
5.941544532775879
5.88210916519165
5.7290568351745605
5.732901096343994
5.795212984085083
5.84773063659668
5.740594387054443
5.7159693241119385
5.793225049972534
5.689990282058716
5.712925910949707
5.82754111289978
5.837570905685425
5.869736433029175
5.792295455932617
5.833137035369873
5.7356133460998535
5.804418325424194
5.800208806991577
5.881961345672607
5.824281215667725
5.818206548690796
5.722543716430664
5.711259603500366
5.713923454284668
5.803744554519653
5.841997385025024
5.775550842285156
5.789288282394409
5.749572992324829
5.7511725425720215
5.8542561531066895
5.806494474411011
5.836101531982422
5.900851249694824
5.774370908737183
5.823818206787109
5.890008926391602
6.102810859680176
7.3173980712890625
7.285573720932007
6.437625885009766
6.723479270935059
5.916204452514648
6.050043821334839
5.818523645401001
5.844546794891357
6.203431129455566
5.89235258102417
5.764388561248779
5.818921327590942
5.885730266571045
5.9699437618255615
5.776695966720581
6.038725137710571
6.124941825866699
6.218873023986816
5.851763486862183
5.853985071182251
5.698251247406006
5.737871885299683
5.806441783905029
5.670477867126465
5.683892250061035
5.92069935798645
5.958070755004883
5.948176145553589
5.7777533531188965
5.801356315612793
5.694993495941162
5.727595090866089
5.839777231216431
5.822053909301758
5.642441749572754
5.755898952484131
5.744170665740967
5.628233432769775
5.847319841384888
5.733417272567749
5.71391224861145
5.780338525772095
5.720783472061157
5.728693246841431
5.778137445449829
5.703714847564697
5.747754096984863
5.788427829742432
6.11434006690979
5.6839683055877686
5.663891553878784
5.705558776855469
5.711735010147095
5.682833194732666
5.8585522174835205
5.613970518112183
5.687382459640503
6.084618091583252
5.784921407699585
5.744508266448975
5.85810661315918
5.723957538604736
6.137308359146118
5.707160234451294
5.515988349914551
5.504976511001587
5.6150782108306885
5.5470147132873535
5.557024955749512
5.941373348236084
5.6811363697052
5.467943906784058
5.446925163269043
5.5189902782440186
5.743194103240967
6.264664649963379
6.793142080307007
6.19960618019104
5.765213251113892
5.898396968841553
6.108522176742554
5.776223182678223
5.636097192764282
5.6741321086883545
5.759207010269165
5.927362680435181
5.961390256881714
5.877315282821655
6.195601940155029
6.071490287780762
6.378430128097534
5.832273244857788
5.7491984367370605
5.711164236068726
5.8232643604278564
5.6971516609191895
5.751200914382935
5.884324789047241
5.6651222705841064
5.880313158035278
5.688143253326416
5.6370017528533936
5.642275810241699
6.205610990524292
5.717170715332031
5.701152563095093
5.783229112625122
5.595059633255005
5.668125152587891
5.678134918212891
5.780227899551392
5.645104646682739
5.652852535247803
5.651109933853149
5.796677112579346
5.705158710479736
6.134854793548584
5.770217418670654
5.66312050819397
5.779227256774902
5.789012670516968
5.631092309951782
5.697151184082031
5.638098478317261
5.654979228973389
5.654117107391357
5.671128273010254
5.61307692527771
5.5780439376831055
6.14147162437439
6.059479236602783
5.682137966156006
5.896495580673218
5.7321577072143555
5.681681871414185
5.729708909988403
5.9493794441223145
5.743194103240967
5.828269958496094
5.876241445541382
5.692147254943848
6.045104026794434
5.7461957931518555
5.882319688796997
5.92822003364563
5.6991541385650635
5.727177858352661
5.7251763343811035
5.765214443206787
5.7061614990234375
6.180588245391846
5.632093191146851
5.864302635192871
5.742192983627319
5.6871421337127686
5.738188743591309
5.74219274520874
5.642101764678955
5.697150945663452
5.846286773681641
6.210614442825317
6.086507558822632
5.807252407073975
5.992417573928833
5.70515775680542
5.689145565032959
5.76621413230896
5.7792253494262695
5.6381001472473145
5.59305739402771
5.756205320358276
5.81021523475647
5.981408357620239
5.748198509216309
5.751201152801514
5.7141664028167725
5.910343408584595
5.816166877746582
5.613075256347656
5.779226064682007
6.1785876750946045
5.746195316314697
5.657114267349243
5.55802583694458
5.603072166442871
5.588060140609741
5.496978521347046
5.511993169784546
5.558034181594849
5.9483864307403564
5.869315147399902
5.778233289718628
5.7472052574157715
5.6401073932647705
5.777228593826294
5.791245222091675
5.6901535987854
5.707167387008667
5.640107870101929
5.814266681671143
5.743202447891235
5.720181465148926
5.788243532180786
5.945385456085205
5.94037938117981
5.654121398925781
5.7281882762908936
5.548024892807007
5.666132211685181
5.674139022827148
5.730189323425293
5.64911675453186
5.6481122970581055
5.767222881317139
5.596067667007446
5.9183595180511475
6.1966118812561035
5.818267822265625
6.119731664657593
5.591054916381836
5.611082315444946
5.477961778640747
5.560036659240723
5.544021129608154
5.567042350769043
5.61208176612854
5.546022653579712
5.53200626373291
5.516716480255127
5.616032361984253
5.781236171722412
5.468954086303711
5.483785390853882
5.502983570098877
5.547023773193359
5.489973306655884
5.952390193939209
5.434919118881226
5.51299262046814
5.48396635055542
5.427915573120117
5.7422003746032715
5.509989500045776
5.7101709842681885
5.662128925323486
5.54802393913269
5.494976758956909
5.758214712142944
5.566041469573975
5.485966205596924
5.532009840011597
5.5290069580078125
5.526004314422607
5.457942962646484
5.597066402435303
5.605075120925903
5.503985643386841
6.1206724643707275
5.673137426376343
5.44392991065979
5.450931549072266
5.52800726890564
5.823272228240967
5.829280138015747
5.822198867797852
5.452938795089722
5.646113872528076
5.500980615615845
5.747204303741455
5.5189971923828125
5.56303858757019
5.478962182998657
5.508988857269287
5.7932469844818115
5.727186441421509
5.791242837905884
5.513993263244629
5.508988857269287
5.703165292739868
5.4759604930877686
5.452938556671143
5.582054853439331
5.543355941772461
5.498979091644287
5.479963779449463
5.469954252243042
5.526005029678345
5.551027536392212
5.492974758148193
5.503984212875366
5.592064619064331
5.527005672454834
5.468954086303711
5.481963872909546
5.479963779449463
5.458944320678711
5.5129923820495605
5.562037467956543
5.485968112945557
5.612082004547119
5.43091893196106
5.437925100326538
5.537015199661255
5.522000789642334
5.515995264053345
5.538016080856323
5.551028251647949
5.5002710819244385
5.697158575057983
5.65812349319458
5.442929029464722
5.489973306655884
5.491973638534546
5.943382501602173
5.491972923278809
5.554027318954468
5.433921575546265
5.771228313446045
5.477961301803589
5.3748674392700195
5.419908285140991
5.454939842224121
5.817268133163452
5.817267179489136
5.6300976276397705
5.504986763000488
5.4709553718566895
5.716176986694336
5.5099897384643555
5.472564220428467
5.53801417350769
5.6881513595581055
5.458944082260132
5.517996549606323
5.5490264892578125
5.830280303955078
5.528005361557007
5.4849677085876465
5.767222166061401
5.938272476196289
5.877321243286133
5.563036680221558
5.505985975265503
5.441927671432495
5.4239113330841064
5.554030656814575
5.909351587295532
5.784238338470459
5.856309413909912
5.428921937942505
5.46495509147644
5.478862762451172
5.836296081542969
5.5620434284210205
5.493980646133423
5.4829723834991455
5.747210502624512
5.404900550842285
5.486976146697998
5.536019563674927
5.7482123374938965
5.558039903640747
5.499986886978149
5.5660459995269775
5.459951639175415
5.908354997634888
5.391888856887817
5.442520618438721
5.434928894042969
5.471962928771973
5.450942516326904
5.808266639709473
5.805263519287109
5.448940753936768
5.58105993270874
5.5930705070495605
5.409904718399048
5.4199135303497314
5.4869749546051025
5.451941728591919
5.579058647155762
5.450654983520508
5.522006511688232
5.519205093383789
5.436929225921631
5.456949710845947
5.490979433059692
5.494981050491333
5.525009632110596
5.469160795211792
5.455946445465088
5.450942277908325
5.430925369262695
5.442934274673462
5.449939489364624
5.501989841461182
5.449941873550415
5.4919798374176025
5.546029090881348
5.510996341705322
5.606082916259766
5.741206407546997
5.471960783004761
5.679149866104126
5.697163820266724
5.539022445678711
5.73219895362854
5.811269521713257
5.826282739639282
5.6841535568237305
5.457948684692383
5.781242370605469
5.52200722694397
5.456947088241577
5.863316774368286
5.70216965675354
5.695166349411011
5.4259192943573
5.467958211898804
5.469959497451782
5.574053764343262
5.462954044342041
5.499986171722412
5.572055816650391
5.787246942520142
5.49998664855957
5.457950115203857
5.489978790283203
5.696164846420288
5.518152236938477
5.547029256820679
5.437930107116699
5.546027660369873
5.408904790878296
5.428668975830078
5.494982957839966
5.496739387512207
5.76154088973999
5.6621339321136475
5.381879806518555
5.479968070983887
5.466956377029419
5.388886451721191
5.497985601425171
5.56404447555542
5.566046237945557
5.43192720413208
5.776237726211548
5.417912721633911
5.439931631088257
5.579057455062866
5.50499153137207
5.485974550247192
5.5510334968566895
5.5069921016693115
5.568049430847168
5.369870185852051
5.470960855484009
5.4369306564331055
5.8843348026275635
5.373873949050903
5.487975597381592
5.493480682373047
5.3488500118255615
5.920368194580078
5.903352975845337
6.0584938526153564
5.693161725997925
5.92136812210083
5.732197523117065
5.571050643920898
5.49795937538147
5.526011943817139
5.5210065841674805
5.4659552574157715
5.589068174362183
5.435929536819458
5.741205930709839
5.480969429016113
5.4769673347473145
5.468958616256714
5.360860347747803
5.483175039291382
5.526010036468506
5.78126859664917
5.584062814712524
5.495983123779297
5.477966785430908
5.458948612213135
5.539022207260132
5.403899908065796
5.535018444061279
5.8442981243133545
5.534018039703369
5.417912006378174
5.45894980430603
5.430924654006958
5.665136814117432
5.424921035766602
5.557040452957153
5.471961736679077
5.758221387863159
5.517651796340942
5.527010679244995
5.493981599807739
5.504991769790649
5.4077911376953125
5.506992340087891
5.531015872955322
5.605117082595825
5.388885259628296
5.541027069091797
5.45094633102417
5.449944972991943
5.410931587219238
5.471965312957764
5.5430309772491455
5.560045480728149
5.559044599533081
5.408908843994141
5.491983413696289
5.534021377563477
5.458954334259033
5.482976198196411
5.505997657775879
5.473966836929321
5.439936637878418
5.471965312957764
5.44293999671936
5.486979722976685
5.572056770324707
5.5030083656311035
5.601083040237427
5.468962907791138
5.605086088180542
5.462958335876465
5.490982294082642
5.835295915603638
5.587913274765015
5.584068059921265
5.454950571060181
5.4008588790893555
5.47997260093689
5.774240016937256
5.459954023361206
5.511001110076904
5.6059324741363525
5.546032428741455
5.47496771812439
5.4039037227630615
5.526015043258667
5.69917368888855
5.543030023574829
5.564049005508423
5.504995346069336
5.519007682800293
5.743211507797241
5.488771915435791
5.362865924835205
5.65012526512146
5.673147678375244
5.509998798370361
5.408906936645508
5.790254592895508
5.820281505584717
5.533020973205566
5.57205605506897
5.37587833404541
5.354858875274658
5.485978364944458
5.622101545333862
5.662137269973755
5.60608696937561
5.537024259567261
5.552038192749023
5.485977411270142
5.462957859039307
5.484978675842285
5.484976768493652
5.500992774963379
5.526013374328613
5.473966836929321
5.45495080947876
5.4109110832214355
5.373876333236694
5.428926229476929
5.5730578899383545
5.554040193557739
5.554040193557739
5.516004323959351
5.498991012573242
5.534021854400635
5.529016971588135
5.555041313171387
5.556042432785034
5.459954023361206
5.465959548950195
5.448943138122559
5.460954189300537
5.454949617385864
5.445942163467407
5.516005516052246
5.488982200622559
5.545032501220703
5.471965789794922
5.54403018951416
5.434931755065918
5.488979816436768
5.558357000350952
5.482203483581543
5.477970123291016
5.539346694946289
5.536903619766235
5.492984294891357
5.421483278274536
5.535022974014282
5.463959217071533
5.5330212116241455
5.4129111766815186
5.6351141929626465
5.462957859039307
5.396896839141846
5.32866907119751
5.7271974086761475
5.747215270996094
5.402903318405151
5.368871212005615
5.9393885135650635
5.56605076789856
5.905358076095581
5.512001276016235
5.395897626876831
5.486979246139526
5.492985010147095
5.456952095031738
5.493987083435059
5.514004230499268
5.356863737106323
5.389891624450684
5.428926229476929
5.418917417526245
5.491984128952026
5.520009756088257
5.539027690887451
5.544029712677002
5.42892599105835
5.430928468704224
5.490983009338379
5.4499452114105225
5.525014638900757
5.471965312957764
5.484976768493652
5.440091609954834
5.45495080947876
5.467962026596069
5.713184595108032
5.691875696182251
5.781245231628418
5.711182117462158
5.775241374969482
5.520009279251099
5.490791082382202
5.418367385864258
5.489880323410034
5.5258262157440186
5.4769697189331055
5.463958978652954
5.468964099884033
5.46996283531189
5.5640480518341064
5.3818840980529785
5.525013446807861
5.525013446807861
5.491983413696289
5.516005039215088
5.475969314575195
5.4949891567230225
5.515020132064819
5.382887363433838
5.444943904876709
5.432933330535889
5.509227752685547
5.430931091308594
5.482978582382202
5.538028240203857
5.3678741455078125
5.412914276123047
5.8022682666778564
5.8993566036224365
5.731203556060791
5.762231111526489
5.5270164012908936
5.463962078094482
5.429929733276367
5.443942070007324
5.524014711380005
5.528512954711914
5.5160088539123535
5.450948238372803
5.402905464172363
5.519012451171875
5.502996444702148
5.461959362030029
5.475971698760986
5.521012544631958
5.4519500732421875
5.555042505264282
5.436937093734741
5.503997087478638
5.496990919113159
5.4459452629089355
5.42692756652832
5.525015354156494
5.541031837463379
5.4470226764678955
5.455954074859619
5.404907464981079
5.694170236587524
5.74221396446228
5.435935020446777
5.623337268829346
5.853410243988037
5.787967681884766
5.545032739639282
5.497990369796753
5.466965198516846
5.545033931732178
5.4949891567230225
5.454951763153076
5.460958480834961
5.537027835845947
5.42292332649231
5.481977701187134
5.404906988143921
5.405908584594727
5.50600004196167
5.410912752151489
5.544034957885742
5.559146165847778
5.470966815948486
5.4669623374938965
5.433938264846802
5.476973056793213
5.487982511520386
5.425928115844727
5.547036647796631
5.5700578689575195
5.527016878128052
5.402104616165161
5.742214202880859
5.873868703842163
5.436161994934082
5.518009185791016
5.875333309173584
5.988436460494995
5.866319894790649
5.820284843444824
5.546034574508667
5.485985517501831
5.501996278762817
5.533024072647095
5.5288097858428955
5.545034885406494
5.518953800201416
5.47997522354126
5.47897481918335
5.425927639007568
5.487982511520386
5.480977535247803
5.450949192047119
5.439939498901367
5.458956480026245
5.422923803329468
5.42385196685791
5.486981391906738
5.49999475479126
5.476972579956055
5.459958076477051
5.479979991912842
5.449947834014893
5.491986513137817
5.4129133224487305
5.510880708694458
5.534023284912109
5.493988752365112
5.454953670501709
5.433932781219482
5.497990846633911
5.47396993637085
5.403905868530273
5.462959051132202
5.474971532821655
5.419921875
5.527018308639526
5.437938213348389
5.440939664840698
5.5506181716918945
5.609092712402344
5.488982200622559
5.471031665802002
5.459959030151367
5.437937259674072
5.5570454597473145
5.459956645965576
5.497992038726807
5.440938711166382
5.449946880340576
5.432932138442993
5.546034812927246
5.512006521224976
5.4249255657196045
5.4719696044921875
5.4719672203063965
5.5410308837890625
5.342723846435547
5.461958885192871
5.500994443893433
5.39089560508728
5.50199556350708
5.538489580154419
5.373883008956909
5.417917728424072
5.278793096542358
5.412914514541626
5.430931329727173
5.423922300338745
5.446946382522583
5.609092712402344
5.559047698974609
5.490985631942749
5.2908031940460205
5.513004541397095
5.406909465789795
5.507547378540039
5.494989395141602
5.557044744491577
5.605088710784912
5.392896413803101
5.384890079498291
5.4359354972839355
5.345853567123413
5.289804935455322
5.458959341049194
5.382888317108154
5.271788835525513
5.432935476303101
5.609095335006714
5.4359376430511475
5.4549548625946045
5.42725396156311
5.471969366073608
5.4184181690216064
5.394900321960449
5.418922185897827
5.499995231628418
5.468968152999878
5.441945791244507
5.4379401206970215
5.319831132888794
5.4089131355285645
5.42192530632019
5.421924829483032
5.345855951309204
5.442944049835205
5.3688764572143555
5.395902633666992
5.4419426918029785
5.353862762451172
5.291808128356934
5.344855070114136
5.459960222244263
5.429931163787842
5.363872051239014
5.398904085159302
5.415618658065796
5.348859548568726
5.434936761856079
5.415919303894043
5.435939073562622
5.37187933921814
5.431934833526611
5.5050208568573
5.422924757003784
5.347858667373657
5.382889986038208
5.486984491348267
5.425936937332153
5.40591025352478
5.422926664352417
5.669150352478027
5.597537040710449
5.52001428604126
5.794265270233154
5.503999710083008
5.852316856384277
5.7251996994018555
5.691168785095215
5.555046558380127
5.497994899749756
5.448949813842773
5.651134014129639
5.414918661117554
5.493990898132324
5.529022216796875
5.997866630554199
5.995097875595093
8.108988046646118
8.48240852355957
6.043691158294678
6.161191701889038
6.18089485168457
6.202633619308472
6.137573719024658
6.3370890617370605
5.730208158493042
5.943438529968262
5.781850337982178
5.720746755599976
5.700490713119507
5.657973766326904
5.634840250015259
5.740060329437256
5.622071981430054
5.656577110290527
5.756232500076294
5.6697838306427
5.634406805038452
5.630567312240601
5.817013502120972
5.830962181091309
6.0115275382995605
5.705270051956177
5.941090822219849
5.688032388687134
5.56978178024292
5.62318754196167
5.597489595413208
5.662935495376587
5.629716634750366
6.2351438999176025
6.262424945831299
6.484898567199707
6.0214684009552
5.417921304702759
6.634026288986206
6.256170988082886
5.795069694519043
6.128194332122803
5.835829734802246
5.822117567062378
5.932323455810547
5.796684980392456
5.8332905769348145
5.999250888824463
5.8089072704315186
5.772456169128418
6.055900812149048
