Timing log for each step:
0.01901721954345703
5.594099521636963
5.497011184692383
5.5610692501068115
5.602106094360352
5.448967695236206
5.442962646484375
5.5780839920043945
5.541051387786865
5.502016305923462
5.429951190948486
5.511023044586182
5.556063890457153
5.515027284622192
5.44596529006958
5.53904914855957
5.525036811828613
5.437957763671875
5.444965839385986
5.7942821979522705
5.551059007644653
5.562069654464722
5.4599761962890625
5.542051792144775
5.510023355484009
5.477994203567505
5.601106882095337
5.598103046417236
5.483999490737915
5.5740807056427
5.594097852706909
5.548058032989502
5.552062034606934
5.575081825256348
5.600103378295898
5.545053482055664
5.53304386138916
5.573080778121948
5.4920055866241455
5.4910054206848145
5.755244493484497
5.57107949256897
5.511023283004761
5.534045934677124
5.557066440582275
5.505020380020142
5.527038335800171
5.548056602478027
5.571079730987549
5.545056581497192
5.580084800720215
5.564072370529175
5.552059650421143
5.626130104064941
5.630131244659424
5.744235038757324
5.55806565284729
5.451970815658569
5.508021116256714
5.541051149368286
5.558066368103027
5.622126340866089
5.552061557769775
5.605109930038452
5.649149179458618
5.608112573623657
5.612116098403931
5.568077564239502
5.593098402023315
5.548057794570923
5.6541523933410645
5.612117052078247
5.718211889266968
5.525034189224243
5.572079420089722
5.784273386001587
5.642144680023193
5.656156301498413
5.579083442687988
5.584091424942017
5.733227014541626
5.77826714515686
5.729223251342773
5.849331617355347
5.63413667678833
5.734229803085327
5.5860936641693115
5.778268098831177
5.62712836265564
5.758249759674072
5.856340646743774
5.629131555557251
5.842325210571289
5.871350049972534
5.53504490852356
5.566073894500732
5.594099760055542
5.789276599884033
5.559067964553833
5.680179119110107
5.5981035232543945
5.79628324508667
5.756247520446777
5.652152061462402
5.613117218017578
5.558067560195923
5.683181047439575
5.780268669128418
5.618120908737183
5.823308706283569
5.766258001327515
5.710204362869263
5.632134437561035
5.569077014923096
5.607112169265747
5.742234468460083
5.784272909164429
5.539050340652466
5.555065631866455
5.801289081573486
5.71921443939209
5.611115455627441
5.76025128364563
5.8643457889556885
5.758249998092651
5.754244327545166
5.59710431098938
5.831316232681274
5.627130508422852
5.522033452987671
5.747239112854004
5.617121458053589
5.526037216186523
5.712207555770874
5.637139081954956
5.6391401290893555
5.548058271408081
5.678176641464233
4.962524652481079
5.6761744022369385
5.6431450843811035
5.524036645889282
5.752242803573608
5.719213962554932
5.634136915206909
5.494008541107178
5.513026475906372
5.529040575027466
5.572080612182617
5.703199625015259
5.626129627227783
5.551061391830444
5.9434192180633545
5.657156705856323
5.532043695449829
5.517030239105225
5.554063558578491
5.676174640655518
5.559068202972412
5.516029119491577
5.753246307373047
5.595101833343506
5.599104166030884
5.665164947509766
5.747240304946899
5.644145488739014
5.646146774291992
5.525037527084351
5.653153896331787
5.733227252960205
5.565074682235718
5.612114667892456
5.689186334609985
5.6581597328186035
5.719214916229248
5.7302234172821045
5.662161588668823
5.79928731918335
5.739231824874878
5.734228134155273
5.708204030990601
5.663163185119629
5.7612528800964355
5.630133152008057
5.76425576210022
5.680179834365845
5.669169187545776
5.757249355316162
5.68618369102478
5.721216440200806
5.704200267791748
5.701196908950806
5.642143487930298
5.795284271240234
5.802289724349976
5.742234468460083
5.67517352104187
5.755246877670288
5.60711145401001
5.652153015136719
5.71220850944519
5.808295249938965
5.867348670959473
5.828313827514648
5.972445011138916
5.921398162841797
6.018487930297852
5.944418907165527
5.6861841678619385
5.744235992431641
5.79828667640686
5.705201864242554
5.705201864242554
5.591097831726074
5.634137153625488
5.632135629653931
5.628132104873657
5.879361152648926
5.672171115875244
5.740233659744263
5.66916823387146
5.7432355880737305
5.733226537704468
5.693190097808838
5.752244234085083
5.629132270812988
5.73222541809082
5.700196981430054
5.688185691833496
5.730223655700684
5.637139797210693
5.709205389022827
5.705201864242554
5.655156135559082
5.667167663574219
5.733227014541626
5.720214605331421
5.746240139007568
5.717212677001953
5.668168067932129
5.748240947723389
5.680178642272949
5.727221488952637
5.735229253768921
5.705201148986816
5.640140771865845
5.687184572219849
5.722216606140137
5.739230632781982
5.652154445648193
5.662163734436035
5.639140844345093
5.741233587265015
5.690186977386475
5.67717719078064
5.634137392044067
5.722217321395874
5.6961939334869385
5.6001057624816895
5.751244068145752
5.756248235702515
5.707202911376953
5.6301329135894775
5.688185930252075
5.6431427001953125
5.660161018371582
5.7412331104278564
5.670169353485107
5.697194337844849
5.64814829826355
5.721216201782227
5.653154134750366
5.7192137241363525
5.582088232040405
5.621124744415283
5.649150848388672
5.680178880691528
5.687184810638428
5.647149562835693
5.6761744022369385
5.63013219833374
5.639141082763672
5.65015172958374
5.581087112426758
5.622123956680298
5.696193695068359
5.883363246917725
5.654154300689697
5.668168306350708
5.729223728179932
5.597103118896484
5.697193384170532
5.6511523723602295
5.630133628845215
5.655155658721924
5.654154062271118
5.696192502975464
5.536047697067261
5.558067798614502
5.494007587432861
5.695192098617554
5.635138273239136
5.5510594844818115
5.544054746627808
5.5430521965026855
5.5460569858551025
5.517029762268066
5.524036169052124
5.5830910205841064
5.629132986068726
5.482999801635742
5.567075967788696
5.487001657485962
5.510023355484009
5.569077491760254
5.924401044845581
5.677175283432007
5.4910056591033936
5.576082944869995
5.5200324058532715
5.505018711090088
5.588094711303711
5.558067321777344
5.860341548919678
5.562071084976196
5.552061319351196
5.6261279582977295
5.536045789718628
5.592098236083984
5.549057960510254
5.598102807998657
5.613116979598999
5.5460569858551025
5.490004777908325
5.55606484413147
5.546056270599365
5.564072847366333
5.520033121109009
5.565073251724243
5.558067560195923
5.548058032989502
5.557065725326538
5.58309006690979
5.538048267364502
5.5580668449401855
5.5140275955200195
5.577084541320801
5.499013185501099
5.5360472202301025
5.580087900161743
5.494009256362915
5.673171520233154
5.541052341461182
5.496010065078735
5.448967933654785
5.6621623039245605
5.781270742416382
5.610114812850952
5.567075490951538
5.473989963531494
5.4619786739349365
5.593099117279053
5.517029285430908
5.509022235870361
5.548057317733765
5.503014326095581
5.543053388595581
5.5250372886657715
5.564072847366333
5.584090709686279
5.643145799636841
5.560068607330322
5.534045696258545
5.596101522445679
5.4950103759765625
5.589095830917358
5.574084758758545
5.779268026351929
5.610114812850952
5.559067726135254
5.612117528915405
5.506020784378052
5.529040813446045
5.573080539703369
5.775264263153076
5.516028881072998
5.532044172286987
5.490005731582642
5.603108167648315
5.615119457244873
5.512026309967041
5.544054746627808
5.746239185333252
5.553062915802002
5.505018949508667
5.641143083572388
5.560067415237427
5.526036977767944
5.526035785675049
5.888368129730225
5.538048505783081
5.579086780548096
5.649150133132935
5.47199010848999
5.4900054931640625
5.605110168457031
5.542052984237671
5.520033359527588
5.541051626205444
5.675173997879028
5.532042980194092
5.533044338226318
5.649150609970093
5.561070203781128
5.575083017349243
5.511024236679077
5.613118886947632
5.593099355697632
5.515028238296509
5.5840911865234375
5.5330445766448975
5.513026475906372
5.544054985046387
5.585092306137085
5.482999086380005
5.544054985046387
5.501014709472656
5.6961939334869385
5.587094068527222
5.51903223991394
5.556065559387207
5.618122339248657
5.572080612182617
5.505019187927246
5.52503514289856
5.6141180992126465
5.679177284240723
5.499011754989624
5.5570666790008545
5.512025594711304
5.508021354675293
5.558067798614502
5.60711145401001
5.585091590881348
5.579087257385254
5.6341376304626465
5.422945261001587
5.60511040687561
5.61011528968811
5.526037693023682
5.498013496398926
5.489004135131836
5.564072608947754
5.480997085571289
5.552062273025513
5.566074371337891
5.549058437347412
5.607112646102905
5.502015113830566
5.524036407470703
5.580086946487427
5.5991051197052
5.552062034606934
5.61812162399292
5.522034645080566
5.575082778930664
5.546056032180786
5.688185453414917
5.62312650680542
5.6591596603393555
5.566073894500732
5.484992504119873
5.567074775695801
5.5850913524627686
5.506019830703735
5.6141180992126465
5.527038812637329
5.545055627822876
5.519032001495361
5.4860005378723145
5.534045696258545
5.575082302093506
5.619123458862305
5.828312158584595
5.604109764099121
5.587094783782959
5.66516375541687
5.5880937576293945
5.5650739669799805
5.614118337631226
5.535046339035034
5.546057939529419
5.647149085998535
5.571078538894653
5.534044027328491
5.591098070144653
5.564072847366333
5.6321351528167725
5.6141180992126465
5.619122743606567
5.536047697067261
5.568075895309448
5.564072608947754
5.581087589263916
5.5030176639556885
5.559068441390991
5.541052341461182
5.51402735710144
5.536048173904419
5.559068441390991
5.565073013305664
5.574081897735596
5.493008375167847
5.5630717277526855
5.565073251724243
5.5370471477508545
5.490005254745483
5.469986438751221
5.553062200546265
5.486001253128052
5.576083660125732
5.555064916610718
5.529041290283203
5.574081182479858
5.485000848770142
5.52003026008606
5.656156063079834
5.6401426792144775
5.447966814041138
5.555064678192139
5.6381402015686035
5.5740814208984375
5.638139247894287
5.545055150985718
5.588092803955078
5.618122100830078
5.474992275238037
5.576084613800049
5.517030239105225
5.520033121109009
5.632133960723877
5.6331353187561035
5.500014066696167
5.5500593185424805
5.571079730987549
5.686185121536255
5.969174146652222
5.675173282623291
5.6671671867370605
5.672170400619507
5.6641645431518555
5.658157587051392
5.950424909591675
5.79528284072876
5.679176092147827
5.632134437561035
5.706201553344727
5.67517352104187
5.673173427581787
5.651151180267334
5.6881842613220215
5.669169902801514
5.681180000305176
5.659159183502197
5.532081842422485
