Timing log for each step:
0.012011528015136719
5.270097255706787
5.371912479400635
5.71007513999939
5.62879490852356
5.379797697067261
5.27434515953064
5.333549737930298
5.381069898605347
5.364314317703247
5.363753318786621
5.383143186569214
5.3730316162109375
5.346981525421143
5.403571605682373
5.451534748077393
5.399184226989746
5.442152976989746
5.320508003234863
5.3639984130859375
5.435057878494263
5.4054718017578125
5.414030075073242
5.459979295730591
5.38897442817688
5.411285638809204
5.484635829925537
5.430095434188843
5.492607355117798
5.514876365661621
5.478729248046875
5.423212051391602
5.426859617233276
5.456566572189331
5.510927677154541
5.454586744308472
5.43500018119812
5.515487194061279
5.68647837638855
5.504109859466553
5.501531362533569
5.43727445602417
5.445227146148682
5.485130548477173
5.435154914855957
5.483108758926392
5.361377716064453
5.459902048110962
5.445575714111328
5.797614336013794
5.817896604537964
5.498181581497192
5.558903694152832
5.593109607696533
5.487093448638916
5.583619832992554
5.47599983215332
5.508505582809448
5.504729986190796
5.533427715301514
5.530664443969727
5.51848840713501
5.4635255336761475
5.598758697509766
5.481252670288086
5.486438274383545
5.534989833831787
5.574266195297241
5.565012216567993
5.557359218597412
5.515883207321167
5.569948673248291
5.491261005401611
5.514310836791992
5.530092716217041
5.474206447601318
5.597841739654541
5.551175355911255
5.500936269760132
5.4458982944488525
5.570123195648193
5.543859004974365
5.822160959243774
5.8060829639434814
5.42405366897583
5.742410182952881
5.687116861343384
5.700182676315308
5.807762622833252
5.534137725830078
5.774100303649902
5.724730968475342
5.740400552749634
5.533098220825195
5.198454856872559
5.640993118286133
5.179879665374756
5.690378904342651
5.224573850631714
5.2088401317596436
5.263439655303955
5.126805067062378
5.175512790679932
5.2256855964660645
5.255979061126709
5.234928131103516
5.194578170776367
5.400900363922119
5.361943483352661
5.342555046081543
5.247868061065674
5.246379613876343
5.184469938278198
5.181665420532227
5.291491985321045
5.235632419586182
5.192406415939331
5.2491936683654785
5.231009244918823
5.2698564529418945
5.205144882202148
5.192126512527466
5.227011203765869
5.26287055015564
5.158261299133301
5.195845603942871
5.20737099647522
5.179829120635986
5.206493854522705
5.275265455245972
5.252307415008545
5.207325458526611
5.236135244369507
5.19049859046936
5.240063428878784
5.223583936691284
5.185547351837158
5.200584173202515
5.250079393386841
5.214088678359985
5.195656776428223
5.246034622192383
5.2329628467559814
5.277719020843506
5.2116124629974365
5.138580799102783
5.21793007850647
5.156409740447998
5.2123308181762695
5.313390493392944
5.28384256362915
5.234303712844849
5.227553844451904
5.199457168579102
5.202470779418945
5.2139060497283936
5.186708688735962
5.213571548461914
5.20016074180603
5.280300855636597
5.6452929973602295
5.6783342361450195
5.702430725097656
5.740016937255859
5.695524215698242
5.772218704223633
5.758761405944824
5.718750715255737
5.680734157562256
5.713971853256226
5.714869499206543
5.728233098983765
5.713918924331665
5.720092535018921
5.6557488441467285
5.663949966430664
5.681483507156372
5.645087480545044
5.621520280838013
5.633803129196167
5.619118690490723
5.673657178878784
5.6076273918151855
5.616455078125
5.681883096694946
5.673382759094238
5.640895128250122
5.608212471008301
5.61567759513855
5.642951011657715
5.696327209472656
5.64816951751709
5.626333951950073
5.645988464355469
5.720388650894165
5.667479038238525
5.756462335586548
5.6945860385894775
5.672291040420532
5.655316591262817
5.693216562271118
5.692847490310669
5.7032151222229
5.66114616394043
5.641452789306641
5.625115394592285
5.678137302398682
5.657345771789551
5.652376413345337
5.634042739868164
5.705259323120117
5.681520938873291
5.652100324630737
5.6469151973724365
5.68979811668396
5.510519027709961
5.624602317810059
5.549526214599609
5.515272378921509
5.490630388259888
5.509652853012085
5.525726795196533
5.4906439781188965
5.476210594177246
5.51810097694397
5.502122640609741
5.509725093841553
5.569189548492432
5.534637689590454
5.508737087249756
5.487002849578857
5.492717981338501
5.518393278121948
5.459583759307861
5.529195308685303
5.491707801818848
5.53976845741272
5.511928081512451
5.51891565322876
5.540579795837402
5.542095184326172
5.5144593715667725
5.499741077423096
5.571566820144653
5.495812892913818
5.491305589675903
5.563932657241821
5.528807640075684
5.5309202671051025
5.488951206207275
5.473653793334961
5.627010345458984
5.585453748703003
5.501353740692139
5.414098262786865
5.556922197341919
5.470108270645142
5.4730377197265625
5.516777515411377
5.4802210330963135
5.400781869888306
5.501404523849487
5.569857120513916
5.448435306549072
5.526339292526245
5.51702356338501
5.493914365768433
5.446463584899902
5.533576011657715
5.400234937667847
5.510227680206299
5.500052452087402
5.535259008407593
5.513821840286255
5.47101902961731
5.441452503204346
5.494383096694946
5.517093181610107
5.4955668449401855
5.405359506607056
5.494751214981079
5.5330212116241455
5.4721972942352295
5.509050607681274
5.479335784912109
5.513516664505005
5.556506395339966
5.458270072937012
5.53632926940918
5.461455821990967
5.5571839809417725
5.485153675079346
5.541114807128906
5.469466924667358
5.503272294998169
5.523654460906982
5.573789358139038
5.492979526519775
5.49232816696167
5.483987092971802
5.515582799911499
5.460599899291992
5.491211891174316
5.6369335651397705
5.546715497970581
5.473070383071899
5.474643230438232
5.527585983276367
5.4721081256866455
5.494370460510254
5.4573283195495605
5.5290467739105225
5.4965434074401855
5.509308099746704
5.571303844451904
5.515126705169678
5.504680395126343
5.521020412445068
5.5317542552948
5.570476055145264
5.551829814910889
5.537439346313477
5.503530740737915
5.534093379974365
5.543478012084961
5.405212163925171
5.51646089553833
5.495337724685669
5.547633409500122
5.5173046588897705
5.477380752563477
5.433330059051514
5.533385992050171
5.487001419067383
5.482231140136719
5.484149694442749
5.524216413497925
5.465542316436768
5.482498645782471
5.4974892139434814
5.486362457275391
5.480102300643921
5.534047603607178
5.47905707359314
5.496125221252441
5.527497053146362
5.4609153270721436
5.450530767440796
5.5423572063446045
5.463531017303467
5.47486686706543
5.507047414779663
5.519442796707153
5.474811315536499
5.480590105056763
5.456194162368774
5.511747121810913
5.501041412353516
5.4553728103637695
5.462245464324951
5.511563062667847
5.485505819320679
5.548819303512573
