Timing log for each step:
0.01901841163635254
10.146966934204102
10.032030820846558
10.031832218170166
10.418392658233643
10.524962902069092
11.628382444381714
10.441396474838257
10.070276498794556
10.871988773345947
10.306530237197876
9.686459302902222
9.559966802597046
9.929644346237183
10.150312423706055
9.601790189743042
10.13198184967041
10.043705463409424
10.069248676300049
9.237184762954712
9.949042320251465
10.211048603057861
10.188810110092163
9.487271785736084
10.006627321243286
9.431129217147827
9.535749673843384
10.218597888946533
10.20704984664917
9.614919185638428
10.171240329742432
9.116278409957886
10.150029420852661
10.055425643920898
9.571448802947998
9.668703079223633
9.911093711853027
10.304355144500732
9.655974864959717
9.649965763092041
9.830559492111206
9.890181064605713
10.115259885787964
10.084336042404175
10.05052399635315
7.779911994934082
7.726915597915649
9.209734916687012
9.155974864959717
9.257433891296387
9.002352714538574
9.057245254516602
9.149643898010254
9.189326763153076
9.169142723083496
9.371023654937744
9.26027774810791
9.103683471679688
9.251680135726929
9.066330909729004
9.130058288574219
9.08864951133728
9.16211748123169
9.122689008712769
9.129857778549194
9.199352025985718
9.046315670013428
9.174471139907837
9.185303449630737
9.146175861358643
9.145213842391968
9.20043158531189
9.057080745697021
9.206355333328247
9.241885662078857
9.1108980178833
9.144670963287354
9.187214374542236
9.238431692123413
9.254364013671875
8.877348184585571
9.202932357788086
9.180066585540771
9.187164783477783
9.088006973266602
9.17844557762146
9.199327230453491
9.038921356201172
9.12708592414856
9.202528476715088
9.166208267211914
9.194101810455322
9.218453884124756
8.978028059005737
9.2259361743927
9.240782260894775
9.076252937316895
9.043098449707031
9.100903749465942
9.192542552947998
9.27302861213684
9.116852283477783
9.10752010345459
9.14856767654419
9.144763469696045
9.083620548248291
9.113827466964722
9.157259464263916
9.048612117767334
9.119988203048706
9.1506986618042
9.150297164916992
9.172502040863037
9.215406656265259
9.210407257080078
9.189451217651367
9.173409938812256
9.185680866241455
8.990178346633911
9.153661012649536
9.064101219177246
9.20908260345459
9.124222040176392
9.091993570327759
8.94779634475708
9.19940185546875
9.121755123138428
9.167553424835205
9.179863452911377
9.148234128952026
9.072847366333008
9.169582843780518
9.141706943511963
9.019491195678711
9.085965871810913
9.125659704208374
9.244651079177856
9.15883493423462
9.037818193435669
9.04771089553833
9.150883197784424
9.083728313446045
9.213631629943848
9.144406795501709
9.906434297561646
0.015013456344604492
10.271859884262085
10.285093307495117
10.212499380111694
10.173205852508545
10.360134601593018
10.224334001541138
10.209975004196167
10.242271184921265
10.301463842391968
10.040122032165527
10.355921983718872
10.41063380241394
10.279638051986694
10.214804410934448
10.356283903121948
9.739829540252686
10.237125873565674
10.23892068862915
9.977880001068115
10.11979365348816
10.208989143371582
10.246429204940796
10.297496795654297
10.103495836257935
10.22200083732605
10.294220685958862
10.384763240814209
10.227606534957886
10.338732242584229
10.392637968063354
10.19506049156189
10.218632459640503
10.130445718765259
9.80695652961731
9.621304273605347
9.679825782775879
9.756896018981934
9.762928247451782
9.598576068878174
9.146702289581299
9.686724185943604
9.714998245239258
9.236807823181152
9.75955605506897
9.640456438064575
9.695690393447876
9.642419338226318
9.718950033187866
9.705302000045776
9.869946002960205
10.280136823654175
9.750387907028198
9.823972702026367
10.25372862815857
10.497342824935913
10.480430603027344
10.28213381767273
10.345030546188354
10.425626754760742
10.378310918807983
10.472095012664795
10.244832515716553
9.626177787780762
10.364517211914062
10.309457302093506
10.237559795379639
10.299175500869751
10.428882598876953
10.363427877426147
10.441881895065308
10.505325078964233
10.407742261886597
10.559876680374146
10.540165662765503
10.397015810012817
10.471826791763306
10.506644010543823
10.365018129348755
10.354181289672852
10.480136394500732
10.357421398162842
10.480640888214111
10.509676933288574
10.273308992385864
10.446043491363525
10.454701900482178
10.405770063400269
10.370144844055176
10.360005378723145
10.382564783096313
10.52759838104248
10.357446908950806
10.472673892974854
10.494018793106079
10.371581792831421
10.28234601020813
10.486681699752808
10.443692445755005
10.437511682510376
10.504530191421509
10.640394449234009
10.524893522262573
10.539612531661987
10.461807250976562
10.377589464187622
10.688956022262573
10.51762843132019
11.904406070709229
11.030315160751343
11.012861013412476
11.003423690795898
10.72749924659729
11.693928956985474
11.383944988250732
11.796557426452637
11.370623588562012
11.094745635986328
10.891511917114258
10.91965651512146
11.011414051055908
10.784274101257324
10.745724439620972
10.71720552444458
10.9534010887146
10.6191987991333
