Timing log for each step:
0.013012409210205078
9.999441623687744
10.121800899505615
10.282917976379395
10.123546600341797
10.398563146591187
10.319951057434082
10.425781011581421
10.285229206085205
10.21379542350769
10.421353101730347
10.384765386581421
10.404714345932007
10.199937343597412
10.263267517089844
10.554747581481934
10.503382205963135
10.249550819396973
10.13403034210205
10.152855396270752
10.099857807159424
10.245833396911621
10.591246366500854
10.34081506729126
10.176599025726318
10.27025818824768
10.158087730407715
10.272761106491089
10.29304575920105
10.214165687561035
10.23086166381836
10.189212083816528
10.207820653915405
10.344048738479614
9.200112581253052
8.590453624725342
8.521899700164795
8.307389259338379
8.55339002609253
8.700337171554565
8.658174276351929
8.28133773803711
8.404923915863037
8.874292850494385
8.86760687828064
8.708171367645264
8.610922574996948
8.779351472854614
9.792808532714844
9.93657374382019
9.714244604110718
9.879337310791016
9.819764614105225
9.872485637664795
9.868702411651611
9.94199275970459
9.980731010437012
9.86914873123169
9.986782550811768
9.884128332138062
9.695424318313599
9.905210018157959
9.969672918319702
9.962944030761719
10.079780578613281
9.824127197265625
9.832059860229492
10.042641639709473
9.80880355834961
9.950670003890991
9.909438848495483
9.9614839553833
10.008061170578003
9.93874979019165
9.964795112609863
9.913682460784912
9.998657703399658
9.795935153961182
9.915804624557495
10.21440601348877
10.123307704925537
9.87220287322998
10.133488893508911
9.992802619934082
10.116496562957764
10.14014720916748
10.090298891067505
10.039387464523315
9.986228227615356
9.936203718185425
10.09512710571289
9.760595321655273
10.05261492729187
9.987100601196289
10.147316932678223
10.108359336853027
10.170132637023926
9.980775117874146
9.936431646347046
10.060506105422974
9.902119636535645
9.782644748687744
10.088404893875122
10.166975021362305
10.137682437896729
10.02654767036438
10.016392946243286
9.9872567653656
9.95267128944397
10.032312154769897
9.782240152359009
9.884045124053955
9.857088565826416
10.035341501235962
10.1243896484375
10.07899284362793
9.876307010650635
10.047461986541748
10.069300413131714
10.039790153503418
10.102779626846313
10.07135534286499
10.146947145462036
9.943209409713745
9.946449279785156
10.003119945526123
9.809849500656128
10.071648836135864
9.994223833084106
9.986233949661255
9.889674186706543
10.010016441345215
9.955440521240234
9.859238147735596
10.000534772872925
10.139678955078125
10.051673889160156
10.04281759262085
10.191543579101562
10.112229108810425
9.92273998260498
10.012310981750488
10.096514225006104
9.8541898727417
10.244617700576782
9.998732566833496
9.901296854019165
10.094484806060791
9.871346473693848
10.107550382614136
9.971315860748291
9.939760684967041
9.7586190700531
10.038731336593628
10.078619241714478
10.091344356536865
9.927414178848267
9.919755935668945
9.95827031135559
9.983885049819946
9.935940027236938
10.060280561447144
10.04171371459961
10.037830352783203
10.025692462921143
9.91869330406189
10.110273838043213
10.006777048110962
9.923118829727173
9.92804217338562
10.210627555847168
10.01706576347351
10.036535263061523
9.992374658584595
9.971352338790894
10.047632455825806
9.982742071151733
9.941844701766968
10.080514430999756
10.037293434143066
10.02574896812439
9.974843502044678
10.103211164474487
9.81169867515564
10.046523809432983
9.89691948890686
10.098425149917603
10.16475510597229
9.906629800796509
10.04481053352356
10.117930889129639
10.07715129852295
9.747967958450317
10.11759638786316
9.951783418655396
10.079332828521729
10.070981740951538
10.048523426055908
10.025193214416504
9.981995105743408
9.950882196426392
9.977381229400635
10.012892961502075
10.027172803878784
10.049889087677002
9.956065893173218
9.860157012939453
9.930251836776733
10.129714250564575
10.022847890853882
10.173159122467041
10.014604568481445
10.002004384994507
9.974000930786133
10.110204219818115
9.950268268585205
10.086419820785522
10.073654413223267
10.033978939056396
9.884401321411133
10.03195595741272
9.951796054840088
10.053920984268188
9.932185411453247
10.13265347480774
10.091362953186035
9.889017820358276
10.164063692092896
10.102286100387573
9.931473016738892
10.110263109207153
10.14584732055664
10.116820812225342
10.234630107879639
10.0955970287323
9.976414918899536
10.185234069824219
9.964229822158813
10.167152404785156
9.9720938205719
10.00826907157898
10.122313976287842
9.954671859741211
9.92964792251587
10.069283723831177
10.070561408996582
10.012457132339478
10.044057130813599
10.054347276687622
10.21557903289795
10.17931318283081
9.989190340042114
10.087722301483154
9.942817687988281
10.064806461334229
10.114803791046143
9.972571849822998
10.069400548934937
10.076201438903809
9.960734367370605
9.873236656188965
10.038702011108398
10.025927543640137
9.883190870285034
10.017668962478638
10.059757709503174
10.077243089675903
10.163751363754272
9.881782054901123
10.093722343444824
10.034224510192871
10.024073123931885
9.945000886917114
10.133815288543701
9.730108261108398
10.01971435546875
9.945015668869019
9.964898824691772
10.007619619369507
10.205381393432617
9.834509134292603
10.14675235748291
10.139801502227783
10.136067390441895
10.432828664779663
10.221957921981812
10.122691631317139
9.989931344985962
10.100469589233398
10.803986549377441
10.777637243270874
10.726017236709595
10.711695432662964
10.493985891342163
10.70317006111145
10.926678657531738
10.666188716888428
10.589624643325806
10.816760063171387
10.903798580169678
10.784772157669067
10.846207618713379
10.691334247589111
10.771780252456665
10.676696062088013
10.492528915405273
10.492529153823853
10.478516817092896
10.44948959350586
11.158133029937744
10.466504573822021
10.303355932235718
10.370417356491089
10.495530366897583
10.681699752807617
10.544574975967407
10.472510576248169
10.281337022781372
10.379425048828125
10.607631921768188
10.457496881484985
10.377422332763672
10.516550302505493
10.676694393157959
10.291346311569214
10.603628396987915
10.614638566970825
10.429471969604492
10.629654169082642
10.352401733398438
10.633656024932861
9.97505807876587
10.476512432098389
10.440480470657349
10.616639614105225
10.310367107391357
10.407451391220093
10.621644973754883
10.635658502578735
10.568596839904785
10.640662431716919
10.342393398284912
10.55858826637268
10.488524675369263
10.433475255966187
10.630652666091919
10.505540609359741
10.543575286865234
10.664684295654297
10.767778396606445
10.038116216659546
10.356405973434448
10.583611011505127
10.496531009674072
10.202263832092285
10.090162754058838
10.65667724609375
10.388434171676636
10.384430170059204
10.50253677368164
10.292346715927124
10.2312912940979
10.42846941947937
10.567595481872559
10.54057264328003
10.589616537094116
10.36841630935669
10.5896155834198
10.404448509216309
10.438480138778687
10.696713924407959
10.725740432739258
10.714727878570557
10.483520030975342
10.53356647491455
10.311363458633423
10.46250033378601
10.372419357299805
10.805813312530518
10.237295389175415
10.71573257446289
10.56559443473816
10.47451114654541
10.561590671539307
10.466505289077759
10.464502573013306
10.391436576843262
10.458499431610107
10.344393491744995
10.494529485702515
10.436477899551392
10.610636234283447
10.690708875656128
10.725738763809204
10.398440599441528
10.413456439971924
10.452491044998169
10.284338474273682
10.611633062362671
10.454493522644043
10.097168445587158
10.419461250305176
10.528559923171997
10.515547037124634
10.505532264709473
10.501534938812256
10.603627920150757
10.406449317932129
10.47651195526123
10.635655403137207
10.702717542648315
10.406450271606445
10.588613748550415
10.238297462463379
10.678695678710938
10.627650737762451
10.434473991394043
10.587612867355347
10.369415760040283
10.582606792449951
10.536567211151123
10.308358669281006
10.39143419265747
10.4705069065094
10.507542133331299
10.411453485488892
10.057132959365845
10.37842321395874
10.409452438354492
10.558587312698364
10.400444507598877
10.39643931388855
10.384429931640625
10.577604532241821
10.38843297958374
10.488523721694946
10.575598239898682
10.517548322677612
10.501535892486572
10.243300199508667
10.286339521408081
10.42346453666687
10.629652738571167
10.323371887207031
10.585611343383789
10.55158019065857
10.502536058425903
10.349397659301758
10.364410877227783
10.506539344787598
10.626649618148804
10.446484327316284
10.523555994033813
10.547576189041138
10.724738121032715
10.483518838882446
9.914001226425171
10.523554563522339
10.706721305847168
10.50653624534607
10.613636493682861
10.345394134521484
10.560587644577026
10.650670528411865
10.191254138946533
10.438478469848633
10.50353717803955
10.451488971710205
10.328378438949585
10.533563613891602
10.699716091156006
10.379422664642334
10.479515790939331
10.223283529281616
10.570597410202026
10.538568496704102
10.594621181488037
10.5395667552948
10.674692630767822
10.414456367492676
10.313364505767822
10.33238172531128
10.404447317123413
10.517549514770508
10.55158019065857
10.575602293014526
10.513545751571655
10.397440433502197
10.424464464187622
10.763773202896118
10.52555799484253
10.601625442504883
10.438477754592896
10.488523006439209
10.273327827453613
10.529560327529907
10.632654428482056
10.570598840713501
10.813818216323853
10.636657476425171
10.380424976348877
10.537566661834717
10.476512432098389
10.492526292800903
10.395438432693481
10.730743408203125
10.545575380325317
10.538567781448364
10.519551992416382
10.499531745910645
10.705719947814941
10.533563613891602
10.655675172805786
10.502535820007324
10.322372198104858
10.7137291431427
10.561589241027832
10.519551992416382
10.594619750976562
10.582606315612793
10.7007155418396
10.619642972946167
10.477514266967773
10.187249422073364
10.597620725631714
10.596620798110962
10.595619678497314
10.240297794342041
10.568595170974731
10.636656522750854
10.305357933044434
10.714727878570557
10.26832389831543
10.581608533859253
10.723737716674805
10.431471824645996
10.572599649429321
10.526557683944702
10.656675338745117
10.786793947219849
10.477513790130615
10.386430501937866
10.373419284820557
10.638659477233887
10.61363673210144
10.56659460067749
10.504538774490356
10.57660460472107
10.63665771484375
10.738750457763672
10.399441957473755
10.511543989181519
10.501535892486572
10.315367221832275
10.533561944961548
10.374419927597046
10.598623514175415
10.345392227172852
10.327374696731567
10.53856873512268
10.353400230407715
10.494529008865356
10.598622798919678
10.346391201019287
10.454493045806885
10.814819097518921
10.396440982818604
10.421462059020996
10.41545844078064
10.42346477508545
10.308359384536743
10.656676530838013
10.394439458847046
10.287341833114624
10.429469108581543
10.663682699203491
10.414456844329834
10.592618942260742
10.609633445739746
10.547577381134033
10.416459083557129
10.538566589355469
10.35540246963501
10.723737955093384
10.490525245666504
10.71673035621643
10.499533653259277
10.531562328338623
10.4805166721344
10.41345500946045
10.539569854736328
10.539569616317749
10.3393874168396
10.55057954788208
10.209269523620605
10.655675172805786
10.340387105941772
10.234292268753052
10.549578666687012
10.853855848312378
10.477512836456299
10.573600769042969
10.900898218154907
10.894648551940918
10.580029726028442
