Timing log for each step:
0.020018339157104492
6.146467685699463
6.1167566776275635
5.743034362792969
5.75879979133606
5.738152503967285
5.670530557632446
5.7609171867370605
5.786518573760986
5.721147060394287
5.743623971939087
5.7552196979522705
5.725710868835449
5.805498838424683
5.766057014465332
5.739903450012207
5.781426906585693
5.765887975692749
5.8048505783081055
5.722896099090576
5.765881061553955
5.723611354827881
5.845497131347656
5.747660160064697
5.769736289978027
5.76609992980957
5.7914276123046875
5.67281174659729
5.711897373199463
5.719410419464111
5.730093002319336
5.7384703159332275
5.733865022659302
5.714919567108154
5.724974632263184
5.698106527328491
5.748419523239136
5.689466953277588
5.71117377281189
5.660250663757324
5.772956371307373
5.7005627155303955
5.768937110900879
5.740624666213989
5.699084043502808
5.713490724563599
5.721264839172363
5.7041730880737305
5.7179036140441895
5.7050299644470215
5.619961738586426
5.6576220989227295
5.716639280319214
5.79771876335144
5.7721781730651855
5.76425576210022
5.780820846557617
5.8413519859313965
5.729527235031128
5.757034540176392
5.703771114349365
5.799116134643555
5.789944648742676
5.8025736808776855
5.853987693786621
5.810494661331177
5.8332788944244385
5.763173341751099
5.7850470542907715
5.702580213546753
5.755344390869141
5.747647523880005
5.806504726409912
5.824145793914795
5.781084060668945
5.778395891189575
5.811767101287842
5.866851568222046
5.681795835494995
5.844411134719849
5.827327489852905
5.810733079910278
5.82820463180542
5.776038646697998
5.7129435539245605
5.78743577003479
5.804337024688721
5.801700830459595
5.773982048034668
5.968878269195557
5.735859394073486
5.81049656867981
5.815057754516602
5.741921424865723
5.76171875
5.909282207489014
5.7589709758758545
5.836168527603149
5.8380186557769775
5.785529375076294
5.798734188079834
5.80007266998291
5.822953701019287
5.8089072704315186
5.835951805114746
5.76234245300293
5.728961944580078
5.7477476596832275
5.7564308643341064
5.968249320983887
5.732489824295044
5.73082709312439
5.722598552703857
5.890214681625366
5.964786052703857
5.803632497787476
5.833683490753174
5.781381130218506
5.726771831512451
5.2682929039001465
5.038700580596924
5.2600061893463135
5.362141132354736
5.340318918228149
5.277026653289795
5.324408054351807
5.264809846878052
5.253368139266968
5.26334547996521
5.239856243133545
5.491180419921875
5.511262893676758
5.430893182754517
5.408442974090576
5.407335519790649
5.441321849822998
5.513522148132324
5.428196668624878
5.450915336608887
5.449661731719971
5.487837314605713
5.495504856109619
5.487558841705322
5.479257106781006
5.455447673797607
5.50321626663208
5.476077079772949
5.412099361419678
5.513815641403198
5.408579587936401
5.452623128890991
5.492799282073975
5.493499279022217
5.4840099811553955
5.7479939460754395
5.764825105667114
5.7169249057769775
5.747740745544434
5.761061668395996
5.757004499435425
5.783725261688232
5.75792121887207
5.803788185119629
5.842857599258423
5.825202465057373
6.010666608810425
5.810305118560791
5.746240139007568
5.824207305908203
5.843020915985107
5.857097864151001
5.758737802505493
5.774958372116089
5.954092741012573
5.874618291854858
5.8382508754730225
5.809647560119629
5.749654293060303
5.791835784912109
5.814452409744263
5.855549097061157
5.849922180175781
5.822710275650024
5.779684543609619
5.809320688247681
5.864967346191406
5.78867244720459
5.798936367034912
5.799741268157959
5.795719623565674
5.861757278442383
5.825927495956421
5.758990287780762
5.835082292556763
5.828629732131958
5.808304309844971
5.867282390594482
5.845738410949707
5.7538323402404785
5.781604528427124
5.751417875289917
5.735071420669556
5.832332372665405
5.833964824676514
5.752389430999756
5.799586296081543
5.805934906005859
5.80722188949585
5.796128511428833
5.8009352684021
5.783362865447998
5.791241645812988
5.78913688659668
5.726614236831665
5.793909072875977
5.8572986125946045
5.765414476394653
5.817598104476929
5.797771215438843
5.872030019760132
5.883686065673828
5.834590673446655
5.748770475387573
5.887891054153442
5.768083333969116
5.790326118469238
5.82036828994751
5.813122034072876
5.7926740646362305
5.781104564666748
5.765695095062256
5.83236026763916
5.819909572601318
5.768730640411377
5.815969228744507
5.791864395141602
5.830672979354858
5.7415385246276855
5.84962272644043
5.865924835205078
5.779024362564087
5.819439649581909
5.846845626831055
5.842155456542969
5.766565561294556
5.813268661499023
5.785758972167969
5.822034597396851
5.807354211807251
5.785374164581299
5.772502899169922
5.813858985900879
5.848865509033203
5.765943288803101
5.734649419784546
5.757073879241943
5.809337615966797
5.798130750656128
5.751794099807739
5.771744251251221
5.831857681274414
5.705738544464111
5.847724676132202
5.758808374404907
5.821302175521851
5.734385251998901
5.697468280792236
5.7678258419036865
5.7149200439453125
5.7809083461761475
5.736377477645874
5.7858757972717285
5.766518831253052
6.288390874862671
5.811399221420288
5.780496835708618
5.772085189819336
5.7948808670043945
5.824065923690796
5.711879730224609
5.787603855133057
5.7681615352630615
5.767420768737793
5.737844228744507
5.853631258010864
5.769356966018677
5.769638776779175
5.806050539016724
5.784669876098633
5.844726800918579
5.775831699371338
5.824936151504517
5.815927743911743
5.810737133026123
5.819960355758667
5.869864225387573
6.009555339813232
5.9163641929626465
5.636133432388306
5.614131927490234
5.512507915496826
5.583617925643921
5.5957722663879395
5.582198143005371
5.610727071762085
5.613953590393066
5.587585210800171
5.608026027679443
5.464539051055908
5.498077154159546
5.54028844833374
5.597616672515869
5.626634359359741
5.68030571937561
5.551501512527466
5.600219488143921
5.5093834400177
5.541935920715332
5.604355335235596
5.668438673019409
5.568556785583496
5.570740699768066
5.501261234283447
5.685831546783447
5.565671682357788
5.611021041870117
5.601125717163086
5.475482702255249
5.705481767654419
5.6457602977752686
5.6297926902771
5.495532989501953
5.621726036071777
5.542740821838379
5.475558519363403
5.454697132110596
5.508239507675171
5.612983226776123
5.474537134170532
5.634791135787964
5.586370468139648
5.575702905654907
5.510566711425781
5.518552780151367
5.648010730743408
5.76322340965271
5.614112377166748
5.596672534942627
5.574833631515503
5.556535959243774
5.327741861343384
5.587371826171875
5.491793394088745
5.534857273101807
5.583266019821167
5.591681957244873
5.4930198192596436
5.66174840927124
5.584409475326538
5.561661958694458
5.475633144378662
5.623725652694702
5.370283365249634
5.5533201694488525
5.536325693130493
5.5812060832977295
5.6408116817474365
5.5954625606536865
5.583180665969849
5.5819761753082275
5.598318576812744
5.506059885025024
5.578571319580078
5.5553505420684814
5.473059415817261
5.591304779052734
5.463414907455444
5.50273871421814
5.404460430145264
5.409549236297607
5.587723255157471
5.63585090637207
5.647573471069336
5.514739036560059
5.651666879653931
5.540833473205566
5.561702013015747
5.560965299606323
5.5555267333984375
5.442229270935059
5.578577280044556
5.486618757247925
5.3854756355285645
5.514029026031494
5.592153549194336
5.522172927856445
5.476436138153076
5.572060585021973
5.559886455535889
5.515653133392334
5.539608716964722
5.585261344909668
5.5892438888549805
5.657228231430054
5.54656195640564
5.484522104263306
5.692323684692383
5.65741491317749
5.664734601974487
5.648569345474243
5.400600433349609
5.4769508838653564
5.482279062271118
5.7795281410217285
5.360495090484619
5.599701404571533
5.648195505142212
5.583908796310425
5.53563380241394
5.622279167175293
5.574231386184692
5.392057657241821
5.571529388427734
5.50173544883728
5.561421155929565
5.542880058288574
5.527317047119141
5.493221998214722
5.6325178146362305
5.475168943405151
5.571590423583984
5.617763042449951
5.542362213134766
5.537106275558472
5.531000137329102
5.607625484466553
5.624251842498779
5.589175701141357
5.58859658241272
5.584778308868408
5.572068214416504
5.535623788833618
5.563854217529297
5.459809064865112
5.627642393112183
5.416237831115723
5.594927787780762
5.640273094177246
5.549709320068359
5.54265022277832
5.60536789894104
5.506453514099121
5.536648988723755
5.602859973907471
5.572081804275513
5.6289262771606445
5.597653865814209
5.62527871131897
5.5784361362457275
5.388492584228516
5.507129430770874
5.545192003250122
5.6010215282440186
5.638647079467773
5.632307529449463
5.580171585083008
5.560751676559448
5.565504312515259
5.574240446090698
5.559643983840942
5.574638366699219
5.559198617935181
5.586629867553711
5.505246877670288
5.533168792724609
5.740072965621948
5.553087472915649
5.572298049926758
5.500360488891602
5.599612712860107
5.453236818313599
5.531152248382568
5.635465145111084
5.628805637359619
5.57365870475769
5.596693754196167
5.635283946990967
5.590983629226685
5.572715997695923
5.610633611679077
5.490286111831665
5.5559563636779785
5.57373833656311
5.679628133773804
5.666605472564697
5.582500457763672
5.513554334640503
5.44011378288269
5.617751598358154
5.570596694946289
5.4394214153289795
5.5482141971588135
5.627492427825928
5.552509307861328
5.5547637939453125
5.41292929649353
5.529193639755249
5.6860246658325195
5.608646631240845
5.617373466491699
5.423156976699829
5.595461845397949
5.5547239780426025
5.586482048034668
5.473795175552368
5.589672565460205
5.622281551361084
5.480697154998779
5.603673696517944
5.50249981880188
5.543208360671997
5.489602088928223
5.63439679145813
5.464569568634033
5.623608112335205
5.628746032714844
5.566556692123413
5.512277603149414
5.527462959289551
5.620665550231934
5.595235109329224
5.506421089172363
5.610816717147827
5.482985019683838
5.579221487045288
5.60127329826355
5.533949136734009
5.6346635818481445
5.707674741744995
5.628680229187012
5.665802717208862
5.636121034622192
5.44853663444519
5.583452939987183
5.554179668426514
5.559481620788574
5.652860403060913
5.526626825332642
5.5777552127838135
5.776928901672363
5.7984232902526855
5.664352178573608
5.435133457183838
5.519191741943359
5.490143537521362
5.514684200286865
5.638423204421997
5.605555772781372
5.543837547302246
5.619578123092651
5.562655448913574
5.500330686569214
5.558289289474487
5.549153804779053
5.623239278793335
5.601463556289673
5.5882837772369385
5.573614835739136
5.638800144195557
5.4539854526519775
5.643238067626953
5.5183422565460205
5.498999834060669
5.383469820022583
5.5276148319244385
5.525991678237915
5.544569730758667
5.591501235961914
5.547568321228027
5.578017473220825
5.517933368682861
5.622592449188232
5.451492071151733
5.655268907546997
5.593755006790161
5.491676092147827
5.49961519241333
5.672473192214966
5.621595144271851
5.607271194458008
5.474264860153198
5.538414478302002
5.589707374572754
5.534158945083618
5.529584169387817
5.501126527786255
5.548671245574951
5.5533411502838135
5.502291440963745
5.597031354904175
5.507248640060425
5.507555961608887
5.651495456695557
5.673228979110718
5.563223123550415
5.819000482559204
5.607781648635864
5.624566555023193
5.50363302230835
5.602829456329346
5.687758684158325
5.480082035064697
5.615839242935181
5.5010364055633545
5.603456497192383
5.506558179855347
5.522327184677124
5.376767635345459
5.576683759689331
5.560980796813965
5.641283750534058
5.494939804077148
5.538238525390625
5.588726282119751
5.518249988555908
5.558468580245972
5.466153383255005
5.533490896224976
5.541600227355957
5.632400274276733
5.489472389221191
5.583238363265991
5.598448276519775
5.6272594928741455
5.653652191162109
5.598371267318726
5.5742363929748535
5.642111778259277
5.444468259811401
5.60117244720459
5.541614532470703
5.522796869277954
5.573502540588379
5.659703969955444
5.504140377044678
5.55170750617981
5.535715341567993
5.560437440872192
5.526208400726318
5.548576831817627
5.6211090087890625
5.5442140102386475
5.4953672885894775
5.558763027191162
5.612937927246094
5.549991130828857
5.581247806549072
5.539943695068359
5.661859035491943
5.530169725418091
5.57921838760376
5.455982446670532
5.606420993804932
5.621969938278198
5.671654939651489
5.696166515350342
5.533279895782471
5.598118543624878
5.617021799087524
5.510254383087158
5.5629661083221436
5.561056852340698
5.60231351852417
5.518664121627808
5.472559690475464
5.631953477859497
5.602889537811279
5.666642427444458
5.5426411628723145
5.599714517593384
5.531696557998657
5.635399580001831
5.543586015701294
5.630876302719116
5.531661748886108
5.6248393058776855
5.660752773284912
5.514011859893799
5.479623556137085
5.513106107711792
5.543929815292358
5.566189289093018
5.524129152297974
5.503645658493042
5.554792881011963
5.458388805389404
5.558830261230469
5.522166013717651
5.515566825866699
5.569600343704224
5.540670394897461
5.574758052825928
5.410435914993286
5.569007635116577
5.52159857749939
5.527880907058716
5.516237020492554
5.323397636413574
5.508011102676392
5.567541122436523
5.58482027053833
5.501177787780762
5.558774709701538
5.634619474411011
5.499470233917236
5.509145259857178
5.578847408294678
5.552182912826538
5.523317098617554
5.525681018829346
5.562055349349976
5.648959398269653
5.475924253463745
5.505666255950928
5.621275186538696
5.484632730484009
5.576207399368286
5.501828193664551
5.583708763122559
5.588059902191162
5.523640155792236
5.534558296203613
5.5172624588012695
5.514023065567017
5.5949883460998535
5.671514511108398
5.559074401855469
5.5674662590026855
5.450017213821411
5.573696613311768
5.510576486587524
5.670298337936401
5.499374628067017
5.495609760284424
5.615216493606567
5.4377100467681885
5.549238204956055
5.58349609375
5.602106809616089
5.559649229049683
5.566162109375
5.466861724853516
5.523356914520264
5.548284530639648
5.510138511657715
5.525933504104614
5.55868673324585
5.54676079750061
5.486938714981079
5.572652101516724
5.563535928726196
5.506320238113403
5.538560628890991
5.6210081577301025
5.489255428314209
5.450157165527344
5.514168739318848
5.4034624099731445
5.535194635391235
5.570739269256592
5.637495517730713
5.748175621032715
5.472220420837402
5.638464689254761
5.547616958618164
5.4711387157440186
5.604917287826538
5.54598069190979
5.523372650146484
5.606272220611572
5.443757057189941
5.476748704910278
5.444244623184204
5.614656925201416
5.501466989517212
5.52619481086731
5.541237831115723
5.529621601104736
5.505373477935791
5.507171869277954
5.966283798217773
5.487626791000366
5.45363187789917
5.489238262176514
5.503660678863525
5.546955347061157
5.5949928760528564
5.48459005355835
5.581481218338013
5.613316297531128
5.566192626953125
5.875272274017334
5.5340869426727295
5.553175687789917
5.565802812576294
5.532207250595093
5.548920154571533
5.556293725967407
5.5323028564453125
5.452524185180664
5.549108028411865
5.5545783042907715
5.545647859573364
5.636631488800049
5.474391222000122
5.746215105056763
5.6861891746521
5.581093072891235
5.553067445755005
5.458982467651367
5.454977512359619
5.508026361465454
5.385915040969849
5.5470592975616455
5.4439685344696045
5.519035816192627
5.3148512840271
5.524039030075073
5.608117580413818
5.463986396789551
5.441967248916626
5.446972370147705
5.570083141326904
5.4940149784088135
5.549063444137573
5.436960220336914
5.4189453125
5.480000972747803
5.5770862102508545
5.563077449798584
5.560072660446167
5.3528852462768555
5.493012428283691
5.504021883010864
5.542056083679199
5.363894462585449
5.593103647232056
5.658163547515869
5.431955814361572
5.597107887268066
5.4579808712005615
5.427953481674194
5.550065517425537
5.546060562133789
5.488009452819824
5.532049179077148
5.380910158157349
5.51703405380249
5.570084095001221
5.484005451202393
5.491010427474976
5.49301290512085
5.667171955108643
5.593103647232056
5.552064418792725
5.320855617523193
5.419947147369385
5.509027481079102
5.6771814823150635
5.59210205078125
5.551066160202026
5.475996494293213
5.2187628746032715
5.244786500930786
5.403932571411133
5.490010976791382
5.469990968704224
5.536051511764526
5.615124940872192
5.478999614715576
5.4589807987213135
5.59710693359375
5.455980062484741
5.602112293243408
5.4029295444488525
5.357889890670776
5.602111339569092
5.565079212188721
5.410937786102295
5.432956695556641
5.406934022903442
5.378907918930054
5.361892938613892
5.4769978523254395
5.612121820449829
5.404932260513306
5.476999044418335
5.550063848495483
5.707208633422852
5.465988636016846
5.654159784317017
5.514031171798706
5.5790910720825195
5.330864667892456
5.512030124664307
5.355887413024902
5.541056156158447
5.483003377914429
5.430956125259399
5.491011619567871
5.37490439414978
5.596106290817261
5.579091787338257
5.593104124069214
5.649155378341675
5.465985059738159
5.49301290512085
5.495012998580933
5.569081783294678
5.572084426879883
5.551065921783447
5.472995758056641
5.583095550537109
5.547061920166016
5.4059343338012695
5.593103885650635
5.515032529830933
5.555068731307983
5.6511571407318115
5.5760886669158936
5.4930126667022705
5.587098598480225
5.64114785194397
5.410938262939453
5.506024122238159
5.477999448776245
6.406846523284912
