Timing log for each step:
0.010007858276367188
10.317163944244385
10.718589782714844
10.400557279586792
10.355711221694946
11.59693431854248
10.971841096878052
10.393490552902222
10.9022855758667
10.828410625457764
10.841650485992432
10.531966924667358
10.661320209503174
10.512962102890015
11.186039209365845
10.981837511062622
10.444446563720703
10.772692918777466
11.1641685962677
10.838602304458618
10.344938278198242
11.377014398574829
11.722936630249023
11.01388144493103
11.04822301864624
11.048503398895264
11.093739032745361
11.246385335922241
11.173165082931519
11.070374011993408
11.112015008926392
11.529460906982422
11.491738319396973
11.46973705291748
11.146716833114624
11.058482646942139
11.082811117172241
11.087515354156494
11.063912630081177
11.020653486251831
11.090365409851074
11.08896255493164
11.085979461669922
11.018386125564575
11.159200668334961
11.384089708328247
11.116071939468384
11.286652088165283
11.172423124313354
11.174911975860596
11.1676344871521
11.213048219680786
11.163616180419922
12.081537008285522
11.55693793296814
11.905826091766357
11.778734683990479
11.239330291748047
10.986629009246826
11.155152797698975
10.827054023742676
10.772405624389648
10.729759216308594
11.2702157497406
10.779270648956299
10.782488346099854
10.805849552154541
11.078931093215942
10.836153984069824
10.844640016555786
10.881064653396606
10.69450330734253
10.93527889251709
10.892662048339844
11.224992990493774
11.21647047996521
10.832292795181274
11.05851149559021
10.84019684791565
11.115887641906738
11.245308876037598
11.432985782623291
11.032503366470337
11.049180746078491
11.757054805755615
11.563321352005005
11.071265459060669
10.984145879745483
12.004328489303589
11.44150686264038
10.936503410339355
10.875450611114502
10.51521110534668
10.656678438186646
10.744816064834595
11.168928861618042
10.93001413345337
10.506409883499146
11.091238260269165
10.722522020339966
10.562489032745361
10.767046928405762
10.783872604370117
10.62676739692688
10.799255132675171
10.680230617523193
10.62814474105835
10.626316547393799
10.574659585952759
10.723058938980103
10.76942491531372
10.48701286315918
10.692283391952515
10.682299375534058
10.517518043518066
10.69938850402832
10.607675075531006
10.69223427772522
10.600406646728516
10.790328025817871
10.83540940284729
10.572617769241333
10.835972547531128
10.647113800048828
10.886936664581299
11.140414237976074
10.779630661010742
10.670453310012817
10.521530389785767
10.84645700454712
10.764910459518433
10.784216403961182
10.714363813400269
10.660364151000977
10.629571914672852
10.619141578674316
10.471629858016968
10.652404308319092
10.697940111160278
10.780717849731445
10.586199522018433
10.875520944595337
10.889629602432251
11.971906661987305
13.150237560272217
12.843043565750122
12.988632202148438
13.072571039199829
13.051903486251831
13.181706190109253
12.823349714279175
13.389315128326416
13.256489276885986
13.260363340377808
13.07537031173706
12.910921573638916
13.103534460067749
12.851999998092651
13.639187574386597
13.510607719421387
13.028106689453125
11.251048803329468
10.969351053237915
10.958571434020996
10.908554553985596
10.724555253982544
10.797645568847656
10.8078773021698
11.25029706954956
10.725389003753662
10.448195457458496
10.679746866226196
10.694762468338013
10.673731088638306
10.766932487487793
11.416319370269775
12.480828523635864
11.867218017578125
11.577542066574097
11.182910919189453
11.326729774475098
11.339720487594604
11.328295946121216
11.328818559646606
11.232417583465576
11.311937808990479
11.499349117279053
11.814650297164917
11.604666471481323
12.491814374923706
13.230355262756348
13.286749124526978
13.325154066085815
13.423622131347656
13.624559164047241
13.2263023853302
13.783387422561646
13.287989377975464
13.43722414970398
13.158515691757202
13.698455095291138
13.81468391418457
13.84061884880066
13.652281761169434
13.11551308631897
13.571882724761963
13.086851835250854
13.544189929962158
12.448982000350952
12.230750560760498
12.973786354064941
13.349635362625122
13.114943981170654
12.968323945999146
11.440790891647339
11.076766729354858
11.41927719116211
11.21216082572937
11.244451999664307
11.339570045471191
11.209497451782227
11.225075483322144
11.224548578262329
11.221952438354492
11.251417398452759
11.201508283615112
11.23419189453125
11.164628505706787
11.252814292907715
11.184182167053223
11.262076139450073
11.31383228302002
11.086892366409302
11.174241304397583
11.188526630401611
11.230528593063354
11.254812955856323
11.303714036941528
11.223327398300171
11.247313499450684
11.892355918884277
11.194876670837402
11.176252841949463
11.244363069534302
11.372339963912964
11.198661804199219
11.194790840148926
11.185178518295288
11.209747076034546
11.145220756530762
11.13752555847168
11.296597480773926
11.144192457199097
11.096770524978638
11.177274465560913
11.15937852859497
11.59098505973816
11.237910032272339
11.231144189834595
11.336971282958984
11.264758825302124
11.343321084976196
11.298744916915894
11.457195281982422
11.216982126235962
11.113926410675049
11.111934661865234
11.133492231369019
11.191153526306152
11.224049091339111
11.394457578659058
11.205546379089355
11.170230388641357
11.104822635650635
11.174607038497925
11.13392186164856
11.093541860580444
11.131071090698242
11.163119077682495
11.17945671081543
11.157505512237549
11.094830989837646
10.376010417938232
10.487617015838623
11.169609546661377
11.07610559463501
11.225728273391724
11.222498893737793
11.16336989402771
11.23360800743103
11.159334421157837
11.232604503631592
11.127472400665283
11.176193475723267
11.241227388381958
11.351806402206421
11.147266626358032
10.552950859069824
10.388602495193481
11.106319427490234
12.30125904083252
12.263482570648193
11.61169695854187
10.52448058128357
10.747251510620117
11.703636884689331
10.884342432022095
11.43021845817566
11.314324855804443
11.747292518615723
11.166216373443604
11.2168869972229
11.240845203399658
11.212232828140259
10.58510708808899
10.471617460250854
11.65172529220581
11.979443550109863
11.989250183105469
12.033127546310425
12.055792570114136
12.15356183052063
12.288269758224487
12.493521690368652
12.40021300315857
12.30044174194336
12.189706563949585
12.118421792984009
12.15271520614624
12.046128749847412
12.251631021499634
12.331472635269165
12.036880016326904
11.110571146011353
12.366331577301025
12.349233865737915
11.836661100387573
12.148609638214111
12.23651933670044
12.329636573791504
12.397793531417847
12.040038585662842
11.765339851379395
12.251442432403564
12.32534670829773
12.25151014328003
11.71315622329712
11.793809413909912
12.22561764717102
12.21029806137085
12.17794418334961
12.194990158081055
12.242560863494873
11.879330158233643
11.731579303741455
11.843242406845093
12.371367692947388
12.420552253723145
12.358839988708496
12.335795879364014
12.165913105010986
12.140833854675293
12.298426389694214
12.031782150268555
12.34478497505188
12.168997287750244
12.348449468612671
12.329571962356567
12.038405656814575
11.993714570999146
12.067372798919678
12.160311698913574
11.998581886291504
11.678587675094604
12.01258397102356
12.092293739318848
12.254163265228271
12.258299112319946
12.264137744903564
12.159818887710571
12.380878210067749
11.889986276626587
11.63272476196289
11.471915006637573
11.534209489822388
11.292478799819946
11.229230165481567
11.238764524459839
11.256832599639893
11.292871475219727
11.291881322860718
11.22456955909729
11.31772780418396
11.262310266494751
11.213361263275146
11.282901525497437
11.2677583694458
11.210707426071167
11.243014335632324
11.331518411636353
11.327125310897827
11.221925497055054
11.271196603775024
11.18779969215393
11.434611082077026
11.245275497436523
11.184517860412598
11.389183044433594
11.220163822174072
11.23471999168396
11.281344175338745
11.309062957763672
11.371795654296875
11.32733941078186
11.339514970779419
11.341156482696533
11.29407024383545
11.340616226196289
11.263101577758789
11.242048263549805
11.314342975616455
11.270429372787476
11.274183988571167
11.275542497634888
11.196563005447388
11.274564027786255
11.330994844436646
11.2798330783844
11.211719274520874
11.28459358215332
11.169312953948975
11.325114250183105
11.2637038230896
11.27397894859314
11.317449569702148
11.205804586410522
11.262491226196289
11.197232246398926
11.237552404403687
11.13638424873352
11.183817386627197
11.207051038742065
11.199790954589844
11.2642240524292
11.264714479446411
11.216764211654663
11.285522699356079
11.265345811843872
11.181300401687622
11.224679708480835
11.195663928985596
11.315134048461914
11.22881531715393
11.217874526977539
11.220681190490723
11.334755420684814
11.274665117263794
11.37159538269043
11.315448760986328
11.178874969482422
11.245205640792847
11.134763240814209
11.234184980392456
11.226183652877808
11.143587827682495
11.277673721313477
11.26332712173462
11.32824158668518
11.278511762619019
11.253649711608887
11.272676944732666
11.128616571426392
11.21761417388916
11.258941411972046
11.283093214035034
11.23930835723877
11.268996953964233
11.179853677749634
11.209751844406128
11.37770414352417
11.23463749885559
11.304778099060059
11.442168712615967
11.252800226211548
11.216101169586182
11.26123046875
11.237607479095459
11.235240697860718
11.218109846115112
11.275850534439087
11.23133659362793
11.285382986068726
11.295246362686157
10.700533866882324
11.120082378387451
11.188240051269531
11.25273323059082
11.318241357803345
11.295926570892334
11.301480054855347
11.218196153640747
11.256916522979736
11.12904953956604
11.33661150932312
11.28958535194397
11.31615948677063
11.343744993209839
11.771055221557617
11.95377802848816
12.118524551391602
11.66434097290039
11.694463968276978
11.73075246810913
11.699811935424805
11.34578537940979
11.963781833648682
11.850784063339233
12.100060224533081
11.916975498199463
11.923903942108154
11.814736127853394
12.184914588928223
12.145553350448608
11.780184984207153
11.998894929885864
12.10805606842041
12.015944242477417
11.618547201156616
11.975536346435547
11.239014387130737
11.897717237472534
12.070603132247925
11.861804962158203
11.94339632987976
11.943112850189209
11.831901550292969
11.524306058883667
11.36408019065857
11.650530338287354
11.706604480743408
11.589650869369507
11.935344457626343
11.988664627075195
11.859078407287598
12.042918682098389
11.678905487060547
11.431953430175781
11.432992696762085
11.507612705230713
11.951594352722168
11.907853364944458
11.92004108428955
11.866749048233032
11.72690486907959
11.905787467956543
11.697985172271729
11.730050325393677
11.73602032661438
11.827330589294434
11.78033447265625
11.725986003875732
11.86666488647461
11.888421297073364
12.032524108886719
11.659441232681274
11.929988622665405
11.920948028564453
12.03071665763855
12.088841676712036
11.925025701522827
12.106660604476929
12.064319849014282
11.995595216751099
11.922837972640991
11.980213165283203
11.972542524337769
11.891881227493286
11.571641445159912
11.478775024414062
11.948574781417847
11.994269132614136
11.984102725982666
11.711053609848022
11.032938480377197
12.122456312179565
12.475601434707642
11.767064809799194
11.416886329650879
12.00848650932312
12.06486177444458
12.20983362197876
12.435439586639404
12.251489639282227
11.385043621063232
12.281172752380371
12.248852014541626
11.826426982879639
12.044581413269043
12.19397234916687
11.808180809020996
11.721107006072998
12.066695213317871
12.152402400970459
11.332212924957275
11.91814374923706
12.083669662475586
11.95387887954712
11.888427257537842
11.608766794204712
12.021919965744019
11.901098251342773
12.18128228187561
12.195403575897217
12.031997203826904
12.102478981018066
11.48093581199646
11.764662981033325
11.897706031799316
11.546755075454712
11.248057842254639
11.206778049468994
10.923748254776001
11.61863899230957
12.042220830917358
11.491822004318237
11.409809350967407
11.24674916267395
11.913946628570557
10.786549091339111
11.494349241256714
12.048078298568726
10.56247091293335
10.911941766738892
12.001590013504028
10.230405330657959
10.577043771743774
10.199723958969116
11.973629474639893
10.953245878219604
10.301543235778809
10.130565643310547
10.15299654006958
10.079566478729248
9.682745218276978
9.50654911994934
9.845300436019897
9.501519203186035
10.027326822280884
9.524555921554565
10.900941133499146
10.764896631240845
11.134093284606934
10.439911127090454
11.149691581726074
10.723936796188354
10.773118257522583
11.334966897964478
10.85516095161438
11.409250497817993
11.030152797698975
11.307082653045654
11.04845380783081
11.176424980163574
10.975451946258545
10.734510898590088
11.726171493530273
11.126930236816406
11.4400053024292
10.944310188293457
11.156758308410645
10.99374771118164
11.44498610496521
10.85016942024231
10.852828025817871
11.420073747634888
10.676011323928833
11.46764326095581
10.90761137008667
11.020623445510864
10.895996332168579
11.110519647598267
11.62023639678955
11.139117002487183
11.419597625732422
11.022417306900024
11.531134366989136
11.04013442993164
11.318102359771729
11.153779745101929
11.680246114730835
11.007844686508179
11.05596399307251
11.144826412200928
11.040693283081055
11.64864182472229
11.10507583618164
11.314046859741211
10.717193126678467
11.497327089309692
10.945000171661377
11.282255411148071
11.196186542510986
11.545265436172485
10.935580968856812
11.08472752571106
11.070898532867432
10.594938516616821
11.057260513305664
10.836211442947388
11.355197429656982
10.200345754623413
10.679166555404663
10.309377670288086
10.847816228866577
10.241660118103027
10.648824691772461
10.145426511764526
10.610100030899048
10.809914112091064
11.545767068862915
10.774623155593872
11.431015729904175
10.618917226791382
10.73595929145813
10.956801652908325
10.400034427642822
11.043791770935059
11.208853006362915
10.783644914627075
10.894536256790161
10.448408603668213
10.438855648040771
11.456438779830933
10.679764747619629
10.935737609863281
10.470658779144287
10.76328420639038
11.140223979949951
11.01173448562622
10.70743441581726
10.675331354141235
11.315953969955444
11.067797183990479
10.601379156112671
9.980026960372925
9.991447687149048
10.319180965423584
10.313788652420044
10.413439512252808
10.375913619995117
10.516533136367798
10.543744087219238
10.694865942001343
10.83948540687561
10.86413860321045
10.590769052505493
11.104970693588257
10.487099647521973
11.302978992462158
10.3525550365448
10.841309309005737
10.885840654373169
10.67361855506897
10.860589504241943
10.569656372070312
10.750912189483643
10.678894758224487
10.721372842788696
10.6728675365448
10.719107389450073
10.599336862564087
10.921907663345337
10.563172817230225
11.460532903671265
10.809295892715454
11.151801824569702
10.44401478767395
11.259433269500732
11.205739974975586
10.831785440444946
11.633264064788818
11.146789073944092
10.9862060546875
11.273689985275269
11.05560851097107
11.378775358200073
11.670824766159058
11.256800413131714
11.24613881111145
11.324601650238037
10.826364994049072
11.109959602355957
10.897923946380615
10.45751404762268
11.94009017944336
10.466713666915894
12.562907218933105
11.60663652420044
11.120985746383667
10.956401348114014
10.39568018913269
10.72587537765503
10.637954473495483
10.602061748504639
10.477950811386108
10.592891216278076
10.652249097824097
11.023245096206665
10.710825681686401
10.752145051956177
10.658913135528564
11.610339164733887
11.02501654624939
11.249956369400024
11.174864053726196
10.914130449295044
11.224427223205566
11.11137318611145
10.847090244293213
10.716400384902954
11.07519245147705
11.188794136047363
11.129494667053223
11.105388164520264
11.55168104171753
11.1861732006073
11.298487901687622
11.009603023529053
11.353178262710571
10.967134237289429
11.094484090805054
10.739542245864868
10.707894563674927
11.012617111206055
10.742750883102417
11.209009170532227
10.956664323806763
11.052506923675537
11.30800199508667
10.896018028259277
11.13567066192627
11.210685729980469
11.391661643981934
11.396068572998047
11.715555906295776
11.873432874679565
11.276386737823486
11.0590980052948
10.91037392616272
11.074321269989014
11.113681554794312
11.344799757003784
11.158690929412842
10.87578272819519
11.024145603179932
11.175161838531494
10.80210566520691
10.897077083587646
10.884949445724487
10.957706928253174
10.866132497787476
10.999765396118164
11.020971775054932
10.922181367874146
10.906770944595337
10.928382396697998
10.998242378234863
10.945636749267578
10.836040258407593
10.475664138793945
10.874096870422363
10.972409963607788
10.982512712478638
10.952898740768433
11.182680368423462
11.454155206680298
11.639531135559082
11.300205945968628
10.725752830505371
11.061157941818237
11.029253244400024
10.853866338729858
10.491344213485718
10.969061374664307
10.737790584564209
10.793674945831299
10.617122173309326
10.326738357543945
10.484604120254517
10.931644678115845
10.265198230743408
10.403987169265747
10.72672700881958
10.014132022857666
10.47150731086731
10.635214805603027
10.446252584457397
10.497039556503296
11.292182683944702
10.457537412643433
10.578730821609497
10.587850093841553
10.573939085006714
10.591660261154175
10.392895460128784
10.538387537002563
10.376592636108398
10.500605344772339
10.395798683166504
10.597670555114746
10.994690895080566
10.570419549942017
10.493581056594849
10.547168254852295
10.450739622116089
10.653697490692139
10.592267036437988
10.649006128311157
10.429299354553223
11.319215297698975
