Timing log for each step:
0.01901841163635254
10.181181192398071
10.170552492141724
10.141894817352295
10.160730838775635
10.276918649673462
10.240898370742798
10.210511445999146
10.221851587295532
10.204647541046143
10.31088399887085
10.193169593811035
10.212406873703003
10.149709463119507
10.249070882797241
9.723398923873901
10.32813024520874
10.017339706420898
10.170845031738281
10.239615678787231
9.958941459655762
10.228078126907349
10.246945858001709
10.212945461273193
10.115059852600098
9.744826316833496
10.336286783218384
10.279331684112549
10.174872159957886
10.164717674255371
10.260808229446411
9.701947927474976
9.711450576782227
10.338051557540894
10.22618556022644
10.214304685592651
10.2372567653656
9.533219575881958
10.297784566879272
10.241374254226685
10.349715948104858
10.199090719223022
10.22225022315979
10.182894945144653
9.608735799789429
10.227394819259644
10.274550676345825
10.277393341064453
10.275041580200195
9.592175245285034
9.65971851348877
10.048635721206665
10.347148656845093
10.435199499130249
10.291146993637085
10.265058755874634
10.38721513748169
10.442783117294312
10.356397151947021
10.420482873916626
10.413217067718506
10.39249873161316
9.261005640029907
9.751993417739868
8.993079662322998
9.73288345336914
9.986656904220581
10.328269720077515
10.433887243270874
10.169253587722778
10.289763927459717
9.811801433563232
9.760024309158325
9.724658250808716
9.790644407272339
