Timing log for each step:
0.01300954818725586
5.271713972091675
5.1932313442230225
5.317462921142578
5.037294864654541
5.112735748291016
5.064041376113892
5.109701871871948
5.108442068099976
4.984814643859863
5.1332032680511475
5.16106653213501
5.077239036560059
5.066688776016235
5.131670236587524
5.163189888000488
5.041427135467529
5.0460710525512695
5.077780246734619
5.1418797969818115
5.202246427536011
5.149091958999634
5.186739444732666
5.24522066116333
5.12178897857666
4.994197845458984
5.218284845352173
5.269980192184448
5.339311122894287
5.185509443283081
5.224150657653809
5.268651247024536
5.284083127975464
5.224254608154297
5.239346981048584
5.2213218212127686
5.182626485824585
5.2216575145721436
5.109194278717041
5.243687391281128
5.163705110549927
5.3187103271484375
5.236158132553101
5.237710475921631
5.185790538787842
5.197306871414185
5.121067523956299
5.154686450958252
5.091242551803589
5.281433820724487
5.204731464385986
5.304576873779297
5.133541584014893
5.3769145011901855
5.293722152709961
5.289693355560303
5.321502685546875
5.349466562271118
5.307147264480591
5.117951154708862
5.116230726242065
5.357875823974609
5.22718358039856
5.274868011474609
5.2287278175354
5.384166955947876
5.22514533996582
5.3333353996276855
5.243651390075684
5.3088507652282715
5.234643936157227
5.204731702804565
5.363671541213989
5.225713491439819
5.21880316734314
5.210371017456055
5.252286672592163
5.187389373779297
5.37970757484436
5.256638765335083
5.279836893081665
5.2486467361450195
5.162711143493652
5.12507176399231
5.340404987335205
5.322183609008789
5.310357093811035
5.366962909698486
5.233017444610596
5.302248239517212
5.32422399520874
5.231747150421143
5.416794538497925
5.226176977157593
5.219345331192017
5.266303300857544
5.257287263870239
5.256619215011597
5.3132851123809814
5.2637856006622314
5.28360915184021
5.346763610839844
5.317235708236694
5.329822540283203
5.351046323776245
5.28283166885376
5.375383377075195
5.354431390762329
5.339122533798218
5.178136587142944
5.361313819885254
5.706550598144531
5.302556753158569
5.57547664642334
5.788541793823242
5.476829767227173
5.292375802993774
5.350740432739258
5.293324708938599
5.343856573104858
5.3705549240112305
5.288327693939209
5.307896614074707
5.460345029830933
5.652274131774902
5.321421146392822
5.314271688461304
5.320843458175659
5.385029077529907
5.338450193405151
5.244440793991089
5.321468114852905
5.350827217102051
5.2627952098846436
5.260673999786377
5.299377679824829
5.230749607086182
5.351036071777344
5.377522230148315
5.322876453399658
5.360026597976685
5.379189491271973
5.407556533813477
5.35801362991333
5.3683624267578125
5.241508960723877
5.366490840911865
5.289452314376831
5.341359615325928
5.300450086593628
5.307722330093384
5.431060552597046
5.379059076309204
5.328052282333374
5.3585779666900635
5.328608512878418
5.397153377532959
5.369025468826294
5.193697929382324
5.2451653480529785
5.256422281265259
5.6201512813568115
5.296833515167236
5.290670394897461
5.206255912780762
5.255412817001343
5.379007577896118
5.360447645187378
5.317486763000488
5.468719720840454
5.345367908477783
5.384556531906128
5.254107713699341
5.307338714599609
5.354783535003662
5.368476867675781
5.375058650970459
5.401054859161377
5.388972282409668
5.339474678039551
5.290351390838623
5.378502607345581
5.438622713088989
5.360840082168579
5.314910173416138
5.3399903774261475
5.597984552383423
5.461643695831299
5.350614070892334
5.334996461868286
5.425952196121216
5.280278205871582
5.383094310760498
5.275596618652344
5.317978382110596
5.42055869102478
5.4406349658966064
5.389736652374268
5.4211530685424805
5.393122434616089
5.271942853927612
5.353830814361572
5.372962713241577
5.313968181610107
5.312657833099365
5.448429107666016
5.164746522903442
5.500589847564697
5.400409936904907
5.210291862487793
5.430454730987549
5.346705436706543
5.37459135055542
5.424456357955933
5.375498056411743
5.312189102172852
5.324987888336182
5.297074317932129
5.434712886810303
5.3495566844940186
5.310481071472168
5.348392486572266
5.20387601852417
5.438106536865234
5.481135606765747
5.4975080490112305
5.350116968154907
5.382382392883301
5.388439416885376
5.39413857460022
5.318971633911133
5.456031560897827
5.4294679164886475
5.471642732620239
5.425926923751831
5.51622200012207
5.390540838241577
5.442233562469482
5.34999418258667
5.359133720397949
5.386463403701782
5.434977293014526
5.414561748504639
5.412116527557373
5.296665668487549
5.32646369934082
5.413423299789429
5.407585620880127
5.395880699157715
5.269943952560425
5.359508275985718
5.287321329116821
5.3900182247161865
5.443612098693848
5.344690561294556
5.346267938613892
5.344712972640991
5.357345342636108
5.438279151916504
5.356711387634277
5.404003620147705
5.372386693954468
5.363957166671753
5.46268367767334
5.7649781703948975
5.305060148239136
5.459170579910278
5.30863618850708
5.424992322921753
5.329889297485352
5.408093452453613
5.305886507034302
5.418645858764648
5.43919038772583
5.354356050491333
5.371513366699219
5.382577896118164
5.261786222457886
5.387585878372192
5.307826280593872
5.449276447296143
5.40354061126709
5.393566370010376
5.4180638790130615
5.46921706199646
5.483741760253906
5.427096605300903
5.413298845291138
5.444244861602783
5.3575568199157715
5.407033205032349
5.385109186172485
5.4612860679626465
5.360486030578613
5.285894870758057
5.390509366989136
5.479209661483765
5.37812614440918
5.4465391635894775
5.405665397644043
5.322961807250977
5.452698230743408
5.282904386520386
5.406047344207764
5.333976984024048
5.477395534515381
5.3553550243377686
5.348659515380859
5.328510046005249
5.408242702484131
5.490236043930054
5.423465728759766
5.524746417999268
5.4673333168029785
5.448758840560913
5.403479099273682
5.538678407669067
5.419201850891113
5.333758115768433
5.415087461471558
5.413334369659424
5.3926146030426025
5.347460985183716
5.578798532485962
5.4363017082214355
5.391134738922119
5.394054651260376
5.417752265930176
5.350127696990967
5.415260314941406
5.413926124572754
5.403143405914307
5.333883762359619
5.236398220062256
5.445203065872192
5.4152445793151855
5.435108661651611
5.448859453201294
5.440537452697754
5.415764331817627
5.415841341018677
5.409819841384888
5.349757432937622
5.326577186584473
5.3385186195373535
5.4012463092803955
5.459859848022461
5.391824245452881
5.456928491592407
5.388748645782471
5.48159384727478
5.42717432975769
5.430464744567871
5.30907130241394
5.387164831161499
5.464738368988037
5.421820640563965
5.351691722869873
5.362614631652832
5.457144021987915
5.348109006881714
5.353149890899658
5.385523319244385
5.231546878814697
5.4921958446502686
5.437572002410889
5.5392067432403564
5.3300557136535645
5.323645114898682
5.4366960525512695
5.371053218841553
5.332079172134399
5.404494047164917
5.392197132110596
5.463726282119751
5.474015474319458
5.522623538970947
5.345062017440796
5.4856438636779785
5.407546520233154
5.367621421813965
5.244409561157227
5.256014347076416
5.5245935916900635
5.460696220397949
5.385502576828003
5.548682451248169
5.308882236480713
5.515298128128052
5.642253398895264
5.639239311218262
5.634042024612427
5.639847278594971
5.565616607666016
5.5528950691223145
5.584762811660767
5.585926532745361
5.496033668518066
5.500573396682739
5.504266738891602
5.348466873168945
5.498930931091309
5.399582862854004
5.477639436721802
5.291542291641235
5.3565146923065186
5.407080411911011
5.390015363693237
5.352968215942383
5.38653302192688
5.38298487663269
5.395357847213745
5.34547233581543
5.44468355178833
5.492173433303833
5.428820848464966
5.409571647644043
5.412273645401001
5.471754550933838
5.6299638748168945
5.465625524520874
5.520355939865112
5.355658769607544
5.349098443984985
5.296509742736816
5.423633337020874
5.310068368911743
5.441688299179077
5.400233745574951
5.31307578086853
5.436253786087036
5.434579849243164
5.335733413696289
5.2745537757873535
5.404134273529053
5.4491801261901855
5.4506144523620605
5.422167539596558
5.3851478099823
5.503841161727905
5.493629217147827
5.332578182220459
5.405778646469116
5.4150426387786865
5.542205572128296
5.420973777770996
5.435540437698364
5.330886363983154
5.492787599563599
5.347641468048096
5.381665229797363
5.4385974407196045
5.2179114818573
5.478678464889526
5.384090185165405
5.415151596069336
5.429219484329224
5.411137342453003
5.41092586517334
5.377393007278442
5.440643310546875
5.434165954589844
5.437072992324829
5.44664454460144
5.513741731643677
5.338073492050171
5.518190145492554
5.331618785858154
5.416429042816162
5.345016717910767
5.493986129760742
5.402206659317017
5.406331777572632
5.378497362136841
5.429689884185791
5.448498964309692
5.483709335327148
5.313815116882324
5.359513521194458
5.388814687728882
5.380176305770874
5.5372350215911865
5.6710920333862305
5.543757677078247
5.378568172454834
5.547164440155029
5.365679740905762
5.391647815704346
5.359591722488403
5.393044471740723
5.453698396682739
5.321659803390503
5.362280368804932
5.45127272605896
5.478787899017334
5.501831293106079
5.392214775085449
5.469326972961426
5.4366455078125
5.3652167320251465
5.489880323410034
5.354074954986572
5.425304174423218
5.534369230270386
5.468172550201416
5.350181579589844
5.303145885467529
5.465935230255127
5.378210067749023
5.436730623245239
5.448641300201416
5.3521833419799805
5.3727898597717285
5.452618837356567
5.331693649291992
5.469672679901123
5.289613246917725
5.493308067321777
5.275024175643921
5.386936664581299
5.45472264289856
5.476957321166992
5.320571422576904
5.436250925064087
5.442647218704224
5.454653978347778
5.489210605621338
5.3802878856658936
5.344719648361206
5.4634857177734375
5.503201007843018
5.331650018692017
5.4562952518463135
5.416231870651245
5.472115516662598
5.431771993637085
5.454378843307495
5.397290229797363
5.45964789390564
5.400230169296265
5.387731313705444
5.37556266784668
5.487148761749268
5.497783184051514
5.47867226600647
5.385561227798462
5.300564527511597
5.344177007675171
5.489808797836304
5.38360333442688
5.493322372436523
5.452285051345825
5.525259971618652
5.32715630531311
5.397017955780029
5.369098424911499
5.442269802093506
5.447112798690796
5.355549097061157
5.4392688274383545
5.457712411880493
5.427280426025391
5.405454158782959
5.40294885635376
5.363203763961792
5.4381420612335205
5.380560398101807
5.478783369064331
5.47546124458313
5.549764394760132
5.447325229644775
5.4276282787323
5.332659959793091
5.4248011112213135
5.446197032928467
5.2390851974487305
5.478697299957275
5.33923602104187
5.375483512878418
5.469313383102417
5.490701913833618
5.7853851318359375
5.395875930786133
5.358525991439819
5.295562982559204
5.416618347167969
5.385225057601929
5.478564500808716
5.475220441818237
5.342151641845703
5.426556825637817
5.384314775466919
5.454063892364502
5.440138578414917
5.406230449676514
5.472827911376953
5.408813953399658
5.521924018859863
5.412093877792358
5.37917423248291
5.288897275924683
5.357475757598877
5.414407968521118
5.5353803634643555
5.392714500427246
5.446796178817749
5.425884008407593
5.470794916152954
5.4082558155059814
5.473392486572266
5.439295768737793
5.380650997161865
5.383202314376831
5.385088205337524
5.3996031284332275
5.396975994110107
5.390620231628418
5.45831823348999
5.455138921737671
5.359557867050171
5.400666236877441
5.415822982788086
5.349564552307129
5.47986102104187
5.560672998428345
5.420337915420532
5.351172685623169
5.420799732208252
5.419720411300659
5.281475305557251
5.700387001037598
5.42518949508667
5.393078327178955
5.470200777053833
5.465324878692627
5.410231113433838
5.461695909500122
5.353097915649414
5.370359182357788
5.460235834121704
5.508256673812866
5.3882551193237305
5.40502142906189
5.422146320343018
5.4301629066467285
5.485368728637695
5.299009799957275
5.4572577476501465
5.419976472854614
5.465293645858765
5.435194253921509
5.438946485519409
5.366912126541138
5.295466661453247
5.39216685295105
5.416900634765625
5.460813760757446
5.464122295379639
5.413743495941162
5.307197570800781
5.4633448123931885
5.6129536628723145
5.4175684452056885
5.380749940872192
5.4037699699401855
5.310686826705933
5.309687376022339
5.2296142578125
5.392759799957275
5.468825578689575
5.3357093334198
5.2286155223846436
5.444807529449463
5.380750894546509
5.228616237640381
5.370741128921509
5.330706834793091
5.402769327163696
5.309687614440918
5.361732721328735
5.375745534896851
5.485842704772949
5.4178221225738525
5.257641315460205
5.335709571838379
5.438800811767578
5.399766445159912
5.281661748886108
5.394762754440308
5.3196961879730225
5.3347063064575195
5.385753393173218
5.3116888999938965
5.412777900695801
5.339714765548706
5.399764776229858
5.422785997390747
5.441802740097046
5.330705404281616
5.3987648487091064
5.445872783660889
5.462822437286377
5.480839490890503
5.40777325630188
5.523875951766968
5.407774448394775
5.298677206039429
5.362733840942383
5.4377992153167725
5.406773090362549
5.3947553634643555
5.522873401641846
5.421349287033081
5.436798334121704
5.374742746353149
5.380749940872192
5.415780544281006
5.281662464141846
5.502856731414795
5.471827507019043
5.45181131362915
5.288668632507324
5.470829486846924
5.326701879501343
5.481840133666992
5.331707239151001
5.340713977813721
5.374739170074463
5.495851278305054
5.518870830535889
5.787109375
5.4407994747161865
5.432795763015747
5.373744010925293
5.360732078552246
5.423788547515869
5.1545469760894775
5.357728004455566
5.407773971557617
5.476834297180176
5.761085748672485
5.47783350944519
5.421786785125732
5.148545980453491
5.240624904632568
5.347714424133301
5.330705404281616
5.39476203918457
5.325699806213379
5.311687707901001
5.446807861328125
5.394761323928833
5.296675682067871
5.298677444458008
5.363735914230347
5.347716331481934
5.4478089809417725
5.346719980239868
5.27065372467041
5.368740081787109
5.441803455352783
5.493844509124756
5.369739532470703
5.312690496444702
5.451932430267334
5.426790952682495
5.414779424667358
5.318695306777954
5.4257893562316895
5.4087746143341064
5.393762588500977
5.419785499572754
5.272654294967651
5.33971381187439
5.3087029457092285
5.439801454544067
5.4227869510650635
5.3246989250183105
5.432795763015747
5.490224361419678
5.323698997497559
5.416782379150391
5.385753154754639
5.364735841751099
5.470829010009766
5.3267011642456055
5.387755870819092
5.429792404174805
5.494848966598511
5.419784069061279
5.398766279220581
5.31369161605835
5.410775661468506
5.40777325630188
5.3907599449157715
5.3667380809783936
5.351724624633789
5.336710691452026
5.2926716804504395
5.336710214614868
5.428791761398315
5.2886669635772705
5.491670846939087
5.391758680343628
5.3096864223480225
5.232619524002075
5.266648769378662
5.325700044631958
5.387755870819092
5.402768850326538
5.438800811767578
5.41878080368042
5.435797929763794
5.408773183822632
5.481841087341309
5.370742082595825
5.378748416900635
5.374744653701782
5.348722696304321
5.441804885864258
5.348721504211426
5.362734079360962
5.215604066848755
5.335708856582642
5.3412041664123535
5.294672966003418
5.313689947128296
5.418782472610474
5.50185489654541
5.333708763122559
5.467825412750244
5.432794570922852
5.348720550537109
5.325702428817749
5.413773059844971
5.357730388641357
5.346759796142578
5.252675771713257
5.375786304473877
5.391798734664917
5.342757225036621
5.366777181625366
5.348761558532715
5.372783422470093
5.472872495651245
5.510905742645264
5.335749864578247
5.44784951210022
5.4538538455963135
5.3958046436309814
5.424900054931641
5.317735433578491
5.246671199798584
5.548938751220703
5.405812740325928
5.436840534210205
5.341754674911499
5.34175443649292
5.324738025665283
5.4548561573028564
5.476876497268677
5.3998072147369385
5.327743053436279
5.421828269958496
5.16659951210022
5.379787921905518
5.457858324050903
5.390799283981323
5.383793354034424
5.418824195861816
5.475874900817871
5.423827886581421
5.402810573577881
5.510907411575317
5.705078125
5.321737766265869
5.359770774841309
5.331746578216553
5.320736885070801
5.3497633934021
5.315732002258301
5.178607940673828
5.432835817337036
5.3707802295684814
5.28570556640625
5.534927606582642
5.277698516845703
5.257680892944336
5.284702777862549
5.398805856704712
5.4868857860565186
5.408815383911133
5.393803358078003
5.39680290222168
5.271692752838135
5.39680552482605
5.396804571151733
5.429833173751831
5.486881494522095
5.410816431045532
5.39780592918396
5.4438464641571045
5.379789590835571
5.145576477050781
5.364776372909546
5.408814907073975
5.378788709640503
5.437840938568115
5.278699636459351
5.361772537231445
5.346758127212524
5.372781753540039
5.422827243804932
5.415822267532349
5.383790969848633
5.411818027496338
5.463864326477051
5.475874185562134
5.298717498779297
5.424830675125122
5.445847988128662
5.480878114700317
5.256678104400635
5.4488489627838135
5.417517423629761
5.43908429145813
5.442845344543457
5.515911340713501
5.448849439620972
5.4028096199035645
5.4458489418029785
5.3497633934021
5.437839984893799
5.591979265213013
5.275696277618408
5.325739145278931
5.440845012664795
5.3587706089019775
5.367779016494751
5.334748983383179
5.38179087638855
5.421826601028442
5.331746578216553
5.362774133682251
5.3958048820495605
5.290709733963013
5.445847749710083
5.4128196239471436
5.460860252380371
5.460862159729004
5.49389123916626
5.492891311645508
5.364775657653809
5.2977142333984375
5.418823480606079
5.288707971572876
5.378788232803345
5.401809215545654
5.363775253295898
5.468867540359497
5.436840534210205
5.362773895263672
5.48263692855835
5.494891166687012
5.412818670272827
5.39380145072937
5.338752508163452
5.52391791343689
5.303719758987427
5.350764513015747
5.321737289428711
5.2786993980407715
5.427831172943115
5.304722547531128
5.35176420211792
5.324740648269653
5.41081690788269
5.283704042434692
5.346759557723999
5.4008073806762695
5.44084358215332
5.432836294174194
5.370781660079956
5.370779275894165
5.336750745773315
5.258681058883667
5.2566797733306885
5.32674241065979
5.370779752731323
5.50590181350708
5.285704851150513
5.443847417831421
5.317734718322754
5.398808002471924
5.244669198989868
5.42583155632019
5.35676908493042
5.4188232421875
5.405811309814453
5.326742887496948
5.411816596984863
5.294713973999023
5.497893571853638
5.402809381484985
5.40281081199646
5.220645904541016
5.350762844085693
5.420825242996216
5.483882427215576
5.400808334350586
5.511906862258911
5.502925634384155
5.44587779045105
5.347789287567139
5.372812032699585
5.404841899871826
5.411845922470093
5.3057520389556885
5.394831657409668
5.256707429885864
5.429863691329956
5.357797861099243
5.378814697265625
5.3728108406066895
5.447879314422607
5.429864168167114
5.441874265670776
5.446878433227539
5.285732746124268
5.278727769851685
5.538959980010986
5.4018394947052
5.2977454662323
5.16362452507019
5.341783761978149
5.364806413650513
5.354794979095459
5.055527210235596
5.290738582611084
5.2527055740356445
5.438869953155518
5.405840873718262
5.377816438674927
5.368808031082153
5.258710622787476
5.39683198928833
5.281729698181152
5.203660726547241
5.454885482788086
5.456880807876587
5.334779262542725
5.369809150695801
5.4126811027526855
5.363802909851074
5.382700443267822
5.446871280670166
5.383822441101074
5.3257691860198975
5.4598894119262695
5.346788644790649
5.526949882507324
5.460892200469971
5.300120830535889
5.325769901275635
5.3377814292907715
5.356339454650879
5.439872741699219
5.410847902297974
5.2617127895355225
5.357957601547241
5.437869548797607
5.465895175933838
5.4138500690460205
5.268719434738159
5.402933835983276
5.419852018356323
5.309755325317383
5.303749084472656
5.203660249710083
5.390829563140869
5.417851209640503
5.509932518005371
5.241694450378418
5.420856952667236
5.309756278991699
5.3618035316467285
5.417851448059082
5.566985368728638
5.407843589782715
5.427862882614136
5.336777925491333
5.334776878356934
5.2647154331207275
5.40287971496582
5.412800550460815
5.356796503067017
5.323768854141235
5.298745393753052
5.412846565246582
5.433867454528809
5.294740915298462
5.3557963371276855
5.475904226303101
5.4470131397247314
5.36280369758606
5.4318647384643555
5.353795289993286
5.412846565246582
5.4118475914001465
5.440882205963135
5.18964695930481
5.392829179763794
5.415850400924683
5.4348671436309814
5.353795289993286
5.352795362472534
5.426860332489014
5.442874431610107
5.397834062576294
5.393830299377441
5.376815319061279
5.313758850097656
5.3668060302734375
5.446878433227539
5.3047497272491455
5.332776784896851
5.307753086090088
5.490916967391968
5.416850566864014
5.411847829818726
5.433866739273071
5.420855283737183
5.451881408691406
5.379818677902222
5.367808818817139
5.298744201660156
5.363804340362549
5.3518548011779785
5.386823415756226
5.344787120819092
5.462891578674316
5.314760208129883
5.326770305633545
5.415848970413208
5.36480450630188
5.261169910430908
5.361802101135254
5.465533018112183
5.435868263244629
5.382821083068848
5.494920015335083
5.345787525177002
5.494654655456543
5.399836778640747
5.161636114120483
5.440871715545654
5.316759824752808
5.46289324760437
5.422858715057373
5.481909513473511
5.482909679412842
5.319764137268066
5.452883005142212
5.461891174316406
5.3527936935424805
5.32076358795166
5.386824607849121
5.395833730697632
5.490918159484863
5.48591423034668
5.347782611846924
5.454885721206665
5.449924945831299
5.49392032623291
5.385850429534912
5.481908798217773
5.5019285678863525
5.264715194702148
5.509934663772583
5.459890604019165
5.370808124542236
5.408844232559204
5.336780309677124
5.434869766235352
5.464915752410889
5.314779043197632
5.434885501861572
5.200678110122681
5.627060174942017
5.297765731811523
5.438891172409058
5.412869215011597
5.392851114273071
5.416872024536133
5.3678271770477295
5.42287015914917
5.4969446659088135
5.458910703659058
5.38284158706665
5.403860092163086
5.358819246292114
5.473892450332642
5.357287883758545
5.373833179473877
5.429884672164917
5.4168701171875
5.26473593711853
5.413870334625244
5.397856712341309
5.41586971282959
5.3938517570495605
5.097584247589111
5.314786672592163
5.427881717681885
5.370832443237305
5.40285849571228
5.381840229034424
5.2307045459747314
5.4569079875946045
5.447900056838989
5.376834392547607
5.363826036453247
5.310776948928833
5.490939140319824
5.370830535888672
5.441895008087158
5.493942499160767
5.429884195327759
5.430885553359985
5.442896366119385
5.414870500564575
5.4308860301971436
5.409866571426392
5.225700616836548
5.439894199371338
5.442895174026489
5.323788642883301
5.29676365852356
5.41086745262146
5.619054079055786
5.285753488540649
5.496945858001709
5.473923206329346
5.442896127700806
5.365825414657593
5.372833251953125
5.418874025344849
5.4909398555755615
5.347810506820679
5.389848709106445
5.385842800140381
5.56400465965271
5.338801622390747
5.4018590450286865
5.51796293258667
5.477929353713989
5.344807386398315
5.313780307769775
5.5059521198272705
5.363825559616089
5.3307929039001465
5.457909345626831
5.358820199966431
5.368828296661377
5.459518194198608
5.366827726364136
5.422877550125122
5.385844707489014
5.395853042602539
5.424880504608154
5.40586256980896
5.354814529418945
5.3728344440460205
5.348810434341431
5.3528149127960205
5.377837419509888
5.457909822463989
5.3317975997924805
5.514959812164307
5.455907344818115
5.388846397399902
5.303771495819092
5.361822843551636
5.418874263763428
5.436890363693237
5.473922252655029
5.401857614517212
5.4158711433410645
5.417873859405518
5.331794023513794
5.553995370864868
5.369828939437866
5.4939422607421875
5.394853830337524
5.435890436172485
5.312778472900391
5.38484263420105
5.477924108505249
5.424879550933838
5.348812103271484
5.464915990829468
5.447901010513306
5.472924470901489
5.47692608833313
5.356818675994873
5.32478928565979
5.463914394378662
5.437889575958252
5.287755250930786
5.382842779159546
5.48693585395813
5.132617235183716
5.341804027557373
5.455906391143799
5.417872190475464
5.439892530441284
5.411868572235107
5.274743318557739
5.3948540687561035
5.250720977783203
5.400857925415039
5.343807220458984
5.37383246421814
5.291759729385376
5.403860569000244
5.362823486328125
5.283752679824829
5.364826202392578
5.419873476028442
5.358820676803589
5.497945547103882
5.596033811569214
5.660090684890747
5.346807241439819
5.319784879684448
5.1376214027404785
5.402859449386597
5.372832536697388
5.3378005027771
5.420875787734985
5.474924087524414
5.42688250541687
5.394852876663208
5.456908226013184
5.282747030258179
5.448901653289795
5.542986631393433
5.321843385696411
5.382840871810913
5.459911823272705
5.357819318771362
5.490938901901245
5.47492527961731
5.451903581619263
5.442492485046387
5.367387294769287
5.364839553833008
5.413885831832886
5.352829217910767
5.362837553024292
5.505816459655762
5.3948657512664795
5.3788533210754395
5.329809904098511
5.207698583602905
5.489953279495239
5.548006057739258
5.287770986557007
5.402874708175659
5.308789491653442
5.383856773376465
5.458923578262329
5.325805425643921
5.479944467544556
5.5019636154174805
5.476941823959351
5.259744644165039
5.2687764167785645
5.537996292114258
5.401872396469116
5.419889211654663
5.494950294494629
5.369845151901245
5.451918840408325
5.434903383255005
5.269752502441406
5.498961448669434
5.443911075592041
5.344821214675903
5.423892974853516
5.459924936294556
5.568023920059204
5.378852844238281
5.4559221267700195
5.392864942550659
5.390863418579102
5.352830410003662
5.184677362442017
5.235723972320557
5.311790704727173
5.288770914077759
5.427896976470947
5.340817213058472
5.242729902267456
5.372846841812134
5.3298094272613525
5.454920291900635
5.468934059143066
5.321801662445068
5.330809831619263
5.356831789016724
5.439908742904663
5.477941513061523
5.476940870285034
5.306787490844727
5.96537971496582
6.787122964859009
6.70443868637085
6.036588668823242
5.7201244831085205
5.854103326797485
5.798519134521484
5.730698347091675
5.440909147262573
5.77521014213562
5.533992528915405
5.466931104660034
6.571927785873413
5.547001838684082
5.615067005157471
5.660107135772705
5.537996292114258
5.590042591094971
5.534994840621948
5.5720274448394775
5.940358877182007
5.829257011413574
5.605056047439575
5.964381217956543
5.499961614608765
5.893316030502319
6.302684783935547
5.601054668426514
5.689133405685425
5.671117544174194
6.547524929046631
6.6869988441467285
5.782328128814697
5.79450535774231
6.191053152084351
6.215572118759155
6.122949838638306
6.074939966201782
5.950505018234253
5.884493350982666
5.927148818969727
6.131419897079468
5.820979356765747
5.801217317581177
5.84773063659668
5.758610725402832
5.765012979507446
5.795225143432617
5.782073974609375
5.764972686767578
5.819533348083496
5.844577312469482
5.928791761398315
5.861357688903809
5.877175569534302
5.702582836151123
5.8314430713653564
5.883283853530884
5.906983852386475
5.856310129165649
5.8472325801849365
5.7565741539001465
5.813514947891235
5.6798927783966064
5.8447816371917725
5.945090055465698
5.8586273193359375
5.829277753829956
5.777598142623901
5.78019905090332
5.894291877746582
5.869551658630371
5.936192035675049
5.9508960247039795
5.791385889053345
5.851842641830444
5.938060760498047
6.090800762176514
7.381454706192017
7.4006781578063965
6.386579513549805
6.826568365097046
6.020453214645386
6.139587163925171
5.877575635910034
5.819524765014648
6.228453159332275
5.946402549743652
5.757382154464722
5.830932140350342
5.956794261932373
6.020988941192627
5.84375524520874
6.087769508361816
6.144961595535278
6.2669172286987305
5.882791042327881
5.874003887176514
5.769315958023071
5.666808843612671
5.837470531463623
5.7295308113098145
5.6989054679870605
5.826616287231445
5.805936813354492
5.701948165893555
5.695677757263184
5.841392517089844
5.725019931793213
5.690558433532715
5.798707723617554
5.7379114627838135
5.723447799682617
5.799938678741455
5.796219110488892
5.719316482543945
5.827300786972046
5.698394060134888
5.784109354019165
5.766327619552612
5.689755439758301
5.7176833152771
5.802159309387207
5.690702199935913
5.76977276802063
5.77341365814209
6.050282001495361
5.655942916870117
5.725946664810181
5.746596813201904
5.721744537353516
5.684836387634277
5.86155366897583
5.685035705566406
5.737428903579712
6.1726977825164795
5.84597635269165
5.751514673233032
5.826077699661255
5.679919242858887
6.247407913208008
5.768215656280518
5.5440146923065186
5.600063800811768
5.596059799194336
5.54801607131958
5.727180242538452
5.851292610168457
5.629089832305908
5.582048177719116
5.441920280456543
5.677133321762085
5.8132569789886475
6.312708616256714
6.6940531730651855
6.30370020866394
5.783229351043701
5.902399778366089
6.192598819732666
5.743193626403809
5.6881444454193115
5.703157901763916
5.6981520652771
5.922358751296997
5.996422052383423
5.945376873016357
6.251652240753174
5.825268268585205
6.137211799621582
5.878314971923828
5.676132917404175
5.7091639041900635
5.891326427459717
5.67913556098938
5.699153423309326
5.867309093475342
5.6230857372283936
5.801242828369141
5.698152303695679
5.746100664138794
5.632266283035278
6.188595771789551
5.5900561809539795
5.723172187805176
5.756205081939697
5.688143253326416
5.68514084815979
5.678134918212891
5.678134918212891
5.668126106262207
5.66686487197876
5.67413067817688
5.809688568115234
5.758207559585571
6.167884111404419
5.806250333786011
5.717170238494873
5.832273721694946
5.776000738143921
5.613075494766235
5.742192268371582
5.689144611358643
5.640965938568115
5.716173887252808
5.7171690464019775
5.583048343658447
5.594058990478516
6.140470743179321
6.125539541244507
5.699153661727905
5.9245216846466064
5.785204887390137
5.754748582839966
5.8047778606414795
6.0144383907318115
5.7421934604644775
5.839279890060425
5.939298391342163
5.7071616649627686
6.101155519485474
5.758206844329834
5.72417950630188
5.7760820388793945
5.697152137756348
5.734184741973877
5.709162473678589
5.787233591079712
5.729180574417114
6.09552526473999
5.65611457824707
5.972400426864624
5.731183767318726
5.651109457015991
5.7431933879852295
5.739189386367798
5.646106004714966
5.7141664028167725
5.8462865352630615
6.223626613616943
6.111530303955078
5.779226064682007
5.980406284332275
5.654111623764038
5.751199960708618
5.812255382537842
5.741190671920776
5.631093263626099
5.516989707946777
5.692147970199585
5.884281635284424
6.051471710205078
5.707160711288452
5.767215013504028
5.700153827667236
5.851290464401245
5.758113861083984
5.700153350830078
5.822265625
5.972398281097412
5.760206699371338
5.625086069107056
5.643104076385498
5.603072166442871
5.584056854248047
5.549026250839233
5.483967304229736
5.590062618255615
5.921362400054932
5.8252763748168945
5.815267086029053
5.720180511474609
5.725183725357056
5.723182439804077
5.731190204620361
5.641108989715576
5.6391050815582275
5.630098819732666
5.786240816116333
5.760217905044556
5.818269729614258
5.752210378646851
5.92036247253418
5.959396839141846
5.633100986480713
5.701163291931152
5.6871514320373535
5.628097295761108
5.674139022827148
5.689152479171753
5.621090412139893
5.647110939025879
5.6661317348480225
5.661127805709839
5.963400840759277
5.619089365005493
5.672135591506958
5.824275016784668
5.641098737716675
5.560035705566406
5.585056304931641
5.586059331893921
5.529008150100708
5.503984689712524
5.5390167236328125
5.549025058746338
5.638102769851685
5.444931507110596
5.4779112339019775
5.546022891998291
5.480964422225952
5.589881420135498
5.524002552032471
5.459945440292358
5.546023607254028
5.7241833209991455
5.536010503768921
5.4879701137542725
5.572045803070068
5.516996145248413
5.572045564651489
5.480963706970215
5.5380144119262695
5.516996145248413
5.540017366409302
5.609081029891968
5.4939751625061035
5.5159947872161865
5.521999359130859
5.4879701137542725
5.488970756530762
5.558032035827637
5.574047565460205
5.598066806793213
5.645113468170166
5.503985643386841
5.8093907833099365
5.560035228729248
5.527006149291992
5.4619460105896
5.474958419799805
5.471953868865967
5.500982046127319
5.583982944488525
5.5740485191345215
5.7692248821258545
5.579051733016968
5.467952489852905
6.005438804626465
5.531009912490845
5.497980833053589
5.546022176742554
5.522001028060913
5.545021057128906
5.519997835159302
5.601072311401367
5.52200174331665
5.469954013824463
5.487971305847168
5.469954013824463
5.450937032699585
5.552353382110596
5.535012722015381
6.140561103820801
5.794247627258301
5.48797082901001
5.528006553649902
5.436925411224365
5.494976043701172
5.499980926513672
5.522001028060913
6.069501638412476
5.6991612911224365
5.6110827922821045
5.497979640960693
5.487969636917114
5.525005340576172
5.504985094070435
5.56303858757019
5.753211498260498
5.712175130844116
5.768224716186523
5.595067501068115
5.420913457870483
5.672138452529907
5.5220019817352295
5.4272050857543945
5.538014888763428
5.567041397094727
5.496979236602783
5.55603289604187
5.5129923820495605
5.869316101074219
5.504985570907593
5.4259114265441895
5.477961540222168
5.5029847621917725
5.53000807762146
5.506988286972046
5.503984689712524
5.455941200256348
5.502983570098877
5.51799750328064
5.577051877975464
5.4229114055633545
5.513993740081787
5.481966018676758
5.514994382858276
5.5666491985321045
5.462947368621826
5.522001028060913
5.551027059555054
5.547022581100464
5.545022249221802
5.510990619659424
5.540017366409302
5.49998140335083
5.401893138885498
5.7521071434021
5.864309549331665
5.695157527923584
5.544020652770996
5.454939603805542
5.55302882194519
6.050480842590332
5.682146310806274
5.658123970031738
5.570049285888672
5.761224031448364
5.817275285720825
5.5098912715911865
5.443941116333008
6.0905234813690186
6.059493541717529
5.537021160125732
5.4529430866241455
5.683152198791504
5.555036783218384
5.684154987335205
5.738203287124634
5.531015157699585
5.5109968185424805
5.795253753662109
5.7291953563690186
5.535016298294067
5.684154033660889
5.616679906845093
5.7912514209747314
5.78624701499939
5.4649598598480225
5.546029090881348
5.864316940307617
5.789248704910278
5.81126856803894
6.020458459854126
5.5420241355896
5.803260803222656
5.780241012573242
5.776235580444336
5.455946207046509
5.390601634979248
5.7191853523254395
5.815474271774292
5.516001462936401
5.738203525543213
5.626101732254028
5.71017599105835
5.723189353942871
5.847503900527954
5.525009870529175
5.529013156890869
5.794255018234253
5.73620080947876
5.762225389480591
5.615091562271118
5.645118474960327
5.737203359603882
5.726192235946655
5.81327223777771
5.51099705696106
5.445937633514404
5.722187757492065
5.737201929092407
5.831285715103149
5.752215385437012
5.716183185577393
5.755219459533691
5.838292598724365
5.759222507476807
5.770232200622559
5.662132978439331
6.180604696273804
5.818274736404419
6.076509237289429
5.531014919281006
5.63611364364624
5.703172206878662
5.667138576507568
5.843306541442871
5.782242298126221
5.738203525543213
5.82828426361084
5.785246133804321
5.749212741851807
5.516001462936401
5.770232439041138
5.745208978652954
5.784245252609253
6.134717226028442
5.683152675628662
5.602079391479492
5.438931465148926
5.537020444869995
5.484720468521118
5.496985197067261
5.591826438903809
5.464270830154419
5.472962856292725
5.477965831756592
5.534016847610474
5.572054386138916
5.470961093902588
5.779240369796753
5.5460286140441895
5.523007154464722
5.512998819351196
5.762225866317749
5.574054718017578
5.756219863891602
5.510997772216797
5.586066246032715
5.588067293167114
5.801260709762573
5.560040235519409
5.5780580043792725
5.711178302764893
5.444937467575073
5.563044309616089
5.617092847824097
5.525010347366333
5.705172538757324
5.429422616958618
5.37287163734436
5.539021730422974
5.458949327468872
5.390888690948486
5.672143936157227
5.968411445617676
5.945391893386841
5.5600409507751465
5.7411789894104
5.5079944133758545
5.525009393692017
5.468958139419556
5.723190069198608
5.49998664855957
5.581060171127319
5.602079391479492
5.446942567825317
5.472962379455566
5.52901291847229
5.494185924530029
5.523007392883301
5.546054840087891
5.528012037277222
5.466957092285156
5.464954137802124
5.6140899658203125
5.5720531940460205
5.489979028701782
5.6100873947143555
5.557037353515625
5.618095636367798
5.531014442443848
5.484973430633545
5.384881973266602
5.730195760726929
5.4449379444122314
5.472962856292725
5.544026851654053
5.4539453983306885
5.724839925765991
5.706172943115234
5.752216339111328
5.701170206069946
5.67403244972229
5.469958543777466
5.529013633728027
5.523043394088745
5.526009798049927
5.481969118118286
5.5069966316223145
5.513002157211304
5.592095375061035
5.515005111694336
5.493988275527954
5.536023855209351
5.5170063972473145
5.655131101608276
5.620100498199463
5.701171875
5.649127244949341
5.677151918411255
5.6941680908203125
5.7442121505737305
5.694166660308838
5.78524923324585
5.687161922454834
5.783247709274292
5.641118049621582
5.730199813842773
5.652128219604492
5.694167137145996
5.71418571472168
5.722193002700806
5.752218961715698
5.724194765090942
5.648967504501343
5.682156324386597
5.699171304702759
5.675107717514038
5.729199647903442
5.701175212860107
5.619098424911499
5.7141852378845215
5.753065586090088
5.742210865020752
5.742210626602173
5.714184761047363
5.632110595703125
5.685160160064697
5.681154489517212
5.694167613983154
5.728197336196899
5.7311999797821045
5.759226083755493
5.6659321784973145
5.616096019744873
5.687159061431885
5.6881608963012695
5.738206148147583
5.665139198303223
5.707179307937622
5.64612340927124
5.683156728744507
5.691164255142212
5.676151990890503
5.680154085159302
5.66714334487915
5.854313373565674
5.921372890472412
5.836296081542969
5.741209506988525
5.68115496635437
5.682155609130859
5.676151514053345
5.76523232460022
5.701173543930054
5.688161849975586
5.687160491943359
5.763230800628662
5.729198932647705
5.657133340835571
5.713183879852295
5.687161445617676
5.6941680908203125
5.706178426742554
5.662137985229492
5.667142152786255
5.761228799819946
5.686159372329712
5.730198621749878
5.690164566040039
5.701174020767212
5.674148321151733
5.685159206390381
5.775240898132324
5.660134553909302
5.72119140625
5.664139747619629
5.784248113632202
5.7141852378845215
5.682156562805176
5.6921656131744385
5.756223678588867
5.6511290073394775
5.662137508392334
5.742527723312378
5.693395137786865
5.660135507583618
5.672467470169067
5.703054189682007
5.71418571472168
5.695733070373535
5.725196599960327
5.7161877155303955
5.690163850784302
5.6981706619262695
5.78324818611145
5.668143033981323
5.670145034790039
5.64796781539917
5.686159610748291
5.650127410888672
5.6621387004852295
5.706177473068237
5.747213840484619
5.6911633014678955
5.702173709869385
5.607088088989258
5.711182117462158
5.652129411697388
5.6791534423828125
5.712184190750122
5.725196123123169
5.677152872085571
5.750216484069824
5.710181951522827
5.740208148956299
5.621100664138794
5.662137269973755
5.689162492752075
5.720191955566406
5.651128053665161
5.69817042350769
5.610090970993042
5.644120693206787
5.833293676376343
5.7051777839660645
5.683156490325928
5.7111828327178955
5.71233868598938
5.686160087585449
5.680154323577881
5.78324818611145
5.670858144760132
5.695166110992432
5.596078157424927
5.69316554069519
5.686160326004028
5.713991403579712
5.756675481796265
5.682129144668579
5.6899755001068115
5.63311243057251
5.745213508605957
5.74921727180481
5.764230251312256
5.6401166915893555
5.700172662734985
5.676151275634766
5.672147035598755
5.713184595108032
5.684158802032471
5.693166017532349
5.677155494689941
5.718191623687744
5.6711485385894775
5.64812970161438
5.755226373672485
5.706405878067017
5.7201926708221436
5.6871631145477295
5.716189384460449
5.6721508502960205
5.712187051773071
5.634115695953369
5.725198030471802
5.7302021980285645
5.768237113952637
5.786251544952393
5.731203556060791
5.6191020011901855
5.628110408782959
5.662140369415283
5.698666334152222
5.694170236587524
5.716188907623291
5.712186574935913
5.803269386291504
5.680156707763672
5.650129079818726
5.587072134017944
5.643123149871826
5.68115758895874
5.675152540206909
5.708183288574219
5.699174165725708
5.631112337112427
5.634115934371948
5.701177358627319
5.705179214477539
5.6411213874816895
5.683237791061401
5.664143323898315
5.66414213180542
5.71518874168396
5.652131080627441
5.734205722808838
5.706413745880127
5.722291469573975
5.741926193237305
5.675151586532593
5.655132293701172
5.655134916305542
5.674150228500366
5.70618200302124
5.710184097290039
5.671148777008057
5.709184169769287
5.682159662246704
5.728200912475586
5.6401207447052
5.667145729064941
5.724198341369629
5.718191146850586
5.6991753578186035
5.790638208389282
5.690166234970093
5.6981728076934814
5.703178644180298
5.648127794265747
5.690166473388672
5.695171117782593
5.6941704750061035
5.683159828186035
5.641120672225952
5.625306606292725
5.66114068031311
5.664679527282715
5.703404903411865
5.691166400909424
5.731203556060791
5.67014741897583
5.755220413208008
5.736207962036133
5.666144132614136
5.721194744110107
5.788255929946899
5.711184978485107
5.73199462890625
5.689166784286499
5.689109802246094
5.637118339538574
5.764233589172363
5.64412522315979
5.672149658203125
5.696171998977661
5.678155183792114
5.676154136657715
5.681158065795898
5.729202508926392
5.590003728866577
5.703177452087402
5.725198030471802
5.7031779289245605
5.674152612686157
5.758228540420532
5.673151016235352
5.671147584915161
5.660138845443726
5.694047451019287
5.7552244663238525
5.773242235183716
5.68416166305542
5.678154945373535
5.6221044063568115
5.74421501159668
5.67915678024292
5.71518874168396
5.6331140995025635
5.767236948013306
5.616099119186401
5.680157899856567
5.696172475814819
5.762810468673706
5.843305587768555
5.744213819503784
5.6151628494262695
5.699174404144287
5.601085424423218
5.672150611877441
5.6601479053497314
5.710184097290039
5.74721622467041
5.66914701461792
5.660139799118042
5.574060916900635
5.6020896434783936
5.720193386077881
5.714188575744629
5.689165115356445
5.654133319854736
5.625981569290161
5.590075731277466
5.5940797328948975
5.767236948013306
5.695170640945435
5.525477170944214
5.717190980911255
5.675152778625488
5.6401207447052
5.645124912261963
5.685162305831909
5.7211925983428955
5.68015718460083
5.716190338134766
5.647127866744995
5.725199222564697
5.646125555038452
5.615097284317017
5.617101430892944
5.7027201652526855
5.68015718460083
5.654134273529053
5.729201316833496
5.656135320663452
5.596081256866455
5.577064037322998
5.586082458496094
5.6401238441467285
5.6821608543396
5.660140037536621
5.604089736938477
5.5920798778533936
5.716192007064819
5.472970962524414
5.446947813034058
5.42224907875061
5.429931640625
5.660638332366943
5.75422739982605
5.348859786987305
5.501997232437134
5.45095157623291
5.611098051071167
5.3818886280059814
5.368876218795776
5.3918986320495605
5.512007236480713
5.476975440979004
5.474972724914551
5.450951337814331
5.435937881469727
5.3768839836120605
5.420924425125122
5.430933713912964
5.468968391418457
5.45795750617981
5.409914016723633
5.483980417251587
5.500996351242065
5.470969200134277
5.434636116027832
5.55204439163208
5.384891748428345
5.465963840484619
5.493991851806641
5.5009965896606445
5.425929546356201
5.4609808921813965
5.485982656478882
5.382889032363892
5.4549548625946045
5.4999964237213135
5.413913011550903
5.453953504562378
5.446948528289795
5.729205131530762
5.70263147354126
5.570059776306152
5.796264886856079
5.564054727554321
5.881342887878418
5.816282749176025
5.764235973358154
5.526020050048828
5.537029266357422
5.407912731170654
5.6801605224609375
5.462963342666626
5.459960460662842
5.62410831451416
6.03790283203125
6.01411509513855
8.069953918457031
8.660569906234741
6.078722953796387
6.206233978271484
6.248956918716431
6.213643312454224
6.156591176986694
6.371120452880859
5.728206396102905
5.921418905258179
5.811877727508545
5.736762762069702
5.7024922370910645
5.637955665588379
5.662865877151489
5.808131456375122
5.628101348876953
5.711627244949341
5.78025484085083
5.7028114795684814
5.628401517868042
5.699629545211792
5.801999807357788
5.883007287979126
6.006525039672852
5.945664167404175
5.965759038925171
5.694037437438965
5.697901010513306
5.668228626251221
5.633522272109985
5.64491868019104
5.600688457489014
6.2401509284973145
6.409065246582031
6.511922121047974
6.037484169006348
5.450952053070068
6.692079544067383
6.286211729049683
5.83011531829834
6.145215272903442
5.845550775527954
5.84266471862793
6.030472278594971
5.876272201538086
5.866873741149902
6.044296741485596
5.836931467056274
5.81061053276062
6.092926979064941
