Timing log for each step:
0.015013694763183594
5.388027191162109
5.242841005325317
5.098682165145874
5.096759557723999
5.287888288497925
5.175112247467041
5.272008419036865
5.166315317153931
5.2664690017700195
5.298037528991699
5.170229911804199
5.1961870193481445
5.255330801010132
5.246067047119141
5.327275276184082
5.212228298187256
5.2714550495147705
5.146278619766235
5.20123815536499
5.18885350227356
5.191621541976929
5.32926344871521
5.211934328079224
5.185649394989014
5.1848464012146
5.242850303649902
5.322994947433472
5.2678961753845215
5.352932691574097
5.234883546829224
5.177316188812256
5.154452323913574
5.337048768997192
5.245054721832275
5.229273319244385
5.260730028152466
5.238736152648926
5.193006992340088
5.206055641174316
5.322108745574951
5.323253154754639
5.305484294891357
5.440228700637817
5.231316089630127
5.296769380569458
5.291564464569092
5.222056150436401
5.295278072357178
5.3058905601501465
5.223405361175537
5.214271783828735
5.29736590385437
5.316461801528931
5.3309326171875
5.315955877304077
5.375538110733032
5.257124900817871
5.2718915939331055
5.201653242111206
5.329461097717285
5.300411701202393
5.262888431549072
5.221404552459717
5.293506145477295
5.34300422668457
5.307396650314331
5.233677864074707
5.269661903381348
5.298836708068848
5.241129636764526
5.254392623901367
5.251250982284546
5.29186487197876
5.311976194381714
5.236506700515747
5.1810219287872314
5.251781702041626
5.2634100914001465
5.1823084354400635
5.237590312957764
5.296938419342041
5.253519773483276
5.217960834503174
5.246918439865112
5.31500506401062
5.2797205448150635
5.2393293380737305
5.268877029418945
5.216280221939087
5.26835823059082
5.285872220993042
5.240287780761719
5.32701563835144
5.291364908218384
5.376260995864868
5.33027982711792
5.212517023086548
5.278470039367676
5.248828649520874
5.309717893600464
5.385406732559204
5.216311693191528
5.307185411453247
5.230714797973633
5.278248310089111
5.241822719573975
5.2653186321258545
5.155390024185181
5.141127347946167
5.243896484375
5.285935640335083
5.270158290863037
5.173788070678711
5.1898674964904785
5.26528000831604
5.277371883392334
5.2342753410339355
5.259356260299683
5.247001647949219
5.287110805511475
5.219836473464966
5.266968727111816
5.192735433578491
5.29219388961792
5.27219295501709
5.358132600784302
5.343135595321655
5.291335344314575
5.259135007858276
5.315985918045044
5.243200778961182
5.326881170272827
5.278417587280273
5.137167453765869
5.212962865829468
5.197943449020386
5.2477264404296875
5.301921129226685
5.257895231246948
5.302011728286743
5.312838792800903
5.505769491195679
5.3340373039245605
5.243397951126099
5.251271724700928
5.2761759757995605
5.252910852432251
5.244431972503662
5.318160772323608
5.262160778045654
5.255883693695068
5.287004470825195
5.233234167098999
5.344263792037964
5.315305471420288
5.36295223236084
5.275136232376099
5.256284952163696
5.290904998779297
5.236875534057617
5.220867395401001
5.2693915367126465
5.3521788120269775
5.255373954772949
5.322117567062378
5.262594699859619
5.271909952163696
5.230228424072266
5.330058813095093
5.308318853378296
5.251795768737793
5.3070244789123535
5.200657606124878
5.208956241607666
5.2190845012664795
5.275495290756226
5.28879189491272
5.266581773757935
5.295073509216309
5.369356870651245
5.261721134185791
5.520605087280273
5.376696348190308
5.369031667709351
5.339929103851318
5.262876987457275
5.3584043979644775
5.322921991348267
5.127145767211914
5.30603551864624
5.2608747482299805
5.238808631896973
5.340061664581299
5.204447984695435
5.3590357303619385
5.288128614425659
5.125370025634766
5.32500958442688
5.292421102523804
5.316151142120361
5.231683254241943
5.345274448394775
5.299356460571289
5.236086845397949
5.296609878540039
5.3247902393341064
5.2572715282440186
5.2217559814453125
5.2245988845825195
5.303414821624756
5.338003158569336
5.313455581665039
5.203726291656494
5.309964656829834
5.261420726776123
5.205299139022827
5.211172580718994
5.237862825393677
5.3655548095703125
5.285905838012695
5.198200941085815
5.296064138412476
5.266222715377808
5.379433631896973
5.469505786895752
5.183951377868652
5.296151638031006
5.280309438705444
5.2692646980285645
5.207104921340942
5.288695573806763
5.281343460083008
5.285272598266602
5.2248945236206055
5.255172252655029
5.244856357574463
5.266100883483887
5.300009727478027
5.320902585983276
5.29090142250061
5.22097373008728
5.278939485549927
5.349467754364014
5.263868808746338
5.345796346664429
5.1681530475616455
5.341909408569336
5.266832590103149
5.268809795379639
5.247990608215332
5.340148687362671
5.234155654907227
5.315100431442261
5.261010408401489
5.3193581104278564
5.472569942474365
5.613747835159302
5.352932453155518
5.448849678039551
5.279623746871948
5.406026363372803
5.523157119750977
5.215871810913086
5.423227071762085
5.29192852973938
5.165359020233154
5.22784948348999
5.241313695907593
5.224860429763794
5.242437839508057
5.279399394989014
5.289376974105835
5.326404809951782
5.2629101276397705
5.192217111587524
5.320248126983643
5.305961847305298
5.322947025299072
5.305180311203003
5.336272954940796
5.250830173492432
5.305242300033569
5.244068622589111
5.403050661087036
5.357429027557373
5.257311582565308
5.350010871887207
5.322301626205444
5.328587293624878
5.2973668575286865
5.3493430614471436
5.244333505630493
5.321522951126099
5.262946844100952
5.347149610519409
5.3579301834106445
5.384479999542236
5.273335218429565
5.236852169036865
5.320934772491455
5.258971452713013
5.324172735214233
5.214176893234253
5.268460035324097
5.264127492904663
5.270963191986084
5.220868110656738
5.3924171924591064
5.284188985824585
5.257946729660034
5.188819646835327
5.318413019180298
5.261271238327026
5.380915403366089
5.398820400238037
5.2603631019592285
5.224813222885132
5.307952165603638
5.328710079193115
5.270711421966553
5.278178691864014
5.315530061721802
5.360041856765747
5.314892053604126
5.293931484222412
5.281203508377075
5.302072048187256
5.318527460098267
5.200183868408203
5.24291729927063
5.211835145950317
5.216450452804565
5.231858015060425
5.237012624740601
5.366649389266968
5.386772632598877
5.207118988037109
5.211556911468506
5.334110736846924
5.313924789428711
5.223469495773315
5.308317184448242
5.396164417266846
5.351045608520508
5.320925951004028
5.314458608627319
5.29393458366394
5.274281978607178
5.191688060760498
5.233768939971924
5.317886114120483
5.284329891204834
5.294723987579346
5.198178291320801
5.200807332992554
5.217776775360107
5.163957357406616
5.232326507568359
5.284337759017944
5.315837383270264
5.3480224609375
5.289305686950684
5.331967353820801
5.194119930267334
5.308871746063232
5.2482993602752686
5.1236255168914795
5.41398549079895
5.4099860191345215
5.468234300613403
5.216500520706177
5.174858570098877
5.24993109703064
5.342242479324341
5.264645338058472
5.212064743041992
5.319627523422241
5.265871524810791
5.274914979934692
5.348585605621338
5.262953519821167
5.2205541133880615
5.212383508682251
5.315011024475098
5.226839780807495
5.401085376739502
5.332468271255493
5.231819152832031
5.297383546829224
5.308802843093872
5.311202764511108
5.184824466705322
5.184816598892212
5.2837207317352295
5.298166513442993
5.263984203338623
5.306988000869751
5.337901592254639
5.290219068527222
5.292959928512573
5.273962020874023
5.23647928237915
5.504641771316528
5.511613130569458
5.28197455406189
5.278034925460815
5.267300128936768
5.171395540237427
5.201315879821777
5.2741687297821045
5.301331043243408
5.291920185089111
5.397537708282471
5.270030975341797
5.2482709884643555
5.293235778808594
5.303369998931885
5.299801349639893
5.366989612579346
5.290537357330322
5.386872053146362
5.351011514663696
5.399394989013672
5.349736213684082
5.228937149047852
5.321082353591919
5.160862445831299
5.233870029449463
5.37614631652832
5.319091558456421
5.292346000671387
5.295962333679199
5.283963441848755
5.336782455444336
5.328914403915405
5.264737606048584
5.27390456199646
5.223163604736328
5.327922344207764
5.2518815994262695
5.23810601234436
5.350687742233276
5.328303813934326
5.322897434234619
5.281382322311401
5.295438766479492
5.288281679153442
5.348198890686035
5.280900001525879
5.27117657661438
5.355019807815552
5.309441328048706
5.333927392959595
5.270692586898804
5.270557641983032
5.347285270690918
5.375417232513428
5.31404709815979
5.264047622680664
5.266987085342407
5.31096887588501
5.303096532821655
5.355518102645874
5.352379083633423
5.295187950134277
5.254517555236816
5.306541204452515
5.268621206283569
5.299407243728638
5.23723030090332
5.246689558029175
5.250051498413086
5.359347343444824
5.240328788757324
5.200427770614624
5.311798334121704
5.399031400680542
5.27386736869812
5.280007600784302
5.149898290634155
5.136783123016357
5.196838617324829
5.138691425323486
5.2603676319122314
5.46940541267395
5.283000707626343
5.235153913497925
5.203274488449097
5.503692865371704
5.261909008026123
5.533588647842407
5.214073181152344
5.287228345870972
5.3219428062438965
5.344356536865234
5.271429061889648
5.292812347412109
5.265168190002441
5.225863695144653
5.334631443023682
5.390444993972778
5.262386322021484
5.227473735809326
5.3962321281433105
5.278887033462524
5.500154495239258
5.2195329666137695
5.4410240650177
5.4010210037231445
5.286987066268921
5.2501137256622314
5.310260534286499
5.348055362701416
5.353409767150879
5.266856670379639
5.294965744018555
5.335971117019653
5.271945238113403
5.304511785507202
5.275254964828491
5.314900159835815
5.26617431640625
5.372080087661743
5.370370864868164
5.234003782272339
5.2002973556518555
5.2489001750946045
5.147845268249512
5.4895477294921875
5.2648766040802
5.393944978713989
5.33905029296875
5.313293218612671
5.330881118774414
5.299652576446533
5.296318054199219
5.313987970352173
5.304955005645752
5.34396505355835
5.433656454086304
5.35204815864563
5.267857551574707
5.269684076309204
5.248922109603882
5.480073690414429
5.557613134384155
5.315393447875977
5.421666622161865
5.298615455627441
5.347707748413086
5.522979974746704
5.344157695770264
5.431793212890625
5.571306467056274
5.497065544128418
5.337318181991577
5.549164056777954
5.471122741699219
5.425376653671265
5.4654717445373535
5.5766472816467285
5.198971271514893
5.327184200286865
5.507526636123657
5.506222248077393
5.773246765136719
5.302817344665527
5.510101795196533
5.5534772872924805
5.388127326965332
5.4988179206848145
5.4463043212890625
5.321237802505493
5.457332372665405
5.384819507598877
5.36311674118042
5.485645294189453
5.298418998718262
5.3186469078063965
5.5124194622039795
5.337438344955444
5.324381113052368
5.582134485244751
5.2330334186553955
5.353828430175781
5.478458881378174
5.363232374191284
5.300797462463379
5.30724573135376
5.343073844909668
5.250989198684692
5.450476169586182
5.136683940887451
5.2297682762146
5.1096601486206055
5.174718379974365
5.3548829555511475
5.464982509613037
5.580086946487427
5.269804954528809
5.821307420730591
5.239778518676758
5.357885122299194
5.2978291511535645
5.397920370101929
5.311842918395996
5.24177885055542
5.376901865005493
5.350878953933716
5.321852684020996
5.222760438919067
5.1947362422943115
5.219758987426758
5.395919561386108
5.206746339797974
5.1947362422943115
5.295828342437744
5.405928134918213
5.444962739944458
5.224764108657837
5.3038365840911865
5.403926372528076
5.298830270767212
5.328858375549316
5.206746339797974
5.499013185501099
5.2778120040893555
5.259796142578125
5.243781089782715
5.281815767288208
5.2647998332977295
5.477994441986084
5.421942949295044
5.378904104232788
5.434956312179565
5.505019426345825
5.624127388000488
5.284818172454834
5.2337729930877686
5.4689860343933105
5.472989559173584
5.296828985214233
5.340869426727295
5.431952714920044
5.388913154602051
5.408930540084839
4.98554539680481
5.334864377975464
5.345874309539795
5.075628042221069
5.364891052246094
5.388913631439209
4.970531940460205
5.409931421279907
5.279813766479492
5.455974340438843
5.340869903564453
5.157702445983887
5.263798475265503
5.404927730560303
5.302833557128906
5.21375298500061
5.30383563041687
5.41793966293335
5.446967124938965
5.045601844787598
5.2668023109436035
5.252790451049805
5.182724952697754
5.093645095825195
5.259796380996704
5.050605058670044
5.310841798782349
5.2237629890441895
5.220759630203247
5.155701637268066
5.302834987640381
5.278813600540161
5.116665840148926
5.289822340011597
5.13368034362793
4.9445085525512695
5.176719665527344
5.316847801208496
4.978538751602173
5.275809049606323
5.191734313964844
5.253790378570557
5.388914346694946
5.486002206802368
5.378904342651367
5.278813600540161
5.274809122085571
5.2928266525268555
5.2507874965667725
5.252789258956909
5.382906436920166
5.423945426940918
5.493008136749268
5.332862615585327
5.332862377166748
5.347877264022827
5.266801834106445
5.4009246826171875
5.326857328414917
5.353881120681763
5.439959287643433
5.413937330245972
5.374901056289673
5.301834583282471
5.242781162261963
5.3148462772369385
5.3859100341796875
5.237776041030884
5.277811765670776
5.359887599945068
4.8984668254852295
5.342869997024536
5.089640378952026
5.150695562362671
5.317847490310669
5.1546995639801025
5.392917156219482
5.218759775161743
5.273809194564819
5.329859972000122
5.0966479778289795
5.364890813827515
5.170713186264038
5.45597505569458
5.03659200668335
5.254791259765625
5.301833391189575
5.281814813613892
5.3208513259887695
5.386911630630493
5.137684345245361
5.410933017730713
5.505018949508667
5.0886406898498535
5.42494535446167
5.413936376571655
5.270806312561035
5.284817695617676
5.371898174285889
5.501016855239868
5.078630208969116
5.022578239440918
5.241777658462524
5.317849636077881
5.345873594284058
5.35488224029541
5.157702207565308
5.203744173049927
5.3048365116119385
5.16571044921875
5.180724620819092
5.186730146408081
5.037592649459839
5.356884241104126
5.110659599304199
5.259796142578125
5.286820888519287
5.31484580039978
5.226765394210815
5.154700040817261
5.381906747817993
5.396920204162598
5.326856374740601
5.478995323181152
5.337867498397827
5.442962884902954
5.135682821273804
5.3338623046875
5.246784448623657
5.516028165817261
5.314846515655518
5.336864948272705
5.157702207565308
5.421944856643677
5.841325521469116
5.424946308135986
5.459978103637695
5.12767481803894
5.199739694595337
5.356884956359863
5.199742317199707
5.392916202545166
5.171714544296265
5.349878311157227
5.332863092422485
5.216756343841553
5.348876953125
5.338867664337158
5.4029271602630615
5.239777088165283
5.101653099060059
5.375901460647583
5.433953762054443
5.504019021987915
5.190732717514038
5.208750009536743
5.371898412704468
5.49100661277771
5.4429638385772705
5.2227630615234375
5.0926432609558105
5.35988712310791
5.160705089569092
5.304837226867676
5.2037436962127686
5.253790378570557
5.367893218994141
5.279814720153809
5.433952331542969
5.6071131229400635
5.281815052032471
5.3368659019470215
5.331860780715942
5.419941663742065
5.2698047161102295
5.423945188522339
5.501016139984131
5.3468756675720215
5.282816648483276
5.2427802085876465
5.36589241027832
5.409932851791382
5.391916751861572
5.268803596496582
5.478994846343994
5.1987388134002686
5.275810241699219
5.241779565811157
5.229768991470337
5.509022951126099
5.36689305305481
5.380906343460083
5.323854207992554
5.287821531295776
5.281815767288208
5.35288143157959
5.403926849365234
4.888458013534546
5.43295431137085
5.159704685211182
5.023580551147461
5.206747531890869
5.210751056671143
5.262799263000488
5.139686584472656
5.157702445983887
5.219760179519653
5.243780612945557
5.126674652099609
5.129673480987549
5.217756986618042
5.241778612136841
5.146692752838135
5.1016526222229
4.959522485733032
5.045599699020386
5.259795188903809
5.130678176879883
5.032589673995972
5.170715570449829
5.220759868621826
5.093644142150879
5.271806716918945
5.415937185287476
5.2177574634552
5.106659173965454
5.262797594070435
5.241778612136841
5.209749221801758
5.058612585067749
4.969530820846558
5.094645738601685
5.002561330795288
5.117665529251099
4.839413404464722
5.249786615371704
5.232771396636963
5.153699159622192
5.188730716705322
5.193735122680664
5.065619945526123
5.144690275192261
5.2407777309417725
5.183725357055664
5.215755462646484
5.094644546508789
5.191733121871948
5.170713424682617
5.02358078956604
5.206746816635132
5.11966872215271
5.066618919372559
5.2037436962127686
5.121669769287109
5.179722547531128
5.140686988830566
5.400924205780029
5.362888813018799
5.186729431152344
5.079630613327026
5.037593364715576
5.224763870239258
5.1987409591674805
5.217757225036621
5.275810956954956
5.382908344268799
5.219759225845337
5.247784376144409
5.243781328201294
5.337867021560669
5.136684417724609
5.225764989852905
5.1486945152282715
5.104654312133789
5.077629804611206
5.383908748626709
5.2037434577941895
4.942506551742554
5.217756986618042
5.147692918777466
5.106657028198242
5.005563974380493
5.234773635864258
5.1817240715026855
5.370896100997925
5.264799356460571
5.25579309463501
5.235773801803589
5.192734241485596
5.30984091758728
5.204745769500732
5.272808313369751
5.071624994277954
5.2397778034210205
5.162707090377808
5.349877834320068
5.319849967956543
5.1236724853515625
5.237775087356567
5.229767560958862
5.2347731590271
5.053607940673828
5.1867289543151855
5.066619396209717
5.1276750564575195
5.153700113296509
5.075627326965332
4.963526725769043
5.2137532234191895
5.0976481437683105
5.1266748905181885
5.263797760009766
5.067620754241943
5.242779493331909
5.3799049854278564
5.265801429748535
5.13167929649353
5.200741291046143
5.2347731590271
5.41193413734436
5.188731908798218
5.225764989852905
5.164708375930786
5.1677117347717285
5.12066912651062
5.206747055053711
5.142688512802124
5.2778120040893555
5.204746723175049
5.1416871547698975
5.244781732559204
5.187729835510254
5.340869903564453
5.279814004898071
5.061612844467163
5.285820245742798
5.281815767288208
5.254790544509888
5.284817457199097
5.330860376358032
5.004562854766846
5.124672889709473
4.9935526847839355
4.98354434967041
5.284818887710571
5.109659671783447
5.303835153579712
5.145691871643066
5.3769025802612305
5.17872166633606
5.0305867195129395
5.176719903945923
5.172715902328491
5.145691394805908
5.17271614074707
5.177720546722412
5.233772277832031
5.2858192920684814
5.22576379776001
5.12567400932312
5.214753866195679
5.2547900676727295
5.117666482925415
5.291825532913208
5.156702280044556
5.222761869430542
5.246783971786499
5.172716379165649
4.967529058456421
5.222761631011963
5.094645261764526
5.259795904159546
5.238776206970215
5.0175745487213135
5.2117531299591064
5.092643976211548
5.143689393997192
5.208752155303955
5.2968292236328125
5.366894006729126
5.268804550170898
5.146692276000977
5.1987409591674805
5.191735029220581
5.157702445983887
5.0756285190582275
5.207748174667358
5.218758583068848
5.211751937866211
5.243780612945557
5.17972207069397
5.233771324157715
5.146692514419556
5.098648548126221
5.123671531677246
5.162707090377808
5.082635164260864
4.977539539337158
4.824398994445801
5.206747055053711
5.139686346054077
5.176720380783081
5.208749294281006
5.342871904373169
5.22576379776001
5.211751461029053
5.069622039794922
5.1787214279174805
5.185728311538696
4.976537227630615
5.151697874069214
5.245783090591431
5.099648952484131
5.1867289543151855
5.259795665740967
5.08964204788208
5.108657360076904
5.227766752243042
4.945508241653442
5.287821054458618
5.106653928756714
5.253790855407715
5.044600248336792
5.2077484130859375
5.168712139129639
5.231770038604736
5.025581359863281
5.047602415084839
5.229769945144653
5.210750579833984
4.810387134552002
5.191733360290527
5.040594816207886
5.24778413772583
5.1136627197265625
5.242781400680542
5.319849967956543
5.144690036773682
5.254791259765625
5.01957631111145
5.218759059906006
5.148693561553955
5.2938268184661865
5.29783034324646
5.095645189285278
5.16070556640625
5.10765814781189
5.201742649078369
5.2597949504852295
5.239777326583862
5.192735433578491
5.22075891494751
5.176719903945923
5.1296772956848145
5.192734956741333
5.109659671783447
5.141687870025635
5.2698047161102295
5.216756105422974
5.284817695617676
5.203744173049927
5.190732717514038
5.162706613540649
5.055609464645386
4.934499740600586
4.762342214584351
4.921488285064697
5.005563020706177
5.127675533294678
5.290823936462402
5.2057459354400635
5.204745292663574
5.230769157409668
5.0566112995147705
5.06561803817749
4.974536418914795
5.09764838218689
5.322853088378906
4.956518888473511
5.142689228057861
5.184727191925049
5.044599771499634
5.101652145385742
5.288821697235107
5.1977386474609375
5.31084132194519
5.062614917755127
5.21875786781311
5.097647666931152
5.22376275062561
5.0626161098480225
5.189731597900391
5.272808074951172
5.091642141342163
5.239778280258179
5.238776683807373
5.143689393997192
5.2988317012786865
5.158702611923218
5.2297682762146
5.199739694595337
5.195736885070801
5.228766679763794
5.028585910797119
5.135681390762329
5.33786678314209
5.228767156600952
5.1276750564575195
5.001559734344482
5.0986487865448
5.179722309112549
5.094644784927368
5.182726144790649
5.192734479904175
5.122670412063599
5.16971492767334
5.122670412063599
5.12967586517334
5.20674729347229
5.224762916564941
5.3078391551971436
5.279814004898071
5.2968292236328125
5.048605680465698
5.1837263107299805
4.907475471496582
5.252788305282593
5.229768991470337
5.081632614135742
4.9865477085113525
5.324854850769043
5.241779804229736
5.123670816421509
5.231770277023315
5.408931493759155
5.127675771713257
5.146692991256714
5.223761796951294
5.177720785140991
5.207746982574463
5.284818649291992
5.262798070907593
5.172716379165649
5.094645977020264
5.15970516204834
5.131678819656372
5.159703969955444
5.210749864578247
5.22576379776001
5.086638689041138
5.02458119392395
5.053608179092407
5.189731597900391
5.267802715301514
5.088639497756958
5.192734479904175
5.209749937057495
5.043599367141724
5.303835868835449
5.279813528060913
5.130676507949829
5.12066912651062
5.237775564193726
5.1466920375823975
5.214752912521362
5.138686180114746
5.152697324752808
5.187729835510254
5.133680582046509
4.953516483306885
5.2077460289001465
5.214754581451416
5.0225794315338135
5.149694442749023
5.2567925453186035
5.234772682189941
5.267802000045776
5.204745292663574
5.268804311752319
5.1486945152282715
5.2647998332977295
5.170713424682617
5.152698755264282
5.24678373336792
5.1376848220825195
5.163707971572876
5.253789663314819
5.330860376358032
5.272806644439697
5.1556994915008545
5.3098413944244385
5.258793354034424
5.174718618392944
5.236774444580078
5.053607940673828
5.219758749008179
5.259795904159546
4.963525056838989
5.048603773117065
5.265800714492798
5.152698516845703
5.096646308898926
5.1346821784973145
5.244781494140625
5.162707805633545
5.232770681381226
5.224763870239258
5.223763942718506
5.310842275619507
5.232770204544067
5.105655193328857
5.305837392807007
5.252788543701172
5.083634853363037
5.357884883880615
5.131678819656372
5.058610200881958
5.164708852767944
5.349877834320068
5.237774848937988
5.025582313537598
5.176719903945923
5.15169620513916
5.138686418533325
5.2127525806427
5.155701637268066
5.2137534618377686
5.289823770523071
5.111659288406372
5.220760822296143
5.218758821487427
5.0746259689331055
5.178723096847534
5.041595935821533
5.076627731323242
5.102652072906494
5.270805597305298
5.357884883880615
5.1236724853515625
5.06761908531189
5.165709972381592
5.135683059692383
5.19373631477356
5.1136634349823
5.1867289543151855
5.311843633651733
5.083634853363037
5.247785568237305
5.0886406898498535
5.176720380783081
4.950513601303101
5.184727191925049
5.211751699447632
5.019576072692871
5.074627876281738
5.068620920181274
4.988548278808594
5.108658313751221
5.110659837722778
5.166710376739502
5.309840202331543
5.124672174453735
5.1236724853515625
5.31684684753418
5.005564451217651
5.24377965927124
5.236774444580078
5.076629161834717
5.215756177902222
5.143689870834351
5.172718524932861
5.146693706512451
5.021578311920166
5.162706613540649
5.183727025985718
5.26279878616333
5.296829462051392
5.2177581787109375
5.202743768692017
5.249786853790283
5.248785018920898
5.221761226654053
5.28782057762146
5.155700922012329
5.084636211395264
5.167710304260254
5.129678249359131
5.131678581237793
5.221760272979736
5.259795427322388
5.188730955123901
5.186729907989502
5.061615705490112
5.1867289543151855
5.203744649887085
5.178721904754639
5.0526063442230225
4.998557090759277
5.230770111083984
5.0826356410980225
5.2998316287994385
5.222761869430542
5.300831079483032
5.175719261169434
5.2838170528411865
5.267802476882935
5.171715259552002
5.185728311538696
5.2117531299591064
5.136683225631714
4.8474204540252686
5.173717260360718
5.199740171432495
5.294826984405518
5.262799024581909
4.973533630371094
5.077627897262573
5.068620920181274
5.11666464805603
5.02157735824585
5.333863019943237
5.0626161098480225
5.3508782386779785
5.162705898284912
5.111660718917847
5.7612526416778564
5.236774444580078
5.129676818847656
5.181724309921265
5.324854612350464
5.151696443557739
5.18372654914856
5.094645738601685
5.2077484130859375
5.087638854980469
5.258792161941528
5.26379919052124
5.046600341796875
5.205746173858643
5.204745054244995
5.242780923843384
5.210750579833984
5.121670246124268
5.292825698852539
5.111661911010742
5.2087483406066895
5.21375298500061
5.093643665313721
5.164708852767944
5.287820100784302
5.160706996917725
5.096646070480347
5.211751461029053
5.198739767074585
5.138684988021851
5.137684106826782
5.239778280258179
5.218757629394531
5.248784780502319
5.192735195159912
5.165710926055908
5.285818576812744
5.242778778076172
5.251788139343262
4.958520412445068
5.2027435302734375
5.111661434173584
5.2397778034210205
5.131678581237793
5.177720546722412
5.133681535720825
5.149694442749023
5.061615228652954
5.249785900115967
5.142688274383545
5.053607940673828
4.996555805206299
5.03659200668335
5.181724786758423
4.973535537719727
5.165710210800171
5.1967384815216064
5.252788543701172
5.1827263832092285
5.226764917373657
5.219758749008179
5.196739435195923
5.175719976425171
5.190732717514038
5.250787258148193
5.178723096847534
5.246783494949341
5.180722951889038
5.219759225845337
5.1506969928741455
5.253778696060181
5.1627068519592285
5.192734956741333
5.189732074737549
5.123671054840088
5.376901626586914
5.17772102355957
5.206747055053711
5.199740171432495
5.190731763839722
5.2057459354400635
5.090641975402832
5.228766679763794
5.132679462432861
5.111661434173584
5.009567975997925
5.057612419128418
5.23577356338501
5.057610988616943
4.949512720108032
5.163707971572876
5.167712211608887
5.187731027603149
5.160705804824829
5.1436896324157715
5.076629638671875
5.15369987487793
5.236775159835815
5.298830986022949
5.308840274810791
5.099650144577026
5.21875786781311
5.162707328796387
5.189732313156128
5.166710138320923
5.099648952484131
5.088639259338379
5.247785329818726
5.163707971572876
5.166711091995239
5.125674724578857
5.173717498779297
5.095645427703857
5.049603223800659
5.213753938674927
5.287821054458618
5.150695562362671
5.174717664718628
5.123671054840088
5.252789258956909
5.29883074760437
5.279813766479492
5.254791021347046
5.209750175476074
5.091643333435059
5.204745531082153
5.178721904754639
5.2067482471466064
4.994553089141846
5.2377753257751465
4.961523771286011
5.162707328796387
5.031587362289429
5.243781089782715
5.169709920883179
5.290823698043823
5.1266725063323975
5.204745292663574
5.208748817443848
5.2137534618377686
5.258795738220215
5.009568214416504
5.156701326370239
5.20074200630188
5.203745365142822
5.0836358070373535
5.305837154388428
5.123672723770142
5.180724382400513
5.1707141399383545
5.157703161239624
5.119667053222656
5.176720142364502
5.3048365116119385
5.278813362121582
5.146693229675293
5.2137534618377686
5.216756343841553
5.028585433959961
5.214754819869995
5.076629638671875
5.183727264404297
4.966529369354248
5.085638046264648
5.267802715301514
5.226765394210815
5.17171573638916
5.347874402999878
5.131678342819214
5.00756573677063
5.032586097717285
5.141687870025635
5.163707494735718
5.126675605773926
5.224762916564941
5.070622682571411
5.1356823444366455
5.2728071212768555
5.026583433151245
5.260797023773193
5.213751792907715
5.085636615753174
5.288821697235107
5.0486040115356445
5.0245819091796875
5.253789663314819
5.267803907394409
5.17371678352356
5.106656551361084
5.243780851364136
5.209749937057495
5.207748651504517
5.04860258102417
5.158703327178955
5.1486945152282715
5.282817125320435
5.159705638885498
5.159703969955444
5.194736957550049
5.214753866195679
5.109659671783447
5.148695230484009
5.238775968551636
5.096647500991821
5.156702518463135
5.19573712348938
5.177720785140991
5.328858375549316
5.198740720748901
5.136683225631714
5.177720546722412
5.200741767883301
5.038593769073486
5.258794546127319
5.0756285190582275
5.118666887283325
5.1987409591674805
5.134680509567261
5.132679224014282
5.205747127532959
5.212752103805542
5.23877739906311
5.25378942489624
5.157703399658203
4.914480447769165
5.207748174667358
5.1226701736450195
5.246783494949341
5.236774444580078
5.1316797733306885
5.231770038604736
5.278811931610107
5.095646142959595
5.036592721939087
5.096646308898926
5.08964204788208
5.1967387199401855
5.167710781097412
5.162707090377808
5.1917338371276855
4.944505929946899
5.175718545913696
5.176719665527344
5.24177885055542
5.16070556640625
5.138684511184692
5.0215795040130615
5.066619634628296
5.07762885093689
5.2828168869018555
5.0365917682647705
5.125672817230225
5.0706236362457275
5.176719903945923
4.9975574016571045
5.193735361099243
5.229768753051758
5.1907312870025635
4.9475109577178955
5.1627068519592285
5.120669364929199
5.2647998332977295
5.076629638671875
5.177720308303833
5.122670412063599
5.2377753257751465
5.059614181518555
5.125673770904541
5.278813362121582
5.170713663101196
5.137684106826782
5.267802476882935
5.2197585105896
5.322852849960327
5.14969801902771
5.137684345245361
5.115663290023804
5.178721189498901
5.106655836105347
5.256792068481445
5.090642690658569
5.041596174240112
5.283817529678345
5.0285844802856445
5.069621324539185
4.811387062072754
5.173717737197876
5.179722785949707
5.085637331008911
5.1827263832092285
4.985544681549072
5.217757225036621
5.000558614730835
5.153699159622192
5.0445990562438965
4.99155068397522
5.059612512588501
5.2908241748809814
4.964527130126953
5.163707733154297
5.174717664718628
5.208750009536743
5.121670722961426
5.208749771118164
5.141687393188477
5.227765321731567
5.1096577644348145
4.990550994873047
5.176719665527344
5.2808146476745605
5.198740720748901
5.133681774139404
5.157703399658203
4.948512554168701
5.091642379760742
5.2217607498168945
5.25879430770874
5.24678373336792
5.237775564193726
5.1346821784973145
5.295828104019165
5.26479959487915
4.977538108825684
5.1186676025390625
5.143689155578613
5.185727834701538
5.066619634628296
5.184727191925049
5.188730716705322
5.251788377761841
5.2127525806427
5.155700445175171
5.246783971786499
5.121670484542847
5.057610511779785
5.213753938674927
5.243781328201294
5.3468756675720215
5.23577356338501
5.197740077972412
5.235773801803589
5.177720785140991
5.183725118637085
5.253790378570557
5.125673055648804
5.176720142364502
5.257793664932251
5.207747459411621
5.165710210800171
5.120668411254883
4.956518650054932
5.150696516036987
5.248785734176636
5.3188488483428955
5.209750652313232
5.186729431152344
5.221759557723999
5.201742887496948
5.1356823444366455
5.0686211585998535
5.14369010925293
5.108657121658325
4.890458822250366
5.19073224067688
5.053607702255249
5.169713020324707
4.756337642669678
5.070623397827148
5.102652311325073
5.29983115196228
5.1356799602508545
5.245782136917114
4.929494857788086
5.148693799972534
5.1496946811676025
5.268803119659424
5.2077476978302
5.118666172027588
5.0215795040130615
5.200740814208984
5.216756582260132
5.134681940078735
5.258795499801636
5.2507874965667725
5.240777969360352
5.2688047885894775
5.2347729206085205
5.156701326370239
5.216756105422974
5.212753772735596
5.149695158004761
5.0405964851379395
5.1076576709747314
5.348877191543579
5.243782043457031
5.288822174072266
5.149694442749023
5.048603057861328
5.1777215003967285
5.325855731964111
5.11666464805603
5.262797594070435
5.152697801589966
5.194734811782837
5.254791021347046
5.183725595474243
5.005563259124756
5.161705017089844
5.219759941101074
5.00156044960022
4.934499979019165
5.169713020324707
5.184726715087891
5.033591032028198
5.219759702682495
5.063617706298828
5.202743291854858
5.244781255722046
5.089638948440552
5.256792306900024
5.1316797733306885
5.3138439655303955
4.948510646820068
5.124672889709473
5.186728477478027
5.123671293258667
5.056610107421875
5.082635164260864
5.198739767074585
5.193734407424927
5.136683940887451
5.162706613540649
5.168712615966797
5.072626352310181
5.241779088973999
5.190732955932617
5.095645904541016
5.27080512046814
5.2728071212768555
5.1366822719573975
5.195736885070801
5.190731763839722
5.232770681381226
5.2557923793792725
5.066618919372559
5.156702041625977
5.278813362121582
5.027584075927734
5.302834987640381
5.088640213012695
5.037593126296997
5.152697563171387
5.071623802185059
5.1867287158966064
5.164709568023682
5.05360746383667
5.032588481903076
5.162707805633545
4.998558521270752
5.252789497375488
5.0355918407440186
5.114664077758789
5.13067889213562
5.16671085357666
4.945508241653442
5.000559091567993
5.349877834320068
5.166710138320923
5.175718545913696
5.198739051818848
5.084635496139526
5.24077844619751
5.0786285400390625
5.236774921417236
5.421942710876465
5.17972207069397
5.169713258743286
5.101652383804321
5.022580146789551
4.9895501136779785
5.188730239868164
5.271806001663208
5.053607702255249
5.138684511184692
5.109659433364868
5.227766036987305
5.280815362930298
5.134681224822998
5.240777254104614
5.163707733154297
5.278813123703003
5.17371678352356
4.984544515609741
4.9905500411987305
5.1546995639801025
4.987548351287842
5.116666078567505
5.173717260360718
5.146692991256714
5.091642618179321
5.103653192520142
5.2948267459869385
5.079631090164185
5.056610345840454
5.077629327774048
4.9605231285095215
5.231769561767578
5.254791259765625
5.103654146194458
5.271806478500366
5.194735050201416
5.355881929397583
5.628132104873657
8.11339807510376
7.3957436084747314
7.550884246826172
6.5960142612457275
6.099561452865601
8.095381259918213
6.205657720565796
8.093378782272339
6.472901344299316
7.489828586578369
6.862256288528442
7.755070447921753
6.444875955581665
7.45880126953125
8.136417150497437
7.52886438369751
7.46080207824707
8.261530637741089
7.910211801528931
8.391651391983032
6.372810363769531
7.9712677001953125
6.225676536560059
8.270539999008179
8.330595970153809
6.052518367767334
7.56289529800415
8.392651796340942
8.145426511764526
7.7000203132629395
6.83923602104187
6.541964530944824
7.502839803695679
6.361799478530884
6.242691993713379
5.975447654724121
7.332685708999634
7.909210443496704
7.18655252456665
7.8551623821258545
8.144425392150879
7.53687047958374
7.431775331497192
6.165621519088745
7.566899061203003
8.225499629974365
6.542965888977051
6.055521011352539
6.3147571086883545
7.532867908477783
6.0004706382751465
7.564897060394287
7.751067638397217
7.378727912902832
7.621949672698975
8.143425464630127
6.336777687072754
6.510936498641968
7.754069805145264
7.354705572128296
5.948423862457275
6.2366859912872314
8.281550645828247
6.582000017166138
7.969264507293701
6.113573789596558
8.847066640853882
6.372810125350952
7.296652555465698
7.356707334518433
8.104389429092407
7.129500150680542
7.164532661437988
8.06235122680664
6.255703687667847
8.709941148757935
6.659071683883667
7.96125864982605
6.347787141799927
7.011392593383789
6.028496503829956
7.3346874713897705
8.244516849517822
6.07754111289978
7.839147329330444
7.351702690124512
7.432777166366577
6.128587484359741
7.112484455108643
6.332773923873901
6.566987752914429
8.397656917572021
8.436691761016846
7.398745536804199
7.298654794692993
6.261709451675415
7.5959248542785645
6.444876432418823
8.203478813171387
8.090376853942871
7.486826419830322
8.130412817001343
6.070533990859985
8.343607902526855
8.119403839111328
7.68800950050354
6.953339099884033
6.419853210449219
7.768082141876221
6.841237783432007
6.228679180145264
7.715033769607544
8.028319358825684
7.686007499694824
8.253525018692017
6.558980464935303
8.121403455734253
6.112573146820068
6.2256762981414795
7.025405406951904
6.178633451461792
7.6920130252838135
7.890193700790405
7.769083261489868
7.47781777381897
8.08637285232544
6.9323201179504395
8.16043996810913
8.209484815597534
6.267715215682983
8.00229525566101
8.1494300365448
7.641967535018921
7.5068440437316895
7.309665203094482
7.572903871536255
8.256526708602905
7.6389641761779785
6.577997446060181
7.482823848724365
8.071355819702148
6.445877313613892
7.375724792480469
6.168624401092529
7.414760112762451
8.195470094680786
7.3146679401397705
7.461803197860718
6.878271102905273
8.099384784698486
8.058347225189209
6.749152660369873
6.357797384262085
6.952338457107544
8.35461711883545
7.5008385181427
7.776089429855347
6.970354795455933
8.049339294433594
7.873178005218506
7.486826181411743
6.474902868270874
8.218492984771729
6.380817651748657
7.666990041732788
8.263534307479858
6.78518009185791
6.80019998550415
8.12640929222107
8.305571556091309
7.3056604862213135
6.194648504257202
7.338691711425781
6.1456029415130615
7.457799196243286
6.6070237159729
5.1707141399383545
5.178722858428955
5.219760417938232
5.151696443557739
5.267802715301514
5.1306774616241455
4.9124791622161865
5.269803762435913
5.196738004684448
5.1266748905181885
5.225764751434326
5.080632209777832
5.293826580047607
5.364891767501831
5.185728549957275
5.108657360076904
5.1466920375823975
5.0445990562438965
5.233771324157715
5.235773086547852
5.299831867218018
5.190732717514038
5.109658718109131
5.356884002685547
5.159705400466919
5.024582862854004
5.1877288818359375
5.337866544723511
4.973534822463989
5.254791259765625
5.104654550552368
5.244781732559204
5.300832986831665
5.325855255126953
5.187730073928833
5.287821292877197
5.048603057861328
5.257794618606567
5.204746246337891
5.168712139129639
5.048602104187012
4.998556613922119
5.222761631011963
5.04860258102417
5.318849563598633
4.96052360534668
5.159703016281128
5.30483603477478
5.235773086547852
5.1577019691467285
5.259795427322388
5.1496946811676025
5.18572735786438
5.027584552764893
5.274810075759888
5.240778923034668
5.167711496353149
5.148693799972534
5.134681224822998
5.178722143173218
5.199740648269653
5.253789663314819
5.101651668548584
5.323853254318237
5.252789258956909
5.193734645843506
5.166710615158081
5.311841726303101
5.317848205566406
5.320850849151611
5.214754819869995
5.29883074760437
5.094642400741577
4.976537227630615
5.2688047885894775
5.2678022384643555
5.236773729324341
5.181724309921265
5.260796308517456
5.150697469711304
5.298831462860107
5.1496946811676025
5.034589767456055
5.258794546127319
5.171714544296265
5.100651502609253
5.148693799972534
5.197738885879517
5.201742172241211
5.048603057861328
5.177720785140991
5.01357102394104
5.171714782714844
5.2077484130859375
5.093643665313721
5.0355916023254395
4.989548921585083
5.1506969928741455
5.116665363311768
5.385910272598267
5.054609060287476
5.078630208969116
5.171715259552002
5.2217607498168945
5.348875999450684
5.095644950866699
5.259795665740967
5.133680105209351
5.232770919799805
5.207747459411621
4.9545159339904785
5.0916428565979
5.150695323944092
5.232771158218384
5.1386847496032715
5.084635972976685
5.17972207069397
5.164709806442261
5.21075177192688
5.142688512802124
5.337866306304932
5.24277925491333
5.143689393997192
5.275810480117798
5.224762439727783
5.154700040817261
4.821396350860596
5.228766679763794
5.2517876625061035
5.192734479904175
5.120669603347778
5.182725667953491
5.127675533294678
5.189732789993286
5.251788139343262
5.146691560745239
5.2087485790252686
5.12567400932312
5.146692514419556
5.246783256530762
5.180724382400513
5.185728073120117
5.060614585876465
5.133681535720825
5.136683225631714
5.205745458602905
5.200741767883301
5.167712688446045
5.160705089569092
5.2888219356536865
5.194736003875732
5.227766036987305
5.253789901733398
5.264800071716309
5.1747190952301025
5.255791664123535
5.110658884048462
5.069622755050659
5.040596961975098
5.183726072311401
5.234772205352783
5.064617872238159
5.173717021942139
5.175719261169434
5.185727834701538
5.126673936843872
5.223762035369873
5.278812408447266
5.252789735794067
5.316847562789917
5.206746816635132
5.189730405807495
5.198740005493164
5.022579193115234
5.229767560958862
5.210750341415405
5.162707567214966
5.1016528606414795
5.254791021347046
5.16170597076416
5.092644214630127
4.974535226821899
5.159703969955444
5.153699636459351
5.027584075927734
5.07062292098999
5.081632852554321
5.069622993469238
5.106656074523926
5.1757190227508545
5.15570068359375
5.205746650695801
5.066619634628296
5.264801025390625
5.204745531082153
5.1146628856658936
5.017574787139893
5.122671365737915
5.0976479053497314
5.280814170837402
5.172715902328491
5.178721904754639
5.152698040008545
5.341869831085205
5.11666464805603
4.947510480880737
5.006565570831299
5.163707733154297
5.086638927459717
5.050605535507202
5.110660791397095
5.176720380783081
5.197738885879517
5.093644857406616
5.262799024581909
5.089639663696289
5.199740886688232
5.430952548980713
5.251789331436157
5.160706520080566
5.089323043823242
