Timing log for each step:
0.011010408401489258
10.346238613128662
10.29704999923706
9.987730741500854
10.208078384399414
10.132381439208984
8.563466548919678
9.710001945495605
10.000389814376831
9.535082817077637
9.720871686935425
10.15149736404419
10.132078647613525
10.33683156967163
9.782949209213257
10.20394515991211
10.046595096588135
10.076752424240112
10.000664710998535
10.389695167541504
10.248921632766724
10.196635723114014
10.262510061264038
10.182108163833618
10.23626708984375
10.173009157180786
10.30893874168396
10.607540130615234
10.421260833740234
10.486696720123291
10.423323392868042
10.214855909347534
10.452845573425293
10.332213401794434
10.249166488647461
10.44914174079895
10.28428053855896
10.314695358276367
10.59734320640564
10.279139757156372
10.29733681678772
10.519810438156128
10.363054513931274
10.433090448379517
10.592637777328491
10.366172313690186
10.363259553909302
