Timing log for each step:
0.014013290405273438
5.456974983215332
5.375901460647583
5.679177284240723
5.3799052238464355
5.343872785568237
5.459979057312012
4.585180759429932
4.691277980804443
5.210751056671143
5.273808717727661
5.357884168624878
5.466984987258911
5.4069294929504395
5.421943187713623
5.49601149559021
5.503016471862793
5.4019246101379395
5.424945592880249
5.374900579452515
5.541051864624023
5.4369566440582275
5.49300742149353
5.476993560791016
5.433955669403076
5.434954404830933
5.549058198928833
5.509022235870361
5.518030643463135
5.4649810791015625
5.475992202758789
5.488002300262451
5.482998847961426
5.481997728347778
5.458977699279785
5.4990129470825195
5.513026475906372
5.530041217803955
5.373899936676025
5.494007349014282
5.48099684715271
5.363890886306763
4.7213051319122314
4.641231298446655
4.562160968780518
5.326857566833496
5.334864377975464
5.3338623046875
5.395919561386108
5.323852777481079
5.4589762687683105
5.376901865005493
5.450968503952026
5.354882478713989
5.386911869049072
5.458977937698364
5.5850913524627686
5.334863901138306
5.441962480545044
5.4219441413879395
5.334862470626831
5.286819934844971
5.451971054077148
5.456975698471069
5.346873760223389
5.394917011260986
5.320852041244507
5.452970743179321
5.437958717346191
5.4229443073272705
5.393916368484497
5.339869022369385
5.395918130874634
5.444964170455933
5.274807929992676
5.404927968978882
5.433954238891602
5.483999729156494
5.657157897949219
5.355882167816162
5.377902507781982
5.317848205566406
5.392916679382324
5.457977294921875
5.438958644866943
5.290822505950928
5.519032716751099
5.545054197311401
5.464981317520142
5.447965621948242
5.72622013092041
5.37189793586731
5.370898246765137
5.402921676635742
5.361886739730835
5.378903150558472
5.493008136749268
5.32485556602478
5.310842752456665
5.422944784164429
5.372898101806641
5.43395471572876
5.261796236038208
5.3899149894714355
5.39191460609436
5.423945426940918
5.470988750457764
5.437957286834717
5.388913154602051
5.442962884902954
5.394917726516724
5.428948640823364
5.386911630630493
5.393917560577393
5.467984914779663
5.462981224060059
5.3789026737213135
5.446966171264648
5.32685399055481
5.451969861984253
5.387911558151245
5.473989009857178
5.404929161071777
5.448968887329102
5.412936210632324
5.458977699279785
5.53204345703125
5.353882074356079
5.333862066268921
5.366894483566284
5.411934852600098
5.35488224029541
5.383906841278076
5.317848205566406
5.428948402404785
5.458977460861206
5.351879596710205
5.419940710067749
5.294826507568359
5.500014781951904
5.481996774673462
5.373899221420288
5.419941186904907
5.425946235656738
5.292826414108276
5.333863258361816
5.416936635971069
5.483999013900757
5.200740814208984
5.441961288452148
5.368896007537842
5.463982582092285
5.4549720287323
5.389914274215698
5.379903554916382
5.321853160858154
5.383909702301025
5.4809958934783936
5.371897459030151
5.408931493759155
5.184725999832153
5.509021520614624
5.3718976974487305
5.275810480117798
5.424944877624512
5.4579761028289795
5.400924205780029
5.384908676147461
5.371897459030151
5.480996608734131
5.357883930206299
5.28481912612915
5.520032644271851
5.415936470031738
5.388912916183472
5.42394495010376
5.4309515953063965
5.581087350845337
5.28581976890564
5.414936304092407
5.345873832702637
5.342870235443115
5.43495512008667
5.36689305305481
5.428949594497681
5.354881763458252
5.350878477096558
5.427949666976929
5.404927015304565
5.29382586479187
5.428949356079102
5.341869592666626
5.438957691192627
5.343872547149658
5.353881597518921
5.391915798187256
5.4399573802948
5.376903295516968
5.494009256362915
5.382908344268799
5.496009826660156
5.40092396736145
5.396920442581177
5.383908271789551
5.418940544128418
5.279814004898071
5.421943187713623
5.4279491901397705
5.362889528274536
5.532044410705566
5.395917892456055
5.360887289047241
5.373899459838867
5.372896909713745
5.493006944656372
5.446966648101807
5.428948402404785
5.402925252914429
5.415937185287476
5.435956001281738
5.421942234039307
5.343873023986816
5.332860469818115
5.319848299026489
5.43195104598999
5.437957286834717
5.501014947891235
5.373898267745972
5.390913486480713
5.412935733795166
5.393918752670288
5.420942783355713
5.460978269577026
5.384907960891724
5.4069297313690186
5.394917249679565
5.418941020965576
5.367893218994141
5.397920846939087
5.356879234313965
5.414937734603882
5.3318610191345215
5.36088752746582
5.441962003707886
5.450969696044922
5.415937900543213
5.3568830490112305
5.4679856300354
5.382906913757324
6.0668604373931885
5.60391902923584
