Timing log for each step:
0.01601386070251465
5.33404803276062
5.043203592300415
5.1906867027282715
5.228334903717041
5.191829204559326
5.19466495513916
5.243919372558594
5.273140907287598
5.197317123413086
5.304743051528931
5.235975027084351
5.195221424102783
5.2814881801605225
5.455162525177002
5.1173036098480225
5.3804004192352295
5.253035545349121
5.165895700454712
5.237787485122681
5.321206569671631
5.478438377380371
5.169866561889648
5.261101007461548
5.244583368301392
5.314364194869995
5.2107672691345215
5.438964366912842
5.199040651321411
5.452470541000366
5.274869441986084
5.417054891586304
5.335378885269165
5.365769863128662
5.271116733551025
5.373156309127808
5.228976249694824
4.802934408187866
4.777440786361694
4.990776062011719
4.95662784576416
5.228358507156372
5.2624218463897705
4.672343015670776
4.751767873764038
5.041688919067383
4.836897611618042
4.979328632354736
5.265512943267822
5.2652459144592285
5.1582560539245605
5.248244762420654
5.2836596965789795
5.387946605682373
5.3447654247283936
5.529617547988892
5.287446022033691
5.253428936004639
5.392543315887451
5.342717170715332
5.437583684921265
5.438037633895874
5.296834707260132
5.303218126296997
5.372038841247559
5.326381683349609
5.4520509243011475
5.484792947769165
5.359050035476685
5.3433685302734375
5.262023210525513
5.474042654037476
5.31508469581604
5.289998292922974
5.339206218719482
5.313018083572388
5.3744425773620605
5.269118309020996
5.311994552612305
5.444454193115234
5.496934413909912
5.36142373085022
5.264723300933838
5.370924711227417
5.3290581703186035
5.427095890045166
5.421705484390259
5.4431235790252686
5.330443620681763
5.414368391036987
5.450104236602783
5.39844822883606
5.339033603668213
5.428677558898926
5.304290533065796
5.517711162567139
5.261700630187988
5.399559497833252
5.3705153465271
5.393167018890381
5.339902877807617
5.432551145553589
5.451371192932129
5.345145225524902
5.453329801559448
5.424498558044434
5.335256338119507
5.339641094207764
5.382789850234985
5.3867926597595215
5.212015628814697
5.36442232131958
5.391139268875122
5.484562397003174
5.446511507034302
5.462554454803467
5.431254148483276
5.433335542678833
5.371896505355835
5.376322507858276
5.379004955291748
5.4324493408203125
5.353459596633911
5.435587167739868
5.522103786468506
5.394442319869995
5.346354961395264
5.426123142242432
5.324376821517944
5.400564193725586
5.484045505523682
5.392533302307129
5.425326347351074
5.3382556438446045
5.478666305541992
5.400136709213257
5.455742359161377
5.413825750350952
5.290016174316406
5.445690155029297
5.2835633754730225
5.387375831604004
5.4196460247039795
5.416454076766968
5.298097372055054
5.370711803436279
5.408134937286377
5.324401378631592
5.319714546203613
5.3906965255737305
5.465291261672974
5.399938344955444
5.486124277114868
5.361435651779175
5.381107568740845
5.398854970932007
5.439568758010864
5.472934007644653
5.468910455703735
5.474781274795532
5.381973505020142
5.43654465675354
5.425664186477661
5.450605392456055
5.416963338851929
5.486005783081055
5.467245578765869
5.5021796226501465
5.283418655395508
5.372369289398193
5.316611051559448
5.452229261398315
5.539008855819702
5.23760724067688
5.400465965270996
5.421582221984863
5.403304815292358
5.413214206695557
5.373235464096069
5.529715299606323
5.472883462905884
5.480393171310425
5.49176287651062
5.3290228843688965
5.363051176071167
5.491654872894287
5.206258535385132
5.375244617462158
5.3626062870025635
5.426496505737305
5.489671945571899
5.434049844741821
5.408220529556274
5.4862213134765625
5.446295261383057
5.42538857460022
5.525701284408569
5.5694420337677
5.45213770866394
5.5385143756866455
5.6755759716033936
5.450563907623291
5.408848762512207
5.465056896209717
5.465007781982422
5.422414779663086
5.462910890579224
5.328658819198608
5.415583610534668
5.397505283355713
5.478618144989014
5.328779697418213
5.48511266708374
5.453055381774902
5.5075764656066895
5.47931694984436
5.492265701293945
5.377434730529785
5.43914532661438
5.445451736450195
5.413437366485596
5.505129814147949
5.426947593688965
5.437566757202148
5.450603246688843
5.430086612701416
5.592386722564697
5.353665351867676
5.457537889480591
5.2963457107543945
5.4502997398376465
5.385411500930786
5.4239912033081055
5.528421878814697
5.342787027359009
5.30407452583313
5.573255300521851
5.4005866050720215
5.5018510818481445
5.497705459594727
5.392847299575806
5.504602670669556
5.4927897453308105
5.399397373199463
5.514807462692261
5.480722665786743
5.47404146194458
5.402656078338623
5.405420541763306
5.400820016860962
5.501085042953491
5.414392471313477
5.434051990509033
5.3433427810668945
5.443060874938965
5.423389434814453
5.458960294723511
5.464238166809082
5.458273887634277
5.416283130645752
5.416296482086182
5.47663950920105
5.4775917530059814
5.430487394332886
5.476144313812256
5.490602970123291
5.428757667541504
5.466285705566406
5.3601250648498535
5.382122278213501
5.484793424606323
5.551819324493408
5.443368673324585
5.448743581771851
5.476138591766357
5.337297201156616
5.44383692741394
5.477678298950195
5.391038656234741
5.504501581192017
5.489577770233154
5.504022598266602
5.463164567947388
5.7527055740356445
5.547858953475952
