Timing log for each step:
0.015014410018920898
5.588194370269775
5.622227191925049
5.641244173049927
5.730326414108276
5.786379814147949
5.883470058441162
5.8614490032196045
5.642245769500732
5.666267156600952
5.657259225845337
5.756351470947266
5.719317674636841
5.488101959228516
5.672274112701416
5.604209899902344
5.571178674697876
5.735331296920776
5.68928861618042
5.759352445602417
5.624228477478027
5.691290378570557
5.660261869430542
5.686286449432373
5.701300621032715
5.510122537612915
5.729324817657471
5.555163383483887
5.535145998001099
5.760354518890381
5.727324962615967
5.7273242473602295
5.690289497375488
5.641244411468506
5.557164907455444
5.675275564193726
5.622226238250732
5.5801873207092285
5.713310718536377
5.779371976852417
5.6922926902771
5.609215259552002
5.607212066650391
5.798390626907349
5.532141923904419
5.545154333114624
5.523134231567383
5.576184272766113
5.596202850341797
5.565173387527466
5.531142711639404
5.630232572555542
5.616221189498901
5.721318483352661
5.622225761413574
5.674275636672974
5.585191249847412
5.701300382614136
5.601205110549927
5.609215259552002
5.607211589813232
5.609214782714844
5.730326890945435
5.683284044265747
5.764359712600708
5.6952948570251465
5.607212543487549
5.728325128555298
5.661262035369873
5.7423295974731445
5.786349058151245
5.656229734420776
5.6782495975494385
5.741307258605957
5.634209156036377
5.663234233856201
5.63620924949646
5.701268672943115
5.731298923492432
5.645219802856445
5.725292921066284
5.654226303100586
5.669241666793823
5.800361156463623
5.689259767532349
5.692260265350342
5.69025993347168
5.6071813106536865
5.607182741165161
5.604179859161377
5.64021372795105
5.684253692626953
5.642216920852661
5.638209819793701
5.614190101623535
5.613188982009888
5.599176645278931
5.757322311401367
5.693262577056885
5.641215085983276
5.646221399307251
5.594171047210693
5.708277463912964
5.771335601806641
5.726291179656982
5.75532078742981
5.577155351638794
5.820379972457886
5.70827579498291
5.670241355895996
5.58416223526001
5.619194507598877
6.282808065414429
5.706275463104248
5.65022349357605
5.630204916000366
5.656226634979248
5.989537954330444
5.761324882507324
5.683255434036255
5.669241905212402
5.68225359916687
5.597175359725952
5.709277868270874
5.69326376914978
5.668240308761597
5.649223327636719
5.608185768127441
5.63320779800415
5.5891664028167725
5.688257455825806
5.556137323379517
5.639212131500244
5.628203630447388
5.628201723098755
5.635210275650024
5.62720251083374
5.699268579483032
5.591168403625488
5.672244071960449
5.688258171081543
5.587165355682373
5.67724871635437
5.611188173294067
5.7132813930511475
5.6862571239471436
5.697266578674316
5.721289157867432
5.669240713119507
5.648221015930176
5.725293159484863
5.611187219619751
5.68925929069519
5.650224447250366
5.625200510025024
5.638213157653809
5.596173048019409
5.679251432418823
5.609185695648193
5.668240308761597
5.6151909828186035
5.688258171081543
5.728296279907227
5.628203868865967
5.6372106075286865
5.615192413330078
5.661232948303223
5.632207155227661
5.680251359939575
5.699268579483032
5.612187385559082
5.618194341659546
5.682252645492554
5.673244476318359
5.7052741050720215
5.584163427352905
5.603179931640625
5.641215085983276
5.59016752243042
5.660231828689575
5.67224383354187
5.627201795578003
5.620197057723999
5.6412153244018555
5.592169761657715
5.782345771789551
5.654226303100586
5.6121885776519775
5.676247596740723
5.712281227111816
5.657229423522949
5.7613255977630615
5.663233995437622
5.665236711502075
5.66423487663269
5.689258337020874
5.673244476318359
5.653225660324097
5.698267459869385
5.6392130851745605
5.698268175125122
5.61118745803833
5.675246000289917
5.672244548797607
5.727294683456421
5.645217657089233
5.664235830307007
5.610186576843262
5.648221731185913
5.672240972518921
5.7132813930511475
5.663235187530518
5.608185529708862
5.642216205596924
5.609185457229614
5.731298446655273
5.648221015930176
5.620195388793945
5.475062131881714
5.650223255157471
5.5721518993377686
5.639212369918823
5.551131725311279
5.630204439163208
5.6812522411346436
5.563141584396362
5.612186908721924
5.574153423309326
5.63921332359314
5.587165594100952
5.669241189956665
5.641202449798584
5.657207489013672
5.670220613479614
5.652203321456909
5.638192176818848
5.680229902267456
5.70224928855896
5.638190746307373
5.589146614074707
5.636188745498657
5.624178647994995
5.606161832809448
5.65820837020874
5.59014630317688
5.654205560684204
6.040558576583862
5.741286039352417
5.610165596008301
5.6391918659210205
5.632185935974121
5.5981550216674805
5.5801379680633545
5.632185697555542
5.59915566444397
5.6171715259552
5.627180814743042
5.636188745498657
5.598153114318848
5.718264818191528
5.669220685958862
5.65720796585083
5.602156639099121
5.643195390701294
5.615170001983643
5.592148303985596
5.615169048309326
5.590146541595459
5.671220541000366
5.615169286727905
5.609163999557495
5.6492016315460205
5.630183696746826
5.644196510314941
5.678226709365845
5.683232069015503
5.605160236358643
5.651202201843262
5.640192747116089
5.619173049926758
5.716263055801392
5.532093286514282
5.609165191650391
5.534095287322998
5.6341869831085205
5.506069898605347
5.598154783248901
5.601157188415527
5.635188341140747
5.598153829574585
5.680229425430298
5.621175527572632
5.679229259490967
5.659210205078125
5.7032506465911865
5.648199558258057
5.611165523529053
5.658210039138794
5.657207250595093
5.663214206695557
5.573130130767822
5.608163356781006
5.905436992645264
5.837373971939087
5.8363730907440186
5.826364278793335
5.832370042800903
5.836373567581177
5.753296852111816
5.803341627120972
5.81335186958313
5.721268177032471
5.788329362869263
5.807347059249878
5.734278917312622
5.827363967895508
5.816354751586914
5.775316953659058
5.804343938827515
5.767310380935669
5.880413770675659
5.768311023712158
5.839374780654907
5.73027491569519
5.24282693862915
5.3719470500946045
5.308887004852295
5.327903509140015
5.49505877494812
5.409979820251465
5.376950979232788
5.2268126010894775
5.31689453125
5.37094521522522
5.282864332199097
5.388961553573608
5.3008809089660645
5.31689453125
5.332910060882568
5.32089900970459
5.311891317367554
5.29887843132019
5.376950025558472
5.467034339904785
5.486050844192505
5.257840871810913
5.26985239982605
5.263845920562744
5.260843515396118
5.3889617919921875
5.369944095611572
5.265847682952881
5.289870738983154
5.256841421127319
5.221807956695557
5.172763109207153
5.208796262741089
5.272854328155518
5.172762632369995
5.308888673782349
5.148740768432617
5.321899890899658
5.318896532058716
5.416988134384155
5.280861139297485
5.265849351882935
5.437006235122681
5.385958194732666
5.48705267906189
5.493058681488037
5.346923112869263
5.341917514801025
5.197785377502441
5.405978679656982
5.369946241378784
5.316895484924316
5.465031623840332
5.359935283660889
5.184772253036499
5.308889150619507
5.2398247718811035
5.222808361053467
5.2298150062561035
5.314892768859863
5.3118908405303955
4.593228578567505
5.231817007064819
5.252835988998413
5.389963626861572
5.211798429489136
4.484129190444946
5.379953384399414
5.319897890090942
5.162753105163574
5.313881874084473
4.422059535980225
4.4961278438568115
4.568193435668945
4.619242191314697
4.457092761993408
4.628250598907471
4.4420788288116455
4.594217300415039
4.551178216934204
4.590214967727661
4.630251884460449
4.614237070083618
4.551178455352783
4.414052724838257
4.41805624961853
4.562189340591431
4.60222864151001
4.526155710220337
4.567192316055298
4.47911262512207
4.651270627975464
4.631251573562622
4.616238117218018
4.5912158489227295
4.522151947021484
4.521150350570679
4.493126392364502
4.584208011627197
4.452087879180908
4.549177408218384
4.510141372680664
4.571197986602783
4.386026859283447
4.574199199676514
4.537165880203247
4.531160593032837
4.674292325973511
4.404043674468994
4.45509147644043
4.6452648639678955
4.608232021331787
4.467099905014038
4.536165237426758
4.518148183822632
4.560186386108398
4.570196628570557
4.6122355461120605
4.52014946937561
4.46309757232666
4.439075708389282
4.5561842918396
4.563189506530762
4.4781107902526855
4.562188386917114
4.474824666976929
4.466100215911865
4.496129035949707
4.515146970748901
4.516146183013916
4.599223375320435
4.5071375370025635
4.406038284301758
4.55718469619751
4.610232353210449
4.452087640762329
4.592216730117798
4.455089569091797
4.574200391769409
4.659276485443115
4.561188459396362
4.583209276199341
4.524154901504517
4.5321595668792725
4.594218492507935
4.481113910675049
4.502134561538696
4.534163475036621
4.5892133712768555
4.515145301818848
4.586211204528809
4.679296016693115
4.639259099960327
4.4630982875823975
4.487120866775513
4.467101335525513
4.561188220977783
4.490122079849243
4.574206352233887
4.53216290473938
4.635255336761475
4.598221778869629
4.557185173034668
4.639257907867432
4.484116554260254
4.558185577392578
4.543171405792236
4.552179336547852
4.422060012817383
4.490121841430664
4.4761106967926025
4.414052486419678
4.48111367225647
4.404043436050415
4.538166046142578
4.468102931976318
4.472105979919434
4.704319000244141
4.67629337310791
4.5261549949646
4.542169809341431
4.524154186248779
4.625247001647949
4.39103102684021
4.528156995773315
4.573199510574341
4.450085401535034
4.501132488250732
4.6022257804870605
4.5161449909210205
4.523152112960815
4.551177263259888
4.528155326843262
4.63525652885437
4.589213609695435
4.504136800765991
4.6212427616119385
4.586210489273071
4.494125127792358
4.551178693771362
4.555183172225952
4.59121561050415
4.55418062210083
4.7313432693481445
4.542169809341431
4.552178621292114
4.50113320350647
4.570197343826294
4.556183099746704
4.59622049331665
4.515145778656006
4.55017876625061
4.501132965087891
4.500130653381348
4.566192388534546
4.511142730712891
4.505135536193848
4.617238759994507
4.439075946807861
4.501132488250732
4.524152994155884
4.443078994750977
4.6202473640441895
4.58521032333374
4.514965534210205
4.514145374298096
4.490121841430664
4.5491766929626465
4.5071375370025635
4.532160520553589
4.553180694580078
4.5251548290252686
4.586210012435913
4.605226993560791
4.576201915740967
4.456092357635498
4.51613974571228
4.45307993888855
4.572188377380371
4.56217885017395
4.628239870071411
4.5221428871154785
4.673285007476807
4.507129669189453
4.614227056503296
4.609221458435059
4.503124475479126
4.422051191329956
4.541159629821777
4.5471649169921875
4.4891135692596436
4.543162822723389
4.557174921035767
4.528148889541626
4.47309947013855
4.4670915603637695
4.4430694580078125
4.569186449050903
4.537157773971558
4.5751917362213135
4.5311501026153564
4.540159225463867
4.453080415725708
4.486110210418701
4.448073863983154
4.678286075592041
4.626238584518433
4.559176683425903
4.567183494567871
4.613225221633911
4.427055835723877
4.547166347503662
4.550168514251709
4.6302406787872314
4.719323635101318
4.544163703918457
4.4881110191345215
4.573191404342651
4.520140647888184
4.539158344268799
4.555173397064209
4.569185972213745
4.568186283111572
4.417046546936035
4.458083629608154
4.522144079208374
4.639249801635742
4.529148578643799
4.582197904586792
4.6012139320373535
4.582198143005371
4.602216005325317
4.4951183795928955
4.648259162902832
4.48210597038269
4.563179969787598
4.504126787185669
4.4630889892578125
4.586201190948486
4.536155700683594
4.552170753479004
4.465092658996582
4.613229274749756
4.5751917362213135
4.47610068321228
4.488110542297363
4.463088750839233
4.457082986831665
4.646256923675537
4.429056406021118
4.4720964431762695
4.502124071121216
4.383014917373657
4.433060169219971
4.59120512008667
4.6702797412872314
4.6422529220581055
4.567185163497925
4.607220411300659
4.5141355991363525
4.44907546043396
4.410041093826294
4.417046546936035
4.588202714920044
4.479103088378906
4.579194784164429
4.455080986022949
4.681289196014404
4.5461647510528564
4.584432363510132
4.497119903564453
4.507130146026611
4.488112449645996
4.505126714706421
4.519140958786011
4.576192140579224
4.453080892562866
4.517137765884399
4.490113735198975
4.595210075378418
4.569187164306641
4.629241943359375
4.57218861579895
4.525146007537842
4.509131193161011
4.635251045227051
4.490113973617554
4.519139528274536
4.512134075164795
4.6002137660980225
4.497119665145874
4.48911190032959
4.557175636291504
5.088663101196289
4.90209174156189
4.87855076789856
4.510132312774658
4.657265663146973
4.654263496398926
4.763363361358643
4.663272857666016
4.522144079208374
4.629240274429321
4.574190139770508
4.633243083953857
4.54116153717041
4.54516339302063
4.485108852386475
4.5331525802612305
4.666273832321167
4.633244276046753
4.51613712310791
4.538157939910889
4.5781941413879395
4.619231939315796
4.523144960403442
4.517136812210083
4.562180757522583
4.506128549575806
4.499122142791748
4.681288480758667
4.584200143814087
4.569186210632324
4.618231296539307
4.5962114334106445
4.475099563598633
4.5201416015625
4.406041383743286
4.6712799072265625
4.615227937698364
4.466097831726074
4.541161775588989
4.574188470840454
4.556174278259277
4.553170442581177
4.587202072143555
4.445072174072266
4.472096681594849
4.681288719177246
4.515133857727051
4.66927170753479
4.562173128128052
4.559170246124268
4.482099771499634
4.601208925247192
4.570180654525757
4.592201471328735
4.588197708129883
4.551163673400879
4.606213092803955
4.53014349937439
4.5551652908325195
4.569180727005005
4.438060760498047
4.508124113082886
4.534147024154663
4.480098724365234
4.686286926269531
4.493109941482544
4.482100486755371
4.580190658569336
4.541153907775879
4.529144048690796
4.54816198348999
4.566177845001221
4.6512556076049805
4.597205877304077
4.64725136756897
4.478096008300781
4.682284116744995
4.544155597686768
4.474093437194824
4.549160718917847
4.5681798458099365
4.532145738601685
4.558171033859253
4.491108417510986
4.521136045455933
4.504122018814087
4.516130208969116
4.628235578536987
4.383009195327759
4.607215166091919
4.573184251785278
4.562172889709473
4.4861040115356445
4.492109537124634
4.611218452453613
4.635241270065308
4.393018960952759
4.50011682510376
4.463082790374756
4.562173843383789
4.607215881347656
4.399024963378906
4.4580793380737305
4.515130519866943
4.587195634841919
4.505121469497681
4.534148693084717
4.619225025177002
4.663267374038696
4.469089031219482
4.534149169921875
4.508125305175781
4.462082147598267
4.405030250549316
4.494112014770508
4.397021532058716
4.437059640884399
4.431053400039673
4.430052280426025
4.5041210651397705
4.457077980041504
4.479096412658691
4.4690892696380615
4.505122184753418
4.45807957649231
4.640245199203491
4.441062927246094
4.456077814102173
4.4480695724487305
4.417040824890137
4.453073501586914
4.456077337265015
4.464083909988403
4.529143333435059
4.49811577796936
4.487104177474976
4.553166627883911
4.487104892730713
4.431053876876831
4.359989404678345
4.553164958953857
4.536150932312012
4.545157432556152
4.4670867919921875
4.527142763137817
4.568180322647095
4.730327129364014
4.482099771499634
4.419042110443115
4.369997978210449
4.537149906158447
4.519134044647217
4.462082862854004
4.519135236740112
4.456077575683594
4.470088958740234
4.414037466049194
4.488106727600098
4.47209095954895
4.573183298110962
4.567178249359131
4.433055639266968
4.464083671569824
4.7373340129852295
4.7576820850372314
4.766329765319824
4.743141174316406
4.952006578445435
4.779090881347656
4.952530860900879
4.620223760604858
4.736806392669678
4.6752777099609375
4.639009237289429
4.5451579093933105
4.642812490463257
4.661258697509766
4.723516225814819
5.071641206741333
4.876460075378418
4.556166410446167
4.563175201416016
4.513130187988281
4.491108179092407
4.517133474349976
4.554167032241821
4.527140855789185
4.4160401821136475
4.552165746688843
4.500116348266602
4.465084791183472
4.4911088943481445
4.463083505630493
4.460079193115234
4.435057640075684
4.553165674209595
4.5351481437683105
4.585195302963257
4.542155981063843
4.505121231079102
4.542155504226685
4.452071666717529
4.431052923202515
4.510126352310181
4.492109298706055
4.500117063522339
4.451071500778198
4.5361487865448
4.4921088218688965
4.474093437194824
4.441057920455933
4.505115032196045
4.427044153213501
4.40902853012085
4.474089622497559
4.49811053276062
4.484097719192505
4.429048299789429
4.498111009597778
4.5971996784210205
4.5531604290008545
4.531140327453613
4.495107412338257
4.422040939331055
4.5111212730407715
4.504115581512451
4.40402364730835
4.489102840423584
4.505117416381836
4.457074403762817
4.503115892410278
4.756347417831421
4.4240429401397705
4.4610772132873535
4.501114130020142
4.488102436065674
4.451067686080933
4.455072402954102
4.4030234813690186
4.490103244781494
4.392014980316162
4.406025648117065
4.569175481796265
4.48910117149353
4.574180603027344
4.486099481582642
4.435053825378418
4.500113487243652
4.496108293533325
5.230779409408569
5.0546181201934814
5.2728188037872314
5.092653751373291
5.130688428878784
5.0195863246917725
5.018584728240967
5.092654228210449
5.14069676399231
5.011579990386963
5.11767578125
5.144700050354004
5.0926549434661865
5.082644701004028
5.097658395767212
5.073637247085571
5.062626838684082
5.074637413024902
5.09065318107605
5.187741756439209
5.046612024307251
5.173727750778198
5.036602735519409
5.067630767822266
5.006575345993042
5.129687547683716
4.96053409576416
5.048614501953125
5.086648941040039
5.079642057418823
5.159715175628662
5.036603212356567
5.030597686767578
5.13068962097168
5.122679948806763
5.132689714431763
5.062626123428345
5.131690740585327
5.0265936851501465
5.116683006286621
5.187740325927734
5.113672733306885
5.07663893699646
5.14870548248291
5.10766863822937
5.148705005645752
5.089651107788086
5.114673137664795
5.117676496505737
5.122681140899658
5.1967504024505615
5.084646224975586
5.148705720901489
5.073636054992676
5.136693716049194
5.054617881774902
5.1426990032196045
5.260808229446411
5.195749044418335
5.179734468460083
5.001571178436279
4.947521924972534
5.038604736328125
5.128687381744385
5.1056671142578125
5.132691144943237
5.035602331161499
5.043608665466309
5.048614501953125
4.941516637802124
5.035602807998657
5.069632053375244
5.098659515380859
5.018586158752441
5.079642295837402
5.057622671127319
4.999568939208984
5.643157720565796
5.679190158843994
5.660171031951904
5.64415717124939
5.638153076171875
5.546067953109741
5.584102630615234
5.608124017715454
5.636150598526001
4.862444639205933
4.909485578536987
4.908484935760498
4.893471717834473
4.934510231018066
4.85844087600708
4.876455545425415
4.872452259063721
4.914490699768066
4.934509515762329
4.912490367889404
4.887466192245483
4.729322910308838
4.921497821807861
4.808393716812134
4.7913782596588135
4.8524346351623535
4.7853734493255615
4.869449615478516
4.872452974319458
4.955528497695923
4.847430467605591
4.819409370422363
4.82040548324585
4.876455783843994
4.8204052448272705
4.865446090698242
4.790377616882324
4.872451305389404
4.903481483459473
4.912490367889404
4.810394525527954
4.84642767906189
4.90347957611084
4.8424248695373535
4.958531379699707
4.921497583389282
4.861443042755127
4.95152473449707
4.821402072906494
4.764349460601807
4.983550310134888
4.899474382400513
4.819401025772095
4.872448682785034
4.845422983169556
4.90047550201416
4.823403596878052
4.970538854598999
4.9485182762146
4.8644421100616455
4.937509298324585
4.864441156387329
4.761347055435181
4.978545427322388
4.789372682571411
4.8404200077056885
4.888463020324707
4.898471117019653
4.846425771713257
4.788373231887817
4.775359869003296
4.9475178718566895
4.848426580429077
4.846426010131836
4.819400072097778
4.8214027881622314
4.89747166633606
4.78136682510376
4.773358583450317
4.855433225631714
4.92449688911438
4.900474786758423
4.9415130615234375
4.856435775756836
4.944515228271484
4.815396070480347
4.862440824508667
4.8954713344573975
4.824404239654541
4.947516679763794
4.811392545700073
4.772357702255249
4.984551906585693
4.882458686828613
4.873448848724365
4.883460760116577
4.942512512207031
4.790374279022217
4.9224936962127686
5.020584344863892
4.964532375335693
4.931504011154175
4.850428342819214
4.740328550338745
4.887463569641113
4.923495531082153
4.802385568618774
4.926498651504517
4.872448682785034
4.853432655334473
4.711302280426025
4.928499937057495
4.7903735637664795
4.846424341201782
4.8113932609558105
4.9885547161102295
4.939509868621826
4.828409910202026
4.874450445175171
4.8994739055633545
4.837417364120483
4.816397190093994
4.848426103591919
4.982550382614136
4.853431701660156
4.857435941696167
4.811392068862915
4.976543664932251
4.910484790802002
4.863440990447998
4.8454248905181885
4.8334126472473145
4.905479907989502
4.874450922012329
4.866442918777466
4.832413673400879
4.9465172290802
4.909484148025513
4.945515394210815
4.974543571472168
4.871448755264282
4.876452684402466
4.922495126724243
4.9024763107299805
4.984551429748535
4.918491840362549
4.927499294281006
4.760346174240112
4.822403192520142
4.932504177093506
4.935507535934448
4.926499128341675
4.789372682571411
4.878458738327026
4.7853684425354
4.843422889709473
4.791374683380127
4.881456136703491
4.872448205947876
4.942511796951294
4.817398548126221
4.841420888900757
4.837416648864746
4.935504913330078
4.8864617347717285
4.928500175476074
4.93751072883606
4.81439733505249
4.939509868621826
4.804387092590332
4.863441705703735
4.870447635650635
4.861439228057861
4.7493414878845215
4.794377088546753
4.877455234527588
4.819400787353516
4.863440752029419
4.963532209396362
4.836416006088257
4.89446759223938
4.852431297302246
4.832413196563721
4.817399501800537
4.826406478881836
4.929499864578247
4.828410387039185
4.842421293258667
4.8214027881622314
4.857434034347534
4.882458209991455
4.813394784927368
4.859435796737671
4.877453327178955
4.934505462646484
5.0596230030059814
4.810391902923584
5.531050682067871
4.940511226654053
5.5600762367248535
4.896471977233887
5.4479734897613525
4.902476072311401
4.9174888134002686
5.608120918273926
4.92049241065979
4.79137659072876
4.9685375690460205
4.9004738330841064
4.794378280639648
4.855433702468872
4.82540488243103
4.842421293258667
4.827405214309692
4.839415550231934
4.863439083099365
4.805386304855347
4.726314306259155
4.80038046836853
4.929497718811035
4.849426984786987
4.879452228546143
4.8654398918151855
4.836413621902466
4.922491788864136
4.823401212692261
4.925495624542236
4.816394329071045
4.957523345947266
4.872446298599243
4.844420671463013
4.8724470138549805
4.71330189704895
4.866442441940308
4.809389114379883
4.841418743133545
4.8784520626068115
4.870447874069214
4.871445655822754
5.443969488143921
4.8103928565979
4.7843663692474365
4.851427793502808
4.815392971038818
4.78636908531189
4.934502840042114
4.860435247421265
4.856432914733887
4.805385112762451
4.86844277381897
4.881454706192017
4.865440845489502
4.864440679550171
4.851428508758545
4.809387683868408
4.906477689743042
4.864439487457275
4.995559215545654
4.852429389953613
4.770353317260742
4.979543924331665
4.954521179199219
4.925495624542236
4.945512771606445
5.52003812789917
4.970537185668945
4.830408096313477
5.046604871749878
5.424951553344727
5.501020193099976
4.863438606262207
4.830408334732056
4.86544132232666
5.517033338546753
5.575088024139404
4.828406810760498
4.942510366439819
4.881454229354858
4.920490026473999
4.937504768371582
4.858433246612549
4.848423957824707
4.795375347137451
4.854431390762329
4.878451824188232
4.832413196563721
4.797377586364746
4.918487071990967
4.844421148300171
4.947515249252319
4.740325212478638
4.887461423873901
4.826404809951782
4.718307018280029
4.755338668823242
4.895468235015869
4.773356199264526
4.875448942184448
4.888462066650391
4.813394069671631
4.921491622924805
4.835412263870239
4.755340814590454
4.8604350090026855
4.775359153747559
4.888461351394653
4.88245701789856
4.834412097930908
4.841418027877808
4.870443105697632
4.937504768371582
4.829406499862671
4.892465829849243
4.874448299407959
4.885457754135132
4.9585254192352295
5.527045726776123
4.888460874557495
4.754338264465332
4.864439964294434
5.525042295455933
5.541056156158447
4.922492980957031
4.90547776222229
4.885457992553711
5.093647718429565
4.8914642333984375
4.842418909072876
4.894466161727905
4.829407691955566
4.84442138671875
4.908480167388916
4.890463829040527
5.004566431045532
4.941507816314697
4.853428840637207
4.85943341255188
4.863437652587891
4.933502435684204
4.859435558319092
5.606115818023682
4.991556406021118
5.5310468673706055
4.793375015258789
4.847424030303955
4.95452094078064
5.481001615524292
5.616123676300049
4.753337860107422
4.922492504119873
4.902472734451294
4.844420433044434
4.845422029495239
4.870445251464844
4.930499315261841
4.8854591846466064
5.0015716552734375
4.827406406402588
4.815395832061768
4.831408739089966
4.990555286407471
4.913482666015625
4.848423957824707
4.843420028686523
4.825403213500977
4.823402404785156
4.82440185546875
4.784369230270386
4.831409931182861
4.896468877792358
4.796376705169678
5.495014190673828
4.774356842041016
4.930500030517578
4.812391519546509
5.552067041397095
5.467988729476929
5.059615850448608
5.08363676071167
4.833408355712891
4.831407785415649
4.953519582748413
4.801379680633545
4.7973761558532715
4.960525751113892
4.835410833358765
4.879450082778931
4.80338191986084
4.808386325836182
4.82039737701416
4.839415550231934
4.918487548828125
4.857432842254639
5.4980149269104
5.493011236190796
4.923492431640625
4.935505628585815
5.477996110916138
5.5850958824157715
4.79637598991394
5.493009805679321
4.843419313430786
5.613120079040527
4.83741307258606
4.89746618270874
4.852427005767822
4.871444940567017
4.913483142852783
4.932497978210449
4.791368246078491
5.49401068687439
5.575085639953613
4.813389778137207
4.8354105949401855
5.542055130004883
5.453975200653076
4.870442867279053
4.791370630264282
5.582090616226196
4.840416431427002
4.731316804885864
4.814391613006592
4.819393157958984
4.8674399852752686
4.789369106292725
4.804384231567383
4.887458562850952
4.929497241973877
4.804380893707275
4.922489881515503
4.95552134513855
4.822398900985718
4.929495573043823
5.081634998321533
5.568079233169556
5.341872215270996
5.6031105518341064
4.705292701721191
4.953518867492676
4.718303680419922
4.841416835784912
4.7223076820373535
4.818395137786865
4.752334833145142
4.825401067733765
4.6322267055511475
4.915483474731445
5.101654529571533
4.800379037857056
4.988551378250122
5.177722930908203
5.204747676849365
5.098649263381958
5.157703161239624
4.749332904815674
5.495011806488037
5.507023334503174
4.822399854660034
4.67926812171936
4.889461278915405
4.799378156661987
4.84341835975647
4.914483547210693
4.828404426574707
4.760342597961426
4.682270765304565
4.91748571395874
4.797376394271851
4.757340669631958
4.871445178985596
4.710296392440796
4.740323781967163
4.757339000701904
4.810388803482056
4.553154230117798
4.867440223693848
4.839414596557617
4.697284936904907
4.660251617431641
4.80538272857666
4.7303147315979
4.738322019577026
4.680269241333008
4.660250663757324
4.889461040496826
4.754336833953857
4.708294153213501
4.934500694274902
4.881453275680542
4.8133909702301025
4.779359817504883
4.704291582107544
4.709295749664307
4.842417001724243
4.728314161300659
4.695282936096191
4.891462564468384
4.6622536182403564
4.694281816482544
4.786365509033203
4.587184190750122
4.585185289382935
4.5881829261779785
5.444965362548828
4.815392255783081
5.373900651931763
5.220762729644775
4.738322019577026
4.7353198528289795
4.801380634307861
4.785365343093872
5.364893674850464
4.680268287658691
4.616207838058472
4.691279649734497
4.761342763900757
4.731316804885864
5.333864688873291
5.464984893798828
4.737321376800537
4.8954668045043945
6.60373854637146
5.6977479457855225
5.819897413253784
5.381909608840942
