Timing log for each step:
0.01601552963256836
5.150923728942871
4.9848713874816895
5.066436767578125
5.249239683151245
5.21028733253479
5.053816080093384
5.212930679321289
5.1752777099609375
5.2331013679504395
5.12778377532959
5.147998332977295
5.151732921600342
5.120419979095459
5.193995714187622
5.012967824935913
5.179102182388306
5.233058929443359
5.172919511795044
5.113278150558472
5.060174942016602
5.178489923477173
5.177919864654541
5.776078224182129
5.693979024887085
5.136162281036377
5.136711597442627
5.051743507385254
5.240361928939819
5.202905893325806
5.138152837753296
5.1383819580078125
5.225183963775635
5.15205979347229
5.239128351211548
5.103461027145386
5.129843711853027
5.1350626945495605
5.2032318115234375
5.108385801315308
5.283479928970337
5.016201972961426
5.174225091934204
5.212224960327148
5.162231922149658
5.067801475524902
5.042706727981567
5.08333683013916
5.217527627944946
5.1333465576171875
5.107454776763916
5.203123569488525
5.102836847305298
5.308098793029785
5.256603240966797
5.231232404708862
5.206082820892334
5.227904558181763
5.21630072593689
5.257378816604614
5.153657674789429
5.089337110519409
5.210054874420166
5.3594584465026855
5.13262939453125
5.2743518352508545
5.139127016067505
5.35695743560791
5.326125383377075
5.298177003860474
5.24677586555481
5.353395700454712
5.22809362411499
5.30035662651062
5.281547784805298
5.3330817222595215
5.296637773513794
5.094168663024902
5.267060995101929
5.181241035461426
5.170063018798828
5.322246551513672
5.137684106826782
5.14433217048645
5.249769449234009
5.183605670928955
5.312013626098633
5.285249471664429
5.22258734703064
5.2397780418396
5.13359522819519
5.256267547607422
5.3203630447387695
5.2025604248046875
5.372361183166504
5.2908501625061035
5.291807651519775
5.2591001987457275
5.2861738204956055
5.262340545654297
5.163660287857056
5.140152215957642
5.286364316940308
5.24688982963562
5.324438810348511
5.237285375595093
5.244831562042236
5.258481740951538
5.4130940437316895
5.298340797424316
5.293588161468506
5.2062904834747314
5.2672083377838135
5.289673328399658
5.277184247970581
5.157320022583008
5.335118293762207
5.352420091629028
5.304641008377075
5.2974631786346436
5.317284107208252
5.288774013519287
5.2512311935424805
5.269208192825317
5.257328987121582
5.297770261764526
5.309453010559082
5.2617151737213135
5.386650085449219
5.34154748916626
5.380300998687744
5.175895929336548
5.30934739112854
5.246100664138794
5.315665006637573
5.245413780212402
5.284392356872559
5.337439298629761
5.261537075042725
5.408370733261108
5.122671842575073
5.262645721435547
5.224210262298584
5.459866285324097
5.312566518783569
5.332429885864258
5.294757843017578
5.231416940689087
5.324565887451172
5.197262763977051
5.263500928878784
5.274353504180908
5.328367471694946
5.372491121292114
5.501347780227661
5.441193103790283
5.21336555480957
5.27755331993103
5.398851633071899
5.330060005187988
5.300367116928101
5.32046103477478
5.282694339752197
5.266122102737427
5.3101582527160645
5.409831523895264
5.302899122238159
5.265773773193359
5.242652654647827
5.322178363800049
5.318340301513672
5.242388010025024
5.28401517868042
5.300076723098755
5.253316879272461
5.406616687774658
5.277661561965942
5.2048420906066895
5.32899022102356
5.387583255767822
5.278265714645386
5.350878477096558
5.324305534362793
5.383818626403809
5.313564777374268
5.446544408798218
5.403382062911987
5.216034889221191
5.302489280700684
5.280356168746948
5.392629146575928
5.3173441886901855
5.265586614608765
5.33619499206543
5.270483016967773
5.317716598510742
5.368241548538208
5.34281063079834
5.402045011520386
5.251596689224243
5.324014186859131
5.366492509841919
5.323358535766602
5.2920920848846436
5.2558698654174805
5.394190549850464
5.286380767822266
5.337265491485596
5.307455539703369
5.250424861907959
5.157834768295288
5.240664482116699
5.364792346954346
5.464233875274658
5.105694055557251
5.4011595249176025
5.327383041381836
5.309241056442261
5.397164344787598
5.35043740272522
5.2659912109375
5.419885635375977
5.365803241729736
5.225183725357056
5.3424437046051025
5.280317783355713
5.413362264633179
5.4595947265625
5.244380950927734
5.345923662185669
5.3793206214904785
5.363349437713623
5.432945013046265
5.3182384967803955
5.282701015472412
5.155280113220215
5.353891134262085
5.3322906494140625
5.239508867263794
5.271545648574829
5.159003973007202
5.332790851593018
5.340366840362549
5.308438062667847
5.264233112335205
5.2155375480651855
5.349819183349609
5.291209697723389
5.2827043533325195
5.31412672996521
5.248244285583496
5.202912330627441
5.287355899810791
5.336895942687988
5.424661874771118
5.426540851593018
5.607883453369141
5.375226020812988
5.294838905334473
5.258198499679565
5.225296258926392
5.354349613189697
5.260382175445557
5.223089218139648
5.336435794830322
5.251340866088867
5.253361940383911
5.202421426773071
5.302992582321167
5.332334280014038
5.3953657150268555
5.285330295562744
5.3313493728637695
5.316653251647949
5.3040056228637695
5.338829040527344
5.3160035610198975
5.33359432220459
5.418050765991211
5.2524802684783936
5.299341201782227
5.340898036956787
5.327757835388184
5.3003199100494385
5.205188751220703
5.319958448410034
5.259760141372681
5.32354211807251
5.309244155883789
5.290154933929443
5.4096150398254395
5.373431921005249
5.228180170059204
5.239309072494507
5.31225848197937
5.416035890579224
5.323085069656372
5.308119297027588
5.325402021408081
5.3605592250823975
5.347013235092163
5.3313987255096436
5.328745603561401
5.331804513931274
5.376673221588135
5.317462205886841
5.316171169281006
5.3014702796936035
5.392538785934448
5.257478713989258
5.410433530807495
5.429717540740967
5.4163899421691895
5.298033237457275
5.093190431594849
5.328575372695923
5.334559679031372
5.2853758335113525
5.338179588317871
5.349402189254761
5.3171210289001465
5.371687173843384
5.4096269607543945
5.297460556030273
5.301837682723999
5.262115955352783
5.294661045074463
5.46488881111145
5.317564487457275
5.364023447036743
5.257019996643066
5.244420289993286
5.342409372329712
5.327043056488037
5.37553858757019
5.2856364250183105
5.376568078994751
5.184309959411621
5.487408876419067
5.377225637435913
5.186732769012451
5.745480298995972
5.782824993133545
5.384335041046143
5.4362499713897705
5.272307634353638
5.3022449016571045
5.374543190002441
5.404582977294922
5.3642737865448
5.337700605392456
5.234011173248291
5.300356388092041
5.320302724838257
5.361459016799927
5.392471790313721
5.376460552215576
5.370033264160156
5.353223085403442
5.269779682159424
5.242221832275391
5.268205165863037
5.182725429534912
5.36747932434082
5.323613166809082
5.4412312507629395
5.290325403213501
5.3519628047943115
5.337618112564087
5.266968727111816
5.237996816635132
5.355921745300293
5.303824186325073
5.256049156188965
5.3175506591796875
5.2522194385528564
5.382128477096558
5.4103875160217285
5.324448108673096
5.22558331489563
5.289945840835571
5.3000547885894775
5.327647686004639
5.31649112701416
5.1824631690979
5.4336535930633545
5.247770071029663
5.384306192398071
5.5217695236206055
5.381235122680664
5.243700742721558
5.300289154052734
5.2481725215911865
5.373859643936157
5.449415683746338
5.172117233276367
5.345011472702026
5.225813865661621
5.2089715003967285
5.284236669540405
5.27128267288208
5.295464515686035
5.303006887435913
5.375417709350586
5.300384044647217
5.2991414070129395
5.334839344024658
5.428969144821167
5.626550197601318
5.3746497631073
5.3491599559783936
5.292669057846069
5.220270395278931
5.447241544723511
5.304718494415283
5.402175664901733
5.358644247055054
5.309470891952515
5.267805814743042
5.268141746520996
5.2071757316589355
5.274722099304199
5.405396461486816
5.276334762573242
5.289775609970093
5.311701774597168
5.286856412887573
5.324807405471802
5.4643096923828125
5.299996376037598
5.29669189453125
5.245129346847534
5.273071765899658
5.575508117675781
5.259562969207764
5.33586049079895
5.344414710998535
5.410541296005249
5.303617477416992
5.305025100708008
5.2902443408966064
5.3112404346466064
5.3402862548828125
5.348857879638672
5.326380014419556
5.285153150558472
5.267903566360474
5.362319707870483
5.291560173034668
5.392404794692993
5.3999388217926025
5.302370071411133
5.256800413131714
5.192930221557617
5.3355491161346436
5.3754096031188965
5.3301262855529785
5.393468141555786
5.347092866897583
5.272326469421387
5.434337615966797
5.424224853515625
5.43721079826355
5.2953667640686035
5.2153191566467285
5.317040205001831
5.375699520111084
5.36360239982605
5.289387226104736
5.4244043827056885
5.282346487045288
5.344095468521118
5.3648362159729
5.417628049850464
5.327718257904053
5.370022535324097
5.356697082519531
5.392401933670044
5.270473480224609
5.309438943862915
5.216756343841553
5.379343271255493
5.370653867721558
5.271009922027588
5.397671699523926
5.351609468460083
5.365430593490601
5.390469551086426
5.4143226146698
5.311940908432007
5.337566375732422
5.3039162158966064
5.266351699829102
5.302246809005737
5.412496566772461
5.199796438217163
5.359280586242676
5.371355295181274
5.312155246734619
5.395162343978882
5.41649055480957
5.30844783782959
5.422691583633423
5.345267057418823
5.365509986877441
5.381219387054443
5.276501893997192
5.301995515823364
5.278999090194702
5.372926712036133
5.328641891479492
5.375945329666138
5.381587505340576
5.310871601104736
5.270129442214966
5.3073461055755615
5.3679046630859375
5.437048673629761
5.302285432815552
5.346261739730835
5.354794025421143
5.327887773513794
5.2377777099609375
5.2664735317230225
5.306015968322754
5.366427659988403
5.414741516113281
5.368008852005005
5.311082601547241
5.278743505477905
5.318394184112549
5.362449645996094
5.214983940124512
5.348895788192749
5.267951488494873
5.4764931201934814
5.382429599761963
5.345202684402466
5.341573238372803
5.375723600387573
5.273683309555054
5.273399353027344
5.314967632293701
5.350901365280151
5.335397481918335
5.352858781814575
5.374400854110718
5.314303398132324
5.376079320907593
5.329702854156494
5.299025535583496
5.172234535217285
5.339224100112915
5.324190855026245
5.306251049041748
5.318403959274292
5.430822134017944
5.3416361808776855
5.374281406402588
5.502372741699219
5.6466310024261475
5.307672500610352
5.362952709197998
5.248827695846558
5.20311975479126
5.366532564163208
5.351036310195923
5.263625860214233
5.297104120254517
5.386044025421143
5.386366605758667
5.3564159870147705
5.382979154586792
5.408692359924316
5.318124294281006
5.394548177719116
5.353410482406616
5.2580790519714355
5.378333568572998
5.28856086730957
5.272886037826538
5.234402418136597
5.438775300979614
5.371885061264038
5.261008262634277
5.2153308391571045
5.205053806304932
5.369651556015015
5.355816602706909
5.255139589309692
5.323373556137085
5.2749412059783936
5.320300579071045
5.329804182052612
5.397725343704224
5.4019293785095215
5.345337390899658
5.330578327178955
5.379382610321045
5.359520196914673
5.284566879272461
5.318356513977051
5.259250164031982
5.316381454467773
5.322866916656494
5.32243275642395
5.26667857170105
5.257982015609741
5.277169466018677
5.27902364730835
5.378882884979248
5.272329807281494
5.384080410003662
5.369216680526733
5.260252475738525
5.31089448928833
5.279998302459717
5.238671779632568
5.2971882820129395
5.261494874954224
5.253546237945557
5.325488567352295
5.313452482223511
5.34555196762085
5.389998435974121
5.368323564529419
5.195357799530029
5.335622072219849
5.398771524429321
5.251410245895386
5.26261830329895
5.352228879928589
5.405290126800537
5.342737436294556
5.3374388217926025
5.324741363525391
5.423470973968506
5.361094951629639
5.3544921875
5.302927732467651
5.21245002746582
5.351331472396851
5.399419546127319
5.205257892608643
5.248809099197388
5.370219945907593
5.274919271469116
5.287106037139893
5.46249532699585
5.360888957977295
5.2537901401519775
5.277812480926514
5.293825387954712
5.217757701873779
5.177721738815308
5.365890741348267
5.2177574634552
5.308839321136475
5.325855255126953
5.356884241104126
5.342871427536011
5.368895053863525
5.18472695350647
5.256792068481445
5.317848205566406
5.069622755050659
5.25478982925415
5.41624903678894
5.356884241104126
5.284818649291992
5.137683629989624
5.306837558746338
4.905472040176392
5.333861827850342
5.260795593261719
5.0816333293914795
5.313844442367554
5.2998316287994385
5.179722785949707
5.222761392593384
5.3248536586761475
5.116666316986084
5.2567925453186035
5.303835868835449
5.160704851150513
5.190730094909668
5.101651191711426
5.130677938461304
5.264799356460571
5.30984091758728
5.266802549362183
5.486001968383789
5.0476038455963135
4.9334986209869385
5.201741933822632
5.2938268184661865
5.303834915161133
5.11666464805603
5.301287651062012
5.159703493118286
5.20874810218811
5.080632925033569
5.205746173858643
5.144690990447998
5.339868783950806
5.152914762496948
5.263799667358398
5.199739694595337
5.175718784332275
5.244780778884888
5.363889455795288
5.486000061035156
5.275807619094849
5.345874309539795
5.371898174285889
5.329859256744385
5.529040813446045
5.404928207397461
5.245780944824219
5.227766275405884
5.227766513824463
5.110124349594116
5.214754343032837
5.3128440380096436
5.4769933223724365
5.504018306732178
5.293983221054077
5.125672340393066
5.375901937484741
5.203744649887085
5.202742338180542
5.325856924057007
5.21875786781311
5.187729835510254
5.32485556602478
5.261796951293945
4.937502145767212
5.172717571258545
4.890458583831787
5.261797189712524
5.258794546127319
5.182725667953491
5.171715974807739
5.212752819061279
5.3348634243011475
4.9825427532196045
5.2447826862335205
5.391915798187256
5.158703088760376
5.078629732131958
5.357884883880615
5.3448731899261475
5.185728311538696
5.208749294281006
5.237776517868042
5.474991083145142
5.49100399017334
5.263799667358398
5.403927326202393
5.117667198181152
5.34287166595459
5.202744245529175
5.11566424369812
5.197738409042358
5.102754592895508
5.290822982788086
5.125673770904541
5.133681297302246
5.219758987426758
5.341870307922363
5.2873008251190186
5.33786678314209
5.303835391998291
5.30083155632019
5.23377251625061
5.3939173221588135
5.426947593688965
5.225639581680298
5.107658386230469
5.350542783737183
5.275807857513428
5.39591908454895
5.299831867218018
5.299832105636597
5.355881452560425
5.3238537311553955
5.126673936843872
5.3078389167785645
5.191733360290527
5.112660884857178
5.159703731536865
5.3965582847595215
5.129677772521973
5.335864543914795
5.376901865005493
5.3328611850738525
5.219758749008179
5.197739601135254
5.215754747390747
5.141688108444214
5.082634925842285
5.171714782714844
5.306838035583496
5.333863019943237
5.1306774616241455
5.256792783737183
5.072624683380127
5.247622489929199
5.298831939697266
5.133680105209351
5.189732074737549
5.4940080642700195
5.216756105422974
5.3618879318237305
5.15269923210144
5.352879285812378
5.287820816040039
5.180721998214722
5.317848443984985
5.289822816848755
5.086644649505615
5.366894006729126
5.257793664932251
5.335864782333374
5.165709495544434
5.281815052032471
5.296830415725708
5.325856924057007
5.185726642608643
5.297830581665039
5.218757629394531
5.215756416320801
5.351878881454468
5.1074652671813965
5.109368324279785
5.221761465072632
5.114663362503052
5.24678373336792
5.436957120895386
5.407930374145508
5.118666648864746
5.271806001663208
5.247785329818726
5.23877739906311
5.52603816986084
5.061614990234375
5.335865020751953
5.346875190734863
5.346872329711914
5.248785495758057
5.237774848937988
5.1406872272491455
5.2668023109436035
5.329859018325806
5.372205495834351
5.243780136108398
5.292825222015381
5.408930540084839
5.340869188308716
5.204745769500732
5.354882001876831
5.3849101066589355
5.296829462051392
5.224763870239258
5.258794546127319
5.599104881286621
5.470988035202026
5.339868545532227
5.355883359909058
5.212752103805542
5.173466205596924
5.2227623462677
5.048603534698486
4.9375011920928955
5.109658479690552
5.312844753265381
5.075628995895386
5.416938781738281
5.383908748626709
5.194410085678101
5.185728073120117
5.263792514801025
5.171176195144653
5.4529709815979
5.322852611541748
5.299831390380859
5.2127525806427
5.290823698043823
5.244782447814941
5.352880001068115
5.315845489501953
5.172714710235596
5.166710376739502
5.451970815658569
5.445964813232422
5.112661838531494
5.197737455368042
5.337866544723511
5.303836107254028
5.222762584686279
5.2547924518585205
5.32985782623291
5.2656567096710205
5.256793737411499
5.211751222610474
5.264008283615112
5.099650144577026
5.320852279663086
5.304069519042969
5.285818815231323
5.199740648269653
5.140686988830566
5.310840368270874
5.246784687042236
5.23577356338501
5.234772682189941
5.199740648269653
5.117666721343994
4.958521127700806
4.83540940284729
5.326857566833496
5.266801834106445
5.4819982051849365
5.0736243724823
5.2347729206085205
5.677175760269165
5.1947362422943115
5.3829076290130615
5.344874382019043
5.182724952697754
5.323853015899658
5.273808240890503
5.404926776885986
5.3498780727386475
5.329860210418701
5.049604177474976
5.150697469711304
5.174718379974365
5.223763465881348
5.1907336711883545
5.031587839126587
5.135682821273804
5.107654333114624
5.075624227523804
5.222761154174805
5.285820484161377
5.16070556640625
5.211751699447632
5.239775896072388
5.18973183631897
5.390915155410767
5.356882095336914
5.260796308517456
5.41894006729126
5.3208513259887695
5.191732168197632
5.0606138706207275
5.155701160430908
5.298830509185791
5.342870473861694
5.441961050033569
5.248785495758057
5.141687631607056
5.237775564193726
5.588095426559448
5.533044338226318
5.248470783233643
5.214754104614258
5.319850921630859
5.390916347503662
5.17471718788147
5.084635019302368
5.171714782714844
5.347875595092773
5.217758655548096
5.2187581062316895
5.316846609115601
5.1688315868377686
5.472989559173584
5.298830986022949
5.192734718322754
5.2858195304870605
5.247783660888672
5.288822650909424
5.316848516464233
5.281813621520996
5.171716690063477
5.2097508907318115
5.179723501205444
5.186729192733765
5.005563735961914
5.306838274002075
5.3478758335113525
5.130678176879883
5.4639880657196045
5.231769800186157
5.209750175476074
5.283818483352661
5.233771800994873
5.3698954582214355
5.443962574005127
5.2718048095703125
5.219759225845337
5.256792068481445
5.359439134597778
5.356883764266968
5.24578332901001
5.119668245315552
5.356884002685547
5.196818828582764
5.211751699447632
5.305836915969849
5.483999729156494
5.387911796569824
5.2157557010650635
5.346872806549072
5.274808168411255
5.131679534912109
5.244938373565674
5.256363868713379
5.3478758335113525
5.31985068321228
5.254790544509888
5.185726881027222
5.206716060638428
5.173717975616455
5.117666721343994
5.355884075164795
5.2918243408203125
5.337867736816406
5.116664409637451
5.115662574768066
5.2237629890441895
5.2107508182525635
5.219758033752441
5.3869099617004395
5.303386449813843
5.169710397720337
5.236774206161499
5.284818172454834
5.117666006088257
5.318849325180054
5.06461763381958
5.1386847496032715
5.364891052246094
5.330859661102295
5.196490287780762
5.188730478286743
5.233770847320557
5.301834583282471
5.161050081253052
5.269805192947388
5.154700040817261
5.165709733963013
5.21175217628479
5.16571044921875
5.316848039627075
5.249786853790283
5.388913154602051
5.249786138534546
5.262797832489014
5.177718877792358
5.101651430130005
5.26479959487915
5.179723262786865
5.175718307495117
5.1036529541015625
5.026580810546875
5.250787019729614
5.263799667358398
5.299832820892334
5.487002611160278
5.32085108757019
5.278812646865845
5.30884051322937
5.247785568237305
5.373899221420288
5.2457826137542725
5.053611516952515
5.398923635482788
5.454974889755249
5.272807359695435
5.280815362930298
5.2607972621917725
5.240778207778931
5.231770277023315
5.1086578369140625
5.2207605838775635
5.057611703872681
5.3378660678863525
5.392916440963745
5.354881286621094
5.3601977825164795
5.387911319732666
5.2567901611328125
5.255791902542114
5.339868545532227
5.180723190307617
5.467986106872559
5.1977379322052
5.153700113296509
5.112490892410278
5.551060914993286
5.25378942489624
5.284818172454834
5.202742338180542
5.284817218780518
5.2888219356536865
5.18873143196106
5.274809122085571
5.048602342605591
5.225765705108643
5.235773324966431
5.440959930419922
5.418941259384155
5.124672889709473
5.184724807739258
5.353879928588867
5.325855731964111
5.265801429748535
5.353199005126953
5.308204650878906
5.179723501205444
5.224764108657837
5.2077476978302
5.160704612731934
5.243781566619873
5.349619388580322
5.46398138999939
5.239776372909546
5.1306774616241455
5.331861972808838
5.2397780418396
5.323854207992554
5.432952642440796
5.350878715515137
5.214754581451416
5.154699325561523
5.256793260574341
5.38590931892395
5.234772443771362
5.233770132064819
5.223761796951294
5.348875284194946
5.291824579238892
4.9294939041137695
5.341870069503784
5.238777160644531
5.3739001750946045
5.339869499206543
5.361888647079468
5.166710376739502
5.202740669250488
5.271806716918945
5.181724309921265
5.279814720153809
5.224764585494995
5.374900579452515
5.187728643417358
5.325855016708374
5.342869997024536
5.450004816055298
5.423945426940918
5.101651430130005
5.153698921203613
5.180723428726196
5.377901792526245
5.294828653335571
5.233772039413452
5.229767560958862
5.160962343215942
5.223762035369873
5.169713973999023
5.301833629608154
5.324140548706055
5.069622039794922
5.107656955718994
5.319850206375122
5.302834749221802
5.231768846511841
5.192734956741333
5.245781660079956
5.257907867431641
5.322853088378906
5.133777141571045
5.327857732772827
5.260796546936035
5.232770919799805
5.292825937271118
5.200512886047363
5.340869665145874
5.130677700042725
5.030587434768677
5.070623397827148
5.181724309921265
5.26880407333374
5.271806001663208
5.376903295516968
5.318849086761475
5.3028342723846436
5.288819789886475
5.326857566833496
4.975536346435547
5.289822578430176
5.2878193855285645
5.158703804016113
5.467984914779663
5.053607940673828
5.186730146408081
5.1516969203948975
5.159704208374023
5.217756986618042
5.216937303543091
5.611116170883179
5.486001968383789
5.077629804611206
5.399923324584961
5.208748817443848
5.279814004898071
5.011568307876587
5.195736646652222
5.182724952697754
5.298832654953003
5.224763870239258
5.262798309326172
5.298831224441528
5.043598413467407
5.372898817062378
5.277812719345093
5.231284856796265
5.401925086975098
5.37790322303772
5.121670484542847
5.150695562362671
5.12080979347229
5.101651430130005
5.213754415512085
5.220380783081055
5.2367730140686035
5.1977386474609375
5.254791498184204
5.083635091781616
5.179723262786865
5.16070556640625
5.154700040817261
5.251789331436157
5.2047460079193115
5.195736646652222
5.272806882858276
5.259795188903809
5.395919561386108
5.31484580039978
5.005563735961914
5.340868949890137
5.07462739944458
5.276811122894287
5.03058648109436
5.275810241699219
4.968530893325806
5.338866233825684
5.148692607879639
5.093645095825195
5.293827295303345
5.350879192352295
5.239777565002441
5.2688024044036865
5.135683536529541
5.368894577026367
5.27881383895874
5.301833868026733
5.5660741329193115
5.29176926612854
5.395919561386108
5.253788948059082
5.118667364120483
5.328857660293579
5.347874641418457
5.016574859619141
5.093643426895142
5.356884241104126
5.302834987640381
5.2808146476745605
5.298830986022949
5.351879119873047
5.225763320922852
5.213753938674927
5.1997411251068115
5.13267970085144
5.191734075546265
5.3588855266571045
5.2928242683410645
5.297830104827881
5.402925252914429
5.219758987426758
5.348876237869263
5.2407777309417725
5.265800952911377
5.196738243103027
5.393917798995972
5.431613206863403
5.372900009155273
5.31743311882019
5.329859018325806
5.387913465499878
5.344872713088989
5.351878881454468
5.290823459625244
5.335864305496216
5.37389874458313
5.322853326797485
5.422945499420166
5.170232057571411
5.329859018325806
5.523035764694214
5.297829866409302
5.309839725494385
5.193732023239136
5.3068389892578125
5.230769157409668
5.317848205566406
5.325596332550049
5.250786781311035
5.242564678192139
5.338867664337158
5.345874309539795
5.213754177093506
5.403926610946655
5.434956312179565
5.334865093231201
5.493007659912109
5.3108415603637695
5.393918514251709
5.303835153579712
5.296830415725708
5.417940378189087
5.20574426651001
5.335864067077637
5.358885765075684
5.4409589767456055
5.384552955627441
5.326857089996338
5.493006706237793
5.262797832489014
5.247785329818726
5.227766513824463
5.442961931228638
5.300832271575928
5.446966171264648
5.378904342651367
5.270805835723877
5.2017412185668945
5.276809215545654
5.2527899742126465
5.379904747009277
5.243817090988159
5.302834510803223
5.212751865386963
5.293826580047607
5.272808790206909
5.4072277545928955
5.31284236907959
5.287820339202881
5.559068202972412
5.256792068481445
5.224763631820679
5.358886480331421
5.32986044883728
5.392916679382324
5.342870712280273
5.205746650695801
5.252790689468384
5.362890243530273
5.239776134490967
5.152697801589966
5.341869592666626
5.310842514038086
5.2537901401519775
5.28181529045105
5.160705327987671
5.203744173049927
5.213753700256348
5.281815052032471
5.337867021560669
5.27080512046814
5.380906343460083
5.446966886520386
5.291823387145996
5.525036811828613
5.266803026199341
5.268803358078003
5.274808406829834
5.252787828445435
5.306838512420654
5.377904176712036
5.333861827850342
5.277812480926514
5.255791187286377
5.36088752746582
5.278813123703003
5.418940305709839
5.341870307922363
5.326857089996338
5.372899055480957
5.387913227081299
5.454973220825195
5.398923635482788
5.357883930206299
5.366894721984863
5.233778953552246
5.328858137130737
5.266802787780762
5.278812646865845
5.456975221633911
5.1281092166900635
5.325856447219849
5.408932447433472
5.285820484161377
5.358886957168579
5.274808406829834
5.306838512420654
5.306838035583496
5.322854042053223
5.388911962509155
5.2778120040893555
5.431952953338623
5.34187126159668
5.295828819274902
5.260795831680298
5.428950309753418
5.400922536849976
5.269804239273071
5.361887454986572
5.365891933441162
5.307839632034302
5.403927326202393
5.399923324584961
5.231770753860474
5.237774610519409
5.123671293258667
5.362888813018799
5.286820888519287
5.434954881668091
5.376900911331177
5.284818887710571
5.331861257553101
5.333863258361816
5.2858195304870605
5.163707971572876
5.306838035583496
5.27180552482605
5.631134033203125
5.4059295654296875
5.242780447006226
5.2027435302734375
5.2758095264434814
5.299832344055176
5.566073894500732
5.36088752746582
5.340870141983032
5.410933256149292
5.352880001068115
5.277811527252197
5.283816814422607
5.4019248485565186
5.296828508377075
5.389915227890015
5.4340620040893555
5.326852321624756
5.386911392211914
5.1446897983551025
5.358886957168579
5.242779970169067
5.273808479309082
5.3268561363220215
5.310840368270874
5.294827222824097
5.412935256958008
5.397922992706299
5.477994203567505
5.259795188903809
5.441961288452148
5.26980447769165
5.3749001026153564
5.182724952697754
5.503533601760864
5.364890098571777
5.153697967529297
5.410933494567871
5.332861423492432
5.357959032058716
5.188730478286743
5.254791259765625
5.397921323776245
5.258794069290161
5.2507874965667725
5.342870473861694
5.332862138748169
5.287820339202881
5.3418707847595215
5.229767799377441
5.242779493331909
5.456653833389282
5.381906747817993
5.290823221206665
5.363890647888184
5.256793737411499
5.417939901351929
5.274808645248413
5.392916202545166
5.125673055648804
5.37890362739563
5.32485556602478
5.277273893356323
5.415937662124634
5.386911153793335
5.290823698043823
5.338866949081421
5.393915891647339
5.329858064651489
5.294827938079834
5.292826414108276
5.397921323776245
5.33086085319519
5.336864709854126
5.268864870071411
5.304835796356201
5.184727907180786
5.310841798782349
5.377904415130615
5.319849491119385
5.381906986236572
5.317849397659302
5.2137534618377686
5.337867498397827
5.297830104827881
5.337867736816406
5.313844442367554
5.424945116043091
5.402925729751587
5.345874071121216
5.3999245166778564
5.339868783950806
5.34187126159668
5.450970411300659
5.403926849365234
5.356883764266968
5.226765394210815
5.342870235443115
5.263798952102661
5.168713569641113
5.315846681594849
5.250787734985352
5.365891456604004
5.2237629890441895
5.353844404220581
5.481998920440674
5.422943592071533
5.326374769210815
5.400924205780029
5.232771396636963
5.381906986236572
5.342872381210327
5.316847562789917
5.388911962509155
5.371898889541626
5.37189793586731
5.305837869644165
5.442961692810059
5.266801834106445
5.501014947891235
5.246784687042236
5.26880407333374
5.297830104827881
5.177720785140991
5.141336679458618
5.355882406234741
5.438958644866943
5.513027191162109
5.491045713424683
5.276812314987183
4.829402923583984
5.330859899520874
4.927493095397949
5.236350059509277
5.397920846939087
5.360888242721558
5.306837797164917
5.308840274810791
5.4489922523498535
5.3959197998046875
5.290823221206665
5.313844919204712
5.274807453155518
5.393917560577393
5.4125072956085205
5.223762512207031
5.3658928871154785
5.355973243713379
5.3829591274261475
5.392052173614502
5.342005729675293
5.326990842819214
5.2919580936431885
5.272675514221191
5.269937038421631
5.325989007949829
5.4501049518585205
5.2999656200408936
5.420076370239258
5.196868896484375
5.398056745529175
5.357018709182739
5.30897331237793
4.996680498123169
5.190861940383911
5.303968906402588
4.841535806655884
4.748447895050049
4.823518753051758
5.180853366851807
5.205877780914307
4.756455659866333
5.236906051635742
5.29896354675293
5.337000370025635
5.324989080429077
5.3660266399383545
5.232902526855469
5.283950090408325
5.383043527603149
5.345007419586182
5.361022472381592
5.270936727523804
5.36001992225647
5.2769434452056885
5.286952495574951
5.403060436248779
5.278945207595825
5.317981719970703
5.303196430206299
5.438095331192017
5.386045455932617
5.300966501235962
5.420076608657837
5.477130889892578
5.402060508728027
5.503154993057251
5.3059704303741455
5.388048410415649
5.34300422668457
5.261929750442505
5.38704514503479
5.23590612411499
5.263930559158325
5.350012540817261
5.458113193511963
5.411067485809326
5.252921104431152
5.224896192550659
5.191864728927612
5.3369996547698975
5.351013660430908
5.300966501235962
5.290956020355225
5.278945684432983
5.282949924468994
5.4641194343566895
5.376036167144775
5.303968667984009
5.5241734981536865
5.236906051635742
5.418076038360596
5.5251758098602295
5.431087493896484
5.5742223262786865
5.322985887527466
5.269936561584473
5.373033761978149
5.349010944366455
5.437093496322632
5.269936800003052
5.382042407989502
5.367027521133423
5.308973073959351
5.392051935195923
5.271938800811768
5.312976121902466
5.373033285140991
5.335996150970459
5.331995010375977
5.3349974155426025
5.332995176315308
5.201873302459717
5.332996129989624
5.256924390792847
5.254922866821289
5.4100682735443115
5.39805793762207
5.2462708950042725
5.398056983947754
5.274941444396973
5.35501766204834
5.271939754486084
5.238908529281616
5.343766927719116
5.60024619102478
5.460115432739258
5.345007658004761
5.466120719909668
5.438094615936279
5.385045051574707
5.24691367149353
5.4411022663116455
5.408065319061279
5.333996772766113
5.299966335296631
5.279946804046631
5.195868492126465
5.3099751472473145
5.335998296737671
5.446101903915405
5.3660266399383545
5.343005657196045
5.36302375793457
5.261052370071411
5.344007730484009
5.384045124053955
5.258926868438721
5.434091567993164
5.26192831993103
5.3029680252075195
5.275941371917725
5.20888090133667
5.326990842819214
5.359019756317139
5.473128318786621
5.527177572250366
5.568216323852539
5.485137939453125
5.287960052490234
5.382042646408081
5.426082611083984
5.349011659622192
5.325988531112671
5.317982196807861
5.307972192764282
5.248917818069458
5.3610217571258545
5.288954019546509
5.330994606018066
5.220890760421753
5.274940252304077
5.279946565628052
5.4000585079193115
5.35001277923584
5.276942729949951
5.139815092086792
5.346007823944092
5.504156112670898
5.728366851806641
5.670311689376831
5.204876184463501
5.460114002227783
5.297963857650757
5.277944564819336
5.326990127563477
5.312976837158203
5.360021352767944
5.237906217575073
5.307971954345703
5.274914979934692
5.212848424911499
5.225861549377441
5.348973035812378
5.420958042144775
5.301930665969849
5.31694483757019
5.31694483757019
5.3780012130737305
5.178765773773193
5.457076072692871
5.342968463897705
5.348973989486694
5.321950197219849
5.311940908432007
5.252885341644287
5.225858926773071
5.2648961544036865
5.3129401206970215
5.5731823444366455
5.240875005722046
5.248881578445435
5.453070640563965
5.2058424949646
5.164804697036743
5.3749988079071045
5.292919397354126
5.481096506118774
5.495110034942627
5.544156074523926
5.346972942352295
5.390012979507446
5.345971584320068
5.204841613769531
5.373997926712036
5.3469719886779785
5.33195686340332
5.268900632858276
5.339966297149658
5.170808792114258
5.454072952270508
5.327954053878784
5.352977275848389
5.4060280323028564
5.259879112243652
5.434054374694824
5.124765157699585
5.2869157791137695
5.145785808563232
5.24187445640564
5.247878789901733
5.308936834335327
5.474091291427612
5.25688910484314
5.247551441192627
5.266897916793823
5.28291392326355
5.33896541595459
5.274904727935791
5.409289360046387
5.256886959075928
5.098742485046387
5.25288462638855
5.39001202583313
5.293922185897827
5.314943790435791
5.285916090011597
5.296926498413086
5.317946195602417
5.265897750854492
5.297928094863892
5.298927068710327
5.31652307510376
5.311941146850586
5.3950183391571045
5.137778043746948
5.230864763259888
5.3978071212768555
5.2138495445251465
5.307936191558838
5.341968059539795
5.254886627197266
5.310938596725464
5.350703477859497
5.338964939117432
5.151791095733643
5.191828012466431
5.349976062774658
5.312941312789917
5.266898155212402
5.518131971359253
5.476093053817749
5.283914804458618
5.3359527587890625
5.2819130420684814
5.299928426742554
5.053699970245361
5.385007619857788
5.226860046386719
5.336962938308716
5.278909206390381
5.292921304702759
5.288222312927246
5.3447771072387695
5.154794692993164
5.175813674926758
5.3729963302612305
5.424044847488403
5.3279547691345215
5.157796859741211
5.303932428359985
5.1798179149627686
5.23086404800415
5.161802053451538
5.23286771774292
5.3619866371154785
5.305935621261597
5.307935476303101
5.41303563117981
5.127769708633423
5.316944122314453
5.199835777282715
5.540152311325073
5.487103223800659
5.607215404510498
5.354979753494263
5.165803909301758
5.302931308746338
5.205180406570435
5.304934024810791
5.218853235244751
5.207842588424683
5.316945314407349
5.301930665969849
5.374999523162842
5.45907735824585
5.271901845932007
5.276907444000244
5.163819789886475
5.2098448276519775
5.287917852401733
5.285916090011597
5.200836181640625
5.146830081939697
5.119564056396484
5.148788213729858
5.255887269973755
5.072717189788818
5.2330052852630615
5.231866121292114
5.185823440551758
5.23486852645874
5.114756345748901
5.193828105926514
5.247881650924683
5.0813868045806885
5.296924829483032
5.278908967971802
5.399049997329712
5.264376163482666
5.242875814437866
5.109121561050415
5.30793571472168
5.16680645942688
5.362988710403442
5.073719501495361
5.339963674545288
5.428047180175781
5.283779859542847
5.1638023853302
5.264896392822266
5.283914089202881
5.20283842086792
5.136297225952148
5.26816987991333
5.400996446609497
5.332932710647583
5.241849660873413
5.326251029968262
5.4003026485443115
5.227836847305298
5.294898271560669
5.148763418197632
5.430023670196533
5.329931020736694
5.593307018280029
5.482069730758667
5.260470867156982
5.1817946434021
5.022648572921753
5.317919731140137
5.299903631210327
5.315918445587158
4.8895580768585205
5.256358861923218
5.276573181152344
5.351952314376831
5.201812267303467
5.264892101287842
5.234842777252197
5.222831726074219
5.153768301010132
5.25486159324646
5.132527828216553
5.292896032333374
5.235845565795898
5.302905797958374
5.247856378555298
5.360960006713867
5.20982027053833
5.0967161655426025
4.959677457809448
5.151766300201416
5.258864164352417
5.37797474861145
5.252860069274902
5.283888101577759
5.413007736206055
5.091112852096558
5.0442955493927
5.426019191741943
5.162775993347168
5.33693790435791
5.07269287109375
5.092711925506592
5.023648262023926
5.4317567348480225
5.26386833190918
5.237084150314331
5.306386709213257
5.180793046951294
5.370968818664551
5.119632959365845
5.370600700378418
5.165042877197266
5.281886577606201
4.973601341247559
5.23584246635437
5.358957767486572
5.330931901931763
5.156770944595337
5.280886173248291
5.147763729095459
5.1288979053497314
5.069178581237793
5.293898344039917
5.077698707580566
5.00230860710144
5.385982990264893
5.3329339027404785
5.306239366531372
4.976586580276489
5.304908275604248
5.217827796936035
5.3699681758880615
5.312916040420532
5.221831560134888
5.232841968536377
5.2218310832977295
5.325927019119263
4.935566425323486
5.318919897079468
5.508096218109131
5.37597393989563
5.168783187866211
5.167781591415405
5.247855186462402
5.245481014251709
5.1707847118377686
5.385982990264893
5.069690942764282
5.42401909828186
5.175788640975952
5.3726725578308105
5.0576794147491455
5.2158262729644775
5.041401147842407
5.461053133010864
5.355955362319946
5.323926687240601
5.492081165313721
5.389985799789429
5.096318483352661
5.367966890335083
5.182793855667114
5.117735385894775
5.112728595733643
5.178791046142578
5.160484552383423
5.301044940948486
5.138753890991211
5.261867046356201
5.224834203720093
5.007603406906128
5.024648427963257
5.257413148880005
5.1807942390441895
5.148762464523315
5.149765729904175
5.090710878372192
5.122740030288696
5.155768156051636
5.163777589797974
5.277381896972656
5.061681747436523
5.321923494338989
5.042665243148804
5.411005973815918
5.325928449630737
5.474062919616699
5.8243889808654785
5.291894912719727
5.291895627975464
5.334936857223511
5.21982741355896
5.258866548538208
5.258864641189575
5.313915729522705
5.405000686645508
5.623202562332153
5.171786308288574
5.275880813598633
5.2878923416137695
5.308910846710205
5.332932949066162
5.268873691558838
5.218827962875366
5.188799858093262
5.320922613143921
5.168781995773315
5.295898675918579
5.37797474861145
5.22583532333374
5.276882171630859
5.365964412689209
5.234842777252197
5.347947835922241
5.399995803833008
5.341942548751831
5.2598676681518555
5.186798572540283
5.230838775634766
5.287892818450928
5.293897390365601
5.3669657707214355
5.636214733123779
5.470059633255005
5.425014972686768
5.337218999862671
5.451023817062378
5.348930597305298
5.356935501098633
5.328912973403931
5.38096022605896
5.479049921035767
5.314898729324341
5.26885724067688
5.375953197479248
5.196788549423218
5.40662693977356
5.2738611698150635
5.2698585987091064
5.312896728515625
5.2598488330841064
5.400978326797485
5.305890798568726
5.233824014663696
5.2118048667907715
5.430046319961548
5.373953104019165
5.348930835723877
5.275863170623779
5.43300724029541
5.245834589004517
5.394888401031494
5.684239149093628
5.396975994110107
5.450022459030151
5.2698564529418945
5.324905872344971
5.209802150726318
5.277863264083862
5.2858726978302
5.165530204772949
5.332916259765625
5.317901611328125
5.261848211288452
5.254843473434448
5.220812082290649
5.1847803592681885
5.23782753944397
5.1507487297058105
5.19178581237793
5.299884796142578
5.2007951736450195
5.240830183029175
