Timing log for each step:
0.017015933990478516
5.307138442993164
5.289870977401733
5.297088384628296
5.310572862625122
5.182418584823608
5.28419303894043
5.215296745300293
5.310520648956299
5.080553770065308
5.101049423217773
5.34467077255249
5.247582197189331
5.2332446575164795
5.356949090957642
5.317512512207031
5.274834632873535
5.359029531478882
5.279411315917969
5.303617000579834
5.268686532974243
5.293020725250244
5.196294546127319
5.263225317001343
5.303311586380005
5.374817609786987
5.425031900405884
5.445589780807495
5.318741083145142
5.324772596359253
5.477178573608398
5.345916748046875
5.368927001953125
5.298899412155151
5.463536262512207
5.371065139770508
5.298562526702881
5.446101427078247
5.357019662857056
5.4213707447052
5.3067708015441895
5.311786413192749
5.485499620437622
5.401965379714966
5.335145473480225
5.29774284362793
5.3413310050964355
5.314940452575684
5.3719096183776855
5.355116844177246
5.29265570640564
5.3386921882629395
5.345367670059204
5.580118656158447
5.425131320953369
5.470273494720459
5.544138431549072
5.325154066085815
5.492158651351929
5.3934712409973145
5.439415454864502
5.439118146896362
5.423954725265503
5.463236093521118
5.374539136886597
5.4562153816223145
5.500563144683838
5.460827112197876
5.426315784454346
5.346407890319824
5.398683071136475
5.429717302322388
5.465509414672852
5.355219125747681
5.3598856925964355
5.432989597320557
5.438051462173462
5.496314764022827
5.5237672328948975
5.466693162918091
5.4239726066589355
5.41477632522583
5.4695611000061035
5.493320465087891
5.375869274139404
5.465667486190796
5.422847509384155
5.351747035980225
5.419488191604614
5.446002006530762
5.507774353027344
5.447532892227173
5.447026252746582
5.414484262466431
5.548587322235107
5.486853122711182
5.36812686920166
5.545560121536255
5.373812675476074
5.447322368621826
5.539483308792114
5.485027074813843
5.420746564865112
5.431269407272339
5.497967720031738
5.493107795715332
5.528116703033447
5.321849822998047
5.299779653549194
5.5420920848846436
5.541119575500488
5.409000396728516
5.482599496841431
5.513067007064819
5.540126085281372
5.503950834274292
5.557925462722778
5.367819309234619
5.436156988143921
5.552931070327759
5.504940986633301
5.38313364982605
5.378424406051636
5.516290187835693
5.5916993618011475
5.41886305809021
5.515822887420654
5.431427717208862
5.43713641166687
5.447288990020752
5.417814493179321
5.488698482513428
5.443428993225098
5.489439010620117
5.417471647262573
5.555588006973267
5.5380332469940186
5.455097913742065
5.442070484161377
5.4579479694366455
5.5099053382873535
5.429486989974976
5.45711874961853
5.5285491943359375
5.447467565536499
5.5102880001068115
5.478036642074585
5.49761438369751
5.470556735992432
5.486509323120117
5.558407545089722
5.462208032608032
5.503204107284546
5.463042974472046
5.4091222286224365
5.557117938995361
5.40445876121521
5.519491910934448
5.480138778686523
5.491555452346802
5.485751628875732
5.560387372970581
5.4804887771606445
5.321916103363037
5.438445568084717
5.347919702529907
5.49793267250061
5.531090021133423
5.470844507217407
5.459273338317871
5.443525075912476
5.545629501342773
5.506569862365723
5.486462831497192
5.507072925567627
5.3575005531311035
5.5456225872039795
5.340023040771484
5.403354644775391
5.4556519985198975
5.500978231430054
5.550297975540161
5.533262729644775
5.505347728729248
5.541550397872925
5.530424356460571
5.46290135383606
5.4920854568481445
5.498610258102417
5.546710252761841
5.744364261627197
5.497560024261475
5.556779861450195
5.3157525062561035
5.5517237186431885
5.458014249801636
5.368206262588501
5.463205099105835
5.534190893173218
5.462837219238281
5.57872462272644
5.531846761703491
5.474637269973755
5.5572686195373535
5.380819797515869
5.476482152938843
5.560559034347534
5.4230921268463135
5.522502183914185
5.500836610794067
5.603011846542358
5.4527201652526855
5.4602227210998535
5.349043130874634
5.500043153762817
5.454071760177612
5.56771183013916
5.474961042404175
5.556711673736572
5.51010799407959
5.429744005203247
5.476362228393555
5.426883697509766
5.497181177139282
5.530271053314209
5.457988739013672
5.521913051605225
5.538095712661743
5.510497331619263
5.521482467651367
5.540089845657349
5.399744749069214
5.40390157699585
5.522040843963623
5.408977031707764
5.523450613021851
5.571954011917114
5.4746253490448
5.5442423820495605
5.511103391647339
5.4799346923828125
5.4790003299713135
5.438912391662598
5.441930770874023
5.599347114562988
5.428471565246582
5.474884033203125
5.5090861320495605
5.418881416320801
5.54199481010437
5.479080438613892
5.437620639801025
5.506491422653198
5.509196758270264
5.443276405334473
5.405258655548096
5.510594367980957
5.330479860305786
5.418554067611694
5.5586161613464355
5.459403991699219
5.451541423797607
5.39986515045166
5.523090362548828
5.521471738815308
5.420004606246948
5.538609743118286
5.524007081985474
5.420595407485962
5.5395917892456055
5.549343109130859
5.489800214767456
5.581636667251587
5.458241939544678
5.387448072433472
5.464947938919067
5.570267915725708
5.470328092575073
5.562290906906128
5.708310127258301
5.492415428161621
5.557179689407349
5.662590503692627
5.5282979011535645
5.673732757568359
5.691683530807495
5.590477228164673
5.4524617195129395
5.508885383605957
5.4864723682403564
5.525569677352905
5.464056491851807
5.481310844421387
5.531338930130005
5.415987491607666
5.486366033554077
5.378822326660156
5.43603253364563
5.481273412704468
5.426499128341675
5.376346111297607
5.420357942581177
5.513202667236328
5.549262285232544
5.492713689804077
5.475865602493286
5.495458364486694
5.2971556186676025
5.443732261657715
5.404052019119263
5.428969383239746
5.509092092514038
5.457889080047607
5.473557233810425
5.6256091594696045
5.673329591751099
5.6121416091918945
5.489041328430176
5.395308017730713
5.455433368682861
5.548619747161865
5.502196788787842
5.835819244384766
5.652566909790039
5.45406174659729
5.490262746810913
5.487229824066162
5.517996311187744
5.525603294372559
5.511955499649048
5.538421392440796
5.314985036849976
5.494570970535278
5.5639564990997314
5.436163902282715
5.458430767059326
5.569115400314331
5.507523775100708
5.426205635070801
5.53608775138855
5.531934976577759
5.38819146156311
5.5950469970703125
5.498096466064453
5.479753255844116
5.50919246673584
5.585534572601318
5.489712953567505
5.482801675796509
5.475728750228882
5.4971702098846436
5.601656198501587
5.362462759017944
5.454050540924072
5.512776136398315
5.6179187297821045
5.477515935897827
5.445353031158447
5.507066488265991
5.506941318511963
5.361403942108154
5.29290509223938
5.48384165763855
5.351791143417358
5.502161502838135
5.344316005706787
5.446016550064087
5.5688371658325195
5.394665956497192
5.4270405769348145
5.567560195922852
5.501554250717163
5.441307067871094
5.567892074584961
5.580617189407349
5.422307014465332
5.624730348587036
5.415477752685547
5.454527854919434
5.500063896179199
5.501286506652832
5.5413854122161865
5.474356174468994
5.418323993682861
5.507570028305054
5.477550506591797
5.522251844406128
5.508363246917725
5.536373615264893
5.397896766662598
5.439728736877441
5.419872999191284
5.500027894973755
5.513967275619507
5.5580010414123535
5.427154779434204
5.48702073097229
5.548741817474365
5.514050483703613
5.537111520767212
5.480538368225098
5.529547452926636
5.436509370803833
5.326740741729736
5.514307498931885
5.347872018814087
5.50203275680542
5.4101722240448
5.443447589874268
5.3674304485321045
5.538080453872681
5.439629316329956
5.499022960662842
5.527644634246826
5.499115467071533
5.47516942024231
5.458425521850586
5.386204957962036
5.574147939682007
5.526484727859497
5.629311800003052
5.5557286739349365
5.52754282951355
5.53055214881897
5.472513437271118
5.367141246795654
5.578323125839233
5.372936725616455
5.656793117523193
5.538383960723877
5.59272575378418
5.449043273925781
5.499319076538086
5.578197002410889
5.428145885467529
5.456774711608887
5.533261775970459
5.358104467391968
5.60128116607666
5.518061399459839
5.524310827255249
5.5216779708862305
5.56220817565918
5.55975604057312
5.591491222381592
5.778753280639648
5.7445619106292725
5.5133655071258545
5.463419437408447
5.4102747440338135
5.491632699966431
5.457437753677368
5.526119709014893
5.520320415496826
5.570479393005371
5.524054288864136
5.625177621841431
5.567950248718262
5.498232841491699
5.47452974319458
5.446638107299805
5.479736328125
5.531684875488281
5.478567123413086
5.419122695922852
5.485231161117554
5.518975496292114
5.3273725509643555
5.427971601486206
5.549055099487305
5.409610748291016
5.472418785095215
5.486167907714844
5.542813301086426
5.532203435897827
5.477578639984131
5.517208576202393
5.554321527481079
5.575550317764282
5.515479326248169
5.576037406921387
5.645712614059448
5.49089789390564
5.573166847229004
5.500568628311157
5.381906986236572
5.531508445739746
5.574060440063477
5.530153036117554
5.389009237289429
5.56254243850708
5.423865795135498
5.381366968154907
5.465553522109985
5.520002126693726
5.566248893737793
5.601430416107178
5.605209827423096
5.643680095672607
5.496567010879517
5.444336414337158
5.572745084762573
5.581761598587036
5.570428371429443
5.5166120529174805
5.453444242477417
5.5280601978302
5.37899923324585
5.415102243423462
5.482568740844727
5.518223762512207
5.552587985992432
5.468483924865723
5.535187244415283
5.499417066574097
5.488463878631592
5.397406101226807
5.502024412155151
5.454251050949097
5.549776554107666
5.563329696655273
5.452404737472534
5.5112831592559814
5.5413408279418945
5.478476047515869
5.591525077819824
5.444777011871338
5.550993204116821
5.473999500274658
5.528802871704102
5.565576553344727
5.462932348251343
5.588568210601807
5.39094877243042
5.495332479476929
5.4640114307403564
5.444226026535034
5.567829847335815
5.402455568313599
5.59644889831543
5.528367280960083
5.50264835357666
5.517183780670166
5.604095458984375
5.455958604812622
5.521457195281982
5.497384071350098
5.473662376403809
5.598746299743652
5.567591428756714
5.44588565826416
5.41441798210144
5.396011590957642
5.443079948425293
5.783109664916992
5.587532997131348
5.516460418701172
5.534250259399414
5.491025447845459
5.425325632095337
5.477546691894531
5.468829154968262
5.439335346221924
5.361435651779175
5.604769706726074
5.517843008041382
5.515462636947632
5.497316122055054
5.509755373001099
5.588618040084839
5.586076974868774
5.579118251800537
5.549061059951782
5.564519882202148
5.490962743759155
5.663278341293335
5.550466537475586
5.520962476730347
5.558220386505127
5.421314001083374
5.564915418624878
5.590104103088379
5.601114749908447
5.384917736053467
5.264807224273682
5.784282684326172
5.774273872375488
5.411941766738892
5.488012075424194
5.582098722457886
5.265808582305908
5.435965538024902
5.663172483444214
5.389922142028809
5.618131399154663
5.4760003089904785
5.455983400344849
5.7292320728302
5.665173530578613
5.2397849559783936
5.366901397705078
5.567084312438965
5.391923666000366
5.589104652404785
5.440968036651611
5.8293235301971436
5.434964179992676
5.5941081047058105
5.8133087158203125
5.528048753738403
5.642151832580566
5.6491594314575195
5.3198583126068115
5.661170244216919
5.8583502769470215
5.428957462310791
5.607120752334595
5.6361472606658936
5.4699952602386475
5.332870960235596
5.561079502105713
5.820315361022949
5.5300493240356445
5.544062614440918
5.761260747909546
5.572090148925781
5.508029460906982
5.637147426605225
5.545052766799927
5.589103698730469
5.682188510894775
6.073546409606934
5.283825397491455
5.558074712753296
5.779277324676514
5.628139972686768
5.661170244216919
5.781279802322388
5.841335773468018
5.768267631530762
5.7362353801727295
5.721225023269653
5.721224784851074
5.62613844871521
5.660169839859009
5.574089527130127
5.726228475570679
5.851343154907227
5.697202444076538
5.743235349655151
5.615128040313721
5.669177293777466
5.6982033252716064
5.590105772018433
5.634145736694336
5.603116750717163
5.732234239578247
5.7222254276275635
5.647156238555908
5.621131896972656
5.865355968475342
5.68519139289856
5.627139091491699
6.773184776306152
5.8073036670684814
5.905388832092285
5.814307689666748
5.786095142364502
5.7322351932525635
5.800656318664551
5.733234882354736
5.625134706497192
5.636142253875732
5.724222898483276
5.783272981643677
5.5842201709747314
5.740236043930054
5.815303802490234
5.699200391769409
5.609118700027466
5.684187889099121
5.669173717498779
5.780275106430054
5.82231330871582
5.663167715072632
5.697197914123535
5.754251003265381
5.686187982559204
5.6571619510650635
5.745243549346924
5.7843639850616455
5.616124629974365
5.673177480697632
5.723224878311157
5.693195343017578
5.797291278839111
5.709209680557251
5.715216159820557
5.6851887702941895
5.6971986293792725
5.799292802810669
5.833322763442993
5.709209442138672
5.857344627380371
5.690502643585205
5.832322120666504
5.611119270324707
5.720219612121582
5.605113744735718
5.69319486618042
5.676179647445679
5.781275033950806
5.751248121261597
5.699201345443726
5.679182052612305
5.6961989402771
5.777271509170532
5.590099334716797
5.692195892333984
5.627136468887329
5.729228258132935
5.59911036491394
5.714213132858276
5.649155855178833
5.735232591629028
5.6051154136657715
5.6821839809417725
5.761817932128906
5.670809745788574
5.804296016693115
5.620129346847534
5.666170597076416
5.669172763824463
5.671173334121704
5.70420503616333
5.619127511978149
5.647152662277222
5.591101884841919
5.700199604034424
5.604113578796387
5.646153450012207
5.608117580413818
5.702202796936035
5.653156042098999
5.823314905166626
5.749245643615723
5.682184457778931
5.756253957748413
5.643149375915527
5.797291040420532
5.832324028015137
5.708209753036499
5.785279273986816
5.753250598907471
5.754250526428223
5.765261888504028
5.723222494125366
5.806299448013306
5.799290657043457
5.733231782913208
5.744242191314697
5.715214490890503
5.756253480911255
5.703203916549683
5.740238904953003
5.667170524597168
5.688190937042236
5.686189413070679
5.96043848991394
5.696199178695679
5.760257005691528
5.782276391983032
5.779273748397827
5.611120939254761
5.743241548538208
5.499019145965576
5.693194150924683
5.468989610671997
5.468989849090576
5.596106767654419
5.511027812957764
5.557067632675171
5.546060085296631
5.470993280410767
5.405933618545532
5.425951957702637
5.491011619567871
5.379904270172119
5.449972867965698
5.552065372467041
5.49000883102417
5.5750885009765625
5.476997137069702
5.515034198760986
5.588099718093872
5.56708025932312
5.517032146453857
5.51002836227417
5.455977201461792
5.529046058654785
5.518036842346191
5.446970224380493
5.388917446136475
5.367897033691406
5.502020597457886
5.445968866348267
5.610119104385376
5.516031503677368
5.4970173835754395
5.488008260726929
5.576088190078735
5.392920732498169
5.301836967468262
5.378909587860107
5.521038293838501
5.4800004959106445
5.387916564941406
5.536052703857422
5.492012977600098
5.492012023925781
5.634141683578491
5.362895488739014
5.384913682937622
5.492011547088623
5.567081451416016
5.497015714645386
5.581093072891235
5.500019550323486
5.454976558685303
5.5250403881073
5.487005710601807
5.539055585861206
5.562075138092041
5.484004974365234
5.506022691726685
5.5360496044158936
5.3899171352386475
5.432955026626587
6.325770616531372
5.759253263473511
5.516031980514526
5.543054103851318
5.509027004241943
5.479998350143433
5.442965507507324
5.550063848495483
5.476996898651123
5.545059680938721
5.530045032501221
5.497014760971069
5.568079948425293
5.522037744522095
5.594102621078491
5.486002445220947
5.521036386489868
5.460982322692871
5.443966627120972
5.4299538135528564
5.445966720581055
5.433957815170288
5.586095809936523
5.396922588348389
5.544057130813599
5.561073541641235
5.540054559707642
5.505023241043091
5.4679882526397705
5.590100049972534
5.540054798126221
5.458981037139893
5.492009162902832
5.418944835662842
5.455976963043213
5.473991394042969
5.475996494293213
5.434957265853882
5.548060894012451
5.482002019882202
5.588098526000977
5.536050319671631
5.33486795425415
5.490009307861328
5.504021883010864
5.449970960617065
5.398924112319946
5.554066181182861
5.520035743713379
5.496013879776001
5.460982322692871
5.432955980300903
5.4860053062438965
5.306841850280762
5.4479711055755615
5.574085712432861
5.488007545471191
5.438962459564209
5.385911226272583
5.485003709793091
5.5160322189331055
5.520036220550537
5.41594123840332
5.431955575942993
5.424949407577515
5.46198296546936
5.517033100128174
5.446969032287598
5.391918897628784
5.399925708770752
5.466986894607544
5.436960220336914
5.499017238616943
5.466987371444702
5.379908561706543
5.480999708175659
5.363893747329712
5.446970224380493
5.3999292850494385
5.419943332672119
5.40293025970459
5.505023002624512
5.5240397453308105
5.666169166564941
5.544057607650757
5.56607723236084
5.442964792251587
5.477996349334717
5.513027906417847
5.416941165924072
5.549062967300415
5.544057846069336
5.381910085678101
5.41794228553772
5.328862190246582
5.536051273345947
5.5060224533081055
5.558070659637451
5.51703143119812
5.493010520935059
5.364894151687622
5.432955741882324
5.352883815765381
5.036593914031982
5.233773231506348
5.388916015625
5.428953170776367
4.981544733047485
5.441964387893677
5.524040222167969
5.55707049369812
5.50702428817749
5.5971057415008545
5.566077470779419
5.515032052993774
5.507023334503174
5.45297384262085
5.476996660232544
5.526041507720947
5.514029502868652
5.35488486289978
5.368898391723633
5.420944929122925
5.607115268707275
5.7302281856536865
5.638143301010132
5.408933877944946
5.543057441711426
5.5430567264556885
5.538052797317505
5.477996349334717
5.468989610671997
5.5780885219573975
5.591100215911865
5.479999780654907
5.460981607437134
5.533047914505005
5.592102289199829
5.539053678512573
5.483000993728638
5.436958312988281
5.481000661849976
5.5120275020599365
5.478998184204102
5.535048723220825
5.473993539810181
5.581090211868286
5.5350501537323
5.5450592041015625
5.435959100723267
5.439962387084961
5.511028289794922
5.463984727859497
5.57808780670166
5.441964864730835
5.428952932357788
5.4609832763671875
5.547061204910278
5.461981534957886
5.466986894607544
5.4840028285980225
5.462983131408691
5.565077066421509
5.571080207824707
5.43795919418335
5.412936210632324
5.525038003921509
5.493009805679321
5.500017166137695
5.5040199756622314
5.442965030670166
5.465985298156738
5.560070514678955
5.552062749862671
5.508023262023926
5.521035432815552
5.390915870666504
5.5030176639556885
5.465985059738159
5.558069705963135
5.463982105255127
5.567074537277222
5.536048412322998
5.479997634887695
5.4199442863464355
5.410935878753662
5.4279491901397705
5.410934925079346
5.5180323123931885
5.403928756713867
5.450971364974976
5.4559760093688965
5.543056011199951
5.426949501037598
5.527041435241699
5.492008209228516
5.393919467926025
5.354883909225464
5.409932613372803
5.387914180755615
5.341871976852417
5.492008924484253
5.596103191375732
5.351880788803101
5.4449663162231445
5.518032550811768
5.386914014816284
5.43095326423645
5.35988712310791
5.495009660720825
5.496011018753052
5.443964242935181
5.443965673446655
5.527039051055908
5.400926113128662
5.510025262832642
5.362890005111694
5.659161567687988
5.532045841217041
5.404930591583252
5.470988988876343
5.489006996154785
5.53504753112793
5.406930923461914
5.517030954360962
5.371898412704468
5.383909702301025
5.476996421813965
5.456975698471069
5.381908655166626
5.473992824554443
5.428951025009155
5.341872453689575
5.432953596115112
5.479996919631958
5.5260398387908936
5.397923946380615
5.3739001750946045
5.525038957595825
5.575084209442139
5.440962314605713
5.4479687213897705
5.411935091018677
5.525039434432983
5.44896936416626
5.404929876327515
5.371898889541626
5.5610716342926025
5.501016855239868
5.444965124130249
5.434954881668091
5.469987630844116
5.513028621673584
5.356885194778442
5.354883909225464
5.448969602584839
5.521034240722656
5.400925874710083
5.452973127365112
5.478996992111206
5.499013662338257
5.426948308944702
5.502017259597778
5.499014616012573
5.433955669403076
5.552062749862671
5.417942523956299
5.507022380828857
5.46498441696167
5.454975605010986
5.571081638336182
6.082547187805176
5.5600714683532715
5.679179430007935
5.705203294754028
5.390916347503662
5.509024620056152
5.5931010246276855
5.492008686065674
5.454975843429565
5.5600714683532715
5.543055057525635
5.457976818084717
5.524038076400757
5.3889148235321045
5.526038885116577
5.433956146240234
5.398924350738525
5.53004264831543
5.492009401321411
5.490007638931274
5.436959266662598
5.45697808265686
5.574082136154175
5.4950110912323
5.464985370635986
5.43195366859436
5.5150306224823
5.508021593093872
5.4940104484558105
5.475994110107422
5.511026620864868
5.5410544872283936
5.526040315628052
5.535048246383667
5.449970722198486
5.511025428771973
5.485001564025879
5.3378684520721436
5.439962387084961
5.464985609054565
5.422946929931641
5.544054985046387
5.47699499130249
5.374902248382568
5.453975439071655
5.5280420780181885
5.568077325820923
5.56807804107666
5.420944452285767
5.472991943359375
5.3408708572387695
5.390913009643555
5.4699883460998535
5.453972816467285
5.483999013900757
5.52003288269043
5.475993394851685
5.436957597732544
5.439959764480591
5.489006280899048
5.4219441413879395
5.549060583114624
5.503018856048584
5.490005970001221
5.641143083572388
5.5270373821258545
5.442963361740112
5.395921230316162
5.41193413734436
5.324854135513306
5.452972173690796
5.397923231124878
5.375901937484741
5.426947593688965
5.383908987045288
5.457974910736084
5.5460569858551025
5.420942783355713
5.425948619842529
5.481998920440674
5.4069297313690186
5.452971935272217
5.498014211654663
5.4850013256073
5.545053958892822
5.420942783355713
5.52203631401062
5.291824102401733
5.377901315689087
5.3518805503845215
5.422945976257324
5.635137557983398
5.510024547576904
5.549060106277466
5.4930078983306885
5.488004446029663
5.389912366867065
5.511023044586182
5.379905462265015
5.283817768096924
5.4199419021606445
5.461980104446411
5.3849101066589355
5.43395471572876
5.518031120300293
5.354882478713989
5.431953430175781
5.453973054885864
5.4759931564331055
5.469985723495483
5.436957359313965
5.47399115562439
5.476992845535278
5.505020380020142
5.434955596923828
5.406930923461914
5.398921728134155
5.493009328842163
5.462981700897217
5.463982582092285
5.5060203075408936
5.488003969192505
5.480998516082764
5.513027191162109
5.41093373298645
5.402923583984375
5.466984748840332
5.445965051651001
5.3919172286987305
5.295828580856323
5.484997987747192
5.435956239700317
5.557066440582275
5.470988750457764
5.485001564025879
5.42194390296936
5.478996276855469
5.393919229507446
5.483999490737915
5.421944618225098
5.384908676147461
5.346875905990601
5.336866617202759
5.37089729309082
5.535046815872192
5.4990150928497314
5.5730814933776855
5.538050174713135
5.5270397663116455
5.479997396469116
5.527040004730225
5.360888242721558
5.380904912948608
5.409933090209961
5.298833131790161
5.472990274429321
5.371897459030151
5.367894411087036
5.429951190948486
5.440960884094238
5.427948713302612
5.5180323123931885
5.513026237487793
5.435957431793213
5.506020784378052
5.482998371124268
5.5000159740448
5.509024381637573
5.548058748245239
5.521033763885498
5.493008613586426
5.458976745605469
5.497012615203857
5.438959121704102
5.5110249519348145
5.359886646270752
5.35087776184082
5.418940782546997
5.494009256362915
5.526034355163574
5.39191460609436
5.520031213760376
5.4309515953063965
5.4729907512664795
5.466985464096069
5.426948547363281
5.484001874923706
5.480997323989868
5.540049314498901
5.368895530700684
5.554064512252808
5.449969291687012
5.454972982406616
5.461980581283569
5.501016855239868
5.52904200553894
5.487003564834595
5.5260374546051025
5.481998682022095
5.534045934677124
5.484999656677246
5.5350470542907715
5.476994276046753
5.502017021179199
5.499014854431152
5.479994058609009
5.42194390296936
5.469988107681274
5.410933256149292
5.417940616607666
5.509022951126099
5.493008852005005
5.467982530593872
5.428951263427734
5.380903959274292
5.477994918823242
5.458978176116943
5.4639809131622314
5.483998537063599
5.810291528701782
5.4839982986450195
5.532043695449829
5.394919157028198
5.489004135131836
5.523035526275635
5.585092544555664
5.378903150558472
5.516027927398682
5.454973936080933
5.538048982620239
5.565073490142822
5.371898651123047
5.489003896713257
5.4259467124938965
5.523033857345581
5.451970100402832
5.418939828872681
5.636136770248413
5.582087755203247
5.546056509017944
5.5320422649383545
5.500013828277588
5.3789026737213135
5.508021354675293
5.479995250701904
5.57307767868042
5.354881763458252
5.432952642440796
5.4339540004730225
5.445963144302368
5.5090227127075195
5.470988512039185
5.501013994216919
5.485000848770142
5.527038335800171
5.479996204376221
5.355882167816162
5.4019246101379395
5.41994047164917
5.352880477905273
5.4489662647247314
5.430949449539185
5.4719884395599365
5.674174070358276
5.7582480907440186
5.455973863601685
5.400923728942871
5.468986988067627
5.435954570770264
5.470987558364868
5.513025760650635
5.367891073226929
5.415936470031738
5.386911153793335
5.43495512008667
5.466984033584595
5.511022567749023
5.411932945251465
5.466984272003174
5.444961786270142
5.4689860343933105
5.308839797973633
5.491006135940552
5.487999677658081
5.37890362739563
5.522032976150513
5.393917798995972
5.389913558959961
5.497010707855225
5.445965766906738
5.429949998855591
5.574083089828491
5.444964408874512
5.413933992385864
5.552061557769775
5.366891622543335
5.528039216995239
5.448967456817627
5.503017425537109
5.362888813018799
5.396920204162598
5.508021831512451
5.427948713302612
5.4099321365356445
5.352878570556641
5.556065559387207
5.524036645889282
5.49901270866394
5.512024164199829
5.467983961105347
5.422944068908691
5.424943447113037
5.418939828872681
5.511024475097656
5.483998537063599
5.525036334991455
5.530041456222534
5.393915891647339
5.525035381317139
5.478993892669678
5.551060676574707
5.518028259277344
5.525036096572876
5.439957857131958
5.438958168029785
5.343871593475342
5.465982675552368
5.523032903671265
5.461979627609253
5.456974983215332
5.417937755584717
5.414934396743774
5.470988512039185
5.490004301071167
5.496009826660156
5.319850444793701
5.554063081741333
5.5510594844818115
5.468983173370361
5.495009183883667
5.47298789024353
5.327857255935669
5.497011423110962
5.513026237487793
5.557065486907959
5.498013257980347
5.429948329925537
5.496009826660156
5.545054197311401
5.5380494594573975
5.402925729751587
5.501014709472656
5.388911962509155
5.489001512527466
5.392916440963745
5.463982105255127
5.430948972702026
5.467984199523926
5.497011423110962
5.459978103637695
5.41393518447876
5.400923490524292
5.410932302474976
5.47599196434021
5.759249687194824
5.596100807189941
5.463980674743652
5.531042814254761
5.458975791931152
5.44196081161499
5.474992275238037
5.465979814529419
5.469985485076904
5.541049957275391
5.412935733795166
5.564072608947754
5.494006395339966
5.3999223709106445
5.505018711090088
5.49400782585144
5.457976818084717
5.466984987258911
5.360879182815552
5.519031047821045
5.58008599281311
5.47699236869812
5.459976673126221
5.503015995025635
5.499011754989624
5.532042741775513
5.514026880264282
5.370896339416504
5.439958333969116
5.513023138046265
5.494005918502808
5.450969219207764
5.519031047821045
5.3919148445129395
5.39191460609436
5.3819053173065186
5.4779932498931885
5.458975791931152
5.4139344692230225
5.431952238082886
5.470986843109131
5.380901575088501
5.379903793334961
5.652150392532349
5.611115455627441
5.462980031967163
5.416937589645386
5.446964740753174
5.486001491546631
5.44896674156189
5.515027761459351
5.480994701385498
5.475991487503052
5.460978031158447
5.4669835567474365
5.519030332565308
5.299832105636597
5.472988843917847
5.273806571960449
5.484999895095825
5.553062200546265
5.457970380783081
5.463978052139282
5.405926704406738
5.501014947891235
5.538046360015869
5.52703857421875
5.455973863601685
5.454972267150879
5.338865041732788
5.349876642227173
5.403925895690918
5.446964979171753
5.4860007762908936
5.464982032775879
5.48900294303894
5.454971790313721
5.414935827255249
5.376901626586914
5.5130250453948975
5.451970815658569
5.554062366485596
5.49518084526062
