Timing log for each step:
0.01701498031616211
5.592088937759399
5.62611985206604
5.531031370162964
5.553053379058838
5.720204830169678
5.556055545806885
5.86533784866333
5.824300289154053
5.51401686668396
5.587084054946899
5.595090866088867
5.620113134384155
5.544045448303223
5.545046329498291
5.638129949569702
5.4649741649627686
5.3979103565216064
5.461970329284668
5.548048257827759
5.7602410316467285
5.5730719566345215
5.552053213119507
5.545046806335449
6.1035544872283936
5.701188325881958
5.516019821166992
5.833307266235352
5.461970329284668
5.780259847640991
5.529032230377197
5.480988025665283
5.62411093711853
5.612107753753662
5.625118732452393
5.516019821166992
5.3939080238342285
5.536038160324097
5.485992908477783
5.429941892623901
5.667156934738159
5.584082126617432
5.598094463348389
5.420933961868286
5.86233377456665
5.437949180603027
5.652143716812134
5.583080053329468
5.543044090270996
5.437947750091553
5.75223445892334
5.808285236358643
5.593088626861572
5.623117208480835
5.48499059677124
5.636128902435303
5.538039684295654
5.363883018493652
5.466974973678589
5.5060107707977295
5.568067789077759
5.485992193222046
5.732216119766235
5.770250082015991
5.6941819190979
5.80428147315979
5.594090700149536
5.546047687530518
5.477985858917236
5.435947895050049
5.719204425811768
5.494000673294067
5.593090295791626
5.637128829956055
5.4579668045043945
5.683171272277832
5.491998195648193
5.820296287536621
5.682170629501343
5.673163175582886
5.658148527145386
5.747229337692261
5.546046018600464
5.590087413787842
5.533035039901733
5.756237268447876
5.420933961868286
5.7162024974823
5.567066192626953
5.518020868301392
5.904371500015259
5.845318078994751
5.349867820739746
5.589085817337036
5.9053730964660645
5.440951108932495
5.859332799911499
5.606101989746094
5.745227575302124
5.4799864292144775
5.597092866897583
5.578077077865601
5.537038564682007
5.583080053329468
5.721206188201904
5.833308458328247
5.752233266830444
5.286810636520386
5.733218431472778
5.714200019836426
5.5520524978637695
5.514017820358276
5.550051212310791
5.518020868301392
5.556056976318359
5.81128716468811
5.462970972061157
5.317838668823242
5.441952466964722
5.349867582321167
5.685173988342285
5.434945344924927
5.489995956420898
5.60910439491272
5.668158054351807
5.561060190200806
5.505008935928345
5.7061920166015625
5.5170204639434814
5.65514612197876
5.481987953186035
5.525027275085449
5.739221811294556
5.302825927734375
5.482989549636841
5.543043851852417
5.713199853897095
5.953417778015137
5.523025989532471
5.643136024475098
5.676164627075195
5.58207893371582
5.561060190200806
5.690177917480469
5.656147718429565
5.582079648971558
5.662152528762817
5.666157245635986
5.6091039180755615
5.556055545806885
5.556055545806885
5.624116659164429
5.714199066162109
5.597093820571899
5.655146360397339
5.725209474563599
5.6431357860565186
5.750229597091675
5.520022630691528
5.59709358215332
5.739213943481445
5.56206202507019
5.710195779800415
5.587084770202637
5.749231815338135
5.6141088008880615
5.54704737663269
5.449960708618164
5.565054178237915
5.753235340118408
5.512014150619507
5.717202663421631
5.659149885177612
5.696183443069458
5.522024393081665
5.471980571746826
5.588085889816284
5.616111755371094
5.567065954208374
5.515017747879028
5.470978021621704
5.598093748092651
5.501006603240967
5.578075647354126
5.528030872344971
5.63813042640686
5.316838026046753
5.544044733047485
5.605099201202393
5.701187610626221
5.428939580917358
5.322843074798584
5.53903865814209
5.664153575897217
5.518021106719971
5.4209325313568115
5.45996880531311
5.482988119125366
5.5910890102386475
5.514017820358276
5.550686836242676
5.465972423553467
5.473979949951172
5.46196985244751
5.553053617477417
5.568066835403442
5.6951820850372314
5.530031681060791
5.540040016174316
5.466975212097168
5.357875108718872
5.527029991149902
5.547048568725586
5.542043447494507
5.5220253467559814
5.485992670059204
5.688176393508911
5.441950798034668
5.472979545593262
5.460970401763916
5.953418254852295
5.3889031410217285
5.522024631500244
5.526028871536255
5.387902498245239
5.610105514526367
5.527028799057007
5.5250279903411865
5.4229347705841064
5.5410425662994385
5.436947584152222
5.391904830932617
5.552053689956665
5.464972019195557
5.578075408935547
5.475982189178467
5.474981784820557
5.598092794418335
5.48298978805542
5.36388087272644
5.446956157684326
5.48499059677124
5.502005577087402
5.411925554275513
5.299822092056274
5.369885444641113
5.31383490562439
5.478986978530884
5.658149003982544
5.447958946228027
5.501006126403809
5.37289023399353
5.464972496032715
5.64413595199585
5.539039611816406
5.499003887176514
5.346865653991699
5.5850818157196045
5.465974569320679
5.642134189605713
5.3668835163116455
5.390905380249023
5.5510523319244385
5.5440452098846436
5.390905857086182
5.555054664611816
5.5360376834869385
5.593088388442993
5.497001886367798
5.549049615859985
5.365882396697998
5.3508689403533936
5.553054332733154
5.740223407745361
5.661151647567749
5.4489593505859375
5.458967447280884
5.568066596984863
5.466973781585693
5.6241185665130615
5.502005338668823
5.78126072883606
5.392906188964844
5.39190673828125
5.232762336730957
5.422935485839844
5.392905950546265
5.185719966888428
5.221750736236572
5.446957111358643
5.237766981124878
5.472980737686157
5.347867488861084
5.4209325313568115
5.33585524559021
5.214745044708252
5.325847387313843
5.426936626434326
5.229759693145752
5.388903617858887
5.257785320281982
5.233762502670288
5.457966327667236
5.272798776626587
5.369887590408325
5.353870153427124
5.247775077819824
5.2307610511779785
5.4509596824646
5.24477219581604
5.33085036277771
5.387901544570923
5.426939249038696
5.38890266418457
5.383898973464966
5.266792297363281
5.263790845870972
5.190722942352295
5.397908449172974
5.304826736450195
5.257784605026245
5.300824165344238
5.257783889770508
5.404918193817139
5.236766338348389
5.371888875961304
5.375891923904419
5.251776218414307
5.3919055461883545
5.461970090866089
5.342862844467163
5.2497782707214355
5.405918836593628
5.3738908767700195
5.302825927734375
5.205736875534058
5.419931173324585
5.347866535186768
5.347865581512451
5.518021106719971
5.370887041091919
5.289813756942749
5.278804540634155
5.334854364395142
5.288813829421997
5.2537806034088135
5.165700674057007
5.324844837188721
5.41392707824707
5.344863414764404
5.319841384887695
5.456965446472168
5.374891996383667
5.377894401550293
5.347867488861084
5.677165985107422
5.28480863571167
5.35987663269043
5.395910024642944
5.328850269317627
5.408921957015991
5.257785081863403
5.38189697265625
5.286810398101807
5.463971376419067
5.280806064605713
5.435946702957153
5.227758169174194
5.459968566894531
5.257784366607666
5.425937175750732
5.4459547996521
5.1036436557769775
5.416929244995117
5.48899507522583
5.454964876174927
5.225754499435425
5.35587477684021
5.291814804077148
5.356874227523804
5.2487757205963135
5.15869402885437
5.392906427383423
5.2227537631988525
5.3458640575408936
5.3058295249938965
5.242769956588745
5.421933174133301
5.387903690338135
5.314836025238037
5.189722537994385
5.4389495849609375
5.370887279510498
5.1126532554626465
5.431944131851196
5.3118345737457275
5.370887756347656
5.355873107910156
5.341862201690674
5.311834335327148
5.18171501159668
5.301824331283569
5.328848838806152
5.225755214691162
5.172708034515381
5.301824569702148
5.269795179367065
5.309831619262695
5.27680230140686
5.509012937545776
5.188722133636475
5.3018248081207275
5.344863414764404
5.423936128616333
5.162698268890381
5.319840431213379
5.248776197433472
5.5320329666137695
5.581078052520752
5.389905691146851
5.310832738876343
5.1867194175720215
5.488996744155884
5.327847242355347
5.479986190795898
5.232762098312378
5.349867582321167
5.288812875747681
5.455964803695679
5.411925792694092
5.338859558105469
5.311834096908569
5.290814638137817
5.482989311218262
5.426938056945801
5.4279398918151855
5.325846195220947
5.326847314834595
5.3248450756073
5.377894163131714
5.656146287918091
5.5429527759552
5.405000686645508
