Timing log for each step:
0.012011528015136719
5.358743906021118
5.347895860671997
5.667747974395752
5.5762059688568115
5.406983137130737
5.3223936557769775
5.399133205413818
5.347104072570801
5.393502712249756
5.429887294769287
5.363125801086426
5.349010467529297
5.3990325927734375
5.4326019287109375
5.467862367630005
5.351133584976196
5.413898706436157
5.401943683624268
5.3639984130859375
5.404782772064209
5.358279705047607
5.417028188705444
5.42293906211853
5.411009311676025
5.414287328720093
5.461613416671753
5.447489500045776
5.47439432144165
5.455790042877197
5.470263719558716
5.470950365066528
5.457214832305908
5.457565784454346
5.4710657596588135
5.525777578353882
5.4440083503723145
5.544055461883545
5.683475494384766
5.526132106781006
5.471503734588623
5.434271574020386
5.640926122665405
5.4691126346588135
5.477205276489258
5.4991230964660645
5.392406225204468
5.39282751083374
5.5048112869262695
5.772591829299927
5.811891317367554
5.548866271972656
5.581030368804932
5.595110893249512
5.557722568511963
5.575275897979736
5.607897758483887
5.506443023681641
5.496716499328613
5.532427072525024
5.5446765422821045
5.550028324127197
5.536592483520508
5.585747480392456
5.492812156677246
5.566091060638428
5.495101451873779
5.519274950027466
5.523970127105713
5.525294303894043
5.524891138076782
5.558997392654419
5.52028751373291
5.480675458908081
5.604174375534058
5.5033485889434814
5.56002402305603
5.5031349658966064
5.551808595657349
5.502472162246704
5.541109800338745
5.958172798156738
5.621251344680786
5.812088489532471
5.44807505607605
5.657339096069336
5.80111289024353
5.676127672195435
5.783740043640137
5.713515996932983
5.572136640548706
5.682692766189575
5.758419036865234
5.8501434326171875
5.66399359703064
5.384813547134399
5.67064094543457
5.667300462722778
5.666708707809448
5.672144412994385
5.678151845932007
5.6398279666900635
5.60906982421875
5.682836294174194
5.615954399108887
5.678106307983398
5.685513257980347
5.767071962356567
5.88610577583313
5.869230031967163
5.658488035202026
5.656099081039429
5.60620379447937
5.627474308013916
5.668129205703735
5.716426372528076
5.66256308555603
5.659237384796143
5.648805379867554
5.690182209014893
5.695904493331909
5.640232563018799
5.659342288970947
5.592952013015747
5.634709119796753
5.6692705154418945
5.6656694412231445
5.66581130027771
5.650538206100464
5.627647876739502
5.674879550933838
5.641377687454224
5.689105033874512
5.626139879226685
5.616071462631226
5.694851875305176
5.688700437545776
5.6865832805633545
5.634762525558472
5.713769197463989
5.670969724655151
5.693522930145264
5.6694817543029785
5.650193691253662
5.623843669891357
5.729262113571167
5.710123300552368
5.692997455596924
5.685548305511475
5.739458084106445
5.668102502822876
5.645750284194946
5.627853870391846
5.662210941314697
5.652411222457886
5.618812084197998
5.677242279052734
5.644672155380249
6.121664762496948
5.678033828735352
5.634282827377319
5.672331094741821
5.668398857116699
5.681963920593262
5.63765287399292
5.916639089584351
5.62908411026001
5.698161840438843
5.628686428070068
5.685916185379028
5.676822185516357
5.635144472122192
5.682923793792725
5.626378059387207
5.586826324462891
5.702058553695679
5.696348667144775
5.645087480545044
5.613513708114624
5.705786466598511
5.660156011581421
5.652637958526611
5.701710224151611
5.708539009094238
5.658329963684082
5.674671411514282
5.655777215957642
5.695601940155029
5.653902292251587
5.757420778274536
6.080815315246582
5.628149747848511
5.66368293762207
5.6204750537872314
5.723612308502197
5.8906378746032715
5.7384419441223145
5.667550086975098
5.713348627090454
5.614280462265015
5.626636505126953
5.620314598083496
5.687189102172852
5.78872275352478
5.878436326980591
5.663307428359985
5.6481099128723145
5.688374042510986
5.643364191055298
5.665414571762085
5.663890361785889
5.878097057342529
5.814707517623901
5.544672012329102
5.75492000579834
5.5775909423828125
5.742833137512207
5.825725078582764
5.735582113265991
5.723796844482422
5.747945785522461
5.7029032707214355
5.741555213928223
5.7037060260772705
5.730024099349976
5.71918797492981
5.715938568115234
5.8199851512908936
5.634920120239258
5.719186067581177
6.0222015380859375
6.02879524230957
6.036417007446289
6.003274917602539
6.035396099090576
6.092976093292236
5.678563594818115
5.714915752410889
5.716067552566528
5.737304925918579
5.733175277709961
5.684210538864136
5.7288947105407715
5.6962199211120605
5.744125843048096
5.739582061767578
5.823930263519287
5.66331934928894
5.645092487335205
5.695383548736572
5.718625068664551
6.084094524383545
6.134566783905029
5.992326498031616
6.043036699295044
6.077812194824219
6.020808696746826
5.986895799636841
6.040619850158691
5.997083902359009
5.992049932479858
6.002458810806274
5.975550174713135
5.986208200454712
6.014068365097046
6.000752925872803
5.972347259521484
6.022182464599609
6.035346984863281
6.023125648498535
5.65101957321167
5.6910154819488525
5.698878765106201
5.648948431015015
5.645067930221558
5.63797664642334
5.711989164352417
5.476191759109497
5.496567487716675
5.5207037925720215
5.540085554122925
5.5520384311676025
5.497223377227783
5.518064260482788
5.546607494354248
5.6242592334747314
5.581833839416504
5.54565167427063
5.528318405151367
5.623131036758423
5.534600019454956
5.524189233779907
5.5236639976501465
5.541568994522095
5.495260000228882
5.430683851242065
5.555392265319824
5.518014907836914
5.529679298400879
5.532031536102295
5.5832390785217285
5.56596827507019
5.506230592727661
5.641937732696533
5.650005340576172
5.5251195430755615
5.523580551147461
5.539745092391968
5.574629783630371
5.52118992805481
5.5681586265563965
5.467457056045532
5.513558387756348
5.571275472640991
5.505295515060425
5.5511627197265625
5.537254333496094
5.5503246784210205
5.524748086929321
5.516873598098755
5.499671220779419
5.556457042694092
5.5065343379974365
5.534093379974365
5.508898973464966
5.5488386154174805
5.559054136276245
5.545175790786743
5.7371437549591064
5.561352729797363
5.6095170974731445
5.549692869186401
5.5165557861328125
5.548837423324585
5.510795831680298
5.55436372756958
5.527227878570557
5.5105695724487305
5.503518104553223
5.562551736831665
5.549420356750488
5.559409141540527
5.539052248001099
5.500086307525635
5.486116409301758
5.554521322250366
5.524978160858154
5.534881114959717
5.513331174850464
5.465533018112183
5.5058958530426025
5.472682952880859
5.491413593292236
5.511502027511597
5.541647434234619
5.562390327453613
5.496733665466309
5.521059513092041
5.544454336166382
5.539281845092773
5.511559963226318
5.588651180267334
5.547818660736084
