Timing log for each step:
0.014013051986694336
5.720777988433838
5.40960955619812
5.484966516494751
5.5272135734558105
5.486064910888672
5.534501791000366
5.599369525909424
5.734895706176758
5.824198484420776
5.50034236907959
5.662119388580322
5.698721170425415
5.522250652313232
5.374483823776245
5.355341911315918
5.3274617195129395
5.36440110206604
5.462702512741089
5.733865737915039
5.346864223480225
5.332384347915649
5.398051738739014
5.318743944168091
5.4439167976379395
5.372421503067017
5.44429349899292
5.363999843597412
5.381900072097778
5.473385572433472
5.339734792709351
5.4138994216918945
5.397026300430298
5.433906078338623
5.428606986999512
5.391716003417969
5.5061821937561035
5.421138048171997
5.38625168800354
5.388446807861328
5.352136135101318
5.338976144790649
5.415942907333374
5.355463743209839
5.4167327880859375
5.346900939941406
5.398123741149902
5.42565655708313
5.55940842628479
5.397153854370117
5.379080533981323
5.424578666687012
5.4283270835876465
5.520973205566406
5.451195001602173
5.505198001861572
5.538055658340454
5.470244407653809
5.427786350250244
5.449715614318848
5.471349239349365
5.409337759017944
5.439468145370483
5.442575693130493
5.4415130615234375
5.409536361694336
5.408358573913574
5.7325193881988525
5.678566932678223
5.281617164611816
5.170991897583008
5.176823854446411
5.188494443893433
5.22615385055542
5.177610874176025
5.434317350387573
5.452026844024658
5.1689605712890625
5.409705400466919
5.420668125152588
5.427434921264648
5.499808311462402
5.448946237564087
5.496147632598877
5.395843505859375
5.543139219284058
5.514214038848877
5.483501672744751
5.45727014541626
5.401258230209351
5.476422309875488
5.516647577285767
5.419917106628418
5.5312793254852295
5.479439973831177
5.4711995124816895
5.495982885360718
5.516737222671509
5.496920347213745
5.467505693435669
5.509147644042969
5.521684885025024
5.5209434032440186
5.438196420669556
5.445541858673096
5.458423376083374
5.480237722396851
5.47342848777771
5.527262210845947
5.426260948181152
5.435926675796509
5.515597343444824
5.47839879989624
5.476614713668823
4.821928262710571
4.8020548820495605
5.44612455368042
5.172237873077393
5.077129125595093
5.058443546295166
5.4977874755859375
5.507708549499512
5.5012290477752686
5.506885290145874
5.492578029632568
5.44851541519165
5.488809823989868
5.388494491577148
5.440551519393921
5.44509744644165
5.516554117202759
5.407814979553223
5.479702711105347
5.5363545417785645
5.505660772323608
5.459937334060669
5.445060729980469
5.460163831710815
5.480518341064453
5.496917963027954
5.468708515167236
5.43863582611084
5.501923561096191
5.509810209274292
5.4885337352752686
5.5566229820251465
5.4916160106658936
5.521247625350952
5.726294994354248
5.62667441368103
5.560399055480957
5.662442684173584
5.614033222198486
5.590695858001709
5.862510919570923
6.288228750228882
5.516321659088135
5.618858575820923
5.827503442764282
6.078644752502441
5.622382640838623
5.646601676940918
5.919819593429565
5.848563194274902
5.684150218963623
5.710494756698608
5.491121292114258
5.484816789627075
5.426724195480347
5.685683250427246
6.179949522018433
6.397206783294678
6.236588716506958
5.747127532958984
5.585777521133423
5.780539512634277
5.600864410400391
5.57890772819519
6.1867053508758545
6.029635190963745
6.15113377571106
6.126163721084595
5.91700005531311
6.1266865730285645
6.126279830932617
6.024557828903198
5.879584789276123
6.282561540603638
6.489239692687988
6.04248833656311
5.652840614318848
5.595802307128906
5.676431179046631
6.017878293991089
6.221216440200806
5.6916937828063965
5.680622100830078
5.834849119186401
5.82984471321106
5.930785894393921
6.146055698394775
6.170353174209595
5.978270053863525
5.657649278640747
5.578582525253296
5.659538984298706
5.673977613449097
5.805771827697754
6.535493612289429
6.330640077590942
6.064969778060913
6.109259843826294
5.958521842956543
5.769469738006592
5.9021618366241455
5.756591558456421
5.620192289352417
5.863722324371338
5.8218834400177
6.376929998397827
5.838529825210571
5.883686304092407
6.118645906448364
6.092205047607422
5.827594041824341
6.162842273712158
6.677729845046997
5.7411017417907715
5.596114873886108
6.461932420730591
6.386420011520386
5.760689735412598
5.8124449253082275
5.776494264602661
5.698106288909912
6.053004741668701
6.136991262435913
5.9790802001953125
6.026167154312134
5.668572902679443
5.715691328048706
5.8697919845581055
5.781125545501709
5.769729852676392
5.869218349456787
5.777668476104736
5.823448181152344
5.845247745513916
5.814799547195435
5.73137354850769
5.7906835079193115
5.804996728897095
5.73889946937561
5.7146148681640625
5.732918739318848
5.743096351623535
5.672175168991089
5.8074681758880615
5.747030019760132
5.797394514083862
5.80414342880249
5.738606929779053
5.8218042850494385
5.840669393539429
5.830773591995239
6.535001754760742
6.3477559089660645
6.072096824645996
5.888768434524536
5.9347968101501465
6.287759304046631
6.358846664428711
6.172958135604858
6.07143235206604
5.7495927810668945
5.676323175430298
5.635519504547119
5.791254043579102
5.7308855056762695
5.814346075057983
5.664771795272827
5.704905271530151
5.661574125289917
5.7181360721588135
5.841946840286255
5.684087038040161
5.695582866668701
5.735273838043213
5.713413715362549
5.669724464416504
5.658288478851318
5.70796537399292
5.667646408081055
5.659259796142578
5.672597646713257
5.656079053878784
5.714341878890991
5.557387351989746
5.438306093215942
5.4375388622283936
5.512450218200684
5.528618097305298
5.4884865283966064
5.600610971450806
6.010310649871826
6.0340306758880615
5.657132148742676
5.697856187820435
5.423420190811157
5.500662088394165
5.495057821273804
5.430231809616089
5.449042081832886
5.446147203445435
5.586202144622803
5.599162578582764
5.5266618728637695
5.484942197799683
5.446181297302246
5.456389665603638
5.46182918548584
5.476508855819702
5.595580101013184
5.7709619998931885
5.499160289764404
5.465496301651001
5.47785496711731
5.479100704193115
5.494410753250122
5.477785110473633
5.408364295959473
5.451326847076416
5.431854009628296
5.461349964141846
5.445460319519043
5.51750636100769
5.5673065185546875
5.555487155914307
5.712114095687866
5.740694522857666
5.673778533935547
5.681921720504761
5.710652828216553
5.6504902839660645
6.122739553451538
5.58948016166687
5.487049341201782
5.353832244873047
