Timing log for each step:
0.023019790649414062
8.209961175918579
5.782583236694336
6.2119715213775635
6.020655393600464
6.0445334911346436
5.8356146812438965
5.556074619293213
5.37231969833374
6.060751438140869
5.612722396850586
5.813571453094482
6.027217149734497
5.875107526779175
5.694348573684692
5.568272352218628
5.43032431602478
5.243276119232178
5.202496290206909
5.330797433853149
5.501100063323975
5.304502248764038
5.376482009887695
5.430818557739258
5.579489469528198
5.4875242710113525
5.266084909439087
5.330752372741699
5.382647275924683
5.296555757522583
5.3416454792022705
5.424375534057617
5.341847658157349
5.345597267150879
5.392739534378052
5.282414674758911
5.356384515762329
5.453974723815918
5.402836322784424
5.446646451950073
5.38651180267334
5.454259634017944
5.39301609992981
5.326284646987915
5.50945782661438
5.41261100769043
5.38970947265625
5.398669719696045
5.326794624328613
5.364916086196899
5.416635751724243
5.329705238342285
5.410422086715698
5.6111836433410645
5.472298622131348
5.49441123008728
5.527137756347656
5.4741294384002686
5.428112268447876
5.5398993492126465
5.4884562492370605
5.4576051235198975
5.497159242630005
5.419386625289917
5.5478675365448
5.396017551422119
5.496610879898071
5.518617153167725
5.454146385192871
5.54613995552063
5.54431939125061
5.476397752761841
5.497071266174316
5.575470209121704
5.460003137588501
5.531193256378174
5.570103883743286
5.59140682220459
5.503899097442627
5.517599105834961
5.556868553161621
5.390043258666992
5.5804479122161865
5.5414910316467285
5.602091550827026
5.494495391845703
5.48752236366272
5.515330076217651
5.570907831192017
5.575676202774048
5.58717155456543
5.6860740184783936
5.451145887374878
