Timing log for each step:
0.028024673461914062
10.236857414245605
10.209412813186646
10.21789836883545
10.285284519195557
10.213964939117432
10.25962781906128
10.581824541091919
10.331788539886475
10.351449728012085
10.368971824645996
10.353087425231934
10.340835094451904
10.39423394203186
10.321108102798462
10.346413850784302
10.349415063858032
10.375917911529541
10.405860185623169
10.338066577911377
10.361135721206665
10.382241487503052
10.460775136947632
10.336550951004028
10.468165397644043
10.428917646408081
10.49405026435852
10.4557044506073
10.574284076690674
10.487856388092041
10.344918966293335
10.486900091171265
10.453864812850952
10.35262131690979
10.53742790222168
10.28851866722107
10.50487232208252
10.641438722610474
10.642671346664429
10.668787479400635
10.592427730560303
10.415187358856201
10.427573204040527
10.522473335266113
10.545660018920898
10.54163146018982
10.440508127212524
10.434656143188477
10.455576419830322
10.487486839294434
10.686869144439697
10.54480242729187
10.556631803512573
10.519650220870972
10.685444831848145
10.604342460632324
10.548072814941406
10.388078212738037
10.559648752212524
9.941734313964844
9.973900318145752
9.86103868484497
9.952898502349854
9.988084077835083
10.26831603050232
9.613483905792236
9.52491807937622
9.614771127700806
9.4387845993042
9.29521632194519
9.220695972442627
9.443961143493652
8.75939130783081
9.196045160293579
9.334744691848755
8.718973398208618
8.80013632774353
9.180068016052246
9.188257932662964
9.271299839019775
9.058242559432983
9.116325378417969
9.24321174621582
8.7383873462677
8.76841425895691
9.223752498626709
9.186535358428955
9.133918523788452
9.0521719455719
9.150554895401001
9.072514295578003
9.161494493484497
9.073891401290894
9.064132928848267
9.325525283813477
9.111531734466553
9.2223219871521
9.244314432144165
9.168634414672852
9.255346059799194
9.360541820526123
9.245724201202393
9.333464860916138
9.23631739616394
9.179635047912598
9.27535343170166
9.187470197677612
9.242197751998901
9.32036805152893
9.307789325714111
9.249853610992432
9.16406512260437
9.266547679901123
9.277358293533325
9.177988529205322
9.098902463912964
9.163156747817993
9.131930828094482
9.214004278182983
9.265323400497437
9.064183712005615
9.272910833358765
9.226496696472168
9.40262770652771
9.272029161453247
9.326935529708862
9.244743824005127
9.16277003288269
9.233124494552612
9.201167583465576
9.231329202651978
9.200861930847168
9.343223571777344
9.252759218215942
9.23447561264038
9.242101907730103
9.33179497718811
9.265419483184814
9.193280696868896
9.420174598693848
9.869059562683105
9.76277470588684
9.15929627418518
9.200879096984863
9.256040096282959
9.249931335449219
9.237602710723877
8.954659461975098
9.146658897399902
9.361899614334106
9.202301263809204
9.356276988983154
9.256273984909058
9.159186601638794
9.179604053497314
9.15771222114563
9.172787189483643
9.225718259811401
9.098510265350342
9.307683944702148
9.310209274291992
9.42389702796936
9.365739107131958
9.208481311798096
9.184833288192749
9.29494309425354
9.184138059616089
9.220295667648315
9.296315908432007
9.152432203292847
9.275070667266846
9.219294786453247
9.342113971710205
9.319158792495728
9.249305009841919
9.125109910964966
9.21586561203003
9.34012746810913
9.264860153198242
9.281877756118774
9.162933349609375
9.216476678848267
9.351075410842896
9.336416959762573
9.454766988754272
9.387346029281616
9.226419687271118
9.305641651153564
9.33954119682312
9.315792798995972
9.150686740875244
9.322871685028076
9.207354545593262
9.339465856552124
9.353262424468994
9.324963092803955
9.363729476928711
9.400011777877808
9.245392799377441
9.418440818786621
9.22901201248169
9.225569486618042
9.311578035354614
9.346898317337036
9.219060897827148
9.344841241836548
9.226173639297485
9.22639012336731
9.324745416641235
9.258682489395142
9.285901308059692
9.378668546676636
9.292702198028564
9.44143557548523
9.202064752578735
9.245108366012573
9.194007873535156
9.522586822509766
9.433566331863403
9.27910304069519
9.316213130950928
9.340875387191772
9.21372365951538
9.275850296020508
9.195647716522217
9.449135065078735
9.200509786605835
9.17102861404419
9.240562677383423
9.338974237442017
9.321282386779785
9.274070501327515
9.229221820831299
9.45652461051941
9.288368225097656
9.469569683074951
9.483958959579468
9.372469425201416
9.519569158554077
9.496706485748291
9.425655841827393
9.312013149261475
9.37374210357666
9.314654350280762
9.269317865371704
9.47150182723999
9.482736349105835
9.59317398071289
10.102285146713257
10.070809125900269
10.18314504623413
10.08090090751648
10.171485900878906
10.077727794647217
10.154388666152954
10.189926624298096
10.676082849502563
10.744402408599854
10.366991519927979
10.754032373428345
10.784919261932373
10.793249368667603
10.793277263641357
10.682151079177856
10.769626379013062
10.780616044998169
10.580906391143799
10.624881982803345
