Timing log for each step:
0.011010885238647461
6.023643493652344
5.575744390487671
5.526125192642212
5.458564758300781
5.829258441925049
5.661346912384033
5.514758348464966
5.580075979232788
5.581643581390381
5.0556252002716064
5.157181978225708
5.592308759689331
5.985442638397217
5.4792234897613525
5.44819712638855
5.915486097335815
5.699806213378906
5.5141825675964355
5.538994789123535
5.84116268157959
5.444332122802734
5.928265333175659
6.756772041320801
6.427329063415527
6.579106569290161
6.516747236251831
6.91973090171814
6.33458948135376
5.697404146194458
5.6782824993133545
6.04777717590332
5.654129505157471
6.113340377807617
6.048144340515137
6.972683906555176
6.554718494415283
6.443134069442749
6.04560661315918
7.12002968788147
5.7133142948150635
5.6226513385772705
