Timing log for each step:
0.011012554168701172
10.42592453956604
10.192996978759766
10.215031623840332
10.224015712738037
10.069089889526367
10.322001695632935
10.175764799118042
10.068987846374512
10.270833492279053
10.13615369796753
10.264572620391846
10.20221495628357
10.18744421005249
10.293674230575562
10.217570304870605
10.13196587562561
10.237735033035278
10.407870531082153
10.297291994094849
10.38957929611206
10.217253923416138
10.269506216049194
10.392757892608643
10.152295112609863
10.051197290420532
10.130200624465942
10.223390102386475
10.217158079147339
10.219971418380737
10.285159826278687
10.306415796279907
10.13985538482666
10.421137809753418
10.255684852600098
9.911909103393555
10.37433910369873
10.397480964660645
9.880715608596802
10.459003925323486
9.841027975082397
10.311491012573242
10.264558792114258
10.399589538574219
9.189072370529175
8.652728080749512
9.075821876525879
8.58910083770752
8.592912435531616
8.554609060287476
8.519580364227295
8.572293519973755
8.724135398864746
8.864839553833008
8.661268949508667
8.670749187469482
8.663238763809204
8.679579973220825
8.479074716567993
8.531168937683105
8.586829900741577
8.74898910522461
9.062154531478882
9.12613320350647
9.158706903457642
8.444805145263672
8.28402590751648
8.578051328659058
8.272564888000488
8.537555456161499
8.405301570892334
8.567877769470215
8.36049771308899
8.399998664855957
8.552800416946411
8.451722145080566
8.593405961990356
8.47331714630127
8.518420696258545
8.424776792526245
8.521104574203491
8.360002279281616
8.508747577667236
8.457250595092773
8.461034059524536
8.467751741409302
8.341389656066895
8.432897329330444
8.566824436187744
8.511326551437378
8.582104682922363
8.315162658691406
8.652596235275269
8.493256330490112
8.553621292114258
8.63059139251709
8.561700820922852
8.394554853439331
8.54198670387268
8.321484565734863
8.56767725944519
8.562824249267578
8.760891914367676
8.543554306030273
8.60317850112915
8.628961563110352
8.66326642036438
8.722291707992554
8.761742115020752
8.45678186416626
8.506147861480713
8.717878580093384
8.66450834274292
8.603432416915894
8.549552202224731
8.584908246994019
8.566176891326904
8.75530457496643
8.816233396530151
8.576775074005127
8.66939902305603
8.63253378868103
8.572241067886353
8.687446117401123
9.038676738739014
8.992034435272217
8.892586708068848
8.878616094589233
8.995604991912842
8.862375020980835
8.976511716842651
8.966476202011108
9.020836114883423
8.952731132507324
8.866400957107544
9.063594579696655
9.382425546646118
9.335898876190186
9.19960618019104
9.280179262161255
9.07105016708374
9.097728252410889
9.225123882293701
9.127801179885864
9.26918077468872
9.216592788696289
9.138685464859009
9.370312929153442
9.271445989608765
9.309980869293213
9.341192960739136
9.236121416091919
9.066664457321167
9.143732786178589
9.304584264755249
9.37083101272583
9.305401086807251
9.138739347457886
9.292272567749023
9.328153133392334
9.134874105453491
9.284152030944824
9.278351306915283
9.211114645004272
9.296063661575317
9.231459379196167
9.269016981124878
9.775568008422852
9.841069459915161
9.85877799987793
9.904552459716797
9.108223676681519
9.236994743347168
9.777648210525513
9.829647064208984
9.820120573043823
9.332907438278198
9.247078657150269
9.789925575256348
9.979483842849731
9.706432819366455
10.270001649856567
10.393044233322144
10.303672313690186
9.88951063156128
10.390398025512695
10.533743858337402
10.397432565689087
10.502623081207275
10.48688006401062
10.460930347442627
10.424840211868286
10.385234832763672
10.508606672286987
10.430437564849854
10.523074626922607
10.456428289413452
10.54965353012085
10.527842998504639
10.455377578735352
10.22624397277832
10.37015700340271
10.492552518844604
10.523343563079834
10.322074174880981
10.374999046325684
10.407035827636719
10.442047595977783
10.380041360855103
10.48355770111084
10.520761728286743
10.390421152114868
10.422151327133179
10.446228504180908
10.435544729232788
10.489917755126953
10.423233985900879
10.524327278137207
10.496909141540527
10.401436805725098
10.317224025726318
10.39790964126587
10.321044683456421
10.394939661026001
10.33792495727539
10.523466110229492
10.404158115386963
10.405660629272461
9.94581413269043
10.351736068725586
10.488986253738403
10.345645189285278
10.374122381210327
10.560941934585571
10.411063194274902
9.966162204742432
10.285537958145142
10.443699598312378
10.36271595954895
10.594003438949585
10.27886176109314
10.445986032485962
10.35634732246399
9.843869924545288
10.433372735977173
10.294438123703003
10.45073652267456
10.480188131332397
9.817171096801758
10.101594686508179
10.37974739074707
10.299457550048828
10.574087381362915
10.227352857589722
9.981709003448486
10.30272650718689
10.36436676979065
10.429281234741211
10.31617283821106
10.38639521598816
10.299025535583496
9.404897928237915
10.425139904022217
10.348051309585571
10.336394548416138
10.442096471786499
10.326005220413208
9.99645733833313
10.319902896881104
10.385870695114136
9.536163091659546
