Timing log for each step:
0.02001953125
5.746228933334351
5.837632894515991
6.012919902801514
5.804711580276489
5.7338807582855225
5.7611212730407715
5.847477912902832
5.96158504486084
6.297901630401611
5.961582183837891
5.990613698959351
5.856487989425659
5.866495132446289
5.956581115722656
5.939565181732178
5.870500564575195
5.852483510971069
5.854484558105469
5.897526025772095
5.823456764221191
5.839469909667969
5.881511449813843
6.15076208114624
6.060678482055664
6.1607725620269775
5.973597526550293
5.843473196029663
5.808441638946533
5.896524906158447
5.798432350158691
5.801435232162476
5.937563419342041
5.864495277404785
5.996618747711182
5.965588331222534
5.862493276596069
5.898525238037109
5.913541078567505
5.968591213226318
5.989609956741333
6.07168984413147
6.033653974533081
5.87450385093689
5.991614818572998
5.937563180923462
6.076694488525391
5.8735032081604
6.004627227783203
5.97059440612793
5.980604648590088
5.969592809677124
5.895524263381958
6.126740455627441
5.958583354949951
6.135749101638794
5.939565896987915
5.890517950057983
5.95958399772644
6.00862979888916
5.99761962890625
6.0446624755859375
5.91654372215271
5.984607696533203
6.03565526008606
6.076692342758179
5.980603218078613
6.190801382064819
6.098714113235474
6.318919658660889
6.238846302032471
6.269874334335327
5.98260498046875
6.079696178436279
5.967591762542725
5.949574947357178
5.991613864898682
6.102717638015747
6.241848945617676
6.010631799697876
6.020639657974243
5.995617389678955
6.04666543006897
6.132746458053589
6.076694011688232
6.045664072036743
6.0706868171691895
6.039658308029175
6.064682722091675
6.269874811172485
6.0346550941467285
6.023644208908081
6.093709230422974
5.881509304046631
6.268873691558838
6.113728046417236
5.967591762542725
6.047666549682617
6.062680244445801
6.1627748012542725
6.076693058013916
6.208818435668945
6.101717472076416
6.22583270072937
6.047667026519775
6.078695297241211
6.574159622192383
6.4170122146606445
6.266871213912964
6.164776086807251
5.974596738815308
5.902529716491699
5.985610008239746
6.05167031288147
5.950577259063721
5.964587450027466
5.979602336883545
6.161736726760864
6.18474817276001
6.094666242599487
6.142710447311401
6.165731906890869
6.082653999328613
5.914499282836914
5.993571996688843
6.019595623016357
6.000579118728638
6.100670576095581
6.150715351104736
6.125695705413818
5.899484157562256
6.196759939193726
6.057630777359009
6.13270115852356
6.089661359786987
6.068641662597656
6.1437108516693115
6.047622203826904
6.24580717086792
6.009586811065674
6.1086790561676025
6.002580165863037
5.966547250747681
6.16573166847229
5.972552537918091
6.097668886184692
6.100672245025635
5.99957799911499
6.1467132568359375
6.007584810256958
6.004582166671753
6.181747198104858
5.983562231063843
6.111681222915649
6.165732383728027
6.098669528961182
6.104675531387329
6.310867071151733
6.148716449737549
6.115685939788818
6.323879957199097
6.205768585205078
6.192757606506348
6.168733596801758
6.089661359786987
6.137706279754639
5.974555253982544
6.009586572647095
6.0326087474823
6.119689702987671
6.057629823684692
6.05763053894043
6.005582809448242
6.088659286499023
6.098670482635498
6.104675769805908
6.085655450820923
6.114682912826538
6.001579523086548
6.0165932178497314
5.957539796829224
6.03961443901062
5.988569021224976
5.9335150718688965
6.01659369468689
6.028603553771973
6.003581285476685
5.985564708709717
6.055628776550293
6.579116344451904
6.249810695648193
6.282840967178345
6.354908227920532
7.878323554992676
6.547204971313477
7.8993449211120605
5.8674538135528564
5.900684595108032
6.431980609893799
5.777995347976685
