Timing log for each step:
0.020018815994262695
10.058852672576904
10.067063570022583
10.11090350151062
10.42139458656311
10.651076793670654
11.635388612747192
10.165941715240479
10.552714824676514
10.970077514648438
10.315538167953491
9.940080642700195
9.723544359207153
10.11781644821167
10.094261169433594
10.128270864486694
8.982935905456543
10.151804208755493
9.80200457572937
10.018895626068115
9.336485624313354
10.068919897079468
10.128753900527954
9.02184772491455
10.031651020050049
10.022533416748047
8.554858446121216
10.645986080169678
10.163009881973267
9.804670572280884
9.753861427307129
10.201263666152954
9.262221574783325
9.231676816940308
10.095926284790039
10.0970938205719
10.137839317321777
9.774873495101929
10.217283248901367
10.069766998291016
9.905644655227661
10.053329467773438
10.19933032989502
10.217457294464111
10.045520067214966
10.216735363006592
10.05024528503418
10.166561365127563
10.1879141330719
10.127331972122192
10.21350884437561
9.946614503860474
10.058469295501709
10.210654735565186
10.14402985572815
10.153276205062866
10.255182981491089
10.098588705062866
10.19042420387268
10.11928915977478
10.10358476638794
10.14060640335083
10.17698359489441
10.145620584487915
10.110726594924927
10.037114143371582
10.226389169692993
10.243107080459595
10.096132040023804
10.117576360702515
10.155108451843262
10.220356941223145
10.10267424583435
10.156219482421875
10.274893999099731
10.169068574905396
10.119558095932007
10.18649697303772
10.09721302986145
10.130180358886719
10.134492635726929
10.200697183609009
10.05211329460144
10.176576137542725
10.124625444412231
10.184446096420288
10.118356943130493
10.00590181350708
10.231019973754883
10.117548942565918
9.96521282196045
10.247087717056274
10.05221152305603
10.134016513824463
10.284900903701782
10.175764560699463
10.130568742752075
10.132073402404785
10.099812269210815
10.14752459526062
10.080763101577759
10.016669511795044
10.20051383972168
10.071118593215942
10.273791790008545
10.007757663726807
10.086841344833374
10.209216594696045
10.002260684967041
10.09287428855896
10.193647146224976
9.948028802871704
10.134378433227539
10.112496852874756
10.156269073486328
10.198733568191528
9.948115110397339
10.154561519622803
10.096188068389893
10.24465537071228
10.08005690574646
10.272051095962524
10.241607427597046
10.02200961112976
10.220773220062256
10.16739296913147
10.118662118911743
10.077545166015625
10.227840185165405
10.1652250289917
10.160850524902344
9.98358154296875
10.160682201385498
10.03045129776001
10.013967514038086
10.1235671043396
10.226635932922363
10.205855369567871
10.185831308364868
10.090659379959106
10.038859128952026
9.913621425628662
10.082624197006226
10.163408041000366
10.940677404403687
0.01401209831237793
10.188585996627808
10.162484169006348
10.381685018539429
10.205235481262207
10.328103303909302
10.250357627868652
10.353543281555176
10.383400440216064
10.17047119140625
10.211277723312378
10.448921918869019
10.319632768630981
10.408743381500244
10.3578040599823
9.711707353591919
8.951112508773804
10.392266035079956
10.454895496368408
10.2938814163208
10.214813709259033
10.287059783935547
10.341394662857056
10.425393104553223
10.236497402191162
10.374138116836548
10.261245727539062
10.396764039993286
9.956611633300781
10.36074447631836
9.819640636444092
10.254069805145264
10.344598293304443
10.298468112945557
10.204952001571655
10.123759746551514
10.230804204940796
9.588898658752441
10.294933557510376
10.329569578170776
10.272698402404785
10.344725131988525
10.198988676071167
10.210785388946533
10.197551965713501
10.179456233978271
10.370303392410278
10.158886909484863
10.21343731880188
10.347288608551025
10.263302564620972
9.891142129898071
10.305892705917358
10.410927772521973
10.359713792800903
9.928826332092285
10.368218421936035
10.248101711273193
10.380043745040894
10.402623891830444
10.463304042816162
10.468091249465942
10.398971557617188
10.35088062286377
10.329512357711792
10.322460412979126
10.35255217552185
10.432185649871826
10.414900779724121
10.44850492477417
10.451871871948242
10.428255796432495
10.534858703613281
10.429580926895142
10.504132747650146
10.447031259536743
10.31681227684021
10.381528615951538
10.435025691986084
10.428183794021606
10.428167343139648
10.40140986442566
10.396719455718994
10.567729473114014
10.486299514770508
10.524047613143921
10.559695720672607
10.429791927337646
10.527195930480957
10.513144969940186
10.558555603027344
10.532603025436401
10.354444742202759
10.513719320297241
10.480002403259277
10.583725452423096
10.344386339187622
10.713877201080322
10.489711046218872
10.446519613265991
10.464478969573975
10.669420719146729
10.523892879486084
10.570648908615112
10.396748304367065
10.454586744308472
10.310716390609741
10.651748895645142
11.827336072921753
11.07835865020752
11.168001651763916
11.06050729751587
10.81758165359497
11.762990951538086
11.391952276229858
11.852607727050781
11.378629207611084
11.105756282806396
11.01262092590332
10.910647630691528
11.069466352462769
10.778268575668335
10.803778171539307
10.787267684936523
10.925375938415527
11.153681755065918
