Timing log for each step:
0.012011289596557617
10.70612907409668
10.048836469650269
10.170636415481567
10.022467136383057
10.062401533126831
10.176409006118774
10.255589723587036
9.95619249343872
10.304762840270996
10.254863739013672
10.256565809249878
10.214406728744507
10.2699875831604
10.232733488082886
10.132167100906372
10.268681287765503
10.360718965530396
10.234520673751831
10.244525909423828
10.321611881256104
10.323606729507446
10.300843000411987
10.371763944625854
10.179105520248413
10.322844743728638
10.41274380683899
10.530911445617676
10.310777425765991
10.268531084060669
10.318871259689331
10.272480964660645
10.153629779815674
10.344215869903564
10.337949991226196
10.385942697525024
10.281481504440308
10.228620290756226
10.094621658325195
10.317906141281128
10.5486159324646
10.559231758117676
10.206351280212402
10.299011945724487
10.314032793045044
10.56025218963623
10.489387273788452
10.430979490280151
10.549572229385376
10.533365249633789
10.370879173278809
10.306316137313843
10.368768453598022
10.411871433258057
10.419306516647339
10.448405504226685
10.158329963684082
10.311890840530396
10.295848608016968
10.247084856033325
10.567573070526123
10.389116764068604
10.224697351455688
10.508514881134033
10.349517107009888
10.496458053588867
10.390542030334473
10.527610540390015
10.171353340148926
10.47754955291748
10.583712100982666
10.548473834991455
10.665854454040527
10.331063508987427
10.527809619903564
10.491226434707642
10.489900827407837
10.525721788406372
10.495038509368896
10.334500312805176
10.366877317428589
10.528762578964233
10.482460975646973
10.50358247756958
10.487098932266235
10.586146354675293
10.35848593711853
10.265685081481934
10.451188564300537
10.509770154953003
10.385631084442139
10.277916669845581
10.514774084091187
10.362587928771973
10.667643308639526
10.409916162490845
10.148025274276733
10.51564908027649
10.401113510131836
10.456910133361816
10.53947639465332
10.5436372756958
10.521758317947388
10.420556783676147
10.326255559921265
10.567631483078003
10.477789163589478
10.463758945465088
10.377341985702515
10.507680892944336
10.526657581329346
10.539211988449097
10.436768770217896
10.559778690338135
10.090729713439941
10.448532819747925
10.479973316192627
10.406660795211792
10.414723634719849
10.320778608322144
10.251866102218628
10.530193090438843
10.51547884941101
10.357753038406372
10.620813608169556
10.410857439041138
10.377721071243286
10.659907341003418
10.490693092346191
10.71588659286499
10.452127456665039
10.402886629104614
10.491559982299805
10.38331389427185
10.348662853240967
10.551104068756104
10.386540412902832
10.486356019973755
10.394106149673462
10.32054615020752
10.615432977676392
10.57024621963501
10.46806812286377
10.294483184814453
10.684117555618286
10.471860885620117
10.442656993865967
10.623489618301392
10.60179352760315
10.333653450012207
10.543861389160156
10.579628229141235
10.471122026443481
10.50412130355835
10.59862756729126
10.154453754425049
10.457706451416016
10.489746809005737
10.392568588256836
10.387284755706787
10.562886714935303
10.366212129592896
10.3813955783844
10.509658813476562
10.54192042350769
10.208599090576172
10.643999099731445
10.483079195022583
10.194193124771118
10.380060195922852
10.575787544250488
10.406334400177002
10.595861196517944
10.57086730003357
10.446076393127441
10.626853227615356
10.264262437820435
10.58531641960144
10.635169506072998
10.463821649551392
10.423595905303955
10.578644514083862
10.608128786087036
10.607614040374756
10.512687683105469
10.601753950119019
10.48529863357544
10.473409175872803
10.565977573394775
10.55983304977417
10.436141729354858
10.582667589187622
10.486464262008667
10.436779499053955
10.576168060302734
10.255364656448364
10.660345554351807
10.481159448623657
10.544711589813232
10.747815608978271
10.585450172424316
10.496219635009766
10.515930891036987
10.507878065109253
10.46349835395813
10.317922830581665
10.49557614326477
10.576886415481567
10.49254035949707
10.467047929763794
10.408803939819336
10.62479829788208
11.006179809570312
10.51467514038086
10.379895210266113
10.413693904876709
10.362197637557983
10.522762298583984
10.26520824432373
10.483814716339111
10.504914283752441
10.478981256484985
10.401509761810303
10.428150653839111
10.502713918685913
10.263671398162842
10.647970199584961
10.510461807250977
10.426065683364868
10.36884069442749
10.543689727783203
10.587232112884521
10.555150508880615
10.537027597427368
10.495896577835083
10.601994514465332
10.638025283813477
10.35561728477478
10.6105215549469
10.582364797592163
10.09879469871521
10.421054601669312
10.521456241607666
10.574722290039062
10.350831985473633
10.454308271408081
10.347938299179077
10.612743377685547
10.377265453338623
10.356804609298706
10.520417928695679
10.605677366256714
10.593829870223999
10.371392965316772
10.62165641784668
10.535653352737427
10.595935821533203
10.308997631072998
10.567978143692017
10.545083999633789
10.325988292694092
10.287232160568237
10.640785932540894
10.465545177459717
10.176764488220215
10.203654766082764
10.371808528900146
10.61589789390564
10.530851364135742
10.37521743774414
10.292861938476562
10.544396877288818
10.585122346878052
10.59653377532959
10.625344276428223
10.492244720458984
10.376096725463867
10.364441394805908
10.514960289001465
10.538866519927979
10.613302946090698
10.46425986289978
10.474482536315918
10.54279613494873
10.342827796936035
10.307518482208252
10.426653861999512
10.523777723312378
10.382258415222168
10.608242511749268
10.637603044509888
10.410703897476196
10.497775077819824
10.38718295097351
10.410048007965088
10.420710802078247
10.33872103691101
10.463784456253052
10.435929298400879
10.253941535949707
10.356654644012451
10.476817846298218
10.584860801696777
10.59991979598999
10.381042003631592
10.267739534378052
10.315775394439697
10.56691288948059
10.387272119522095
10.409942626953125
10.39775538444519
10.418162822723389
10.686208963394165
10.43668007850647
10.157714605331421
10.37688422203064
10.47963285446167
10.79882025718689
10.402814626693726
10.464688062667847
10.361292839050293
10.237928867340088
10.323980331420898
10.160224914550781
10.22528338432312
10.069140672683716
10.13820505142212
10.172235012054443
10.354400634765625
10.162226676940918
10.088160037994385
10.18524694442749
10.165228843688965
9.965047597885132
10.353399753570557
10.090160369873047
10.063136339187622
9.861953258514404
10.303353071212769
10.009087085723877
10.210269927978516
10.158223390579224
10.187248706817627
10.108176708221436
10.348395824432373
10.388430833816528
9.993072271347046
10.273326635360718
10.123190879821777
10.276329755783081
10.019095659255981
10.213272333145142
10.219277620315552
10.279332160949707
10.342389345169067
10.37341856956482
10.524554967880249
10.300351619720459
10.131197690963745
9.996076583862305
10.054128170013428
10.052126169204712
10.245300531387329
10.218276500701904
10.215274333953857
10.277328252792358
10.255309820175171
10.064136981964111
10.202261447906494
10.208267211914062
10.320368528366089
10.292344570159912
10.423463344573975
10.190252780914307
10.438486814498901
10.177239418029785
10.06613826751709
10.340388059616089
10.520551919937134
10.225282907485962
10.304356336593628
10.04111647605896
9.900988578796387
10.367412328720093
10.317369937896729
10.455492496490479
10.43747615814209
10.187249660491943
10.24930477142334
10.402442455291748
10.201261520385742
10.275328636169434
10.019097328186035
10.234292030334473
10.201261281967163
10.438477039337158
10.490524291992188
10.161225080490112
10.10016942024231
10.328376293182373
10.106173276901245
10.197258234024048
10.272326231002808
10.34639310836792
10.297347068786621
10.291344404220581
10.020096778869629
10.251306772232056
10.235291719436646
10.290343761444092
10.212271928787231
10.027103424072266
10.024101257324219
9.958040475845337
9.899988889694214
10.311362504959106
10.41045093536377
9.852945327758789
10.308358430862427
10.578613519668579
10.268322467803955
9.767868518829346
9.532655477523804
9.53365707397461
9.580698251724243
8.807996988296509
9.398532152175903
9.42655873298645
9.784883975982666
10.049124002456665
9.749850988388062
10.092162132263184
10.013090133666992
10.025100708007812
9.610726833343506
9.903991222381592
9.992072582244873
9.964046239852905
9.8419349193573
9.994074583053589
9.90999460220337
9.864956378936768
9.574693202972412
9.02118992805481
9.15531325340271
8.938114881515503
9.32246446609497
9.047214031219482
8.918097019195557
8.822009325027466
9.253402471542358
9.231381177902222
8.997168779373169
9.121282577514648
8.976149320602417
9.14029836654663
8.943118810653687
8.881063222885132
8.602810144424438
8.994165897369385
8.85403847694397
9.056222438812256
8.957133769989014
9.2183678150177
8.927104234695435
8.752946853637695
8.667868852615356
9.012189149856567
8.91609501838684
8.706904649734497
9.278423309326172
8.839024066925049
9.233382940292358
8.872056245803833
8.76796007156372
8.832016706466675
8.973146438598633
9.040207386016846
9.278424501419067
8.906086206436157
8.96714186668396
9.187341928482056
9.07724118232727
9.030198335647583
9.088249206542969
8.777968883514404
8.762955904006958
8.941116094589233
9.18333888053894
9.180335521697998
8.890071392059326
9.048214673995972
8.959134817123413
9.298442602157593
8.828014612197876
9.127286195755005
8.98015308380127
8.877058506011963
8.9811532497406
8.84703278541565
9.319884538650513
9.231984853744507
8.847609519958496
8.928689956665039
9.0928475856781
9.113866806030273
9.099861145019531
9.055814027786255
9.120877027511597
8.869630813598633
9.244996547698975
9.214968204498291
8.894654989242554
8.952713012695312
9.187940835952759
9.031789541244507
9.04680323600769
8.979743957519531
8.968727588653564
8.939700365066528
9.229982137680054
8.998756885528564
8.961721420288086
8.850613355636597
9.204958200454712
9.137892484664917
8.916674852371216
9.116872549057007
9.10686182975769
8.949710607528687
8.920681238174438
9.131887674331665
8.927687883377075
9.107861757278442
9.059816598892212
9.15491008758545
9.219972610473633
8.670436382293701
8.838600158691406
9.201952457427979
9.089845180511475
8.860621452331543
9.18994140625
9.129883289337158
8.967726945877075
9.154908657073975
8.934693813323975
8.918677806854248
9.200953245162964
8.799562215805054
8.951711177825928
8.949709177017212
9.264014720916748
9.247999668121338
9.326078414916992
9.118874311447144
8.74050521850586
9.002761363983154
8.738502979278564
9.00676417350769
8.992751836776733
8.973732233047485
9.03078842163086
8.92268180847168
9.24900197982788
9.040797710418701
9.097853899002075
9.19294548034668
8.93869924545288
8.913673639297485
9.19194507598877
9.024782180786133
9.090846300125122
9.205958366394043
8.913674592971802
9.105861186981201
9.192944765090942
8.853615760803223
9.355103731155396
8.848610877990723
8.85261583328247
9.120875358581543
9.015774250030518
9.230982542037964
8.93669867515564
9.032790184020996
8.881643056869507
9.130885362625122
9.155909299850464
9.001760244369507
8.986743927001953
8.566335678100586
9.225978374481201
8.908670425415039
8.89664101600647
9.032630920410156
8.924527883529663
8.830437660217285
9.097693681716919
8.962565422058105
9.036635637283325
9.10269832611084
9.073669195175171
9.215805768966675
9.187779903411865
9.146740913391113
9.089685440063477
9.02962875366211
9.036633253097534
9.240830421447754
8.976577281951904
8.783392906188965
9.106703042984009
8.906511306762695
9.133726119995117
9.10569977760315
9.037632942199707
9.16175365447998
8.971572399139404
8.95956039428711
9.193784713745117
9.066662311553955
9.22381329536438
9.037636518478394
9.230820417404175
8.982584238052368
8.928531885147095
9.222810506820679
8.915517330169678
9.019617080688477
9.228818655014038
9.065662384033203
9.262850522994995
9.021620988845825
9.07767391204834
8.685298681259155
9.144738912582397
8.902513027191162
8.993592977523804
9.395978927612305
8.973573684692383
9.09068512916565
8.848455905914307
8.897501230239868
8.805413722991943
9.151745080947876
8.862468957901001
9.346932172775269
8.879483222961426
8.993594408035278
9.03463363647461
8.648264408111572
9.165759086608887
8.959562063217163
9.004603147506714
8.908512353897095
9.017615556716919
9.028625726699829
9.376960754394531
9.229819297790527
9.153748512268066
9.072668075561523
9.022622108459473
8.98858904838562
8.995596647262573
9.076671123504639
8.9235258102417
8.940542936325073
9.106701374053955
8.958560705184937
9.003603219985962
8.828436136245728
9.222812414169312
8.925528764724731
9.43000841140747
9.241830110549927
8.831438541412354
9.03363561630249
9.222811937332153
8.796404838562012
9.152746438980103
9.035634517669678
8.844451427459717
8.963565349578857
9.080676317214966
8.777387142181396
9.005605459213257
8.879482984542847
8.91551399230957
9.25575041770935
8.76026177406311
8.916407823562622
8.897389888763428
9.244718313217163
9.157635927200317
8.924415111541748
9.061543703079224
9.087569952011108
9.155632972717285
8.990478754043579
8.809306859970093
9.258729457855225
8.981470823287964
8.922413349151611
9.12660527229309
9.123603105545044
8.917408466339111
9.093573093414307
9.28275203704834
8.966455459594727
9.101582765579224
9.091573476791382
9.015501260757446
8.936428308486938
9.32279086112976
9.088571071624756
9.193666458129883
9.031517267227173
9.24471640586853
8.976463079452515
8.993480205535889
9.06154489517212
8.89138388633728
9.144622802734375
9.098578929901123
8.942430257797241
9.30777621269226
9.007493257522583
9.101581573486328
8.806303977966309
8.794291496276855
8.970458507537842
9.025511503219604
9.108587980270386
8.923414707183838
8.970458269119263
9.194669008255005
8.835330724716187
8.727230548858643
9.027514219284058
8.957447290420532
8.954443454742432
9.003489017486572
9.306776285171509
9.076559782028198
8.822318315505981
9.229702472686768
8.834331035614014
9.115595579147339
8.977465867996216
9.406869888305664
8.82131838798523
9.14061975479126
8.916408061981201
8.774274587631226
8.822319269180298
8.90139389038086
8.933423519134521
8.987473964691162
8.909403562545776
9.102583169937134
9.14061951637268
8.964452505111694
9.179654598236084
8.832328796386719
9.044528245925903
8.949437379837036
8.99848484992981
9.165642499923706
9.234707593917847
9.047532558441162
9.130609035491943
8.854349851608276
8.999486446380615
8.965455055236816
8.994480609893799
8.945435285568237
9.185662269592285
8.960449934005737
9.024508953094482
8.995483160018921
9.203678369522095
8.991480112075806
8.750241994857788
8.911321640014648
8.9363431930542
8.91632628440857
9.161555290222168
9.20159387588501
8.832247018814087
8.826243162155151
9.044447183609009
9.36074185371399
9.116514444351196
9.036439895629883
8.909319400787354
8.940347909927368
9.293679475784302
8.947355031967163
9.086485862731934
8.988394498825073
8.970377683639526
8.691116333007812
8.961368560791016
8.79020881652832
8.846262216567993
9.19358515739441
9.20859980583191
8.841257095336914
8.968375444412231
8.651079416275024
8.84826397895813
8.954362392425537
9.06246280670166
8.87528920173645
9.133528709411621
8.975383043289185
8.933341979980469
9.283668994903564
8.738159656524658
8.638065338134766
9.086485385894775
8.997403144836426
9.101499557495117
8.924334049224854
8.961367845535278
8.831247568130493
8.809227228164673
8.940349340438843
8.657083988189697
8.86527967453003
8.97638201713562
8.975382566452026
8.486925601959229
8.946354389190674
8.887299299240112
8.870282649993896
8.96337080001831
9.238628625869751
8.842257261276245
8.660088300704956
8.823240280151367
9.030433416366577
8.963370561599731
8.897305727005005
8.74516773223877
8.577009677886963
8.69411826133728
8.849263906478882
8.952360391616821
8.754175662994385
8.69712209701538
8.893304824829102
9.216606616973877
8.953359365463257
8.75217318534851
8.529965877532959
8.829244613647461
9.046448230743408
9.006410598754883
9.073473930358887
9.055456161499023
9.057458400726318
8.80822491645813
8.790209770202637
8.814230680465698
9.061462640762329
8.7431640625
8.933342695236206
8.996401309967041
8.935344934463501
8.918327569961548
8.906318187713623
8.830246925354004
9.117515563964844
8.93234133720398
8.723146438598633
8.89931035041809
8.839255094528198
8.893301248550415
8.80816912651062
8.9653160572052
8.967318296432495
8.897251605987549
8.848207712173462
9.002349853515625
8.765130281448364
8.872228145599365
8.693063735961914
8.698067665100098
9.02136778831482
8.973322629928589
8.714082956314087
8.65903091430664
8.685055255889893
8.838195562362671
8.927278995513916
8.613990306854248
9.057400226593018
8.810171604156494
8.895251035690308
8.993340969085693
8.914268016815186
8.930283546447754
9.055399417877197
8.726094245910645
8.825184345245361
8.8111732006073
8.984331607818604
8.86922574043274
9.173508167266846
8.693061113357544
8.713081121444702
8.668039560317993
8.868225812911987
9.9212007522583
9.484795570373535
8.585963010787964
9.154491424560547
8.855212926864624
8.857212543487549
8.734100103378296
8.680050611495972
8.76512861251831
8.556937217712402
8.928282022476196
8.834192991256714
8.738105297088623
8.701070308685303
8.48987364768982
8.98533320426941
8.700069904327393
8.883239507675171
8.738104104995728
9.02937364578247
8.806167840957642
8.121531963348389
8.433822631835938
8.425815343856812
8.309707164764404
8.485870361328125
8.17958688735962
8.298696994781494
8.388780355453491
8.4238121509552
8.537918090820312
8.231635570526123
8.47486162185669
8.144553184509277
8.122533559799194
8.284684181213379
8.323719501495361
8.336731433868408
8.368762969970703
7.745182752609253
7.782217741012573
7.453912258148193
7.615061283111572
8.062476873397827
7.647092342376709
7.754190921783447
7.9493727684021
7.634080648422241
7.654099225997925
7.817249774932861
7.393858194351196
7.6370837688446045
7.821254253387451
7.717157363891602
7.732171297073364
7.703144311904907
7.759196043014526
7.816248655319214
7.737177133560181
7.622070074081421
7.773209571838379
7.89732551574707
7.845246076583862
7.963348627090454
7.53095006942749
7.545962810516357
7.659067392349243
7.8022003173828125
7.692099332809448
8.016397953033447
7.763164043426514
7.485908508300781
7.738141059875488
7.677084922790527
7.541957855224609
7.798195838928223
7.811208248138428
7.498920679092407
7.884275197982788
7.625036001205444
7.765165567398071
7.711116075515747
7.480903625488281
7.670077323913574
7.660068988800049
7.820215463638306
7.477900505065918
7.677088260650635
7.63104248046875
7.846240758895874
7.831226587295532
7.4608848094940186
7.573988199234009
7.832228183746338
7.521941184997559
7.580995559692383
7.6840901374816895
7.603016138076782
7.711115598678589
7.546964883804321
7.63804817199707
7.379809617996216
7.5439605712890625
7.662070035934448
7.2617058753967285
7.669076442718506
7.4979188442230225
7.612023591995239
7.424850940704346
7.6280388832092285
7.719123363494873
7.2276692390441895
7.449874401092529
7.512932538986206
7.6490583419799805
7.525944232940674
7.499921083450317
7.439865827560425
7.511931896209717
7.648055076599121
7.669076681137085
7.493914604187012
7.634045124053955
7.699103116989136
7.508928537368774
7.670077800750732
7.440866470336914
7.351784706115723
7.660067319869995
7.419847011566162
7.41684365272522
7.427854776382446
7.50292181968689
7.475898742675781
7.725127696990967
7.626037359237671
7.4288554191589355
7.458883762359619
7.523942708969116
7.4128406047821045
7.702106952667236
7.740142107009888
7.6150267124176025
7.620031833648682
7.5129334926605225
7.581997394561768
7.526945352554321
7.704109191894531
7.788186550140381
7.588002681732178
7.618029594421387
7.443868637084961
7.410838603973389
7.59901237487793
7.520939826965332
7.458883285522461
7.719123125076294
7.846241474151611
7.2486889362335205
7.507928848266602
7.379795551300049
7.751127481460571
7.595983028411865
7.6350202560424805
7.693073987960815
7.513909578323364
7.424827814102173
8.257593631744385
8.311641931533813
8.220559120178223
8.084434270858765
8.040393114089966
8.334664583206177
8.27560806274414
8.186527490615845
7.965324878692627
8.259595394134521
8.043396472930908
8.336665868759155
8.20754599571228
8.22256064414978
8.242578506469727
8.305637121200562
8.176517486572266
8.090439796447754
8.10645341873169
8.014369487762451
8.20654582977295
8.089439392089844
8.224562406539917
8.028383255004883
8.377703666687012
8.54885983467102
8.255590915679932
8.16150426864624
8.405729293823242
8.235572576522827
8.198539018630981
8.020374059677124
8.154498815536499
8.251587629318237
8.174516201019287
8.30563759803772
8.47579312324524
8.067418098449707
8.106454610824585
8.19753646850586
8.191532135009766
8.074424982070923
8.081430196762085
8.478797197341919
8.220557928085327
7.888253688812256
8.27560806274414
8.176517486572266
7.930292844772339
8.139484882354736
8.052403926849365
8.187528848648071
8.225562572479248
8.096444368362427
7.99234938621521
8.471789360046387
8.098445653915405
8.152496576309204
8.059410333633423
8.209548234939575
8.077426671981812
8.04940152168274
8.265599489212036
7.959318161010742
8.05340576171875
8.24057650566101
8.542855024337769
8.025379419326782
8.441761493682861
8.304636001586914
8.32165241241455
8.255590677261353
8.18752932548523
8.006361246109009
8.457776546478271
7.967325687408447
8.12747311592102
8.131477355957031
8.21355152130127
7.995351552963257
8.619926691055298
8.612916946411133
8.17351508140564
8.348676443099976
8.179520606994629
8.253589391708374
8.354682445526123
8.453773260116577
8.401724338531494
8.164505004882812
8.357679605484009
8.368675231933594
8.324635028839111
8.341649770736694
8.400705099105835
8.129456281661987
8.209529876708984
8.316627264022827
8.126452922821045
8.218538761138916
8.171494245529175
8.077409267425537
8.370677709579468
8.21353268623352
8.377682209014893
8.267581939697266
8.03837275505066
8.413715600967407
8.229547023773193
8.515811920166016
8.516810417175293
8.277591466903687
8.283598184585571
8.242560386657715
8.32563591003418
8.420722723007202
8.139464616775513
8.289602994918823
8.153479099273682
8.332643508911133
8.24055814743042
8.415719747543335
8.43773865699768
8.271584749221802
8.230547666549683
8.322631120681763
8.401705741882324
8.412715911865234
8.382688283920288
8.262578010559082
8.315627336502075
8.139465093612671
8.262579441070557
8.365672588348389
8.24456238746643
8.201522588729858
8.33664608001709
8.295609712600708
8.413717269897461
8.334643125534058
8.467765808105469
8.523817777633667
8.314625978469849
8.334644317626953
8.424727201461792
8.262578010559082
8.236555099487305
8.424726486206055
8.334644794464111
8.348655462265015
8.176498651504517
8.244561672210693
8.30261492729187
8.485783338546753
8.337647199630737
8.143468141555786
8.339648962020874
8.523817777633667
8.486783981323242
8.255571365356445
8.460760831832886
8.215535640716553
8.113441467285156
8.412715911865234
8.252569675445557
8.236554622650146
8.452752590179443
8.261577606201172
8.53482723236084
8.611898422241211
8.06439757347107
8.315626859664917
8.244562149047852
8.267581701278687
8.43073296546936
8.256572961807251
8.263580083847046
8.337648391723633
8.448749542236328
8.300613403320312
8.264580965042114
8.218538761138916
8.230549573898315
8.38769245147705
8.23054838180542
8.236554861068726
8.166489601135254
8.500782489776611
8.333627223968506
8.436724424362183
8.273574829101562
8.470754861831665
8.531810283660889
8.304603099822998
8.487770318984985
8.465750455856323
8.254557132720947
8.254556894302368
8.474025011062622
