Timing log for each step:
0.01601386070251465
5.419575929641724
5.801079750061035
6.449335813522339
6.330883979797363
5.9094109535217285
5.7926857471466064
5.746086835861206
5.709445238113403
5.86207914352417
5.618777751922607
5.716524362564087
5.72605037689209
5.98384952545166
6.007360458374023
5.656909942626953
5.609983444213867
5.5947558879852295
5.60670018196106
5.789091348648071
5.986562967300415
5.639124870300293
5.643621921539307
5.6060028076171875
5.592972993850708
5.638931751251221
5.702840566635132
5.639428615570068
5.709599256515503
5.625712633132935
5.5292956829071045
5.630733966827393
5.644508123397827
5.5858378410339355
5.590217351913452
5.588337182998657
5.54667329788208
5.384766101837158
5.326202630996704
5.657646179199219
5.354794263839722
5.266143083572388
5.232276201248169
5.479863882064819
5.3336193561553955
5.307445526123047
5.43297266960144
5.540578842163086
5.285255670547485
5.244544744491577
5.686660051345825
5.586977958679199
5.612335205078125
5.711878776550293
5.5554187297821045
5.6284613609313965
5.625549077987671
5.521031379699707
5.913769245147705
5.65346097946167
5.625564336776733
5.709714889526367
5.645850896835327
5.580520153045654
5.60100793838501
5.636695146560669
5.59268856048584
5.6068432331085205
5.596376895904541
5.899644136428833
5.759213447570801
5.715022087097168
5.660183429718018
5.653122186660767
5.618780851364136
5.96331524848938
5.879159212112427
6.107853889465332
6.26201605796814
6.019995927810669
5.739009618759155
5.7935099601745605
5.68113899230957
5.774827480316162
5.683570861816406
5.709056377410889
5.691653251647949
5.710572004318237
5.667826890945435
5.663121223449707
5.649266719818115
5.689429759979248
5.673129320144653
5.627134323120117
5.689667463302612
5.675987005233765
5.739655494689941
5.696566104888916
5.708302736282349
5.80030083656311
5.660567283630371
5.722856044769287
5.790919303894043
5.724410057067871
5.7424609661102295
5.709574460983276
5.679374694824219
6.039403676986694
6.269063472747803
5.75942850112915
5.693692922592163
5.945481538772583
5.80118465423584
5.782588243484497
6.0100555419921875
6.340941905975342
6.086217403411865
6.303676605224609
5.831990003585815
5.883002758026123
6.116641521453857
5.85881233215332
5.763321161270142
5.978575944900513
5.946074485778809
6.334594488143921
5.960949420928955
6.028684616088867
6.118757963180542
6.505722761154175
6.244985342025757
6.211319446563721
5.762324333190918
5.837619066238403
5.74728536605835
5.744904041290283
5.7535240650177
5.719383716583252
5.727123022079468
5.679042339324951
5.706272840499878
5.714249610900879
5.705861568450928
6.089860677719116
6.178802967071533
6.094585180282593
5.717404365539551
5.831369876861572
5.59364128112793
5.556026935577393
5.4876017570495605
5.604543447494507
5.980248928070068
6.074213981628418
5.8061628341674805
5.873781204223633
5.49015998840332
5.731147527694702
6.385673522949219
6.017056941986084
5.498323202133179
