Timing log for each step:
0.012010812759399414
10.066372394561768
10.049736261367798
9.947916269302368
10.254572629928589
10.18436598777771
10.357986211776733
10.253797769546509
10.231181859970093
10.274851560592651
10.160115480422974
10.39077091217041
10.26859164237976
10.233959674835205
10.155171155929565
10.36954140663147
10.394283771514893
10.344008684158325
10.086987257003784
10.029743671417236
9.621869802474976
9.824859619140625
10.779416799545288
10.31297254562378
10.23059344291687
10.24223256111145
10.392333507537842
10.164763689041138
10.386041402816772
10.261208534240723
10.36298131942749
9.774165391921997
10.388248682022095
10.275791645050049
10.358165979385376
10.056784629821777
10.017877578735352
9.937870025634766
10.102334022521973
10.013530492782593
10.123168468475342
10.026324987411499
10.13088083267212
10.276733160018921
10.037590026855469
9.980164289474487
10.083862066268921
10.142590761184692
10.272168397903442
10.322922945022583
10.32279658317566
10.361287832260132
10.336233615875244
10.494946718215942
10.415196895599365
10.507506847381592
10.6293203830719
10.471101760864258
10.423178911209106
10.448663473129272
10.389055490493774
10.350209474563599
10.497152090072632
10.415411233901978
10.522182703018188
10.479722023010254
10.528429985046387
10.453014850616455
10.490116357803345
10.291979789733887
10.429820537567139
10.317806243896484
10.356377840042114
10.485977172851562
10.521300792694092
10.469623804092407
10.4981107711792
10.500575542449951
10.49406123161316
10.492656946182251
10.518699884414673
10.526795625686646
10.494816064834595
10.561431407928467
10.706031560897827
10.610445499420166
10.776922702789307
10.59489393234253
10.67542815208435
10.731926441192627
10.527889966964722
10.675427198410034
10.679475545883179
10.602587461471558
10.483620643615723
10.749253034591675
10.651569604873657
10.665687322616577
10.720143795013428
10.562199592590332
10.613767147064209
10.573363065719604
10.496774673461914
10.676588773727417
10.733224391937256
10.542508602142334
10.561887979507446
10.464536905288696
10.678330421447754
10.46471643447876
10.681057214736938
10.578676223754883
10.756585597991943
10.58083701133728
10.740944147109985
10.826623916625977
10.642428636550903
10.55091905593872
10.425623416900635
10.385103940963745
10.701321840286255
10.605839252471924
10.569329738616943
10.525737524032593
10.577774286270142
10.584646463394165
10.599608898162842
10.685745000839233
10.5512375831604
10.64182996749878
10.573294639587402
10.643121004104614
10.5239577293396
10.76271104812622
10.61409306526184
10.55105447769165
10.543476343154907
10.539268732070923
10.426799297332764
10.538824081420898
10.594350099563599
10.76999807357788
10.532910346984863
10.628098964691162
10.718515157699585
10.639313697814941
10.526390790939331
10.624967098236084
10.577300786972046
10.690079689025879
10.448750495910645
10.64340090751648
10.905812501907349
10.67631196975708
10.453994035720825
10.693890810012817
10.650071144104004
10.631401538848877
10.408679246902466
10.63747787475586
10.539150953292847
10.54972505569458
10.60223388671875
10.512470722198486
10.486109733581543
10.650396585464478
10.722445249557495
10.563282251358032
10.68781328201294
10.633390426635742
10.669042587280273
10.52992057800293
10.784213542938232
10.622235298156738
10.65096926689148
10.660530090332031
10.659355878829956
10.600039958953857
10.541932106018066
10.381606817245483
10.285985708236694
10.477254152297974
10.607668161392212
10.67348027229309
10.713472604751587
10.536498785018921
10.621456146240234
10.621170043945312
10.844045877456665
10.617328882217407
10.688615560531616
10.429471015930176
10.571325063705444
10.596030950546265
10.653419971466064
10.539336919784546
10.74759578704834
10.549836874008179
10.431562185287476
10.732688426971436
10.456911087036133
10.7680983543396
10.687612533569336
10.480584859848022
10.724052429199219
10.664801836013794
10.841467142105103
10.631886959075928
10.792321920394897
10.484824180603027
10.65159296989441
10.788506031036377
10.626570224761963
10.753707647323608
10.772653341293335
10.606863021850586
10.38869309425354
10.647175073623657
10.662549018859863
10.551674365997314
10.635504722595215
10.632457733154297
10.699506998062134
10.614319086074829
10.638639211654663
10.575801610946655
10.720773458480835
10.744717597961426
10.64678168296814
10.541025161743164
10.67786455154419
10.626283645629883
10.685334920883179
10.519887447357178
10.722177267074585
10.84520411491394
10.482580661773682
10.443663120269775
10.704641819000244
10.785035371780396
10.579788208007812
10.521674633026123
10.693343162536621
10.49118947982788
10.459638595581055
10.743172407150269
10.56197190284729
10.535504579544067
10.574376583099365
10.681001901626587
10.65410304069519
10.559706926345825
10.663243532180786
10.646471738815308
10.621311902999878
10.756386756896973
10.562644720077515
10.59087347984314
10.399495840072632
10.789275884628296
10.752034902572632
10.676887273788452
10.586436986923218
10.786991834640503
10.680270433425903
10.645297527313232
10.392529249191284
10.523168563842773
10.740330934524536
10.72029185295105
10.627762794494629
10.521525621414185
10.634183168411255
10.620216608047485
10.523093938827515
10.721352577209473
10.704753875732422
10.675544023513794
10.534191608428955
10.731860637664795
10.600204706192017
10.66522216796875
10.69139313697815
10.768189191818237
10.690963745117188
10.674367904663086
10.708223104476929
10.750718355178833
10.600465774536133
10.808990716934204
10.75659441947937
10.86614465713501
10.78693175315857
10.861319541931152
10.78824758529663
10.814560651779175
10.734249114990234
10.724754571914673
10.921920537948608
10.655574083328247
10.72670316696167
10.742112398147583
10.740354299545288
10.890888214111328
10.652674436569214
10.576605319976807
10.483520030975342
10.51855206489563
10.671692132949829
10.959953546524048
10.373420000076294
10.671689987182617
10.092165231704712
10.51955270767212
10.4805166721344
10.635658025741577
10.752764225006104
10.673693656921387
10.506541013717651
10.56659460067749
10.456496000289917
10.537567138671875
10.753766059875488
10.4655020236969
10.383431196212769
10.321372270584106
10.435476541519165
10.380427122116089
10.373421430587769
10.231290340423584
10.635658502578735
10.57059907913208
10.591617822647095
10.736748456954956
10.523554563522339
10.546576976776123
10.40344762802124
10.311364889144897
10.492527484893799
10.433475255966187
10.589616060256958
10.565594673156738
10.595621347427368
9.977060556411743
10.460498809814453
10.46450161933899
10.56559419631958
10.589616298675537
10.533565521240234
10.618643760681152
10.349399089813232
10.711725950241089
10.608633756637573
10.476514339447021
10.50654125213623
10.577605247497559
10.416459083557129
10.461500883102417
10.567596673965454
10.590616703033447
10.510544776916504
10.405447959899902
10.30235481262207
10.629651546478271
10.446487426757812
10.533565759658813
10.500536441802979
10.464502334594727
10.610635042190552
10.659679889678955
10.150217056274414
10.42146372795105
10.549577713012695
10.586613655090332
10.558586597442627
10.361409664154053
10.57660436630249
10.261318445205688
10.535567283630371
10.456494092941284
10.576606035232544
10.521554231643677
10.663682222366333
10.400445222854614
10.638660192489624
10.604628801345825
10.4614999294281
10.172237157821655
10.672691345214844
10.746758222579956
10.466504096984863
10.629653453826904
10.688705921173096
10.401445150375366
10.404445886611938
10.574601650238037
10.488524913787842
10.825828790664673
10.240297079086304
10.559587240219116
10.538570165634155
10.465502500534058
10.54557490348816
10.278331995010376
10.667678833007812
10.670690059661865
10.47651219367981
10.295348405838013
10.516547918319702
10.50853967666626
10.42446494102478
10.515549182891846
10.42746901512146
10.513545513153076
10.573599815368652
10.567595958709717
10.570597648620605
10.482517957687378
10.397440671920776
10.524554014205933
10.631653308868408
10.54657506942749
10.483518600463867
10.503536701202393
10.657676935195923
10.684700727462769
10.52755880355835
10.435474634170532
10.696712493896484
10.62064242362976
10.562591314315796
10.548578262329102
10.451490879058838
10.67569351196289
10.78379201889038
10.407449722290039
10.367409706115723
10.484519481658936
10.410452365875244
10.677695035934448
10.595620155334473
10.461499691009521
10.551581382751465
10.703716516494751
10.540570497512817
10.555583477020264
10.634656190872192
10.447486877441406
10.61964225769043
10.634655237197876
10.85385251045227
10.473508834838867
10.591617107391357
10.722735166549683
10.536566972732544
10.313364267349243
10.720734119415283
10.222279787063599
10.389433145523071
10.542569637298584
10.599623918533325
10.366413354873657
10.704718589782715
10.522554397583008
10.621644496917725
10.497530698776245
10.339387893676758
10.648668050765991
10.615638732910156
10.258313655853271
10.56259036064148
10.637657403945923
10.386431217193604
10.564593315124512
10.695711612701416
10.501534461975098
10.663683891296387
10.438476324081421
10.56959581375122
10.836838960647583
10.515546798706055
10.639660358428955
10.605629205703735
10.514546632766724
10.657675504684448
10.272327899932861
10.593618631362915
10.806811332702637
10.38242793083191
10.578603982925415
10.32137131690979
10.643663883209229
10.709723949432373
10.526556968688965
10.523555040359497
10.361408233642578
10.764774322509766
10.164228916168213
10.348395824432373
10.577603816986084
10.625648260116577
10.573599815368652
10.605629682540894
10.443480253219604
10.743754625320435
10.471508741378784
10.71673035621643
10.756765842437744
10.571598291397095
10.652671098709106
10.626648187637329
10.615638732910156
10.742753982543945
10.480515956878662
10.677694082260132
10.351399898529053
10.227285623550415
10.549578666687012
10.304356098175049
10.613634586334229
10.646666049957275
10.645666599273682
10.466503858566284
10.473509311676025
10.551578760147095
10.472508192062378
10.513545036315918
10.671689510345459
10.570596933364868
10.56659197807312
10.59662127494812
10.28834056854248
10.674692392349243
10.336385011672974
10.600625991821289
10.72173523902893
10.397441148757935
10.664683103561401
10.561587572097778
10.490525960922241
10.396438837051392
10.666684865951538
10.759768962860107
10.23729658126831
10.486522436141968
10.517549276351929
10.557586431503296
10.534565925598145
10.422462463378906
10.362407922744751
10.037113428115845
10.395438432693481
10.36941647529602
10.679697275161743
10.440476655960083
10.416458368301392
10.47751235961914
10.521552324295044
10.552578210830688
10.324373960494995
10.446484565734863
10.718732595443726
10.317370653152466
10.533561706542969
10.68570065498352
10.480515718460083
10.564592599868774
10.556585788726807
10.524556398391724
10.735748052597046
10.33238172531128
10.648669004440308
10.592618465423584
10.568596124649048
10.573600053787231
10.422464609146118
10.552581548690796
10.572599411010742
10.546574592590332
10.424463510513306
10.598624467849731
10.507538557052612
10.331380605697632
10.56559443473816
10.454491138458252
10.426464319229126
10.872872352600098
10.660680532455444
10.672690868377686
10.6786949634552
10.248304843902588
10.588613986968994
10.5746009349823
10.269323587417603
10.356402158737183
10.457494974136353
10.59762191772461
10.642663717269897
10.544573545455933
10.763774156570435
10.58861255645752
10.368414878845215
10.875875473022461
10.80656886100769
10.220702648162842
