Timing log for each step:
0.0270235538482666
5.421937465667725
5.265799283981323
5.200740098953247
5.32084846496582
5.2708046436309814
5.608109474182129
5.29182243347168
5.378902435302734
5.292824983596802
4.997554063796997
5.333859205245972
5.676173210144043
5.59009575843811
5.349875211715698
5.236772775650024
5.455972671508789
5.341867923736572
5.352878570556641
5.244779825210571
5.254789590835571
5.221759080886841
5.392915487289429
5.458974123001099
5.348874568939209
5.436955213546753
5.353878974914551
5.276808261871338
5.566073417663574
5.270802736282349
5.389910697937012
5.567075252532959
5.2878193855285645
5.281814098358154
5.159701108932495
5.058609247207642
5.171713829040527
5.197737455368042
5.532041788101196
5.356873273849487
4.86343240737915
5.166709661483765
5.248783111572266
5.378901958465576
5.420940399169922
5.0996479988098145
5.198737621307373
5.24077582359314
5.219757556915283
5.3368635177612305
5.214752435684204
5.357881784439087
5.369894742965698
5.357882976531982
5.30783748626709
5.310840368270874
5.237773895263672
5.254789113998413
5.247783422470093
5.284817218780518
5.2938244342803955
5.295825719833374
5.222760438919067
5.458974599838257
5.2958269119262695
5.268801689147949
5.398918628692627
5.343870162963867
5.361887454986572
5.421942234039307
5.298830270767212
5.4679834842681885
5.400922536849976
5.32985782623291
5.2738072872161865
5.299830675125122
5.343870162963867
5.307838439941406
5.399921655654907
5.342868804931641
5.408930540084839
5.377901315689087
5.470985651016235
5.382906436920166
5.512020587921143
5.336865186691284
5.239776611328125
5.309840202331543
5.435953855514526
5.38490629196167
5.30783748626709
5.350876092910767
5.341867685317993
5.501013517379761
5.361886739730835
5.326854944229126
5.388911962509155
5.457974195480347
5.405925989151001
5.349875450134277
5.360886335372925
5.382905960083008
5.337864875793457
5.278810501098633
5.302833795547485
5.481996059417725
5.372896909713745
5.268802881240845
5.342869281768799
5.40492582321167
5.332859516143799
5.276808500289917
5.429948568344116
5.38791036605835
5.417937994003296
5.3568830490112305
5.346873044967651
5.350876331329346
5.3558807373046875
5.401923418045044
5.346872806549072
5.380904674530029
5.436954498291016
5.472987651824951
5.412932395935059
5.451968431472778
5.350875616073608
5.491004943847656
5.421942710876465
5.375898599624634
5.475991487503052
5.275807857513428
5.349874496459961
5.372896194458008
5.443962097167969
5.469985008239746
5.410931587219238
5.403924226760864
5.312840938568115
5.397919654846191
5.438955783843994
5.421941757202148
5.264799118041992
5.2688024044036865
5.391912221908569
5.3548808097839355
5.362888336181641
5.452969312667847
5.410932302474976
5.362888336181641
5.333860397338867
5.427945852279663
5.408928632736206
5.36288857460022
5.318847179412842
5.422939777374268
5.318848609924316
5.417938709259033
5.290822982788086
5.375898361206055
5.27881121635437
5.309840679168701
5.426944971084595
5.306837320327759
5.349876403808594
5.250786304473877
5.4259443283081055
5.446964502334595
5.306837797164917
5.382906198501587
5.482996940612793
5.3498756885528564
5.378902435302734
5.44396185874939
5.410931825637817
5.391913890838623
5.304835796356201
5.26580023765564
5.29182243347168
5.426946640014648
5.540049314498901
5.289820671081543
5.264798402786255
5.332861423492432
5.516026496887207
5.369892835617065
5.165708303451538
5.325854301452637
5.322851181030273
5.4389567375183105
5.225763559341431
5.342869281768799
5.4049248695373535
5.3138427734375
5.227765798568726
5.222758054733276
5.492005348205566
5.289822101593018
5.401923418045044
5.382903099060059
5.401922702789307
5.348874568939209
5.310839653015137
5.566070556640625
5.367891788482666
5.352878570556641
5.284817457199097
5.4649810791015625
5.443960666656494
5.473988771438599
5.224761009216309
5.3608856201171875
5.382905960083008
5.421941518783569
5.392913818359375
5.402922868728638
5.323851823806763
5.427947521209717
5.37089467048645
5.306836128234863
5.365889072418213
5.302833318710327
5.374898672103882
5.3769004344940186
5.422942399978638
5.398920059204102
5.411931753158569
5.3468732833862305
5.31684684753418
5.425944566726685
5.43595552444458
5.573078632354736
5.347874879837036
5.4249444007873535
5.371896028518677
5.4239420890808105
5.399920225143433
5.393915891647339
5.393915414810181
5.694188833236694
5.28381609916687
5.500012397766113
5.282814264297485
5.348875522613525
5.178720712661743
5.375898599624634
5.340866565704346
5.443960428237915
5.266799449920654
5.354881048202515
5.430949687957764
5.429948091506958
5.430950164794922
5.452969551086426
5.4229419231414795
5.365889549255371
5.454970836639404
5.247783184051514
5.460976600646973
5.354879379272461
5.386909246444702
5.364888668060303
5.337864637374878
5.292823314666748
5.456973075866699
5.487001657485962
5.436954975128174
5.475991487503052
5.3608856201171875
5.328856706619263
5.321850776672363
5.357882738113403
5.3869099617004395
5.380903244018555
5.381905794143677
5.3688929080963135
5.356882333755493
5.467982769012451
5.443960666656494
5.335862874984741
5.5470545291900635
5.398919105529785
5.36588978767395
5.315844774246216
5.37790060043335
5.537045001983643
5.428948163986206
5.523033380508423
5.286818265914917
5.46197772026062
5.167710065841675
5.3939149379730225
5.441958904266357
5.500013828277588
5.432950973510742
5.3588831424713135
5.349876403808594
5.355881214141846
5.373896837234497
5.260793924331665
5.367892265319824
5.436955451965332
5.414934873580933
5.420939207077026
5.577082395553589
5.512023210525513
5.407927751541138
5.327855348587036
5.402922868728638
5.3238525390625
5.326854467391968
5.382905721664429
5.343870162963867
5.421940803527832
5.336863040924072
5.3118414878845215
5.313842296600342
5.53104043006897
5.421941518783569
5.411933422088623
5.190730333328247
5.3548808097839355
5.51402473449707
5.302833080291748
5.602105617523193
5.428948163986206
5.429948091506958
5.4269468784332275
5.400517463684082
