Timing log for each step:
0.013011932373046875
5.766209363937378
5.727617263793945
5.975650310516357
5.904658794403076
5.845296144485474
5.9022369384765625
5.993790864944458
5.827131986618042
5.910034418106079
5.947890996932983
5.862437963485718
5.971214294433594
6.0628039836883545
5.9515581130981445
6.052271127700806
5.985153436660767
6.120220422744751
5.985046863555908
5.901778936386108
5.788168907165527
5.378767013549805
5.146795749664307
5.370716571807861
5.596845388412476
5.666526794433594
5.966824054718018
5.6009862422943115
5.84635329246521
5.460790634155273
5.904401540756226
5.485840082168579
5.637986898422241
6.398143768310547
5.866259336471558
5.686677932739258
5.303315162658691
5.334770679473877
5.605081081390381
5.303965330123901
5.361872434616089
5.3403074741363525
5.277830123901367
5.447378396987915
5.072047233581543
5.316712856292725
5.026597499847412
5.041695594787598
5.017410039901733
5.09402060508728
5.222425699234009
5.139517307281494
5.003558158874512
5.104459762573242
5.12523627281189
5.230735540390015
5.154217958450317
5.166505336761475
5.208890914916992
5.0474488735198975
5.146179914474487
5.085036277770996
5.185960531234741
5.047966480255127
5.014191627502441
5.080109596252441
5.130979776382446
5.0448901653289795
5.106407642364502
5.435974359512329
5.199222564697266
4.973883628845215
4.9986732006073
5.0256805419921875
5.627903938293457
5.6427953243255615
5.22709321975708
5.108457565307617
5.2598512172698975
5.1828625202178955
5.0211241245269775
4.936131000518799
5.168030023574829
5.123581171035767
5.460839509963989
5.55002760887146
5.397011041641235
5.412829399108887
5.53036642074585
5.383474111557007
5.542356729507446
5.755675315856934
5.437364816665649
5.396920919418335
5.476557493209839
5.422486066818237
5.4055869579315186
5.326356410980225
5.385447978973389
5.3951380252838135
5.290563583374023
5.489242076873779
5.35085654258728
5.402935266494751
5.5211851596832275
5.378410339355469
5.457315921783447
5.386101961135864
6.191891193389893
5.521615743637085
5.602901935577393
5.399075746536255
5.473443269729614
5.434381484985352
5.430495262145996
5.126248121261597
