Timing log for each step:
0.01701521873474121
5.583669185638428
5.507271766662598
5.515101194381714
5.501254320144653
5.581456184387207
5.618671655654907
5.575162410736084
5.461864471435547
5.602614164352417
5.583348989486694
5.503023147583008
5.542938232421875
5.518347978591919
5.525075674057007
5.500566244125366
5.596617698669434
5.643138885498047
5.670725584030151
5.568240642547607
5.549585819244385
5.592602014541626
5.6326024532318115
5.607184648513794
5.760291337966919
5.482054233551025
5.624294281005859
5.4659388065338135
5.5432257652282715
5.68379807472229
5.793358564376831
5.542617321014404
5.543052673339844
5.376450300216675
5.37731671333313
5.420988321304321
5.557710409164429
5.67842435836792
5.640900135040283
5.570589065551758
5.52626371383667
5.423298120498657
5.525960206985474
5.763958930969238
5.585161447525024
5.598034381866455
5.491508483886719
5.571234941482544
5.461758613586426
5.579923152923584
5.416453123092651
5.559067010879517
5.571105241775513
5.50487756729126
5.600961446762085
5.658737421035767
5.677055597305298
5.5720789432525635
5.611908197402954
5.664302110671997
5.608560800552368
5.634373188018799
5.622514009475708
5.592527151107788
5.7027082443237305
5.736156702041626
5.547677993774414
5.603520393371582
5.6456592082977295
5.648885250091553
5.667667865753174
5.6826324462890625
5.5273988246917725
5.588571786880493
5.557944297790527
5.614389896392822
5.489177465438843
5.478193759918213
5.612889528274536
5.597376823425293
5.582773685455322
5.609564542770386
5.625634670257568
5.794631004333496
5.803156852722168
5.928526163101196
5.888348579406738
5.9223034381866455
5.678048610687256
5.6288535594940186
5.590299606323242
5.69024133682251
5.70605993270874
5.552997827529907
5.638349771499634
5.5345139503479
5.568231821060181
5.507908344268799
5.548299074172974
5.604475975036621
5.662647724151611
5.695397138595581
5.717211961746216
5.861498117446899
5.418766260147095
5.671424627304077
5.582567453384399
5.595218658447266
5.588193416595459
5.611227512359619
5.541874647140503
5.615604877471924
5.63957953453064
5.630190372467041
5.6011457443237305
5.660459041595459
5.680713891983032
5.628848552703857
5.673723936080933
5.650853872299194
5.51753306388855
5.542112350463867
5.590071201324463
5.6010966300964355
5.6278746128082275
5.65617561340332
5.6679582595825195
5.624405860900879
5.658085584640503
5.663020849227905
5.472427845001221
5.665017127990723
5.583089113235474
5.463592767715454
5.564948081970215
5.686178922653198
5.569020748138428
5.650969505310059
5.574848175048828
5.548057794570923
5.637078285217285
5.649740219116211
5.6265294551849365
5.671655178070068
5.505028247833252
5.61863374710083
5.729892253875732
5.558413505554199
5.533639430999756
5.619924306869507
5.5763115882873535
5.617323398590088
5.571487903594971
5.682639837265015
5.600682020187378
5.596706867218018
5.527460813522339
5.585047483444214
5.637166738510132
5.68162202835083
5.603082656860352
5.664775371551514
5.578985929489136
5.5705931186676025
5.622225046157837
5.725600242614746
5.690860033035278
5.677170276641846
5.693821668624878
5.668077230453491
5.59109091758728
5.695957660675049
5.728654623031616
5.641443729400635
5.851706027984619
5.978471994400024
6.003534555435181
5.914839506149292
5.699733734130859
5.457405090332031
5.674143075942993
5.721979141235352
5.614545583724976
5.610424518585205
5.711819410324097
5.644017934799194
5.610625505447388
5.693609714508057
5.642842769622803
5.563603639602661
5.640843152999878
5.5949625968933105
5.580642461776733
5.612142086029053
5.613736867904663
5.608527183532715
5.682052850723267
5.623348951339722
5.691074371337891
5.546805381774902
5.6550469398498535
5.886252403259277
5.624370336532593
5.619161128997803
5.601941823959351
5.698272228240967
5.542558431625366
5.595290899276733
5.533608913421631
5.634145259857178
5.656073570251465
5.617055177688599
5.652611494064331
5.612635135650635
5.831310510635376
5.903850317001343
5.928876638412476
5.631162643432617
5.572689771652222
5.575835466384888
5.653695821762085
5.53513240814209
5.6289732456207275
5.683692455291748
5.667359113693237
5.587514400482178
5.65872859954834
5.659810543060303
5.6257829666137695
5.577483654022217
5.5354697704315186
5.5493927001953125
5.732995271682739
5.695692777633667
5.581644296646118
5.657156467437744
5.5759758949279785
5.611398935317993
5.607613563537598
5.646154403686523
5.615690231323242
5.631118059158325
5.723825693130493
5.730721473693848
5.639468669891357
5.530491590499878
5.521862745285034
5.636178255081177
5.7440009117126465
5.601621627807617
5.622117519378662
5.608247756958008
5.512908935546875
5.572067975997925
5.60287618637085
5.595539093017578
5.596099138259888
5.625154733657837
5.68819522857666
5.586502313613892
5.573586940765381
5.638068199157715
5.677937030792236
5.609642267227173
5.674283742904663
5.838619709014893
5.637513160705566
5.694723606109619
5.694744348526001
5.566073894500732
5.6862452030181885
5.556570529937744
5.721104145050049
5.549317359924316
5.621263027191162
5.675329923629761
5.60585355758667
5.680389881134033
5.556615352630615
5.730574369430542
5.682726621627808
5.472553014755249
5.617626190185547
5.560516834259033
5.496306419372559
5.517937183380127
5.589206218719482
5.479040861129761
6.0003273487091064
5.604814291000366
5.6021013259887695
5.732758522033691
5.559484004974365
5.695706605911255
5.661189317703247
5.566728353500366
5.652090549468994
5.687728643417358
5.828810930252075
5.624782085418701
5.607524871826172
5.683175325393677
5.5960304737091064
5.693162679672241
5.615633249282837
5.59944748878479
5.689371109008789
5.558648586273193
5.617899656295776
5.756205081939697
5.645699739456177
5.527295351028442
5.470337629318237
5.508468151092529
5.762882471084595
5.666187763214111
5.700993061065674
5.64512300491333
5.508543968200684
5.547410011291504
5.699088096618652
5.731427431106567
5.61792516708374
5.5088818073272705
5.706818342208862
5.639253616333008
5.584148406982422
5.660048484802246
5.586596965789795
5.647402048110962
5.6801323890686035
5.540855646133423
5.668668031692505
5.655019044876099
5.8747804164886475
5.592541456222534
5.538342714309692
5.68132472038269
5.623651504516602
5.607537269592285
5.594605445861816
5.616417646408081
5.567502975463867
5.537449836730957
5.699720621109009
5.5575525760650635
5.789589166641235
5.765711784362793
5.5632524490356445
5.829791784286499
5.841824769973755
5.728602170944214
5.710875511169434
5.663538932800293
5.56659460067749
5.489849090576172
5.613968372344971
5.495892763137817
5.644669532775879
5.551029205322266
5.664766311645508
5.482884407043457
5.624347448348999
5.4995880126953125
5.710637331008911
5.618615388870239
5.534879684448242
5.758134603500366
5.629648923873901
5.664206266403198
5.593970060348511
5.5465850830078125
5.506292343139648
5.611841678619385
5.605563163757324
5.580591917037964
5.481176137924194
5.4949235916137695
5.552488565444946
5.64968204498291
5.660772800445557
5.6055567264556885
5.621560573577881
5.562576532363892
5.61727499961853
5.614043951034546
5.5364580154418945
5.657318115234375
5.579948663711548
5.740145206451416
5.5555644035339355
5.692708730697632
5.394964933395386
5.628568887710571
5.72974967956543
5.7271177768707275
5.683615207672119
5.628102540969849
5.609895944595337
5.598498106002808
5.677998304367065
5.572227239608765
5.632652044296265
5.678168296813965
5.665984630584717
5.803153038024902
5.670680284500122
5.510250568389893
5.549237966537476
5.583826065063477
5.551418304443359
5.574427843093872
5.569620370864868
5.532037258148193
5.6826231479644775
5.563401222229004
5.618560791015625
5.463974237442017
5.664033889770508
5.647139072418213
5.49214506149292
5.950284719467163
5.792830467224121
5.637969255447388
5.6252686977386475
5.69062614440918
5.686413526535034
5.590405225753784
5.589606046676636
5.6902015209198
5.59685492515564
5.63255763053894
5.683701276779175
5.667644500732422
5.651261568069458
5.632789850234985
5.691985845565796
5.6639015674591064
5.8238279819488525
5.49651575088501
5.520812273025513
5.637984275817871
5.721031427383423
5.65287446975708
5.643138885498047
5.554733753204346
5.638498544692993
5.5668418407440186
5.64365553855896
5.574078798294067
5.627025842666626
5.59069037437439
5.54759955406189
5.66115927696228
5.612159252166748
5.680836200714111
5.531594276428223
6.077533960342407
5.716982841491699
5.591526031494141
5.639659404754639
5.67550253868103
5.676475524902344
5.583343267440796
5.614628076553345
5.590847015380859
5.557486534118652
5.659587383270264
5.6560423374176025
5.625600576400757
5.648366212844849
5.6138670444488525
5.506483554840088
5.567585468292236
5.630331516265869
5.599616527557373
5.615990161895752
5.626655340194702
5.65970516204834
5.629037380218506
5.712195634841919
5.610882759094238
5.705275058746338
5.4928977489471436
5.69641900062561
5.5397655963897705
5.653753757476807
5.746809005737305
5.6613688468933105
5.674562454223633
5.449093341827393
5.605618238449097
5.591850757598877
5.599560499191284
5.7204248905181885
5.596949338912964
5.583613872528076
5.576330900192261
5.611574172973633
5.682593107223511
5.653284072875977
5.599839925765991
5.5993523597717285
5.693689584732056
5.603724241256714
5.593184471130371
5.590526342391968
5.690741539001465
5.712463855743408
5.658771514892578
5.858545780181885
5.462977409362793
5.712504625320435
5.582358360290527
5.740524530410767
5.7262115478515625
5.709644079208374
5.492832660675049
5.627644062042236
5.579218149185181
5.558199405670166
5.6634626388549805
5.71262264251709
5.57407283782959
5.5990800857543945
5.5439159870147705
5.6823890209198
5.6194751262664795
5.754196643829346
5.590686321258545
5.751760244369507
5.609330415725708
5.619126319885254
5.7581627368927
5.656712770462036
5.5324931144714355
5.486826419830322
5.611799001693726
5.684173583984375
5.668161392211914
5.646272659301758
5.695619821548462
5.6285247802734375
5.677417993545532
5.640000820159912
5.668546438217163
5.786069631576538
5.626061677932739
5.68701171875
5.700990200042725
5.516445875167847
5.591670989990234
5.54033350944519
5.662947177886963
5.604187965393066
5.577499151229858
5.697204828262329
5.579934358596802
5.604034423828125
5.4218268394470215
5.437456369400024
5.738074064254761
5.675867080688477
5.710605144500732
5.657657623291016
5.523249626159668
5.6072657108306885
5.586955547332764
5.584136247634888
5.715579271316528
5.687492847442627
5.660653829574585
5.682751655578613
5.509049892425537
5.636994361877441
5.665771961212158
5.5932371616363525
5.592279672622681
5.599508762359619
5.632711410522461
5.644326686859131
5.638439893722534
5.815260171890259
5.606786727905273
5.522083520889282
5.691109895706177
5.58396315574646
5.468493700027466
5.584575414657593
5.654100656509399
5.619988679885864
5.721768856048584
5.682384967803955
5.727294206619263
5.577140808105469
5.6310601234436035
5.570850372314453
5.684059143066406
5.6792333126068115
5.585480451583862
6.146959066390991
5.675226211547852
5.657646417617798
5.876814842224121
5.647714376449585
5.519541025161743
5.60109806060791
5.581619501113892
5.636916875839233
5.708441972732544
5.585965871810913
5.702769041061401
5.690129995346069
5.694742918014526
5.617015600204468
5.5719592571258545
5.610502243041992
5.572451591491699
5.704092264175415
5.68292760848999
5.668734312057495
5.487877368927002
5.670011520385742
5.742624521255493
5.612648010253906
5.6466474533081055
5.640310049057007
5.614229917526245
5.6301188468933105
5.617112398147583
5.716468811035156
5.783674955368042
5.70520281791687
5.71203088760376
5.700080633163452
5.9539313316345215
5.703086614608765
5.56883430480957
5.6442811489105225
5.664046764373779
5.6315953731536865
5.702835321426392
5.690775156021118
5.700709581375122
5.6138317584991455
5.5844480991363525
5.717837810516357
5.6215314865112305
5.569135904312134
5.683801651000977
5.706802845001221
5.73912501335144
5.600729942321777
5.809994220733643
5.633972883224487
5.949139356613159
5.57752799987793
5.5105273723602295
5.642117023468018
5.62199068069458
5.555633068084717
5.6941869258880615
5.646139860153198
5.665743827819824
5.666569232940674
5.683484315872192
5.495918273925781
5.62153697013855
5.65169095993042
5.483134031295776
5.6716578006744385
5.572588205337524
5.665246963500977
5.678138256072998
6.356974124908447
5.625185489654541
5.682779312133789
5.491877317428589
5.641475677490234
5.619123697280884
5.587949752807617
5.605004072189331
5.680585145950317
5.909465789794922
6.033868312835693
5.971880912780762
6.0663745403289795
6.059383153915405
5.6384806632995605
5.744044780731201
5.798681735992432
5.950851678848267
6.006865739822388
5.728213548660278
5.741048097610474
5.808166027069092
5.792160511016846
5.780260801315308
5.919266939163208
5.887250185012817
5.922354698181152
5.872344493865967
5.798657178878784
5.888838052749634
5.974961042404175
5.8443193435668945
5.775651454925537
5.839736700057983
5.834818124771118
5.833622932434082
5.698058366775513
5.674724578857422
5.62593674659729
5.704162120819092
5.585986852645874
5.703667163848877
5.646655797958374
5.676565885543823
5.558067083358765
5.665064811706543
5.749948024749756
5.673041343688965
5.777709722518921
5.71272087097168
5.621424674987793
5.645498514175415
5.749675750732422
5.823300123214722
5.750279188156128
5.696387767791748
5.699709177017212
5.5257248878479
5.769029140472412
5.604763507843018
5.575875997543335
5.60798716545105
5.604525566101074
5.7017011642456055
5.7903733253479
5.558117151260376
5.6874566078186035
5.7647480964660645
5.616111516952515
5.54163670539856
5.743665456771851
5.671699047088623
5.775058269500732
5.547675371170044
5.687962770462036
5.656661033630371
5.7162299156188965
5.63225531578064
5.70327615737915
5.638186454772949
5.562956094741821
5.689041614532471
5.81664252281189
5.830251455307007
5.553929328918457
5.616702556610107
5.844692945480347
5.748342514038086
5.670415639877319
5.7043914794921875
5.533641338348389
5.642162322998047
5.5914716720581055
5.616695165634155
5.666677951812744
5.735287666320801
5.6469268798828125
5.680028676986694
5.695170164108276
5.6047868728637695
5.692782163619995
5.533852815628052
5.584082841873169
5.422225475311279
5.665592432022095
5.566011667251587
5.739279270172119
5.520723342895508
5.698703050613403
5.6283416748046875
5.600499391555786
5.695651054382324
5.5643651485443115
5.609532356262207
5.583370685577393
5.6176323890686035
5.700626373291016
5.6299965381622314
5.581973552703857
5.679883718490601
5.750795602798462
5.614380836486816
5.590544939041138
5.684083700180054
5.731683254241943
5.700126886367798
5.663223028182983
5.811288595199585
5.691127300262451
5.653057336807251
5.470495223999023
5.654658079147339
5.751098871231079
5.636473894119263
5.590603828430176
5.640509366989136
5.632101774215698
5.557936429977417
5.551559925079346
5.586196422576904
5.519359588623047
5.637624502182007
5.547561407089233
5.714036703109741
5.544504165649414
5.581592082977295
5.631356716156006
5.614694595336914
5.815136194229126
5.785266399383545
5.510692596435547
5.622543573379517
5.56157922744751
5.520024061203003
5.533572435379028
5.644262075424194
5.695686101913452
5.651659965515137
5.631705284118652
5.5949695110321045
5.6404032707214355
5.52952241897583
5.610329866409302
5.51325535774231
5.5384557247161865
5.637450218200684
5.774441480636597
5.7242090702056885
5.594090938568115
5.360878944396973
5.673163414001465
5.661152124404907
5.7192041873931885
5.60710334777832
5.579076766967773
5.593090057373047
5.738220691680908
5.50000524520874
5.184718608856201
5.53103494644165
5.385902404785156
5.651142358779907
5.3658833503723145
5.502007246017456
5.394907712936401
5.630124092102051
5.593091011047363
5.618113279342651
5.579077959060669
5.628122806549072
5.526028633117676
5.458969354629517
5.4559667110443115
5.50501012802124
5.500006437301636
5.4609694480896
5.556055784225464
5.532034397125244
5.65414571762085
5.05960488319397
5.623117208480835
5.811287879943848
5.55205225944519
5.546047210693359
5.611106634140015
5.088632345199585
5.383899688720703
5.431940793991089
5.582080125808716
5.537039518356323
5.445956468582153
5.438949823379517
5.298820972442627
5.626120328903198
5.431943655014038
5.34586501121521
5.144681215286255
5.358878135681152
5.556057929992676
5.4459545612335205
5.3648834228515625
5.611107110977173
5.459968328475952
5.631124496459961
5.552052736282349
5.55405330657959
5.392909049987793
5.38990592956543
5.529031276702881
5.5540547370910645
5.550050735473633
5.360878229141235
5.405919313430786
5.419932126998901
5.612107276916504
5.2037341594696045
5.502007007598877
5.7672483921051025
5.4439544677734375
5.77525520324707
5.448959112167358
5.425938606262207
5.4899961948394775
5.632125616073608
5.513016223907471
5.566065073013306
5.456965923309326
5.486992359161377
5.666157007217407
5.515018701553345
5.402917385101318
5.458966970443726
5.497002840042114
5.31183385848999
5.569067478179932
5.266793966293335
5.38590145111084
5.544046401977539
5.518021821975708
5.653143644332886
5.284810304641724
5.435947418212891
5.387903213500977
5.3248450756073
5.441953420639038
5.466975450515747
5.267795085906982
5.807283878326416
5.2207512855529785
5.759241819381714
5.6381309032440186
5.436946868896484
5.575074672698975
5.385901689529419
5.526028156280518
5.209740400314331
5.408922433853149
5.273800611495972
5.484991550445557
5.521023988723755
5.605100631713867
5.740223169326782
5.490997314453125
5.534035921096802
5.480988264083862
5.550050973892212
5.3658833503723145
5.362881422042847
5.698185443878174
5.3238441944122314
5.309832334518433
5.461971998214722
5.561060905456543
5.550049066543579
5.432942867279053
5.3598785400390625
5.732216835021973
5.713199138641357
5.655146837234497
5.625120162963867
5.453964471817017
5.549051284790039
5.379897594451904
5.480987787246704
5.689175605773926
5.424936532974243
5.66515588760376
5.485992431640625
5.470978021621704
5.2547831535339355
5.293818712234497
5.622117042541504
5.476984977722168
5.339860200881958
5.769250154495239
5.413926601409912
5.6811699867248535
5.390905857086182
5.627122163772583
5.406921625137329
5.577074766159058
5.529031753540039
5.58307957649231
5.443954944610596
5.506011486053467
5.655147075653076
5.51501989364624
5.516020059585571
5.501006126403809
5.606101036071777
5.697184085845947
5.5010058879852295
5.498003721237183
5.55705714225769
5.429940938949585
5.5040082931518555
5.60509991645813
5.346866130828857
5.402918815612793
5.502006769180298
5.456966161727905
5.620115041732788
5.646137237548828
5.4129252433776855
5.451961517333984
5.327847719192505
5.2687952518463135
5.466975450515747
5.455966472625732
5.358877182006836
5.4089226722717285
5.2798051834106445
5.562062501907349
5.5630621910095215
5.532033681869507
5.533035039901733
5.4639716148376465
5.3628809452056885
5.580079078674316
5.5300328731536865
5.472980260848999
5.418931722640991
5.565063714981079
5.397911787033081
5.446955680847168
5.362879514694214
5.387901544570923
5.708194732666016
5.458968877792358
5.388903856277466
5.480987548828125
5.572072505950928
5.482988119125366
5.3778955936431885
5.7001869678497314
5.64814019203186
5.49199914932251
5.461969614028931
5.47798490524292
5.469979286193848
5.46397066116333
5.4299397468566895
5.436947345733643
5.481988906860352
5.484992027282715
5.458967447280884
5.464972972869873
5.390906810760498
5.596092700958252
5.499004125595093
5.481988906860352
5.4869935512542725
5.504010200500488
5.675163745880127
5.481987714767456
5.452962875366211
5.499003648757935
5.575073957443237
5.511014938354492
5.513017654418945
5.361879587173462
5.505009651184082
5.49399995803833
5.427940130233765
5.367886304855347
5.513016939163208
5.557055711746216
5.430942535400391
5.461971044540405
5.466975688934326
5.343863248825073
5.5840818881988525
5.337858438491821
5.491998195648193
5.566066265106201
5.5490500926971436
5.6161110401153564
5.3028271198272705
5.281807899475098
5.579077243804932
5.39591121673584
5.451962947845459
5.423935651779175
5.503006219863892
5.5540547370910645
5.5740721225738525
5.42693829536438
5.4289398193359375
5.604099750518799
5.639131784439087
5.571069717407227
5.5000059604644775
5.608104467391968
5.59809422492981
5.459968328475952
5.5260279178619385
5.520023584365845
5.600095272064209
5.582079887390137
5.508012056350708
5.53403639793396
5.639132022857666
5.558058261871338
5.675165176391602
5.4229350090026855
5.784263610839844
5.453962802886963
5.580078840255737
5.600096225738525
5.423935651779175
5.560059547424316
5.405919313430786
5.581079006195068
5.472980499267578
5.458968877792358
5.586083889007568
5.636128902435303
5.549050331115723
5.472980260848999
5.5440452098846436
5.553053379058838
5.408922910690308
5.4439544677734375
5.286811113357544
5.5410425662994385
5.436947345733643
5.493999481201172
5.605101108551025
5.387903451919556
5.571069717407227
5.412925720214844
5.4469568729400635
5.644136190414429
5.347867250442505
5.554054021835327
5.579078197479248
5.534036636352539
5.44995903968811
5.5260279178619385
5.489996433258057
5.517021656036377
5.410923480987549
5.481980562210083
5.593090534210205
5.34586501121521
5.51101541519165
5.419933080673218
5.412925720214844
5.388904333114624
5.368886947631836
5.5890867710113525
5.607102632522583
5.513017177581787
5.565064430236816
5.954070568084717
5.785998106002808
5.691178798675537
5.590087890625
5.577583312988281
