Timing log for each step:
0.01301121711730957
5.968279123306274
5.922114849090576
5.9066455364227295
5.887811660766602
5.8539745807647705
5.883227586746216
5.8854475021362305
5.865976810455322
5.980449199676514
5.779149770736694
5.731880187988281
5.866409540176392
5.946387052536011
5.862043142318726
5.8103508949279785
5.863497018814087
5.887610912322998
5.942617177963257
5.902468919754028
5.993175745010376
6.021839141845703
6.075915098190308
6.047409534454346
5.905728340148926
5.968381643295288
5.953460216522217
6.073991537094116
6.126775503158569
6.187814712524414
6.219743490219116
5.987305402755737
5.976327419281006
5.957568645477295
6.016671419143677
6.045167922973633
5.992828607559204
5.988389730453491
6.091733694076538
6.030022621154785
6.041991472244263
5.92225980758667
5.804988861083984
5.849801301956177
5.845053195953369
5.811564683914185
5.920320510864258
6.029692888259888
6.068226099014282
5.9994752407073975
5.965702056884766
5.874651908874512
5.957062721252441
5.9911346435546875
6.024269342422485
6.046992778778076
6.040754795074463
6.034082412719727
6.009554624557495
5.971338987350464
6.118560075759888
6.219919681549072
5.990534543991089
6.015474081039429
5.9585936069488525
6.0088231563568115
5.98526406288147
6.001168727874756
5.9835920333862305
6.085329055786133
6.0645670890808105
5.969482421875
6.054296493530273
6.01239800453186
5.953513145446777
5.947992563247681
6.3513264656066895
5.97700047492981
6.003875494003296
6.034024238586426
6.04403018951416
5.990802526473999
6.070593357086182
6.047802448272705
6.018226861953735
6.116016387939453
6.063976764678955
6.09541916847229
6.015537261962891
6.0128984451293945
5.970740795135498
5.988950967788696
6.042670011520386
6.076907634735107
5.990489482879639
5.9951183795928955
5.918978452682495
6.059031963348389
6.0981669425964355
6.112457036972046
6.0833580493927
6.14998984336853
6.02139949798584
5.963798522949219
6.046516180038452
5.946181774139404
5.978825330734253
5.9507155418396
5.970481634140015
6.028233528137207
5.939282655715942
6.173283100128174
6.388450384140015
6.442381858825684
6.489288568496704
6.877352237701416
6.760268449783325
6.878549337387085
6.663831472396851
6.921951770782471
6.978557586669922
6.649557113647461
6.018279075622559
6.1525115966796875
5.982934236526489
7.654755353927612
6.5104711055755615
6.073240518569946
6.025867462158203
5.618252992630005
6.046279430389404
7.048003911972046
5.539036989212036
5.510010242462158
5.481982707977295
5.654140472412109
5.5230231285095215
5.505005359649658
5.548044443130493
5.52702522277832
5.528026342391968
5.552047252655029
5.499999761581421
5.504005193710327
5.516014814376831
5.569063663482666
5.506006479263306
5.48698878288269
5.541037082672119
5.54003643989563
5.527252674102783
5.468311548233032
5.52947998046875
5.481983184814453
5.498999357223511
5.644132137298584
5.49099326133728
5.500000715255737
5.509009838104248
5.528026103973389
5.508008241653442
5.5030035972595215
5.539034128189087
5.4759790897369385
5.518017053604126
5.491992712020874
5.512008905410767
5.4569618701934814
5.671148777008057
5.650066137313843
5.517014741897583
5.623112440109253
5.556051015853882
5.498999834060669
5.5000011920928955
5.510202407836914
5.5215559005737305
5.447953224182129
5.620110273361206
5.658143758773804
5.484987258911133
5.593082427978516
5.484986305236816
5.4949963092803955
5.509008407592773
5.549045085906982
5.502002000808716
5.421929121017456
5.533030271530151
5.492994546890259
5.47197151184082
5.499000549316406
5.514013767242432
5.399910926818848
5.471973896026611
5.5260231494903564
5.483985662460327
5.484703540802002
5.50800633430481
5.508008718490601
5.517015695571899
5.470974683761597
5.455959320068359
5.486989498138428
5.444951057434082
5.49399471282959
5.401913642883301
5.448953866958618
5.459964752197266
5.5150134563446045
5.569064140319824
5.529871940612793
5.552048206329346
5.49899959564209
5.518016815185547
5.439946174621582
5.447514057159424
5.5110108852386475
5.537034511566162
5.437945127487183
5.530027389526367
5.496998071670532
5.502002716064453
5.420928955078125
5.487989902496338
5.431939601898193
5.478982448577881
5.466970920562744
5.483562469482422
5.42473578453064
5.479982614517212
5.524021625518799
5.534032344818115
5.531028747558594
5.5350306034088135
5.565059661865234
5.754523992538452
6.105051040649414
6.008084297180176
6.051088809967041
5.997390031814575
6.055762529373169
5.982748746871948
5.878036975860596
5.919182062149048
5.932967901229858
6.008342266082764
5.915813446044922
5.946618556976318
5.828070878982544
5.832061529159546
5.833406925201416
5.86975622177124
5.912429094314575
5.941073417663574
5.960939884185791
6.035825252532959
6.041549205780029
5.940273284912109
5.963094711303711
5.995030403137207
5.9854090213775635
5.963952302932739
6.0224034786224365
5.945932388305664
5.930748462677002
5.94660758972168
6.013214826583862
5.960188627243042
5.932531356811523
5.877774238586426
5.963898420333862
5.956547737121582
5.950148820877075
6.0216429233551025
6.093797445297241
5.935387849807739
5.947683811187744
5.955005168914795
5.9525909423828125
5.996481418609619
5.9586756229400635
5.945368766784668
6.0091025829315186
5.947717905044556
5.990905284881592
6.1036458015441895
6.0052595138549805
5.916396856307983
5.992440938949585
5.942062616348267
6.037360668182373
6.01278829574585
5.876660346984863
5.993507385253906
5.9398698806762695
6.042221546173096
5.870745897293091
5.8095433712005615
5.891234874725342
5.930269479751587
5.935422658920288
5.977380037307739
5.915210485458374
5.999709129333496
5.957334041595459
5.999119758605957
6.024319410324097
6.021439075469971
5.981909990310669
6.051499366760254
5.798950672149658
5.8361451625823975
5.87401819229126
5.914103031158447
5.877859592437744
5.843022346496582
5.789433002471924
5.962909698486328
5.961744070053101
5.910379409790039
5.941192388534546
5.989309072494507
6.01091742515564
5.971933841705322
6.491054534912109
6.608007431030273
5.87534236907959
5.683167457580566
5.478982210159302
5.477981090545654
5.556052207946777
5.464968919754028
5.456961393356323
5.4449498653411865
5.530027866363525
5.489991664886475
5.49699854850769
5.431938409805298
5.484986782073975
5.526024580001831
5.494996786117554
5.4729766845703125
5.5150134563446045
5.479982614517212
5.490990161895752
5.518018007278442
5.440948009490967
5.484986305236816
5.459962844848633
5.432611465454102
5.472976446151733
5.404914140701294
5.4419474601745605
5.458963394165039
5.514012098312378
5.445950746536255
5.514013767242432
5.517014980316162
5.477980375289917
5.464968681335449
5.434941291809082
5.464968681335449
5.502002954483032
5.437943935394287
5.492994785308838
5.496997833251953
5.577036142349243
5.488990783691406
5.322840690612793
5.436944246292114
5.464967966079712
5.4229302406311035
5.537034273147583
5.431938409805298
5.359872579574585
5.441948175430298
5.412921905517578
5.405916213989258
5.580072641372681
5.323841333389282
5.4819841384887695
5.3668787479400635
5.384894847869873
5.521019220352173
5.325842618942261
5.569063425064087
5.517014265060425
5.334850549697876
5.43694281578064
5.541039228439331
5.924115896224976
5.86295223236084
5.905108213424683
5.917247772216797
6.3377134799957275
6.015130043029785
6.193344354629517
6.227751016616821
5.991173028945923
5.955641746520996
5.94327712059021
5.919328689575195
5.902223587036133
5.913832664489746
5.893310785293579
6.043700456619263
6.006988286972046
5.884516716003418
6.0349366664886475
5.970903396606445
5.963497877120972
5.938461065292358
5.989025354385376
5.986158132553101
5.998666048049927
6.063518047332764
5.942428827285767
5.8450117111206055
5.710277795791626
5.950065851211548
5.949462175369263
6.025256156921387
5.976744651794434
5.955142974853516
5.878539323806763
5.842608451843262
5.888169050216675
5.8673014640808105
5.754385471343994
5.851689100265503
5.9113922119140625
5.822213411331177
5.855166673660278
5.977858304977417
5.904885768890381
6.433001518249512
5.937976837158203
5.910580396652222
5.874542236328125
5.817913770675659
5.880985736846924
5.797257661819458
5.910134792327881
5.823233127593994
5.856731414794922
5.863019704818726
5.946051836013794
6.003263235092163
5.983514070510864
5.9027769565582275
5.8954994678497314
5.947933197021484
6.006746530532837
6.009349822998047
5.817317485809326
5.917185544967651
5.88664436340332
5.8376970291137695
5.764419078826904
5.859684944152832
5.910674333572388
5.852750062942505
5.975411415100098
5.978573560714722
5.880439519882202
5.830563068389893
5.9330432415008545
6.186060190200806
6.207691431045532
6.023266315460205
5.929982900619507
5.871272802352905
5.904409170150757
5.910224437713623
6.0006067752838135
5.852213382720947
6.019551515579224
5.856989145278931
5.925312519073486
5.889311790466309
5.823866605758667
5.864805698394775
5.8991899490356445
5.977811336517334
5.871580600738525
5.952944993972778
5.815752267837524
5.915907859802246
6.018326997756958
5.896994113922119
6.4154276847839355
6.273702621459961
6.352786540985107
6.106618165969849
5.879875183105469
5.868674993515015
5.841053485870361
5.889489650726318
5.919239282608032
6.025999069213867
5.792122840881348
5.865105152130127
5.923524856567383
5.858413457870483
5.90502405166626
5.92467188835144
5.966033220291138
5.8839404582977295
5.918002605438232
5.899862766265869
5.8801140785217285
5.912732362747192
5.914245128631592
5.932465076446533
5.987474679946899
5.8887939453125
5.863883972167969
5.872039318084717
5.864813566207886
5.935436725616455
5.845552921295166
5.882543563842773
6.098088264465332
5.858032941818237
5.836158275604248
5.948664426803589
6.313636302947998
5.9255688190460205
5.931504487991333
5.9945666790008545
6.139512300491333
5.959595203399658
5.885106563568115
5.87212347984314
5.87225604057312
5.814269065856934
5.910287857055664
5.863032579421997
5.85406494140625
5.955447673797607
5.910922050476074
5.948494911193848
5.930049180984497
5.753852605819702
5.865626096725464
5.834691524505615
5.88004732131958
5.863463640213013
5.918053150177002
5.86605429649353
5.75222635269165
5.80213475227356
5.776098012924194
5.839940786361694
5.745797634124756
6.353487491607666
5.704692363739014
5.790743112564087
5.791601181030273
5.785796880722046
5.706851959228516
5.857831001281738
5.8124003410339355
5.819129228591919
5.781323432922363
5.711469888687134
5.778617858886719
5.85639214515686
5.80303955078125
5.840462684631348
5.878885984420776
5.822284460067749
5.7845377922058105
5.798821687698364
5.7641284465789795
5.7792723178863525
5.795862913131714
5.734306335449219
5.7737343311309814
5.845465660095215
5.727227210998535
5.726956605911255
5.738924026489258
5.764330148696899
5.7784202098846436
5.689428329467773
5.788137912750244
5.768062114715576
5.80147123336792
5.774954080581665
5.727288246154785
5.757928848266602
5.808488607406616
5.802676439285278
5.840712308883667
5.780194282531738
5.73731255531311
5.79724645614624
5.696755647659302
5.7611682415008545
5.758664608001709
5.793543815612793
5.746533393859863
5.853366136550903
5.86989951133728
5.8965699672698975
5.846780061721802
5.8279125690460205
5.753002166748047
5.729698181152344
5.598980665206909
5.437944650650024
5.400910139083862
5.442947864532471
5.4249327182769775
5.410920143127441
5.512010335922241
5.403913259506226
5.469972610473633
5.454958438873291
5.477977991104126
5.433940649032593
5.407915115356445
5.448952913284302
5.442947864532471
5.452958106994629
5.447952747344971
5.3638763427734375
5.475977897644043
5.43093729019165
5.410920143127441
5.454959154129028
5.500000715255737
5.447951793670654
5.464968681335449
5.451956510543823
5.435941696166992
5.417924404144287
5.452957391738892
5.4539594650268555
5.683908939361572
5.814533948898315
5.8065102100372314
5.720374584197998
5.7242207527160645
5.807624101638794
5.822071552276611
5.949233293533325
5.673159122467041
5.473977565765381
5.570065021514893
5.455961465835571
6.49390435218811
6.162630796432495
6.522797107696533
6.477667570114136
6.3223631381988525
6.426246404647827
5.940893888473511
5.745599269866943
6.001844882965088
5.825198411941528
5.74662184715271
5.778269290924072
5.7302844524383545
5.722558975219727
5.741738796234131
5.799642086029053
5.878561735153198
5.789554119110107
5.749336004257202
5.744911193847656
5.809103012084961
5.750674247741699
5.734442949295044
5.815095901489258
5.815608501434326
5.755144119262695
5.735476493835449
6.001969814300537
5.893248796463013
5.8233747482299805
5.863211154937744
5.818922519683838
5.809591054916382
5.759130477905273
5.803965330123901
5.847526788711548
5.805511713027954
5.8514909744262695
5.792494297027588
5.872997283935547
5.788215398788452
5.7434515953063965
5.832045078277588
5.758066654205322
5.8334832191467285
5.949247121810913
5.882791042327881
5.747766017913818
5.828821897506714
5.799306869506836
5.791661262512207
5.8449835777282715
5.80533766746521
5.798471689224243
5.870886325836182
5.795647859573364
6.248196601867676
6.150790214538574
5.801328182220459
5.853495359420776
5.874206781387329
6.131005048751831
6.303226947784424
6.30288290977478
5.758066177368164
5.763337850570679
6.232660531997681
5.89514946937561
5.836808204650879
6.213000297546387
5.847605466842651
5.83987283706665
5.792010307312012
5.789203405380249
5.8275275230407715
5.878348350524902
5.772987127304077
5.773690462112427
5.940784215927124
6.67759895324707
6.917940139770508
6.275705814361572
5.5850818157196045
5.860658407211304
5.915034294128418
5.605096340179443
5.717199325561523
5.733212232589722
6.6770710945129395
6.984349489212036
5.997452974319458
5.585078001022339
5.7839438915252686
5.483985662460327
5.702184677124023
5.6381261348724365
5.462967872619629
5.763240337371826
5.463963985443115
5.45896315574646
6.039106369018555
5.989673852920532
5.748647928237915
5.760580539703369
5.7819037437438965
5.8021979331970215
5.77622127532959
5.718398571014404
6.029247522354126
6.2168309688568115
5.931347608566284
5.950013637542725
5.924422740936279
5.856478929519653
5.9983131885528564
5.701218366622925
5.734470367431641
5.898876428604126
5.814038276672363
5.828797340393066
5.862765073776245
5.862783908843994
5.846360206604004
5.884498834609985
5.783590078353882
5.7936787605285645
5.920556306838989
5.772987127304077
5.847725868225098
5.778028964996338
5.82621955871582
5.792408466339111
5.815220355987549
5.889511346817017
5.886561632156372
5.9626030921936035
6.005718469619751
5.946892261505127
5.772027492523193
5.735577344894409
5.760441541671753
5.773608684539795
5.804877758026123
5.846338510513306
5.812365293502808
5.96248722076416
5.816624641418457
5.862794637680054
5.765149354934692
5.825996160507202
5.868177652359009
5.95166015625
5.860936164855957
5.821101427078247
5.7856223583221436
5.8291661739349365
5.892779588699341
5.777675628662109
5.780667543411255
5.835785865783691
5.781143665313721
5.813044309616089
6.0498504638671875
5.806252956390381
5.832568407058716
5.794430732727051
5.786942958831787
5.8215415477752686
5.779027223587036
5.942983150482178
5.831780195236206
5.792330980300903
5.929903030395508
5.827530145645142
5.805343389511108
5.7926483154296875
5.878293991088867
5.897946357727051
5.7910027503967285
5.819842338562012
5.8880836963653564
5.806637287139893
5.824371099472046
5.882974147796631
5.929272890090942
6.071338176727295
5.921710729598999
5.813101768493652
5.906076669692993
5.8557963371276855
5.944584846496582
5.753809690475464
6.300795316696167
6.2092602252960205
5.8128907680511475
5.664417743682861
6.1204993724823
5.936058521270752
5.991904020309448
5.964169025421143
5.921609163284302
5.904314756393433
5.946439981460571
5.999457359313965
5.9461047649383545
5.9486987590789795
5.941168546676636
5.960076570510864
5.92908239364624
5.995563983917236
5.980021715164185
5.877881288528442
5.944322109222412
5.997575759887695
5.893181085586548
5.946565866470337
5.996353626251221
5.910360336303711
5.981327295303345
5.934056520462036
5.954948663711548
5.919398546218872
5.975238561630249
5.901338815689087
5.941896677017212
5.882835626602173
5.946533918380737
6.030538320541382
5.923364639282227
5.947772026062012
5.9274914264678955
5.9587671756744385
6.022562026977539
5.945129156112671
6.465281248092651
6.728136777877808
6.400339841842651
5.993125677108765
5.921723365783691
5.932940244674683
5.998683929443359
5.923687934875488
5.917613506317139
5.93398118019104
6.163724184036255
5.967418432235718
5.990041017532349
5.899900913238525
5.9858012199401855
6.721442699432373
6.127390384674072
6.523661375045776
6.462876796722412
7.065555095672607
6.8413567543029785
6.200637102127075
6.185112714767456
5.8206963539123535
5.8006591796875
5.753032922744751
5.796215057373047
5.93947958946228
6.050152778625488
5.7677528858184814
5.783453702926636
5.7385475635528564
5.778968811035156
5.762946128845215
5.827362537384033
5.77351713180542
5.745545864105225
6.030616521835327
5.948660612106323
5.764627456665039
5.751797199249268
5.866306781768799
5.771844863891602
5.769248962402344
5.757819414138794
5.7904722690582275
5.730052709579468
5.7602410316467285
5.8589723110198975
5.761191129684448
5.808260440826416
5.863820552825928
5.796852350234985
5.804222822189331
5.7772839069366455
5.745006561279297
5.811664819717407
5.802805423736572
5.758652210235596
5.8514978885650635
5.789846420288086
5.763745307922363
5.760429620742798
5.838768005371094
5.953702688217163
5.843404293060303
5.8351147174835205
5.795731782913208
5.759624719619751
5.791481971740723
5.784054517745972
5.831890106201172
5.827365398406982
5.76435399055481
5.757229804992676
5.793469667434692
5.777749061584473
5.7882771492004395
5.810351848602295
5.7743542194366455
5.792309045791626
5.833599328994751
5.782165765762329
5.7456183433532715
5.831979990005493
5.7840893268585205
5.802657604217529
5.796886682510376
5.79026985168457
5.833261728286743
5.7367775440216064
5.744174003601074
5.833849906921387
5.830140590667725
5.767247676849365
5.799098014831543
5.816096305847168
5.7626564502716064
5.762012720108032
5.771631956100464
5.967019081115723
5.927504062652588
5.926223039627075
5.7989325523376465
6.044080018997192
5.936087131500244
6.508877992630005
6.13701319694519
6.039154291152954
5.939841985702515
5.960422039031982
5.977526664733887
6.000781297683716
6.148619651794434
6.058753967285156
6.141780376434326
6.156463146209717
5.9240710735321045
5.996328592300415
5.896203994750977
6.175869941711426
5.815127611160278
5.881622552871704
5.808230400085449
5.833975791931152
5.856971740722656
5.8701698780059814
5.8042333126068115
5.848541736602783
5.985779047012329
5.976691007614136
6.632902383804321
6.330361366271973
6.095282554626465
6.160169363021851
6.087540149688721
6.048167943954468
6.078255891799927
6.059312105178833
5.959259271621704
6.002206802368164
5.987682104110718
6.009669303894043
5.935666799545288
6.031704902648926
6.01439905166626
6.042454719543457
6.0415143966674805
6.00479793548584
5.991631746292114
6.032914876937866
6.2773377895355225
6.254902362823486
6.048365354537964
5.963779926300049
5.976047992706299
6.285980463027954
6.0187835693359375
5.970098495483398
5.972946882247925
5.996778249740601
5.975654125213623
6.189325332641602
6.2571940422058105
6.072190284729004
5.979384422302246
6.1645495891571045
5.979855060577393
6.022876501083374
5.957287788391113
6.365249872207642
6.464518785476685
6.039433002471924
6.066267728805542
6.012305974960327
6.044685125350952
6.040656089782715
6.012258291244507
5.995051860809326
6.148460865020752
5.987783193588257
6.056294918060303
6.069098234176636
6.205693244934082
6.197997331619263
6.093582630157471
5.948065519332886
6.024850368499756
5.963576078414917
5.9573493003845215
5.977126359939575
6.0145087242126465
6.005247592926025
5.9859559535980225
6.0272440910339355
6.018552780151367
6.0500288009643555
6.105264186859131
6.529149770736694
6.033664226531982
6.0808796882629395
6.049593448638916
6.067051887512207
6.085717439651489
6.157298564910889
5.94045615196228
5.91769814491272
6.0129008293151855
6.028698205947876
6.042203426361084
5.976131916046143
5.993120908737183
6.044903516769409
6.043038845062256
6.074319839477539
6.052299499511719
6.095894813537598
6.000351905822754
6.095275163650513
6.135993480682373
6.144543170928955
6.091756105422974
6.034998178482056
6.076982021331787
6.06725001335144
5.933654308319092
6.071736574172974
6.0605504512786865
6.083843469619751
5.946120262145996
6.1263747215271
5.962603569030762
5.928711891174316
5.956647157669067
6.028101205825806
5.997145175933838
6.0553247928619385
6.017104864120483
6.021087646484375
6.0538880825042725
6.291350841522217
6.043684959411621
5.931020736694336
6.0529398918151855
6.0749664306640625
6.008164167404175
5.990001440048218
6.03760290145874
6.195873022079468
6.194683790206909
6.012610197067261
5.934921979904175
6.181416273117065
6.050794839859009
6.030882120132446
6.01666259765625
5.941086292266846
5.972909688949585
6.0281689167022705
6.043467998504639
6.010853290557861
6.194758653640747
6.079037427902222
6.149713754653931
5.9940595626831055
6.039247989654541
6.036156892776489
6.133145093917847
6.174516201019287
6.135102987289429
6.21135950088501
6.414173364639282
6.034284591674805
6.027551651000977
5.958188056945801
6.005404949188232
6.034048795700073
5.928264379501343
6.042137861251831
6.021888971328735
5.931299686431885
6.019963264465332
6.01520562171936
5.9269256591796875
6.0051679611206055
5.979441165924072
5.949186563491821
6.131743907928467
6.0277183055877686
6.010828495025635
6.076678514480591
5.975506067276001
5.939465045928955
6.0453526973724365
6.042030096054077
5.950523376464844
6.017725706100464
6.360024452209473
6.378291845321655
6.121348857879639
6.114163398742676
6.099356412887573
6.109231472015381
6.1643383502960205
6.18757700920105
6.095764398574829
6.1628193855285645
6.1684205532073975
6.145046949386597
6.14933180809021
6.1347267627716064
6.183504581451416
6.103872060775757
6.111874341964722
6.109286069869995
6.146839141845703
6.106956481933594
6.1465253829956055
6.04298996925354
6.22288966178894
6.086022615432739
6.020488023757935
6.127699375152588
6.071920871734619
6.124212741851807
6.06068229675293
6.188179969787598
6.07382607460022
6.124809265136719
6.100343465805054
6.068631649017334
6.037902355194092
6.091050386428833
6.15080451965332
6.047166585922241
6.103129863739014
6.196565389633179
6.082391977310181
6.297248840332031
6.22075891494751
6.218627691268921
5.888310432434082
5.712412595748901
6.31017804145813
6.310606002807617
6.113595962524414
6.092143535614014
6.227339506149292
6.209300756454468
5.6671531200408936
5.517016887664795
5.623112201690674
5.5630576610565186
5.565058946609497
5.589083433151245
5.6050965785980225
5.612102508544922
5.58708119392395
5.857324838638306
5.788261890411377
5.828298568725586
5.689171314239502
5.5910844802856445
5.88334846496582
5.7462241649627686
5.655141115188599
5.665150165557861
5.592083930969238
5.644132375717163
5.607097864151001
5.61310338973999
5.63512396812439
5.59508752822876
5.572066783905029
5.589082479476929
5.686168670654297
5.638126373291016
5.67916464805603
5.686169624328613
5.601091146469116
5.786261558532715
5.686168670654297
5.547043323516846
5.611101388931274
5.653136968612671
5.6431310176849365
5.66615104675293
5.759236574172974
5.786257743835449
5.573066234588623
5.637126207351685
5.691173553466797
5.734212398529053
5.637125253677368
5.481982231140137
5.621111154556274
5.5300281047821045
5.852320909500122
5.612098217010498
5.623112916946411
5.619108200073242
5.6451332569122314
5.597089529037476
5.603094816207886
5.5570526123046875
5.701183795928955
5.598089933395386
5.587076187133789
5.647134304046631
5.650137424468994
5.4909913539886475
5.597089052200317
5.580069541931152
5.6151041984558105
5.559054613113403
5.57306694984436
5.512012243270874
5.655142307281494
5.6551408767700195
5.710190534591675
5.798272609710693
5.528025388717651
5.615104675292969
5.593085527420044
5.628118515014648
5.638124465942383
5.623112678527832
5.490990877151489
5.566061973571777
5.561054944992065
5.592082500457764
5.58007287979126
5.511009454727173
5.55705189704895
5.613102436065674
5.598090171813965
5.54203987121582
5.588080406188965
5.58107328414917
5.605095624923706
5.616105556488037
5.693176031112671
5.5250232219696045
5.588081121444702
5.55605149269104
5.536031007766724
5.5590550899505615
5.6040940284729
5.760236978530884
5.569062232971191
5.583076000213623
5.543040990829468
6.279211044311523
6.11525559425354
6.22967004776001
6.353979587554932
6.172504901885986
6.3132312297821045
6.145375490188599
6.229299783706665
6.209760427474976
6.131933927536011
6.075116395950317
6.157940149307251
6.105620622634888
6.1269776821136475
6.209769010543823
6.100869178771973
6.078866958618164
6.0620341300964355
6.039618968963623
6.133237838745117
6.0005598068237305
6.07537841796875
5.922261714935303
6.082721948623657
6.122866630554199
6.122935056686401
6.14076828956604
6.082561731338501
6.138257265090942
6.12052583694458
6.086580038070679
6.135175943374634
6.0861170291900635
6.255897760391235
6.169677257537842
6.088813543319702
6.091511487960815
6.2723963260650635
6.200927734375
6.112129211425781
6.22805643081665
6.247770309448242
6.133200168609619
6.0871522426605225
6.155314207077026
6.131735563278198
6.148618936538696
6.131525754928589
6.194794178009033
6.22621488571167
6.1211161613464355
6.26408576965332
6.14693808555603
6.228286504745483
6.2513816356658936
6.222106695175171
6.085495948791504
6.093020439147949
6.078462600708008
6.068194150924683
6.225024700164795
6.159939527511597
6.00604248046875
6.109687089920044
6.5930335521698
6.073982000350952
5.983717441558838
6.083133697509766
6.014986038208008
5.972545385360718
6.0484068393707275
5.976680755615234
6.036337375640869
6.094735145568848
6.244187355041504
6.079878807067871
6.110949516296387
6.053507089614868
6.06209397315979
6.000884771347046
5.994842529296875
6.049042224884033
6.033080101013184
5.943819284439087
6.182703256607056
6.092351913452148
6.070576190948486
6.076441764831543
6.055643796920776
6.112208604812622
6.082643508911133
6.119923830032349
6.114345073699951
6.130181789398193
6.087480783462524
6.044722557067871
6.242924451828003
6.118783235549927
6.073107719421387
6.219725608825684
6.286866664886475
6.071873664855957
6.130417823791504
6.015587091445923
6.072565078735352
6.279496431350708
6.113101005554199
6.145587921142578
6.173011064529419
6.233130216598511
6.201801776885986
6.134422302246094
6.18803334236145
6.1080849170684814
6.249376058578491
6.155144453048706
5.743617534637451
5.608099699020386
6.046497106552124
5.681164741516113
5.631120920181274
5.623113393783569
5.5300257205963135
5.697181463241577
5.552048444747925
5.611101865768433
5.673157691955566
5.646132469177246
5.612101316452026
5.6771628856658936
5.721200942993164
5.598090410232544
5.613103151321411
5.571063280105591
5.663148880004883
5.621110677719116
5.639127492904663
5.585078477859497
5.599090814590454
5.607097387313843
5.629116773605347
5.600091457366943
5.612101316452026
5.6571433544158936
5.622111082077026
5.589081525802612
5.61310338973999
5.609099864959717
5.573064565658569
5.49199366569519
5.636123180389404
5.617107391357422
5.621109962463379
5.561055898666382
5.738216161727905
5.615103244781494
5.607097148895264
5.605095624923706
5.804277420043945
5.569063425064087
5.619108200073242
5.642130136489868
5.614104270935059
5.621111154556274
5.522021055221558
5.589080095291138
5.632120847702026
6.165549993515015
6.114019393920898
6.576690912246704
6.213879346847534
6.19926381111145
6.105294227600098
6.130394697189331
6.181922435760498
6.110373497009277
6.153105020523071
6.200345277786255
6.053417205810547
6.1628947257995605
6.04276967048645
6.0896430015563965
6.1894049644470215
6.078005075454712
6.192315101623535
6.357858419418335
6.809417963027954
6.18752121925354
6.254832029342651
6.196683645248413
6.190345525741577
6.157529592514038
6.165930986404419
6.047931671142578
6.038265705108643
5.9825053215026855
6.261588096618652
6.474333047866821
6.466428279876709
6.025049209594727
6.0457680225372314
6.200116395950317
6.076792478561401
6.10586953163147
6.1831560134887695
6.251697540283203
6.138607025146484
6.1660544872283936
6.3869524002075195
6.819286584854126
6.171462774276733
6.306124448776245
6.1248390674591064
6.580499172210693
6.029993534088135
6.116628885269165
6.104531288146973
6.306844234466553
6.0152199268341064
6.426049709320068
6.222815036773682
6.091409921646118
6.074421167373657
6.291114091873169
6.071454763412476
6.076474905014038
6.071578502655029
6.2251129150390625
6.0827720165252686
6.141876697540283
6.140910625457764
6.19655442237854
6.147800922393799
6.0691986083984375
6.480411767959595
6.5643720626831055
6.209704637527466
6.181578636169434
6.0890583992004395
6.089651584625244
6.223221302032471
6.732197523117065
6.127138376235962
6.103893518447876
6.249579906463623
6.344871520996094
6.4269750118255615
6.418971300125122
6.17303729057312
6.211585760116577
6.152002811431885
6.229655027389526
6.220414161682129
6.414263486862183
6.516904354095459
6.528677701950073
6.204662799835205
6.071213483810425
6.086030006408691
6.170626401901245
6.095953702926636
6.165186882019043
6.176892995834351
6.346531629562378
5.966343879699707
6.059387922286987
6.094784498214722
6.203775405883789
6.047912120819092
6.257934093475342
6.2903242111206055
6.2105934619903564
6.183328151702881
6.148151159286499
6.137770652770996
6.340898036956787
6.523944854736328
6.34984278678894
6.169097185134888
6.193787574768066
6.0591912269592285
6.323549747467041
6.345539093017578
6.713775873184204
6.463071823120117
6.490866184234619
6.42650294303894
6.378175735473633
6.166210412979126
6.157762289047241
6.209043741226196
6.3288657665252686
6.318653106689453
6.2559568881988525
6.1961047649383545
6.1089417934417725
6.2567713260650635
6.33048415184021
6.176225662231445
6.108268737792969
6.14546275138855
6.284315824508667
6.303340196609497
6.098912477493286
6.0981059074401855
6.251338243484497
6.152462005615234
6.1184868812561035
6.272939205169678
6.115328073501587
6.024383306503296
6.222739219665527
6.112528324127197
6.056772947311401
6.283764123916626
6.077250003814697
6.078902959823608
6.203413724899292
6.0353102684021
6.084105730056763
6.28470253944397
6.0980119705200195
6.171682834625244
6.588132858276367
6.372580051422119
6.1441309452056885
6.272068500518799
6.219121932983398
6.308565855026245
6.5377655029296875
7.127006530761719
6.0865638256073
6.158539772033691
6.241351842880249
6.428440809249878
6.725039720535278
6.62149715423584
6.767313718795776
6.408261060714722
6.090321779251099
6.162298202514648
6.030897378921509
6.488560199737549
6.201587200164795
6.082495927810669
6.081074476242065
6.1201331615448
6.172938585281372
6.4443745613098145
6.284722566604614
6.7067711353302
6.62103271484375
6.394073724746704
6.0741424560546875
6.159474611282349
6.259012222290039
6.239927530288696
6.13543963432312
6.203081130981445
6.2318408489227295
6.336620807647705
6.422969341278076
6.2119715213775635
6.193617105484009
6.200324296951294
6.230391502380371
6.181251525878906
6.208958148956299
6.2467522621154785
6.235894680023193
6.1683759689331055
6.253325462341309
6.368014335632324
7.138235092163086
6.402451992034912
6.293210029602051
6.444085359573364
6.821385383605957
6.503951787948608
6.119023561477661
6.127821683883667
6.100995779037476
6.229410886764526
6.28757119178772
6.23859977722168
6.17049765586853
6.085607051849365
6.112439393997192
6.193776369094849
6.136813640594482
6.242748975753784
6.17634391784668
6.020703077316284
6.126375198364258
6.2569944858551025
6.193964004516602
6.414585828781128
6.512628793716431
6.470670461654663
6.029561519622803
6.089727401733398
6.556075572967529
6.286397933959961
6.343895673751831
6.1992363929748535
6.3922834396362305
6.068294286727905
6.109152555465698
6.126869440078735
6.3244099617004395
6.330052137374878
6.31263279914856
6.136184215545654
6.235447645187378
6.904556035995483
6.7475011348724365
6.232412815093994
6.158149003982544
6.407528877258301
6.29388952255249
6.248238801956177
6.2194130420684814
6.108202695846558
6.253411293029785
6.25809121131897
6.315743923187256
6.170389175415039
6.174545526504517
6.3423097133636475
6.366435527801514
6.304546356201172
6.221603870391846
6.088272571563721
6.334301233291626
6.4280712604522705
6.884571552276611
6.134657621383667
6.21298360824585
6.331268310546875
5.632421016693115
5.327788352966309
5.391416788101196
6.126298666000366
6.387343645095825
5.307568311691284
5.384516477584839
5.333293676376343
5.42667293548584
6.043411493301392
6.238967180252075
5.474224090576172
5.443317651748657
6.120455026626587
6.213729619979858
5.674225330352783
5.5680670738220215
5.397653341293335
5.318835973739624
6.118014812469482
6.087210178375244
5.458022832870483
5.439338445663452
5.196320295333862
5.635330677032471
5.532325744628906
5.421796083450317
6.123924016952515
6.2074620723724365
5.49164605140686
5.447509288787842
5.401849985122681
5.42972207069397
5.5597381591796875
6.094034433364868
6.381649494171143
5.5450968742370605
5.358844518661499
5.531802415847778
6.390310764312744
6.113085985183716
5.876142978668213
5.8927061557769775
5.4003729820251465
5.3202574253082275
5.538355827331543
5.5512824058532715
5.753227472305298
5.504704475402832
5.605868577957153
5.5009605884552
5.540367603302002
5.518399477005005
5.579466819763184
5.837208271026611
5.559491395950317
5.541304349899292
5.5103442668914795
5.545206069946289
5.862740755081177
5.817049264907837
5.491976261138916
5.5310280323028564
5.548340082168579
5.848207235336304
5.848602533340454
5.643137454986572
5.547092437744141
5.554633617401123
6.004042863845825
5.82800555229187
5.595905303955078
5.600579500198364
5.6199517250061035
5.780892848968506
5.827042579650879
5.626347303390503
5.610188722610474
5.56190037727356
6.403054475784302
5.867170810699463
5.6315224170684814
5.597362518310547
5.483500003814697
5.620453596115112
5.618550777435303
5.585026979446411
5.575299978256226
5.993331670761108
5.861146926879883
5.576335430145264
5.79063081741333
5.594566583633423
5.985568046569824
5.931922435760498
5.605332851409912
5.737633228302002
5.655241012573242
5.904465436935425
5.905856609344482
5.662663698196411
5.665912389755249
5.554078578948975
6.434959888458252
6.115850448608398
6.2628326416015625
6.444859504699707
6.0805275440216064
6.580512523651123
6.468485593795776
6.236422300338745
5.949409484863281
6.067517280578613
6.457339525222778
5.696789979934692
5.608145475387573
5.585077285766602
5.379891395568848
6.054504156112671
6.18362283706665
6.195409297943115
5.915651798248291
5.229755640029907
5.662158250808716
5.340539455413818
5.5066328048706055
5.827297925949097
6.467880725860596
5.673567056655884
6.130323648452759
5.7943034172058105
5.7732696533203125
5.573769569396973
6.492075204849243
6.299042463302612
5.576717376708984
5.5032243728637695
6.18392014503479
6.462405204772949
6.0567450523376465
5.643915891647339
5.629947662353516
5.683213233947754
6.45892858505249
5.853769302368164
5.450856685638428
6.1562721729278564
6.252410888671875
6.204623699188232
5.7239203453063965
5.060171604156494
5.4005045890808105
5.750228404998779
5.706323623657227
5.726699590682983
6.287307977676392
6.555322647094727
6.548250675201416
6.217101573944092
6.355145215988159
6.1970884799957275
6.469870090484619
6.460705757141113
6.654606103897095
6.928713083267212
6.4699037075042725
6.447979927062988
6.5435614585876465
6.549152851104736
6.313149452209473
6.284242630004883
6.523866653442383
6.447072505950928
6.445156574249268
6.258121013641357
6.196048259735107
6.5121073722839355
6.483664274215698
6.288470983505249
6.384868621826172
6.599836349487305
5.7412638664245605
5.752364158630371
6.1916468143463135
6.182082176208496
6.211316347122192
6.492209434509277
6.4355175495147705
6.412083148956299
6.20626163482666
6.510804653167725
6.71657919883728
6.462656021118164
6.237229824066162
6.185159921646118
6.281996726989746
6.359435319900513
6.422510385513306
6.425642490386963
6.178196430206299
6.231795787811279
6.429041862487793
6.411735773086548
6.190150737762451
6.224043846130371
6.222893238067627
6.482285976409912
6.589173316955566
6.433228969573975
6.288267135620117
6.2853240966796875
6.3225932121276855
5.5576958656311035
5.538537979125977
6.493898153305054
5.907901763916016
6.085829019546509
6.128242015838623
6.222649097442627
6.206113576889038
6.463395357131958
6.354309558868408
6.430380344390869
6.221565246582031
6.229219675064087
6.705869197845459
6.531456708908081
5.687856435775757
6.468803882598877
6.222695827484131
7.056242227554321
6.740912199020386
6.338698625564575
6.427725076675415
6.496027946472168
6.1765007972717285
6.196835041046143
6.466709852218628
6.504599094390869
6.2852256298065186
6.494774103164673
6.373193979263306
6.319279670715332
6.561524391174316
6.483410358428955
6.597933530807495
7.063386917114258
6.924110412597656
6.310770750045776
6.709205865859985
6.46238899230957
6.555973529815674
6.458287715911865
6.258444786071777
6.333117485046387
6.315465450286865
6.591951608657837
6.782546281814575
6.8651018142700195
6.49105167388916
6.475435972213745
6.36783242225647
6.425966262817383
6.512407064437866
6.5313966274261475
6.626572370529175
6.6920812129974365
6.370712757110596
6.4608070850372314
6.429175138473511
6.43486213684082
6.608920097351074
6.699415445327759
6.75051474571228
6.803880453109741
6.460513114929199
6.877011775970459
6.719779014587402
6.724138498306274
6.719540596008301
6.687106132507324
6.892224073410034
5.8757147789001465
6.1296515464782715
5.965107440948486
5.640646457672119
6.305452346801758
6.440612316131592
6.7108330726623535
7.354604244232178
7.132874965667725
6.543181419372559
6.395128965377808
6.354487180709839
6.116227865219116
6.27309250831604
6.932224750518799
6.334498167037964
6.487800121307373
6.7015533447265625
6.530448913574219
6.070520401000977
6.061511993408203
6.110555410385132
6.180530548095703
6.468881845474243
6.91875958442688
6.111576318740845
6.20822286605835
6.59207820892334
6.582608461380005
6.610730886459351
6.572291135787964
6.354010343551636
6.558547496795654
6.615246295928955
6.6571972370147705
6.600030899047852
6.589689254760742
6.343379974365234
6.3955161571502686
6.616656303405762
6.588776111602783
6.636696100234985
6.805678129196167
6.8702311515808105
6.192629337310791
6.133576154708862
6.781166076660156
6.367790699005127
6.339022159576416
6.510875463485718
6.503676891326904
6.113931655883789
6.072634935379028
6.1225669384002686
5.944663047790527
5.97544527053833
5.814470052719116
