Timing log for each step:
0.021019697189331055
5.343948125839233
5.301512956619263
5.194613456726074
5.37684440612793
5.371455669403076
5.317610263824463
5.297700881958008
5.429654598236084
5.392774820327759
5.3149635791778564
5.280748605728149
5.41588020324707
5.397121906280518
5.373658895492554
5.482583522796631
5.341240882873535
5.325897693634033
5.439499139785767
5.447064399719238
5.444340229034424
5.372488498687744
5.480798721313477
4.68155312538147
4.748860120773315
4.749281644821167
4.775869846343994
4.816625118255615
4.752852439880371
4.746886968612671
4.806698799133301
4.797518014907837
4.70189905166626
4.743849754333496
4.726435661315918
4.684232950210571
4.768882989883423
4.7555320262908936
4.779948472976685
4.71295428276062
4.801379203796387
4.815820217132568
4.7192771434783936
4.712066411972046
4.818587064743042
4.753864049911499
4.697962045669556
4.779183864593506
4.7274370193481445
4.790131568908691
4.841882705688477
4.738917112350464
4.7997565269470215
4.776357173919678
4.767560243606567
4.772884368896484
4.759964466094971
4.769461631774902
4.702017307281494
4.747331380844116
4.843418836593628
4.732704162597656
4.736820936203003
4.7418882846832275
4.771180868148804
4.7203874588012695
4.80492901802063
4.817196369171143
4.755258321762085
4.6913721561431885
5.537635326385498
5.440939903259277
5.416269063949585
5.426884412765503
5.330421686172485
5.458464622497559
5.433333873748779
5.392906904220581
5.42107081413269
5.284505128860474
5.424548625946045
5.4502952098846436
5.363208293914795
5.403890132904053
5.370558500289917
5.430032730102539
5.461307048797607
5.338280200958252
5.462017059326172
5.366996765136719
5.35274338722229
5.319045305252075
5.415754079818726
5.3804450035095215
5.376712322235107
5.374414682388306
5.438083648681641
5.337260961532593
5.449009418487549
5.423137664794922
5.36223030090332
5.423572778701782
5.37421441078186
5.383347034454346
5.441479682922363
5.386050224304199
5.392127990722656
5.444830417633057
5.362345933914185
5.427772045135498
5.519327163696289
5.3966450691223145
5.421625852584839
5.395541191101074
5.370482921600342
5.426478862762451
5.455945253372192
5.384887933731079
5.344507932662964
5.392676115036011
5.424426555633545
5.394212245941162
5.3975584506988525
5.49834680557251
5.5062572956085205
5.470982074737549
5.47930645942688
5.518311500549316
5.528825998306274
5.501402139663696
5.403732061386108
5.380534887313843
5.4481940269470215
5.876166105270386
5.581967830657959
5.456979036331177
5.363928318023682
5.356766700744629
5.511031150817871
5.4753851890563965
5.38075590133667
5.478805780410767
5.469566583633423
5.400630474090576
5.431788206100464
5.46326470375061
5.437483549118042
5.521742105484009
5.380983591079712
5.526573419570923
5.546086311340332
5.432315826416016
5.520032644271851
5.489068031311035
5.500548601150513
5.338073015213013
5.418017148971558
5.468742847442627
5.484302997589111
5.5197975635528564
5.539581060409546
5.519988775253296
5.369500398635864
5.427079916000366
5.411755084991455
5.374823093414307
5.41236424446106
5.524093151092529
5.501127004623413
5.579785108566284
5.4688050746917725
5.5220255851745605
5.451911687850952
5.449030637741089
5.450704336166382
5.576732158660889
5.4560346603393555
5.645930528640747
5.525380373001099
5.469289064407349
5.330869197845459
5.424424409866333
5.500539064407349
5.413941383361816
5.441012144088745
5.418043613433838
5.408427000045776
5.385154724121094
5.3545403480529785
5.2793028354644775
5.523237228393555
5.429278612136841
5.465902090072632
5.55779504776001
5.4049108028411865
5.398735761642456
5.417818069458008
5.427570819854736
5.419613838195801
5.443246364593506
5.375848054885864
5.4277989864349365
5.403075933456421
5.506962299346924
5.453838348388672
5.416687726974487
5.4787163734436035
5.511994361877441
5.4374425411224365
5.441662073135376
5.502945899963379
5.429701089859009
5.596235990524292
5.394554853439331
5.428931951522827
5.3851282596588135
5.482115030288696
5.475359678268433
5.464329719543457
5.49837589263916
5.5475852489471436
5.324512481689453
5.4790191650390625
5.403415679931641
5.497164726257324
5.380902290344238
5.3433449268341064
5.398253917694092
5.494566917419434
5.433787822723389
5.479572296142578
5.482712268829346
5.45117712020874
5.482541084289551
5.4859912395477295
5.347517013549805
5.3954737186431885
5.385436296463013
5.426787853240967
5.459697246551514
5.464070796966553
5.391660213470459
5.37999415397644
5.460625886917114
5.351207494735718
5.406663417816162
5.387222051620483
5.445696115493774
5.5697832107543945
5.631138324737549
5.419607162475586
5.3737499713897705
5.539756774902344
5.44451379776001
5.483818292617798
5.381393909454346
5.348699569702148
5.4648895263671875
5.470940351486206
5.519643783569336
5.436580181121826
