Timing log for each step:
0.014013528823852539
5.7107250690460205
5.364162921905518
5.562093734741211
5.542434215545654
5.651748895645142
5.767249584197998
5.362463474273682
5.515965223312378
5.4891743659973145
5.4764251708984375
5.864447355270386
5.537707328796387
5.754726409912109
5.472855091094971
5.44391942024231
5.4000084400177
5.520336866378784
5.438295841217041
5.377615928649902
5.35014271736145
5.439429044723511
5.417573928833008
5.4299821853637695
5.41246771812439
5.5064802169799805
5.487802028656006
5.373213291168213
5.412466764450073
5.4505534172058105
5.483090877532959
5.475187301635742
5.461012125015259
5.483039855957031
5.477505445480347
5.435734748840332
5.415109634399414
5.54465126991272
5.468931674957275
5.431922435760498
5.413475036621094
5.450359582901001
5.406376123428345
5.3983235359191895
5.3900628089904785
5.443856239318848
5.6761391162872314
5.462494850158691
5.42165732383728
5.443128824234009
5.417844533920288
5.326486587524414
5.40183687210083
5.583047866821289
5.541176080703735
5.500610589981079
5.40398645401001
5.635766267776489
5.533003091812134
5.580348968505859
5.51127028465271
5.471825838088989
5.489180326461792
5.469934940338135
5.517026662826538
5.5654497146606445
5.487227439880371
5.4836084842681885
5.507465839385986
5.513354778289795
5.417389869689941
5.515441656112671
5.4848244190216064
6.034532070159912
5.5515642166137695
5.591591835021973
5.565643072128296
5.54862642288208
5.55428147315979
5.507538080215454
5.607850551605225
5.490285158157349
5.482976913452148
5.451387405395508
5.387006998062134
5.412172079086304
5.470911979675293
5.525074481964111
5.451870918273926
5.483235836029053
5.402287483215332
5.439960241317749
5.426615476608276
5.402709722518921
5.516853332519531
5.393374919891357
5.535525560379028
5.428476095199585
5.4940478801727295
5.439537763595581
5.527738094329834
5.419684886932373
5.476984024047852
5.337944746017456
5.630032777786255
5.394824504852295
5.495229721069336
5.478917360305786
5.529413461685181
5.475692272186279
5.506654739379883
5.470880746841431
5.495280504226685
5.522201061248779
5.49702000617981
5.479904890060425
5.491650581359863
5.379955291748047
5.452309608459473
5.561163663864136
5.337564706802368
5.434328079223633
5.507035255432129
5.461376190185547
5.341791868209839
5.584292411804199
5.446356773376465
5.488452672958374
5.448968172073364
5.395843505859375
5.498438119888306
5.515816926956177
5.550915241241455
5.440298080444336
5.378026008605957
5.410150766372681
5.495774269104004
5.477478265762329
5.402604341506958
5.484972238540649
5.467769384384155
5.451949119567871
5.491428852081299
5.423343658447266
5.528493881225586
5.414670705795288
5.488425254821777
5.517702341079712
5.4942567348480225
5.463605642318726
5.469433069229126
5.456509113311768
5.5068817138671875
5.4288928508758545
5.5835487842559814
5.501706123352051
5.485514402389526
5.448296785354614
5.450801849365234
5.3649208545684814
5.348094940185547
5.423300266265869
5.743444442749023
5.364915132522583
5.4956395626068115
5.434326887130737
5.429359197616577
5.43934178352356
5.470304250717163
5.576597213745117
5.3742780685424805
5.457993507385254
5.458587408065796
5.485555648803711
5.396344423294067
5.399462461471558
5.467315435409546
5.428727865219116
5.485369920730591
5.415381193161011
5.512906312942505
5.361257553100586
5.473336458206177
5.419775009155273
5.453520774841309
5.401963949203491
5.40020489692688
5.407059669494629
5.464221477508545
5.38873553276062
5.39881443977356
5.409530401229858
5.629270315170288
5.464382171630859
5.37508225440979
5.5765650272369385
5.502350330352783
5.358045339584351
5.489094972610474
5.409350156784058
5.466036081314087
5.426251649856567
5.472198963165283
5.514505624771118
5.486135959625244
5.4852294921875
5.444045782089233
5.461078882217407
5.4219183921813965
5.32697319984436
5.458237171173096
5.446258068084717
5.431571960449219
5.441936254501343
5.432862758636475
5.4489905834198
5.471938133239746
5.447582483291626
5.519219875335693
5.47866678237915
5.563502788543701
5.383750915527344
5.49448823928833
5.449019193649292
5.546644687652588
5.448180675506592
5.458452463150024
5.341374635696411
5.3529133796691895
5.375441074371338
5.440998077392578
5.361463785171509
5.445510387420654
5.385406017303467
5.382968902587891
5.435370445251465
5.374397277832031
5.533349275588989
5.577958822250366
5.397204399108887
5.365354537963867
5.465129375457764
5.3247082233428955
5.547114133834839
5.468313694000244
5.350775718688965
5.411383152008057
5.353161811828613
5.457412481307983
5.378608226776123
5.48557710647583
5.457167863845825
5.350275039672852
5.513690948486328
5.387290000915527
5.355425119400024
5.410412549972534
5.503329277038574
5.473268032073975
5.4501729011535645
5.484430551528931
5.415366888046265
5.478523015975952
5.440945386886597
5.50050163269043
5.4889817237854
5.387824773788452
5.372815370559692
5.502074241638184
5.520867347717285
5.350488901138306
5.403872489929199
5.515682220458984
5.4007837772369385
5.39782977104187
5.411576509475708
5.494835138320923
5.41730260848999
5.41248345375061
5.45729923248291
5.434166431427002
5.842630624771118
5.507490396499634
5.492255926132202
