Timing log for each step:
0.01501321792602539
10.321620464324951
10.267919063568115
10.492521286010742
10.409068822860718
10.416419267654419
10.259145736694336
10.461823225021362
10.291997194290161
10.335748672485352
10.424733638763428
10.391531705856323
10.32697057723999
10.488183975219727
10.382158279418945
10.347785711288452
9.913854837417603
9.799298286437988
10.400585412979126
10.398995399475098
10.196168184280396
10.340245962142944
10.350898504257202
9.745974063873291
9.693225145339966
9.56776475906372
9.854206800460815
9.828630924224854
9.82661747932434
9.801760196685791
9.862859964370728
9.862911939620972
9.86630916595459
9.789692401885986
9.945554971694946
10.004655599594116
9.66861081123352
9.715611219406128
9.73700761795044
9.715489864349365
9.685222864151001
9.766264915466309
9.78092336654663
9.66318154335022
9.738861083984375
9.780767679214478
9.888471841812134
9.663037776947021
9.849225282669067
10.062850713729858
9.91417932510376
9.81794786453247
10.130995750427246
9.979359149932861
9.94014048576355
9.909510850906372
9.760233879089355
10.016935110092163
9.870793104171753
9.986592054367065
9.963632583618164
10.53321123123169
10.518518924713135
10.392592668533325
10.506757736206055
10.513854265213013
10.549038648605347
10.596125364303589
10.498988389968872
10.475117921829224
10.57454800605774
10.51185417175293
10.53461217880249
10.54319429397583
10.670486211776733
10.631420135498047
10.631152629852295
10.582087278366089
10.54782772064209
10.695096731185913
10.671985864639282
10.530946731567383
10.636993408203125
10.592761039733887
10.700898170471191
10.72253942489624
10.567749977111816
10.574714422225952
10.76674222946167
10.601479768753052
10.63637375831604
10.576885223388672
10.708459615707397
10.642593145370483
10.725418090820312
10.65142273902893
10.473964214324951
10.649036169052124
10.57659649848938
10.5698082447052
10.589716911315918
10.616838455200195
10.645094394683838
10.470329523086548
12.0690336227417
