Timing log for each step:
0.016013622283935547
5.639596223831177
5.566537141799927
5.5001068115234375
5.327315092086792
5.339322805404663
5.15855860710144
5.187661409378052
5.25234842300415
5.238840103149414
5.230590581893921
5.332326889038086
5.5170018672943115
5.440207004547119
5.33745813369751
5.261785268783569
5.24208664894104
5.221100330352783
5.532933473587036
5.181235313415527
5.249960422515869
5.2740514278411865
5.146187782287598
5.398664951324463
5.362225770950317
5.30706262588501
5.280521631240845
5.264219045639038
5.361608028411865
5.304118394851685
5.270205736160278
5.484419822692871
5.239502429962158
5.286581039428711
5.392132520675659
5.1502463817596436
5.240220308303833
5.3053247928619385
5.320436000823975
5.285753965377808
5.318201065063477
5.459486484527588
5.549079179763794
5.629786729812622
5.408342361450195
5.215958833694458
5.360121011734009
5.154107093811035
5.2312023639678955
5.319037914276123
5.251679182052612
5.318857431411743
5.278071165084839
5.545568943023682
5.437890291213989
5.337287425994873
5.329725742340088
5.333291292190552
5.329659461975098
5.495899200439453
5.299329519271851
5.286592245101929
5.3757851123809814
5.445960998535156
5.347383737564087
5.4679505825042725
5.362895727157593
5.392815113067627
5.348694324493408
5.459984064102173
5.27223801612854
5.336921691894531
5.292349338531494
5.365697145462036
5.319899320602417
5.319250822067261
5.23616623878479
5.4028167724609375
5.385238409042358
5.4575300216674805
5.366756916046143
5.34787130355835
5.333085060119629
5.37770676612854
5.6521217823028564
6.0034637451171875
5.915995121002197
5.845196962356567
5.932398080825806
5.807424068450928
5.669796705245972
5.851165056228638
5.815344333648682
5.968316316604614
5.607723951339722
5.518791913986206
5.4619879722595215
5.548124551773071
5.32836389541626
5.427247047424316
5.363562107086182
5.414002418518066
5.374274969100952
5.40641975402832
5.331508636474609
5.348373889923096
5.350935697555542
5.442528963088989
5.3744056224823
5.425626039505005
5.35204553604126
5.352749824523926
5.3879334926605225
5.363046884536743
5.371499300003052
5.375565052032471
5.281679153442383
5.4514758586883545
5.368863344192505
5.5305585861206055
5.364449739456177
5.4460766315460205
5.498122453689575
5.302131414413452
5.4507811069488525
5.338659048080444
5.28708291053772
5.476617097854614
5.456765174865723
5.333091974258423
5.420752763748169
5.689671516418457
5.459672689437866
5.412010431289673
5.282228708267212
5.444731712341309
5.538363695144653
5.364044666290283
5.404977321624756
5.390098333358765
5.40573787689209
5.326712608337402
5.346208095550537
5.45678186416626
5.407963037490845
5.480087518692017
5.374868869781494
5.374809741973877
5.532300710678101
5.456670761108398
5.468091726303101
5.287106990814209
5.2956132888793945
5.442837476730347
5.335012912750244
5.49537992477417
5.388577222824097
5.400217294692993
5.394593238830566
5.37298059463501
5.28910231590271
5.450286626815796
5.452511787414551
5.410975694656372
5.4958343505859375
5.4293389320373535
5.478336811065674
5.493308782577515
5.43276309967041
5.3371498584747314
5.602914333343506
5.3610241413116455
5.5674216747283936
5.4534687995910645
5.373181581497192
5.368108510971069
5.4781646728515625
5.365605592727661
5.527367353439331
5.452764987945557
5.275510549545288
5.545319080352783
5.567919969558716
5.556218862533569
5.547891616821289
5.5153491497039795
5.4322288036346436
5.395014524459839
5.502010345458984
5.412127256393433
5.521393537521362
5.460187196731567
5.457256555557251
5.457213640213013
5.435207843780518
5.47278618812561
5.471444368362427
5.351425647735596
5.516367435455322
5.397710561752319
5.558852434158325
5.325047254562378
5.391723394393921
5.417592525482178
5.49792742729187
5.54193639755249
5.360685586929321
5.4500038623809814
5.4863221645355225
5.412554025650024
5.383253812789917
5.262454032897949
5.4898459911346436
5.31950306892395
5.460113525390625
5.406766176223755
5.418607950210571
5.503432035446167
5.569334268569946
5.443643808364868
5.440991640090942
5.565111875534058
5.4326300621032715
5.4507715702056885
5.490051746368408
5.443270444869995
5.625932455062866
5.631396293640137
5.476076602935791
5.462791681289673
5.698462963104248
5.482502698898315
5.474626064300537
5.386986970901489
5.482555150985718
5.464698076248169
5.57819676399231
5.40617299079895
5.509112358093262
5.474035739898682
5.413561820983887
5.32776403427124
5.576916217803955
5.494410753250122
5.411819696426392
5.516057252883911
5.342549085617065
5.517277956008911
5.544093608856201
5.690483570098877
5.361546039581299
5.558114290237427
5.539080381393433
5.540812253952026
5.4287450313568115
5.466922760009766
5.433892011642456
5.4468019008636475
5.551046848297119
5.427184343338013
5.543476343154907
5.431136131286621
5.5777058601379395
5.480880260467529
5.3991570472717285
5.445593357086182
5.59444785118103
5.543040990829468
5.519265174865723
5.352973699569702
5.422500133514404
5.512038469314575
5.462280511856079
5.525846242904663
5.504538059234619
5.5583977699279785
5.437402725219727
5.542099714279175
5.396111011505127
5.669396162033081
5.45624303817749
5.525281190872192
5.5008814334869385
5.503681659698486
5.476232528686523
5.454226016998291
5.50733208656311
5.489006996154785
5.433264493942261
5.41238808631897
5.566673517227173
5.429039001464844
5.444898843765259
5.473753213882446
5.452984809875488
5.521543264389038
5.4883387088775635
5.526080131530762
5.410013914108276
5.496326923370361
5.646489858627319
5.3798723220825195
5.447534799575806
5.383208990097046
5.4630701541900635
5.5005879402160645
5.370489120483398
5.478230714797974
5.466560363769531
5.438761234283447
5.540923357009888
5.577359437942505
5.429631948471069
5.571176052093506
5.440931081771851
5.553348541259766
5.435042858123779
5.494376182556152
5.512967109680176
5.4806389808654785
5.528584718704224
5.528635025024414
5.467166185379028
5.579805850982666
5.355796813964844
5.4380433559417725
5.419207334518433
5.448004484176636
5.493633985519409
5.336510419845581
5.430188417434692
5.719763517379761
5.524066209793091
5.538305997848511
5.476886510848999
5.514410972595215
5.537883758544922
5.4499406814575195
5.432782173156738
5.513956069946289
5.499307870864868
5.487340211868286
5.474032402038574
5.485162973403931
5.413498878479004
5.437983512878418
5.729518413543701
5.796237945556641
5.8173828125
5.516949892044067
5.501487970352173
5.358531951904297
5.5515289306640625
5.519180774688721
5.39575982093811
5.4823784828186035
5.416489839553833
5.425983905792236
5.602099180221558
5.487483263015747
5.368974447250366
5.558207750320435
5.713902711868286
5.720349073410034
5.495589971542358
5.421393394470215
5.502116918563843
5.439855337142944
5.5835020542144775
5.328956127166748
5.446662425994873
5.4599809646606445
5.396355867385864
5.42540979385376
5.667711019515991
5.669580459594727
5.478081703186035
5.430099964141846
5.358224391937256
5.511135101318359
5.550259590148926
5.5259363651275635
5.427539110183716
5.4799346923828125
5.396148204803467
5.450418710708618
5.529128313064575
5.401785850524902
5.359963655471802
5.3939900398254395
5.522546291351318
5.556485414505005
5.481473922729492
5.609822511672974
5.830013751983643
5.6188435554504395
5.6200830936431885
5.490440845489502
5.484418153762817
5.416537284851074
5.408048152923584
5.485110521316528
5.457963943481445
5.460434436798096
5.547230243682861
5.409317255020142
5.465597152709961
5.578263759613037
5.48736572265625
5.406857967376709
5.589046239852905
5.348449230194092
5.461981773376465
5.511261940002441
5.571755409240723
5.3672871589660645
5.606353521347046
5.4276793003082275
5.480889320373535
5.373318672180176
5.455409049987793
5.326431751251221
5.428206205368042
5.389890670776367
5.372905492782593
5.654731273651123
5.558128833770752
5.482504606246948
5.563514709472656
5.4289069175720215
5.448835372924805
5.445797681808472
5.5868871212005615
5.467775106430054
5.3463099002838135
5.411789178848267
5.574135780334473
5.532081365585327
5.595710039138794
5.431906223297119
5.409502029418945
5.544887542724609
5.514787197113037
5.402413368225098
5.432046890258789
5.5201873779296875
5.421413421630859
5.518664121627808
5.554985761642456
5.4284069538116455
5.427976846694946
5.415119409561157
5.52608585357666
5.510860443115234
5.487099647521973
5.697107553482056
5.513291120529175
5.329733371734619
5.468843936920166
5.556890964508057
5.61739706993103
5.488590955734253
5.455181360244751
5.350780725479126
5.568381071090698
5.544077396392822
5.472311019897461
5.499059200286865
5.6105663776397705
5.46735692024231
5.298564910888672
5.424243927001953
5.541341781616211
5.381188869476318
5.51260232925415
5.532870292663574
5.502048492431641
5.387984275817871
5.476734161376953
5.438597202301025
5.524046182632446
5.554982900619507
5.449702024459839
5.628889083862305
5.328135251998901
5.612434148788452
5.419285297393799
5.513323783874512
5.43166708946228
5.60816764831543
5.361185550689697
5.643439531326294
5.504765033721924
5.416989088058472
5.466332197189331
5.421090364456177
5.57368278503418
5.437273979187012
5.480472087860107
5.439289569854736
5.424235820770264
5.413514852523804
5.746422052383423
5.535392761230469
5.457462310791016
5.43767786026001
5.576509237289429
5.564981460571289
5.495471000671387
5.521921396255493
5.578988075256348
5.552550792694092
5.55603289604187
5.561500310897827
5.547682046890259
5.480145692825317
5.826010227203369
5.783089876174927
5.815709829330444
5.764046907424927
5.783486843109131
5.829690456390381
5.760896682739258
5.76385498046875
5.566855430603027
5.672599792480469
5.48063850402832
5.392199516296387
5.428426027297974
5.501830339431763
5.475135803222656
5.448885917663574
5.520911455154419
5.572404146194458
5.573674201965332
5.517827987670898
5.300103187561035
5.398831844329834
5.4047136306762695
5.423064947128296
5.436464071273804
5.444823741912842
5.357228517532349
5.4516990184783936
5.429830312728882
5.555164098739624
5.414786338806152
5.481616973876953
5.452297925949097
5.561526298522949
5.475882291793823
5.786468267440796
5.43639063835144
5.488286018371582
5.589333534240723
5.373549938201904
5.510871887207031
5.433927297592163
5.4088380336761475
5.478924751281738
5.501579761505127
5.539341688156128
5.554394721984863
5.518718481063843
5.475048780441284
5.4982757568359375
5.434627294540405
5.3471832275390625
5.384311676025391
5.4486353397369385
5.57856559753418
5.5992162227630615
5.512709617614746
5.29739785194397
5.548495769500732
5.555525541305542
5.425220966339111
5.458186388015747
5.503554344177246
5.392133712768555
5.321128845214844
5.43188214302063
5.5453948974609375
5.650792360305786
5.582059383392334
5.357853889465332
5.453425407409668
5.6185081005096436
5.425354719161987
5.43594217300415
5.4675211906433105
5.3796210289001465
5.553286075592041
5.430744171142578
5.396377325057983
5.544786691665649
5.620996952056885
5.52798318862915
5.546684980392456
5.40686297416687
5.452885150909424
5.313107490539551
5.43431544303894
5.457806825637817
5.4867637157440186
5.441729307174683
5.277604341506958
5.45337986946106
5.395797252655029
5.551947593688965
5.502317667007446
5.654414176940918
5.433258295059204
5.396847486495972
5.6750218868255615
5.571678161621094
5.529932498931885
5.516449213027954
5.359829425811768
5.511739730834961
5.5380859375
5.482879877090454
5.536561965942383
5.455141067504883
5.514191389083862
5.51808500289917
5.409664630889893
5.423191785812378
5.42568302154541
5.545726537704468
5.4683897495269775
5.6540045738220215
5.537281274795532
5.53955340385437
5.45281982421875
5.7798426151275635
5.509571552276611
5.498189687728882
5.65411639213562
5.4520344734191895
5.489604711532593
5.4504005908966064
5.568398475646973
5.602066278457642
5.472908973693848
5.550269842147827
5.416985988616943
5.484771966934204
5.525538206100464
5.471458911895752
5.36405086517334
5.4265100955963135
5.407446384429932
5.509190320968628
5.507804870605469
5.497221946716309
5.533785104751587
5.36768651008606
5.43751859664917
5.543472051620483
5.462723255157471
5.513348340988159
5.552494049072266
5.475162744522095
5.5075860023498535
5.453599214553833
5.455514669418335
5.408269643783569
5.4766459465026855
5.472785234451294
5.4763147830963135
5.4824769496917725
5.499722003936768
5.470482349395752
5.523332834243774
5.579848766326904
5.38570761680603
5.43223762512207
5.497196912765503
5.469882965087891
5.499835968017578
5.536792993545532
5.34066104888916
5.4220991134643555
5.43072247505188
5.553797960281372
5.44131875038147
5.491309642791748
5.516097068786621
5.463341474533081
5.5209150314331055
5.520619630813599
5.413609504699707
5.572449207305908
5.540320158004761
5.526671648025513
5.516600608825684
5.47908878326416
5.35247802734375
5.49275541305542
5.5152976512908936
5.5383641719818115
5.34966516494751
5.429964065551758
5.5266335010528564
5.52876353263855
5.545871257781982
5.463854551315308
5.508844375610352
5.655245304107666
5.469779968261719
5.2883806228637695
5.3506011962890625
5.3895909786224365
5.555654287338257
5.549816131591797
5.6019203662872314
5.532543182373047
5.592081308364868
5.456137180328369
5.490762233734131
5.578186511993408
5.397751092910767
5.58488655090332
5.357236862182617
5.456277370452881
5.462179899215698
5.3997321128845215
5.643939018249512
5.4742090702056885
5.625098705291748
5.460632801055908
5.601983070373535
5.46127462387085
5.423736333847046
5.469728708267212
5.5646045207977295
5.45380973815918
5.507514953613281
5.505892992019653
5.6056296825408936
5.529849529266357
5.549927234649658
5.4477174282073975
5.540784597396851
5.493234872817993
5.578709602355957
5.634537696838379
5.575834512710571
5.484304666519165
5.432551622390747
5.369130373001099
5.477239608764648
5.489787817001343
5.446336030960083
5.486755609512329
5.417625904083252
5.5002052783966064
5.61817193031311
5.535693645477295
5.41410493850708
5.500841856002808
5.563170433044434
5.55301570892334
5.35244083404541
5.428744554519653
5.492722034454346
5.680502653121948
5.673622131347656
5.425869464874268
5.618752479553223
5.411310195922852
5.526718854904175
5.53818154335022
5.530780076980591
5.562144041061401
5.564506769180298
5.433678865432739
5.543913125991821
5.55956768989563
5.40665864944458
5.524197340011597
5.436907052993774
5.533334016799927
5.524177074432373
5.516247510910034
5.352470874786377
5.449048280715942
5.527304649353027
5.540588855743408
5.476642370223999
5.555222511291504
5.514625787734985
5.426624536514282
5.432339429855347
5.52824068069458
5.541942834854126
5.4788737297058105
5.534395933151245
5.496008634567261
5.484858274459839
5.512735366821289
5.555636882781982
5.4574363231658936
5.577807426452637
5.905136585235596
5.592060089111328
5.481666326522827
5.586341857910156
5.47127103805542
5.48764705657959
5.465404510498047
5.396395683288574
5.514142751693726
5.355541229248047
5.61536979675293
5.401526927947998
5.391633987426758
5.671950578689575
5.551670789718628
5.518643379211426
5.276939153671265
5.500046968460083
5.526719570159912
5.403125762939453
5.399387359619141
5.423570156097412
5.4889445304870605
5.507847547531128
5.462305545806885
5.501229524612427
5.4121339321136475
5.467087030410767
5.4264819622039795
5.398662805557251
5.539655923843384
5.2744460105896
5.394399404525757
5.527873992919922
5.571771860122681
5.454682111740112
5.491946697235107
5.553816318511963
5.584723711013794
5.507878303527832
5.423511266708374
5.403714895248413
5.450682640075684
5.450938940048218
5.5061986446380615
5.644878625869751
5.461574554443359
5.496057510375977
5.547140121459961
5.557784557342529
5.447181940078735
5.452431678771973
5.4586217403411865
5.587622404098511
5.663952827453613
5.320585012435913
5.35412335395813
5.611705780029297
5.394685983657837
5.501082897186279
5.577553987503052
5.371510982513428
5.289957523345947
5.51150369644165
5.585716962814331
5.631832838058472
5.346973419189453
5.521126747131348
5.3660900592803955
5.523134469985962
5.506778955459595
5.413640022277832
5.4394330978393555
5.956418752670288
5.686564207077026
5.723972797393799
5.629179239273071
5.46878981590271
5.397020101547241
5.582089424133301
5.307726621627808
5.688666820526123
5.5597851276397705
5.47528338432312
5.5537238121032715
5.622806072235107
5.4191060066223145
5.396555662155151
5.468703031539917
5.524773836135864
5.371014595031738
5.494636535644531
5.494225978851318
5.545250654220581
5.46970534324646
5.433241605758667
5.533707857131958
5.695836067199707
5.6185548305511475
5.454003810882568
5.623918533325195
5.391113996505737
5.517395496368408
5.547760486602783
5.434680700302124
5.507095813751221
5.458200216293335
5.414926528930664
5.300882339477539
5.315886497497559
5.484385251998901
5.530768394470215
5.374103307723999
5.393024444580078
5.519759178161621
5.4417009353637695
5.431613922119141
5.569143533706665
5.65436315536499
5.448543548583984
5.319468021392822
5.628755331039429
5.464945554733276
5.572494029998779
5.512861013412476
5.504617214202881
5.593394994735718
5.631216287612915
5.448284864425659
5.600489377975464
5.612954139709473
5.50471043586731
5.511246919631958
5.355972528457642
5.595672130584717
5.50853157043457
5.484639644622803
5.5752036571502686
5.3363001346588135
5.462226629257202
5.488097667694092
5.4497230052948
5.582385778427124
5.5128138065338135
5.368935585021973
5.392108201980591
5.361154794692993
5.64516544342041
5.4913506507873535
5.4961535930633545
5.536832094192505
5.735894203186035
5.508164644241333
5.512193441390991
5.349280118942261
5.3014817237854
5.509236097335815
5.526781320571899
5.481250047683716
5.573768138885498
5.401484489440918
5.518277645111084
5.494156837463379
5.540571928024292
5.573317766189575
5.5574445724487305
5.474498271942139
5.426976919174194
5.5553717613220215
5.400562286376953
5.556077480316162
5.526411056518555
5.487675666809082
5.584648370742798
5.38713812828064
5.663166046142578
5.497335910797119
5.728353023529053
5.506162405014038
5.483596324920654
5.4326581954956055
5.4886627197265625
5.829709529876709
5.696416616439819
5.662609338760376
5.54072904586792
5.511170148849487
5.642657041549683
5.443984031677246
5.578601837158203
5.690714120864868
5.5821449756622314
5.524189233779907
5.4823689460754395
5.548747301101685
5.448120594024658
5.514347314834595
5.631856441497803
5.573760509490967
5.530568599700928
5.585895538330078
5.513684988021851
5.530197858810425
5.693244218826294
5.472005844116211
5.552478313446045
5.415903329849243
5.319954872131348
5.494687080383301
5.553703784942627
5.476609468460083
5.458635330200195
5.540150880813599
5.600730895996094
5.452510833740234
5.51090669631958
5.3945698738098145
5.5631208419799805
5.450870990753174
5.526834487915039
5.389915943145752
5.258325099945068
5.387061357498169
5.4712584018707275
5.539636611938477
5.603832244873047
5.475832223892212
5.3474650382995605
5.367337942123413
5.486472845077515
5.549090385437012
5.382383584976196
5.4314844608306885
5.3009607791900635
5.426558971405029
5.454113960266113
5.436350584030151
5.401926279067993
5.558631181716919
5.394637107849121
5.28520941734314
5.449114084243774
5.441966533660889
5.479344367980957
5.811203956604004
6.114147186279297
5.540094614028931
5.633918046951294
5.438522815704346
5.39703893661499
5.391152381896973
5.362715721130371
5.5387513637542725
5.630043029785156
5.416095495223999
5.510448217391968
5.5805418491363525
5.433212995529175
5.48740291595459
5.431603193283081
5.439216375350952
5.435922622680664
5.474917650222778
5.496821165084839
5.525813817977905
5.459540367126465
5.425604343414307
5.548582553863525
5.4001312255859375
5.595757722854614
5.5832414627075195
5.549989223480225
5.415668249130249
5.558009624481201
5.515527009963989
5.699256420135498
5.618335962295532
5.5031890869140625
5.521125316619873
5.548072576522827
5.374307632446289
5.478126049041748
5.388612985610962
5.529247283935547
5.427999496459961
5.452046871185303
5.551718235015869
5.4546239376068115
5.544083833694458
5.537242650985718
5.574232339859009
5.567131757736206
5.399574518203735
5.539750576019287
5.625854969024658
5.444612264633179
5.336907148361206
5.557085990905762
5.5542614459991455
5.47048807144165
5.529609680175781
5.450783014297485
5.507373809814453
5.577814340591431
5.549171209335327
5.406195163726807
5.482357978820801
6.039134979248047
5.8008201122283936
5.800055742263794
5.540543556213379
5.391443490982056
5.521786212921143
5.451429605484009
5.444795608520508
5.534926891326904
5.603660821914673
5.630397081375122
5.377405881881714
5.516048192977905
5.515661716461182
5.431549310684204
5.586503028869629
5.574748754501343
5.540171146392822
5.542078733444214
5.570700645446777
5.559787034988403
5.474778413772583
5.4797043800354
5.47259783744812
5.4436094760894775
5.483328342437744
5.504176139831543
5.568619251251221
5.547055244445801
5.339054822921753
5.513548374176025
5.756365537643433
5.725834131240845
5.540052175521851
5.4640278816223145
5.562099933624268
5.530580520629883
5.533474922180176
5.42918586730957
5.650550842285156
5.379014730453491
5.526602029800415
5.399330377578735
5.645462989807129
5.490484952926636
5.640901565551758
5.435048341751099
5.429484844207764
5.5045692920684814
5.455085754394531
5.55159854888916
5.526311874389648
5.427558183670044
5.556238174438477
5.567824363708496
5.426605939865112
5.463326930999756
5.405921697616577
5.510136127471924
5.6306421756744385
5.583215951919556
5.310807228088379
5.5676000118255615
5.429494619369507
5.53363823890686
5.418464660644531
5.454889297485352
5.718282699584961
5.503443241119385
5.3404059410095215
5.604056119918823
5.521207571029663
5.477691411972046
5.425550699234009
5.5050153732299805
5.46160101890564
5.616186857223511
5.282859563827515
5.591339826583862
5.720224142074585
5.458588600158691
5.533056735992432
5.529016733169556
5.56769323348999
5.472265243530273
5.61954140663147
5.376514911651611
5.421558380126953
5.506097793579102
5.557626247406006
5.571544408798218
5.506628751754761
5.516020774841309
5.594714641571045
5.541808366775513
5.559847354888916
5.4850146770477295
5.597225904464722
5.361400127410889
5.370644569396973
5.601207733154297
5.550825595855713
5.403928756713867
5.589020013809204
5.418222665786743
5.502542018890381
5.518996715545654
5.548019170761108
5.686565160751343
5.417690753936768
5.409318923950195
5.546322584152222
5.5557591915130615
5.417473316192627
5.607154369354248
5.472556114196777
5.519616603851318
5.618260860443115
5.582520961761475
5.533644199371338
5.539165258407593
5.407923221588135
5.502223968505859
5.854001998901367
5.554839372634888
5.686166524887085
5.7220611572265625
5.395716190338135
5.551587820053101
5.413778066635132
5.6645667552948
5.541052341461182
5.470247030258179
5.5961012840271
5.518017768859863
5.49899697303772
5.577959299087524
5.397136926651001
5.513318300247192
5.481107473373413
5.489244222640991
5.478975057601929
5.5741331577301025
5.443018436431885
5.517557144165039
5.645785808563232
5.650592088699341
5.393147706985474
5.441472291946411
5.592102766036987
5.640439033508301
5.330916166305542
5.544226408004761
5.548859596252441
5.662748336791992
5.473927736282349
5.5968546867370605
5.574040174484253
5.415933847427368
5.552699327468872
5.548310279846191
5.422426700592041
5.491509437561035
5.486074209213257
5.500678539276123
5.586687326431274
5.403906583786011
5.581793308258057
5.4715681076049805
5.437577247619629
5.50200343132019
5.649852275848389
5.434186697006226
5.48547625541687
5.446909666061401
5.578052282333374
5.486656904220581
5.60759425163269
5.528585910797119
5.4136998653411865
5.487530708312988
5.498966693878174
5.489081621170044
5.574719667434692
5.390487194061279
5.476065635681152
5.444954872131348
5.535020112991333
5.645586729049683
5.6061413288116455
5.543853521347046
5.570181369781494
5.578205585479736
5.49353289604187
5.595043420791626
5.529108285903931
5.606555700302124
5.998344421386719
5.6692445278167725
5.56327223777771
5.558489799499512
5.54472804069519
5.446934223175049
5.562270641326904
5.54720401763916
5.297290563583374
5.6127142906188965
5.441941976547241
5.4845404624938965
5.659438610076904
5.403588056564331
5.557595729827881
5.69512939453125
5.40599799156189
5.424156427383423
5.501139163970947
5.558309316635132
5.360805034637451
5.773772478103638
5.89556097984314
5.506476402282715
5.5806427001953125
5.58402681350708
5.452588319778442
5.466451168060303
5.500038146972656
5.536629676818848
5.566418170928955
5.483942270278931
5.618266820907593
5.563649654388428
5.479449987411499
5.503473520278931
5.50266432762146
5.611063003540039
5.490122079849243
5.707638740539551
5.594060897827148
5.483952522277832
5.6099371910095215
5.574726343154907
5.362483739852905
5.557344198226929
5.521807432174683
5.4354517459869385
5.571298360824585
5.5725836753845215
5.657689332962036
5.4688496589660645
5.47273588180542
5.510390758514404
5.6472251415252686
5.571350812911987
5.58196496963501
5.50333833694458
5.515949249267578
5.430720090866089
5.430266380310059
5.5067315101623535
5.479104518890381
5.630983114242554
5.531704664230347
5.501087665557861
5.606494188308716
5.54500675201416
5.515468120574951
5.58457612991333
5.954882621765137
5.493603467941284
5.509095191955566
5.701251029968262
5.581240653991699
5.50715446472168
5.562694549560547
5.4945080280303955
5.528530597686768
5.626511812210083
5.415940284729004
5.482459783554077
5.499116897583008
5.568531274795532
5.443579912185669
5.576038599014282
5.708664655685425
5.583092927932739
5.877342224121094
5.6905012130737305
5.656033992767334
5.630666971206665
5.447541236877441
5.556462287902832
5.5866570472717285
5.707476377487183
5.5500569343566895
5.531113862991333
5.509500026702881
5.516111135482788
5.6937336921691895
5.421103239059448
5.4927473068237305
5.653205871582031
5.461880683898926
5.417437314987183
5.555342197418213
5.494677543640137
5.585315942764282
5.504635572433472
5.448049306869507
5.5548741817474365
5.56119441986084
5.346185207366943
5.591313123703003
5.750720262527466
5.545033693313599
5.515716552734375
5.536051988601685
5.568888425827026
5.600567102432251
5.6606457233428955
5.501199007034302
5.408815622329712
5.494980812072754
5.44154167175293
5.660724878311157
5.542010545730591
5.577550888061523
5.568392515182495
5.588172197341919
5.515699863433838
5.558447360992432
5.613138198852539
5.390204668045044
5.4916486740112305
5.497348308563232
5.48123025894165
5.370468616485596
5.5056071281433105
5.558786153793335
5.486217975616455
5.588728904724121
5.520087480545044
5.4150450229644775
5.446918487548828
5.5319154262542725
5.330408811569214
5.500989198684692
5.401974678039551
5.877895832061768
5.810173749923706
5.535353183746338
5.5365071296691895
5.532330751419067
5.553952932357788
5.451517105102539
5.564547300338745
5.508632183074951
5.629119634628296
5.543478012084961
5.445277690887451
5.474500417709351
5.646723508834839
5.624101638793945
5.445525407791138
5.561138868331909
5.408867835998535
5.609209060668945
5.502428770065308
5.478117227554321
5.479179859161377
5.564181327819824
5.484288454055786
5.486004829406738
5.460004806518555
5.599445343017578
5.571688175201416
5.383936643600464
5.548964977264404
5.540504455566406
5.580924034118652
5.7446699142456055
5.529221296310425
5.480532646179199
5.341302871704102
5.522537708282471
5.540356159210205
5.511122465133667
5.508639574050903
5.545898675918579
5.364262819290161
5.584744215011597
5.600654602050781
5.417999267578125
5.5547192096710205
5.574430704116821
5.509584426879883
5.560802698135376
5.542047023773193
5.318763494491577
5.545077800750732
5.4960551261901855
5.508174180984497
5.552630662918091
5.354839324951172
5.433883190155029
5.65927529335022
5.341124057769775
5.7140727043151855
5.616981029510498
5.656450986862183
5.530236721038818
5.593504428863525
5.692502975463867
5.440483808517456
5.612046718597412
5.5402796268463135
5.514007806777954
5.612177610397339
5.577265024185181
5.528161287307739
5.613298654556274
5.452243089675903
5.475220203399658
5.744339942932129
5.573035955429077
5.421503305435181
5.543959617614746
5.46742057800293
5.489940166473389
5.602201700210571
5.544702053070068
5.605736494064331
5.551264047622681
5.6072962284088135
5.437324523925781
5.5725486278533936
5.659580707550049
5.4076087474823
5.475606918334961
5.864365816116333
5.499113082885742
5.655657529830933
5.520603656768799
5.574000835418701
5.399830102920532
5.691147327423096
5.526097297668457
5.547680616378784
5.510648488998413
5.60216760635376
5.6550164222717285
5.443411827087402
5.6689465045928955
5.4786717891693115
5.509041786193848
5.900263071060181
5.839268922805786
5.690274000167847
5.563518285751343
5.4435155391693115
5.489913463592529
5.595808982849121
5.499603033065796
5.548655271530151
5.555713653564453
5.52543044090271
5.550122261047363
5.543212413787842
5.501267910003662
5.476551294326782
5.542116403579712
5.4454381465911865
5.598296880722046
5.557310104370117
5.583025932312012
5.600061893463135
5.625872611999512
5.580000400543213
5.47964882850647
5.624621391296387
5.478045225143433
5.465768814086914
5.341793060302734
5.574988603591919
5.52878737449646
5.5271525382995605
5.511265516281128
5.467048645019531
5.59345555305481
5.357098817825317
5.480274677276611
5.423109769821167
5.477432727813721
5.609666347503662
5.589439392089844
5.585382699966431
5.622176885604858
5.577175140380859
5.5902016162872314
5.666404485702515
5.495092391967773
5.456522703170776
5.8113694190979
5.948546886444092
5.726032018661499
5.578622579574585
5.569685697555542
5.583768367767334
5.412020683288574
5.3475847244262695
5.564550399780273
5.391206979751587
5.65111780166626
5.574525833129883
5.525601625442505
5.490053415298462
5.455894708633423
5.530832052230835
5.458935022354126
5.53162956237793
5.4892051219940186
5.485050201416016
5.611813306808472
5.535645008087158
5.545480728149414
5.603694200515747
5.565111398696899
5.593096971511841
5.609341859817505
5.49761700630188
5.486922740936279
5.536921977996826
5.703433990478516
6.158977031707764
5.6096415519714355
5.7212042808532715
5.3690736293792725
5.4528913497924805
5.8695008754730225
5.569613933563232
5.552490949630737
5.439752817153931
5.464535236358643
5.472031116485596
5.584900617599487
5.542978048324585
5.568110942840576
5.6440465450286865
5.461014986038208
5.556693077087402
5.639805555343628
5.55772852897644
5.553617715835571
5.653013467788696
5.4166436195373535
5.585587978363037
5.591881275177002
5.5266711711883545
5.467959880828857
5.487924098968506
5.583122491836548
5.4949541091918945
5.4934892654418945
5.673275947570801
5.72662878036499
5.5991926193237305
5.476268291473389
5.970939874649048
5.539531707763672
5.410479545593262
5.49785041809082
5.510943174362183
5.475984573364258
5.462003946304321
5.316775560379028
5.573514461517334
5.612208604812622
5.4447925090789795
5.6206207275390625
5.650204420089722
5.5920422077178955
5.542150259017944
5.4785919189453125
5.613598585128784
5.495145797729492
5.5841357707977295
5.5814714431762695
5.653231620788574
5.615113973617554
5.535627126693726
5.58200478553772
5.494283676147461
5.670053243637085
5.5419487953186035
5.67203426361084
5.506292819976807
5.507541179656982
5.6046905517578125
5.503607749938965
5.408859968185425
5.477016448974609
5.471424341201782
5.57701563835144
5.536449670791626
5.554802179336548
5.464928388595581
5.589561939239502
5.474850177764893
5.505468368530273
5.55061674118042
5.408987283706665
5.459773302078247
5.518475294113159
5.545143127441406
5.526919364929199
5.469520807266235
5.586602210998535
5.490284204483032
5.3357253074646
5.514050006866455
5.466327428817749
5.508437156677246
5.592579126358032
5.426610946655273
5.622207164764404
5.499481916427612
5.67569637298584
5.697723150253296
5.6127026081085205
5.764816761016846
5.5251946449279785
5.470934629440308
5.468932390213013
5.839876651763916
5.823405742645264
5.752141714096069
5.632124662399292
5.502331495285034
5.583219528198242
5.82693076133728
5.77753472328186
5.653829336166382
5.61672306060791
5.690283298492432
5.728823184967041
5.733712434768677
5.3788251876831055
5.597247123718262
5.487486362457275
5.878284454345703
5.801196098327637
5.480935335159302
5.610699653625488
5.5238847732543945
5.8303282260894775
5.838695764541626
5.591231107711792
5.863926887512207
5.738931894302368
5.583315849304199
5.751894235610962
5.445549726486206
5.611860275268555
5.383809804916382
5.832371950149536
5.8162548542022705
5.5510008335113525
5.731798410415649
5.611069202423096
5.838229656219482
5.881721258163452
5.587445497512817
5.533491611480713
5.487025499343872
5.706830978393555
5.757465600967407
5.391798496246338
5.50055456161499
5.542081594467163
5.756139278411865
5.806475877761841
5.503545045852661
5.433161973953247
5.472235918045044
5.755687236785889
5.721783399581909
5.599362373352051
5.6234893798828125
5.456418037414551
5.407013177871704
5.444416522979736
5.327770471572876
5.4804465770721436
5.716423034667969
5.647584438323975
5.592638731002808
5.485054969787598
5.753687858581543
5.85888409614563
5.441495418548584
5.604210376739502
5.6690833568573
5.8415117263793945
5.546587705612183
5.495419502258301
5.825720310211182
5.744749546051025
5.540467977523804
5.629156589508057
5.9100775718688965
5.731145620346069
5.484940767288208
5.468019723892212
5.719942569732666
5.9088661670684814
5.528589248657227
5.452260971069336
5.807655096054077
5.728972911834717
5.680010795593262
5.7979748249053955
5.673225402832031
5.644630193710327
5.537014961242676
5.738453388214111
5.842909097671509
5.500105142593384
5.4782960414886475
5.794862508773804
5.96397066116333
5.787020683288574
5.53146767616272
5.535633325576782
5.662507057189941
5.928143501281738
5.84881329536438
5.5637757778167725
5.540456056594849
5.878787279129028
5.776557445526123
5.746273756027222
5.561097145080566
5.415327310562134
5.734577655792236
5.836701154708862
5.69709038734436
5.521950006484985
5.536067485809326
5.771294355392456
5.722709655761719
5.703741073608398
5.477935075759888
5.510927677154541
5.707118272781372
5.803868532180786
5.62539529800415
5.554552316665649
5.681254863739014
5.691180467605591
5.805938959121704
5.652051687240601
5.526904582977295
5.433449029922485
5.767231702804565
5.767475605010986
5.734358310699463
5.573969602584839
5.442301988601685
5.8277928829193115
5.7928996086120605
5.766083478927612
5.589030504226685
5.464010238647461
5.826647520065308
5.836768627166748
5.969467878341675
5.418239116668701
5.410587310791016
5.783043622970581
5.743266820907593
5.681711673736572
5.638215065002441
5.3919970989227295
5.75327467918396
5.935300827026367
5.946899890899658
5.913976430892944
5.733043432235718
5.820835590362549
6.0830042362213135
5.969342231750488
5.816770792007446
5.920884847640991
6.056548118591309
5.931230306625366
5.924872159957886
5.768905878067017
6.074806451797485
6.010592460632324
5.851789951324463
5.7153239250183105
6.024181365966797
5.933404445648193
5.92615818977356
5.698625564575195
5.884673357009888
6.139993667602539
5.981247186660767
5.913226366043091
5.637280702590942
6.079955577850342
5.978831768035889
6.063578844070435
6.00084662437439
6.203069448471069
5.976250171661377
5.989896059036255
6.159234523773193
5.765688180923462
5.750553369522095
6.127178192138672
6.002577543258667
6.265871286392212
5.7887043952941895
5.993935585021973
5.965838432312012
6.079439878463745
5.814558267593384
5.870884895324707
6.0655412673950195
6.035642385482788
5.915290117263794
5.799501419067383
5.838639259338379
6.027944564819336
5.981340646743774
5.969805002212524
5.902259111404419
5.829382419586182
6.014879465103149
6.397636890411377
5.958946466445923
5.791300058364868
5.968521356582642
5.592487096786499
5.702894926071167
5.772341251373291
5.551357984542847
6.020294666290283
5.85932469367981
5.905237913131714
5.616426944732666
5.72931170463562
5.419467926025391
5.603271484375
5.648599624633789
5.629666328430176
5.74326753616333
5.550961256027222
5.536937236785889
5.601951837539673
5.735468626022339
5.8257529735565186
5.79928183555603
5.787206649780273
5.754057884216309
5.826312780380249
5.727241516113281
5.595256090164185
5.559954881668091
5.625396013259888
5.819822788238525
5.719160318374634
5.923089265823364
5.635543346405029
5.710204362869263
5.508941173553467
5.57914137840271
5.618942737579346
5.683595895767212
5.7697319984436035
6.002614974975586
5.726860761642456
5.547925710678101
5.659040451049805
5.6994240283966064
5.778110980987549
5.798210620880127
5.865535736083984
5.799954175949097
5.7286341190338135
5.371282339096069
5.53593111038208
5.391461133956909
5.6496055126190186
5.473959922790527
5.740166187286377
5.605330228805542
5.325834035873413
5.348338842391968
5.296194076538086
5.2319495677948
5.287264108657837
5.466289281845093
5.522468090057373
5.560222387313843
5.655029773712158
5.533984899520874
5.5158607959747314
5.519396781921387
5.632683753967285
5.713224172592163
5.752542734146118
5.724818468093872
5.765719652175903
5.9269187450408936
5.866754055023193
5.560595750808716
5.731966257095337
5.503624200820923
5.504916191101074
5.6075661182403564
5.736297845840454
5.765127182006836
5.84423303604126
5.802735090255737
5.830024003982544
5.574529647827148
5.762264728546143
6.049482822418213
5.907921552658081
5.954228639602661
6.041287422180176
5.716678142547607
5.79271388053894
5.8633713722229
5.800160646438599
5.718138217926025
5.7486348152160645
5.789689779281616
6.259397983551025
6.142802476882935
6.208369255065918
6.1597840785980225
5.8773534297943115
6.011642932891846
6.031118869781494
5.990490674972534
5.9483747482299805
5.944321155548096
6.088119983673096
6.161938905715942
5.818019866943359
5.867172956466675
6.019062757492065
6.033075332641602
5.930371046066284
6.150859832763672
6.1646130084991455
6.097469091415405
6.11769437789917
6.01301646232605
5.961973428726196
5.884251594543457
5.794092893600464
5.546102285385132
5.837083101272583
5.924251556396484
5.572246074676514
5.572447299957275
5.5931196212768555
5.611682415008545
5.539055347442627
5.464822292327881
5.629184246063232
5.516986608505249
5.526465654373169
5.464921951293945
5.547746658325195
5.588632345199585
5.701718807220459
5.75556206703186
5.618577241897583
5.610380172729492
5.585115194320679
5.527043581008911
5.599632501602173
5.6651811599731445
5.623815536499023
5.467503309249878
5.664732217788696
5.606707572937012
5.588891983032227
5.563082456588745
5.624655723571777
5.576702117919922
5.681635618209839
5.6264848709106445
5.572800397872925
5.712506294250488
5.712626218795776
5.6933557987213135
5.540964841842651
5.546250343322754
5.423459529876709
5.5616295337677
5.585971117019653
5.629720687866211
5.5130321979522705
5.611268758773804
5.651690483093262
5.540186643600464
5.459129810333252
5.628854751586914
5.630669355392456
5.528902769088745
5.6306211948394775
5.637687921524048
5.577986717224121
5.577616453170776
5.618015766143799
5.559083938598633
5.543672561645508
5.748175382614136
5.5570762157440186
5.613138437271118
5.881853103637695
5.54358172416687
5.699636936187744
5.669554233551025
5.644923210144043
5.592329502105713
5.606159687042236
5.600167274475098
5.6361939907073975
5.653316259384155
5.616559267044067
5.727116823196411
5.9512975215911865
5.672348260879517
5.6190407276153564
5.645571947097778
5.638375759124756
5.61554741859436
5.566419363021851
5.7491607666015625
5.704698085784912
5.545892238616943
5.648139715194702
5.606662034988403
5.5664777755737305
5.668515682220459
5.5505759716033936
5.547193765640259
5.513900995254517
5.572871685028076
5.581726551055908
5.668102025985718
5.632864475250244
5.6531291007995605
5.688424825668335
5.700157165527344
5.528592824935913
5.695283889770508
5.576120615005493
5.565438508987427
5.656192302703857
5.525554656982422
5.66707968711853
5.582537412643433
5.645185470581055
5.6451475620269775
5.623717784881592
5.645836353302002
5.623866319656372
5.5570738315582275
5.801546096801758
5.810510635375977
5.5625951290130615
5.614638090133667
5.545233488082886
5.590989589691162
5.644232749938965
5.607637882232666
5.620579481124878
5.6281046867370605
5.626206159591675
5.570183515548706
5.650115013122559
5.667620897293091
5.636333703994751
5.6868016719818115
5.673009395599365
5.559589862823486
5.622140407562256
5.540544033050537
5.591461181640625
5.4785072803497314
5.501944541931152
5.461418151855469
5.536503553390503
5.629490613937378
5.715864419937134
5.544579029083252
5.511879205703735
5.674888372421265
5.611017227172852
5.514508247375488
5.744182586669922
5.6736369132995605
5.652666330337524
5.494588136672974
5.582656145095825
5.54951810836792
5.530502557754517
5.610641002655029
5.711244106292725
5.539632558822632
5.5781238079071045
5.526480674743652
5.664809703826904
5.975565195083618
5.661083698272705
5.4868903160095215
5.690705060958862
5.659249305725098
5.6305015087127686
5.620568752288818
6.174790382385254
5.893399477005005
5.587603330612183
5.687390565872192
5.721794366836548
5.706670045852661
5.55059289932251
5.662252902984619
5.622430324554443
5.680659770965576
5.633488655090332
5.668440580368042
5.655203819274902
5.62372088432312
5.6635355949401855
5.579410791397095
5.583127021789551
5.616763591766357
5.631030797958374
5.529468536376953
5.560000896453857
5.606776475906372
5.642802476882935
5.633702039718628
5.552928924560547
5.620969772338867
5.577228546142578
5.559113502502441
5.634606599807739
5.597539901733398
5.592166900634766
5.6138222217559814
5.522345066070557
5.6472344398498535
5.60463285446167
5.582122802734375
5.469097137451172
5.64457893371582
5.5814690589904785
5.571951627731323
5.561224460601807
5.440367937088013
5.482501029968262
5.512908697128296
5.541062116622925
5.695959806442261
5.6070473194122314
5.59193754196167
5.481822490692139
5.52164888381958
5.599783420562744
5.467222213745117
5.60174298286438
5.613478660583496
5.511470317840576
5.5249199867248535
5.638164758682251
5.463825702667236
5.52994966506958
5.566601276397705
5.637562274932861
5.65761661529541
5.738201141357422
5.860202789306641
5.575882434844971
5.666086196899414
5.728151321411133
5.758629083633423
5.727186679840088
5.753762483596802
5.829725742340088
5.705612421035767
5.851459741592407
5.883110761642456
5.780821084976196
5.877920627593994
5.8324620723724365
5.8249123096466064
5.706289291381836
5.68669319152832
5.973934650421143
6.118940353393555
6.012292385101318
5.832216501235962
5.7928080558776855
5.959016561508179
5.902459144592285
5.763415575027466
5.84730863571167
5.718616962432861
5.808276414871216
5.87962007522583
5.84358286857605
5.7711708545684814
5.7945966720581055
5.788541555404663
5.801651477813721
5.76871919631958
5.828215599060059
5.723895072937012
5.746053457260132
5.712275981903076
5.904642105102539
5.753425598144531
5.7966437339782715
6.005673885345459
5.7836081981658936
5.742479562759399
5.7621543407440186
5.7091965675354
5.7485151290893555
5.701718330383301
5.7733213901519775
5.769279956817627
5.667046308517456
5.728718042373657
5.726636171340942
5.822699785232544
5.7854180335998535
5.708208084106445
5.771776437759399
5.805198907852173
5.693479061126709
5.786837816238403
5.707604169845581
5.700654745101929
5.710296392440796
5.786900520324707
5.807624101638794
5.7387659549713135
5.867839097976685
5.71365213394165
5.834052324295044
5.700711727142334
5.784512519836426
5.781707525253296
5.821146726608276
5.738210916519165
5.799738883972168
5.5896079540252686
5.5511791706085205
5.578802108764648
5.611739635467529
5.592978477478027
5.437536001205444
5.527697801589966
5.5481226444244385
5.614911079406738
5.559225797653198
5.529554843902588
5.48653507232666
5.5163538455963135
5.592046022415161
5.451494932174683
5.5092737674713135
5.73866605758667
5.605992078781128
5.416818618774414
5.551800012588501
5.590686321258545
5.543565988540649
5.635085821151733
5.522576570510864
5.492440700531006
5.576321840286255
5.721126079559326
5.5053815841674805
5.526562690734863
5.531048536300659
5.631604194641113
5.4924468994140625
5.5323827266693115
5.661082983016968
5.659600019454956
5.571503639221191
5.6422951221466064
5.480299711227417
5.546658039093018
5.453989267349243
5.597569465637207
5.544443368911743
5.5285375118255615
5.492641925811768
5.452094554901123
5.454099655151367
5.6071953773498535
5.598576784133911
5.6363983154296875
5.691709995269775
5.526072025299072
5.467736482620239
5.45649790763855
5.553515672683716
5.4969322681427
5.662134647369385
5.509539842605591
5.506066560745239
5.529481887817383
5.568787574768066
5.608617067337036
5.645155429840088
5.557466745376587
5.60464072227478
5.538641929626465
5.5346221923828125
5.595277786254883
5.602733135223389
5.619903802871704
5.621486186981201
5.573624610900879
5.580335855484009
5.599704027175903
5.5144360065460205
5.4509758949279785
5.535341739654541
5.518923044204712
5.649250268936157
5.697924613952637
5.627885580062866
5.454344272613525
5.614443778991699
5.63027548789978
5.571441173553467
5.568526029586792
5.651232719421387
5.447372674942017
5.4830567836761475
5.620995044708252
5.537266254425049
5.668060302734375
5.483882665634155
5.559855937957764
5.667135715484619
5.509491682052612
5.416456460952759
5.651777744293213
5.542896270751953
5.593040704727173
5.520998001098633
5.458756923675537
5.576533317565918
5.58960485458374
5.4920337200164795
5.527822017669678
5.455415964126587
5.492256164550781
5.784292936325073
5.611379384994507
5.525055885314941
5.608877658843994
5.635889530181885
5.559952020645142
5.573044776916504
5.500346899032593
5.68069863319397
5.463986396789551
5.429786682128906
5.548652172088623
5.5336408615112305
5.696941375732422
5.5560173988342285
5.447169065475464
5.620251417160034
5.592983245849609
5.561094284057617
5.651759386062622
5.455867528915405
5.585888147354126
5.7098307609558105
5.57350754737854
5.5661585330963135
5.531820058822632
5.506712198257446
5.6487157344818115
5.666333436965942
5.574319124221802
5.617005348205566
5.5465826988220215
5.623159885406494
5.592577219009399
5.935225248336792
5.727532148361206
5.756900310516357
5.643206357955933
5.577462434768677
5.511133193969727
5.666556358337402
5.574497222900391
5.542665481567383
5.5793776512146
5.612777471542358
5.686324596405029
5.62255859375
5.566072225570679
5.568728923797607
5.621133327484131
5.604759454727173
5.616030216217041
5.702209949493408
5.504629850387573
5.580574989318848
5.5590455532073975
5.5803587436676025
5.652581453323364
5.523295164108276
5.573662519454956
5.5121965408325195
5.601577997207642
5.649652719497681
5.517649173736572
5.432742118835449
5.560893774032593
5.4649817943573
5.4535088539123535
5.549867153167725
5.715709447860718
5.634327411651611
5.534059047698975
5.542284727096558
5.565593957901001
5.59500789642334
5.556886911392212
5.544677495956421
5.6281514167785645
5.532941818237305
5.559607028961182
5.680202484130859
5.511366844177246
5.557227373123169
5.588119983673096
5.600714921951294
5.583543539047241
5.569571018218994
5.541235446929932
5.5879130363464355
5.46633768081665
5.584625482559204
5.6191325187683105
5.586541414260864
5.663758754730225
5.576082468032837
5.470798492431641
5.616095542907715
5.635163307189941
5.584509611129761
5.638363361358643
5.625568628311157
5.528320550918579
5.490321397781372
5.81989312171936
5.569412469863892
5.507697820663452
5.614282608032227
5.664472579956055
5.607952356338501
5.540984392166138
5.537902116775513
5.547473430633545
5.564982652664185
5.373581886291504
5.488801717758179
5.483597040176392
5.427812814712524
5.661869525909424
5.627258539199829
5.5119242668151855
5.657167673110962
5.656435966491699
5.6139936447143555
5.470871210098267
5.64766526222229
5.60553503036499
5.570504903793335
5.572501182556152
5.472795009613037
5.523482084274292
5.642670154571533
5.508289337158203
5.528060436248779
5.52997088432312
5.645573377609253
5.627971172332764
5.5217297077178955
5.593000411987305
5.63886022567749
5.670619010925293
5.534521818161011
5.599706172943115
5.521534204483032
5.6727070808410645
5.638500213623047
5.627004384994507
5.522125959396362
5.436429262161255
5.4737279415130615
5.637204885482788
5.647294998168945
5.7566304206848145
5.808286905288696
5.62622332572937
5.432044982910156
5.754290342330933
5.4790894985198975
5.6717448234558105
5.523589611053467
5.541069746017456
5.683715581893921
5.694047689437866
5.7397780418396
5.604615926742554
5.4982171058654785
5.509681463241577
5.488511323928833
5.690420627593994
5.67329216003418
5.402909994125366
5.612633943557739
5.388519763946533
5.571479320526123
5.62249755859375
5.558615446090698
5.534624099731445
5.439767599105835
5.547981023788452
5.420193433761597
5.511302471160889
5.679830312728882
5.500260353088379
5.490532875061035
5.50244665145874
5.477933883666992
5.472294807434082
5.614032030105591
5.612552165985107
5.5950376987457275
5.707762956619263
5.5598084926605225
5.546384572982788
5.635862827301025
5.5219104290008545
5.497540473937988
5.5406084060668945
5.622786045074463
5.612658739089966
5.7222185134887695
5.578268766403198
5.494882345199585
5.644529581069946
5.538558721542358
5.57601523399353
5.704629421234131
5.532402515411377
5.623903274536133
5.466857194900513
5.581039905548096
5.491409063339233
5.611234426498413
5.617633581161499
5.589863538742065
5.5898566246032715
5.601979970932007
5.679637908935547
5.464271068572998
5.707113027572632
5.549384355545044
5.656418561935425
5.661874532699585
5.692703008651733
5.575661897659302
5.716098070144653
5.572199583053589
5.564126253128052
5.477346897125244
5.461552381515503
5.656599283218384
5.667689323425293
5.623427629470825
5.459948301315308
5.602041006088257
5.456256151199341
5.6141815185546875
5.736117601394653
5.9108617305755615
5.823381662368774
