Timing log for each step:
0.014014005661010742
10.331642389297485
10.212878227233887
10.259888172149658
10.086410760879517
10.195555925369263
10.25941276550293
10.145624160766602
10.467406034469604
10.311298847198486
10.47613787651062
10.249632835388184
10.540721654891968
10.386296033859253
10.173714637756348
10.16222882270813
10.377326011657715
10.246427297592163
10.378604888916016
10.464662551879883
10.173059940338135
10.615379810333252
10.41307020187378
10.300878286361694
10.327535152435303
10.333475351333618
10.679882287979126
10.2229642868042
10.359746217727661
10.38045048713684
10.491467714309692
10.563671588897705
10.463687658309937
10.371724843978882
10.44341254234314
10.434943437576294
10.394691228866577
10.204528331756592
10.535876750946045
10.400237321853638
10.64786171913147
10.560249090194702
10.495345115661621
10.368926286697388
10.486505270004272
10.19459319114685
10.442751169204712
10.33764123916626
10.439646482467651
10.466154098510742
10.309052467346191
10.35901427268982
10.544607400894165
10.492430210113525
10.346741676330566
10.37394905090332
10.604963302612305
10.519144296646118
10.490224123001099
10.585265636444092
10.466474294662476
10.37180209159851
10.322229385375977
10.548707246780396
10.64618468284607
10.396263360977173
10.402297019958496
10.456650495529175
10.554186344146729
10.294440984725952
10.388949394226074
10.559505462646484
10.307689189910889
10.582132339477539
10.462868452072144
10.419573068618774
10.516464948654175
10.460564136505127
10.317216157913208
10.640008211135864
10.445396423339844
10.477630376815796
10.450308561325073
10.423985958099365
10.50443983078003
10.29283857345581
10.334920167922974
10.441031455993652
10.561264514923096
10.302482604980469
10.431791067123413
10.542465925216675
10.450879573822021
10.28581976890564
10.478412866592407
10.499611139297485
10.424383878707886
10.353687524795532
10.398748874664307
10.359830856323242
10.388410806655884
10.319928169250488
10.272024154663086
10.184804201126099
10.357943773269653
10.443361282348633
10.520830392837524
10.226732969284058
10.229904174804688
10.328732252120972
10.346814155578613
10.324814319610596
10.55025315284729
10.370458364486694
10.430656909942627
10.415842294692993
10.416971683502197
10.402005195617676
10.47791337966919
10.491150856018066
10.358001470565796
10.201056718826294
10.290993213653564
10.381503105163574
10.295969724655151
10.386697053909302
10.191272258758545
10.35115361213684
10.426568269729614
10.361785888671875
10.502391338348389
10.40866494178772
10.282961368560791
10.305458545684814
10.410263299942017
10.411350965499878
10.377727508544922
10.475026607513428
10.356703758239746
10.638367176055908
10.348082542419434
10.37599492073059
10.320874214172363
10.417970418930054
10.34174108505249
10.381147623062134
10.330953359603882
10.302316665649414
10.5490140914917
10.429112434387207
10.248169183731079
10.318977355957031
10.331008434295654
10.381931066513062
10.548951148986816
10.491569519042969
10.192337036132812
10.270745038986206
10.301722049713135
10.39527678489685
10.5648033618927
10.344958543777466
10.359695196151733
10.327705383300781
10.294007062911987
10.41805624961853
10.384780883789062
10.336618661880493
10.221681356430054
10.106921911239624
10.422809839248657
10.45094633102417
10.523980140686035
10.532757997512817
10.255004405975342
10.505804538726807
10.514731407165527
10.317535638809204
10.390900135040283
10.341785430908203
10.284395217895508
10.432432174682617
10.202904224395752
10.2959885597229
10.436790943145752
10.383033752441406
10.468910694122314
10.246007680892944
10.358604431152344
10.197158575057983
10.254188537597656
10.21491026878357
10.403732061386108
10.356335639953613
10.510717868804932
10.50848913192749
10.552677631378174
10.471160650253296
10.323317050933838
10.304765701293945
10.546005725860596
10.179009437561035
10.428017616271973
10.624010562896729
10.4813711643219
10.400882005691528
10.669995784759521
10.48587703704834
10.473580360412598
10.569437742233276
10.675973892211914
10.252842426300049
10.371238470077515
10.467819213867188
10.516735315322876
10.447851657867432
10.268908977508545
10.23888111114502
10.474759578704834
10.14815640449524
10.630595922470093
10.376670837402344
10.321444749832153
10.340872049331665
10.51985788345337
10.473259687423706
10.270713090896606
10.47195029258728
10.444917678833008
10.412333250045776
10.401376724243164
10.411685466766357
10.59669804573059
10.477398157119751
10.317605257034302
10.351557731628418
10.322043895721436
10.32894778251648
10.294870853424072
10.404232263565063
10.534735679626465
10.414350748062134
10.376983880996704
10.214953184127808
10.411229372024536
10.28740668296814
10.248829364776611
10.377783298492432
10.483808755874634
10.413635730743408
10.287585735321045
10.291463851928711
10.440229892730713
10.190708875656128
10.551371574401855
10.39312481880188
10.265871286392212
10.410491228103638
10.31597089767456
10.201974391937256
10.176938772201538
10.154515981674194
10.36717438697815
10.549967527389526
10.485674619674683
10.388821840286255
10.49965214729309
10.567764520645142
10.464178085327148
10.308232307434082
10.534726858139038
10.346137285232544
10.374824523925781
10.487277269363403
10.336729049682617
10.289413928985596
10.315900087356567
10.324917316436768
10.567718744277954
10.473025798797607
10.420800924301147
10.349443435668945
10.19505000114441
10.690664768218994
10.469883680343628
10.249993801116943
10.110121011734009
10.277767181396484
10.194376945495605
10.313952922821045
10.487332582473755
10.25779104232788
10.302915096282959
10.04175877571106
10.269938945770264
10.244430303573608
10.074992418289185
10.271652936935425
10.35117483139038
10.140758752822876
10.034729719161987
10.200454235076904
10.262972354888916
10.32671046257019
10.126929759979248
10.102641344070435
10.14742112159729
10.146894216537476
10.448636293411255
10.317281484603882
10.436628818511963
10.352272510528564
10.437644004821777
10.091788053512573
10.253581285476685
10.444952011108398
10.35339879989624
10.644397258758545
10.312005043029785
10.439341068267822
10.49290680885315
10.268000364303589
10.482161283493042
10.418447494506836
10.282696008682251
10.376070976257324
10.47694444656372
10.535037755966187
10.386076927185059
10.5691499710083
10.64545464515686
10.29793405532837
10.48320460319519
10.358702421188354
10.459071636199951
10.485609531402588
10.488187074661255
10.276921033859253
10.591180562973022
10.345098972320557
10.442034721374512
10.38186240196228
10.513603925704956
10.351898670196533
10.296250581741333
10.429744243621826
10.424108266830444
10.41041111946106
10.48469591140747
10.494182109832764
10.68169379234314
10.147531986236572
10.479705333709717
10.418555974960327
10.551138877868652
10.501688957214355
10.386004447937012
10.746093034744263
10.333384990692139
10.472681045532227
10.276651382446289
10.41034460067749
10.457075119018555
10.604985237121582
10.39024043083191
10.513724088668823
10.53255844116211
10.360552787780762
10.46584153175354
10.422126770019531
10.444509983062744
10.331527471542358
10.482547283172607
10.297298192977905
10.241561889648438
10.269495010375977
10.375958442687988
10.336971759796143
10.490700483322144
10.583810806274414
10.420434474945068
10.451103448867798
10.44385814666748
10.49544620513916
10.384768962860107
10.438507318496704
10.328015089035034
10.622184753417969
10.53803300857544
10.671979904174805
10.275742053985596
10.433775424957275
10.398007154464722
10.425997972488403
10.412181377410889
10.49195408821106
10.368609428405762
10.44695782661438
10.412843465805054
10.375279188156128
10.619473934173584
10.399943113327026
10.195924043655396
10.34281301498413
10.219979286193848
10.41072678565979
10.45015811920166
10.455800294876099
10.516903162002563
10.453953266143799
10.42059850692749
10.551693677902222
10.456861734390259
10.328017950057983
10.384976387023926
10.509147882461548
10.425976514816284
10.430084466934204
10.552816390991211
10.493942737579346
10.292294979095459
10.467202425003052
10.345756769180298
10.603264331817627
10.500900745391846
10.409487009048462
10.46595048904419
10.553680658340454
10.999669551849365
10.576690435409546
10.374553442001343
10.48400068283081
10.302856922149658
10.466753005981445
10.47571587562561
10.59381103515625
10.477242946624756
10.527166604995728
10.45149040222168
9.950096607208252
10.55623173713684
10.299134016036987
10.474550724029541
10.457539796829224
10.48387885093689
10.390775680541992
10.549941539764404
10.505095481872559
10.45278024673462
10.525142192840576
10.408676862716675
10.727459907531738
10.476735830307007
10.546481609344482
10.454169988632202
10.243607521057129
10.388203620910645
10.446831464767456
10.439332008361816
10.560689210891724
10.558855772018433
10.670940637588501
10.468516826629639
10.3638916015625
10.379519939422607
10.239757299423218
10.583053350448608
10.411752462387085
10.874871969223022
10.708500385284424
10.485244035720825
10.351055383682251
10.184132814407349
10.329961776733398
10.476377725601196
10.367435455322266
10.56434965133667
10.440640926361084
10.468013048171997
10.343813180923462
10.391909837722778
10.52334475517273
10.40787959098816
10.39976692199707
10.413046836853027
10.55723786354065
10.4221773147583
10.449944972991943
10.534181356430054
10.6379075050354
10.489099979400635
10.480727910995483
10.551906824111938
10.477935314178467
10.57663607597351
10.60336709022522
10.41220211982727
10.495693445205688
10.337331295013428
10.327261447906494
10.422522068023682
10.435825824737549
10.354868650436401
10.495102405548096
10.270076751708984
10.011847496032715
10.110682487487793
10.486979961395264
10.372946739196777
9.578789234161377
9.35665225982666
9.623253107070923
8.754240274429321
9.54163932800293
9.545659065246582
9.70112919807434
9.453712463378906
9.383498668670654
9.703911781311035
9.535688877105713
9.376153230667114
9.489085912704468
9.521481275558472
10.018320560455322
9.547107696533203
9.417049169540405
9.38848328590393
9.448094367980957
9.507062435150146
8.685021162033081
9.356264114379883
9.74346113204956
9.506294250488281
9.52929425239563
9.366135120391846
9.483102083206177
9.521131038665771
9.348140716552734
9.571785926818848
9.456221580505371
9.228729486465454
9.272571802139282
9.382203817367554
9.475580215454102
11.309634923934937
10.507968664169312
10.41696834564209
10.382292985916138
10.315271854400635
10.497942924499512
10.688886404037476
10.287773847579956
10.244890213012695
10.574525356292725
10.596449136734009
10.502440929412842
10.597403526306152
10.59053635597229
10.586640119552612
10.415621757507324
10.474438905715942
10.605564832687378
10.435855388641357
10.479431629180908
10.364957571029663
10.288762092590332
10.164659976959229
9.678875923156738
9.648781061172485
10.563212871551514
9.525085210800171
9.705203771591187
9.627058506011963
9.746257305145264
10.655932426452637
9.56807279586792
9.535141706466675
9.580346822738647
9.716521501541138
9.630547285079956
9.632140398025513
9.819448471069336
9.688703536987305
9.631288051605225
9.51449704170227
9.51188039779663
10.333869218826294
10.062212467193604
10.86085844039917
10.535171270370483
10.253544330596924
10.259401798248291
10.167008399963379
10.04558777809143
10.128450632095337
10.019657373428345
10.060045003890991
10.335432767868042
10.158536434173584
10.111170530319214
10.193696975708008
9.941073179244995
10.057230234146118
10.089882373809814
10.127265691757202
10.098956823348999
10.043191909790039
10.157116889953613
9.954587936401367
10.037352085113525
9.990829944610596
10.077278137207031
10.124736309051514
10.092285633087158
10.051852464675903
10.074814319610596
10.116311311721802
10.05910611152649
9.976828336715698
10.117372989654541
10.084194898605347
10.003578424453735
9.964043378829956
10.104785442352295
10.064805507659912
10.03153109550476
10.068401336669922
10.001820087432861
10.081686019897461
10.067306756973267
9.963862419128418
10.05953598022461
10.045204162597656
10.14477014541626
10.34275484085083
10.5668625831604
10.001323699951172
10.188278436660767
10.049774885177612
9.446485996246338
9.548773765563965
9.367846488952637
9.487069606781006
9.444475889205933
9.263465404510498
9.387369394302368
9.501721620559692
9.291974782943726
9.311848402023315
9.507400274276733
9.434523820877075
9.350013971328735
9.3133704662323
9.40383768081665
9.387835502624512
9.315527439117432
9.408095121383667
9.341746807098389
9.46853756904602
9.414533615112305
9.454952478408813
9.501887321472168
9.576013565063477
9.419854164123535
9.423418998718262
9.43696141242981
9.260711193084717
9.427401542663574
9.303453207015991
9.469051599502563
9.351543188095093
9.465679407119751
9.275232791900635
9.382493734359741
9.344433307647705
9.298615217208862
9.62260365486145
9.614243268966675
9.416825771331787
9.2941312789917
9.298438787460327
9.455243825912476
9.304866790771484
9.422655820846558
9.361483335494995
9.454998254776001
9.448835134506226
9.378922939300537
9.300127029418945
9.263294219970703
9.402799129486084
9.351099967956543
9.539630889892578
9.236099481582642
9.494454622268677
9.208539485931396
9.543779373168945
9.389936447143555
9.500303983688354
9.445765018463135
9.424392223358154
9.49881649017334
9.517158031463623
9.418182611465454
9.377172470092773
9.506724119186401
9.318886280059814
9.401312589645386
9.32668161392212
9.383342266082764
9.673393249511719
9.482234477996826
9.404597759246826
9.544686794281006
9.877830982208252
9.466203689575195
10.437848806381226
9.360581874847412
10.221952438354492
9.42321228981018
9.380428552627563
9.932592391967773
9.357051372528076
9.567213296890259
9.474690914154053
10.39739203453064
9.289851188659668
7.990813970565796
8.868854999542236
9.698071956634521
9.40208387374878
9.749395608901978
9.479055404663086
9.797392129898071
9.254213094711304
9.837402105331421
10.418310642242432
9.526538848876953
10.34546685218811
9.300041198730469
10.249207019805908
9.379687070846558
9.239516496658325
9.762220621109009
9.788102865219116
9.805184364318848
8.964467287063599
8.587048768997192
9.141223907470703
9.68571424484253
9.13994288444519
9.048372268676758
9.75355052947998
9.129712581634521
9.194411993026733
9.838306427001953
9.264906883239746
9.084633588790894
9.773952007293701
9.652256965637207
9.082192182540894
9.707055568695068
9.692094087600708
8.89139461517334
8.464649200439453
8.908550262451172
9.820644855499268
9.6451256275177
9.190401077270508
9.722960472106934
9.786310195922852
9.240461826324463
9.773756742477417
9.81482481956482
9.343719005584717
9.648593664169312
9.65106463432312
9.22386622428894
9.24626636505127
9.961917877197266
9.7100248336792
9.712315082550049
9.802232027053833
9.758379936218262
9.666667938232422
9.695085048675537
9.717109441757202
9.657615423202515
9.779442548751831
9.681703090667725
9.85093355178833
9.662144899368286
9.64498782157898
9.712163925170898
9.782711744308472
9.777722358703613
9.79111909866333
9.882648468017578
9.775970220565796
9.669617414474487
9.028007984161377
9.154249429702759
9.838322162628174
9.72512173652649
9.728752374649048
9.710179567337036
9.81299638748169
9.75629997253418
9.826249837875366
9.777596712112427
9.758397579193115
9.645224332809448
9.863263368606567
9.795267820358276
9.93982219696045
9.759351015090942
9.717820405960083
9.784910440444946
9.762319326400757
9.886378526687622
9.855515718460083
9.790781021118164
9.823906183242798
9.887032508850098
9.817782640457153
9.863656520843506
9.771660327911377
9.844706535339355
9.824795246124268
9.698423385620117
9.729812860488892
9.753994464874268
9.783123254776001
10.150130033493042
9.702192783355713
9.858909368515015
9.731085300445557
9.852091550827026
9.810688495635986
9.792040824890137
9.88836669921875
9.829227924346924
9.7500581741333
9.8502836227417
9.730309963226318
9.828153848648071
9.833489894866943
10.02626657485962
10.027219295501709
9.757671594619751
9.76825213432312
9.030787944793701
9.661545991897583
9.714423179626465
9.673768043518066
9.877443552017212
9.779557228088379
9.678718328475952
9.54541802406311
9.715820789337158
9.726138353347778
9.66543698310852
9.632659673690796
9.90396523475647
9.660277843475342
9.905310153961182
9.807524919509888
9.817274808883667
9.166139841079712
9.040891408920288
9.749021768569946
9.884480237960815
9.778437376022339
8.995908498764038
9.705724954605103
9.759062051773071
9.911232709884644
9.752627849578857
9.742240190505981
9.64099907875061
9.81403398513794
9.981678009033203
9.626126289367676
9.723715782165527
9.75703239440918
9.778258323669434
9.722847700119019
10.703402042388916
10.450881004333496
10.669312477111816
10.375966548919678
11.010201454162598
10.931498289108276
10.636071681976318
10.666498899459839
10.549200296401978
10.905422687530518
10.901372194290161
10.654275178909302
10.900451183319092
10.469738960266113
10.960414171218872
11.177050828933716
10.368608474731445
10.638184785842896
11.47669768333435
11.92269229888916
11.15739107131958
11.872470378875732
10.068042993545532
10.094332218170166
9.887144088745117
9.814900875091553
10.457329988479614
10.189112424850464
10.195947408676147
9.778554439544678
10.305150270462036
10.047121047973633
10.494550943374634
9.77437686920166
10.067214250564575
10.66982626914978
9.999673843383789
9.276325464248657
9.151584148406982
9.82743501663208
9.852927684783936
9.956615686416626
10.02039885520935
9.970202922821045
10.245269298553467
11.23045301437378
10.614296913146973
10.45077919960022
10.550541162490845
11.20193338394165
10.586224555969238
10.615868330001831
10.346256494522095
10.406238555908203
10.397329092025757
10.332454919815063
10.405946016311646
10.35073447227478
10.498489141464233
10.389468669891357
10.37813663482666
10.298399209976196
10.368485927581787
10.371339559555054
10.339790344238281
10.315101146697998
10.350052118301392
10.33121132850647
10.39362096786499
10.278156518936157
9.926627159118652
9.702928066253662
9.849181413650513
9.645405530929565
9.63055419921875
9.63992953300476
9.658216953277588
9.62535548210144
9.638213157653809
10.733198404312134
10.518431901931763
10.396868705749512
10.32591724395752
10.405801057815552
10.369160652160645
10.360584259033203
10.786620140075684
10.448317289352417
11.333961248397827
11.1721031665802
10.415315866470337
10.355080842971802
10.362358808517456
10.293993711471558
10.33475375175476
10.407195091247559
10.36942172050476
10.33698320388794
10.352275371551514
10.333041667938232
10.411211252212524
10.414753437042236
10.401328086853027
10.335250616073608
10.399574041366577
10.360641717910767
10.352056980133057
10.437828540802002
10.893604278564453
11.273362636566162
11.077852725982666
11.74200963973999
10.646038055419922
10.589756965637207
10.706701278686523
10.360978364944458
10.393803834915161
10.792242288589478
10.449608087539673
10.399741411209106
10.426393270492554
10.429336309432983
10.425060272216797
10.42484974861145
10.393259286880493
9.670867681503296
9.66614556312561
9.608508825302124
8.934322357177734
10.435672283172607
10.334137439727783
10.243256092071533
9.734993934631348
9.640130519866943
9.614312171936035
9.603950500488281
9.569003582000732
9.62259554862976
9.547943592071533
9.726155042648315
9.78069806098938
9.591252326965332
9.708506107330322
9.640475273132324
9.602060794830322
9.582951307296753
10.15156102180481
9.833184480667114
9.554241180419922
9.60053277015686
9.22522759437561
9.25343632698059
9.223433017730713
10.307055234909058
9.729735612869263
9.619863271713257
9.783153533935547
9.929181098937988
9.525621175765991
10.063148975372314
9.910825729370117
9.638296365737915
9.6359224319458
9.637863159179688
9.850403547286987
9.953929662704468
10.11550498008728
9.879314661026001
9.866111755371094
9.980093479156494
9.10010313987732
9.086086988449097
9.390452861785889
9.089134931564331
9.075083017349243
9.057450294494629
9.086843967437744
9.036009311676025
9.144416093826294
9.039763927459717
9.109164953231812
9.035886526107788
9.048829317092896
9.14936637878418
9.026297569274902
9.431103229522705
9.287700176239014
9.269885540008545
9.04045295715332
9.125065803527832
9.068794250488281
9.095839977264404
9.008349418640137
9.067413330078125
9.05182147026062
9.03384780883789
8.99390983581543
9.064165353775024
9.143210649490356
9.092079639434814
9.091633319854736
9.125735759735107
9.453933477401733
9.31036925315857
9.090651512145996
9.081228017807007
8.550418138504028
8.515575170516968
8.544867992401123
8.68077301979065
8.878956317901611
8.525954723358154
8.570251226425171
8.544862031936646
8.594208478927612
8.556040048599243
8.555407047271729
8.54263710975647
8.53914761543274
8.5441734790802
8.560336828231812
8.525866270065308
8.466164827346802
8.466572523117065
8.833553314208984
8.690680980682373
8.354930400848389
8.500713348388672
8.657616376876831
8.565233707427979
8.354907751083374
8.51090407371521
8.51572322845459
8.245831489562988
8.73755669593811
8.446304559707642
8.288930177688599
8.27466106414795
8.229085206985474
8.22898268699646
8.245241403579712
8.252288579940796
8.468231678009033
8.45518708229065
8.443573951721191
8.648971557617188
8.978029727935791
8.657026767730713
8.466742515563965
8.408453702926636
8.26305079460144
8.221462965011597
8.261091232299805
8.211512327194214
8.262248754501343
8.29134726524353
8.274088144302368
8.506611108779907
8.269283056259155
8.96760892868042
8.333898067474365
9.800277471542358
10.139863967895508
9.837170600891113
9.770342588424683
10.05645227432251
9.651257514953613
10.230866432189941
10.02879548072815
9.877280950546265
9.767470598220825
9.740517616271973
9.763331174850464
10.053222894668579
9.75716757774353
9.790713548660278
9.753741025924683
9.869508504867554
10.136892557144165
9.96067190170288
9.795042991638184
9.802728652954102
9.830026865005493
9.713099002838135
9.74493956565857
9.862335205078125
10.095459699630737
12.728683233261108
12.123889684677124
9.562572240829468
9.369380474090576
9.423083305358887
9.377617359161377
9.298142910003662
9.285683393478394
9.324467420578003
9.590177774429321
10.328675746917725
10.022812604904175
9.779205799102783
9.550250053405762
9.860401153564453
