Timing log for each step:
0.02101922035217285
5.293859243392944
5.235761404037476
5.061119794845581
5.226340055465698
5.199644088745117
5.221087455749512
5.175058364868164
5.367083549499512
5.173170328140259
5.1548614501953125
5.262775182723999
5.273863077163696
5.345520257949829
5.405942678451538
5.558669567108154
5.624788522720337
5.645105838775635
5.732469797134399
5.821051359176636
5.7319865226745605
5.893613576889038
6.005989074707031
5.89234471321106
5.974304914474487
5.582301139831543
5.739105701446533
5.356216192245483
5.3182532787323
5.429179430007935
5.363194704055786
5.560157537460327
5.663450717926025
5.535476446151733
5.43913459777832
6.121066570281982
5.742838144302368
5.361026763916016
5.255043029785156
5.194921255111694
5.222403526306152
5.469194173812866
5.466300964355469
5.98099684715271
6.156494855880737
6.2954747676849365
6.20553994178772
5.878850936889648
5.900325536727905
6.256160020828247
5.756655216217041
5.690490961074829
5.607769250869751
5.583783149719238
5.764159202575684
5.606875658035278
5.432233095169067
5.515319585800171
5.495924234390259
5.489749908447266
5.425608396530151
5.633329391479492
5.553408861160278
5.612094879150391
5.526767730712891
5.4702136516571045
5.75892972946167
5.441339015960693
5.700830459594727
5.390559434890747
5.392184734344482
5.466169834136963
5.509608745574951
5.479523658752441
5.426459550857544
5.485726833343506
5.592453479766846
5.681429386138916
5.412858009338379
5.655561923980713
5.578934907913208
5.602054834365845
5.791125535964966
5.605879068374634
5.377871751785278
5.738084316253662
5.317421197891235
5.622388124465942
5.8042967319488525
5.9153571128845215
5.9741904735565186
5.790808439254761
6.022658586502075
5.776395320892334
5.689222097396851
5.82416296005249
5.916108846664429
5.837353229522705
5.770910739898682
5.86538028717041
6.007526397705078
5.611233711242676
5.815183162689209
5.73220157623291
5.688639163970947
5.726423025131226
5.7654430866241455
5.797219753265381
5.440265893936157
5.545886993408203
5.71398401260376
5.665528297424316
5.69664740562439
5.88696551322937
5.735111951828003
5.564459800720215
5.528339147567749
5.820257186889648
5.7883076667785645
5.61625862121582
5.617225885391235
5.7349464893341064
5.908239126205444
5.403724431991577
5.658167600631714
5.681059122085571
5.682969093322754
5.843212842941284
5.899314880371094
5.877734422683716
5.697113752365112
5.907115936279297
5.5216004848480225
5.564023971557617
5.496113300323486
5.742647171020508
5.898958206176758
5.707931280136108
5.725538015365601
5.530434846878052
5.532521963119507
5.50623631477356
5.605528116226196
5.662574291229248
5.688190698623657
5.473395347595215
5.491129398345947
5.6682448387146
5.448474168777466
5.602527856826782
5.605337619781494
5.56157112121582
5.631709575653076
5.542342662811279
5.56168794631958
5.425180673599243
5.630515098571777
5.51058554649353
5.5482587814331055
5.475310325622559
5.584930896759033
5.7857420444488525
5.601358413696289
5.518249988555908
5.571352005004883
5.66523003578186
5.6497156620025635
5.58854866027832
5.511414289474487
5.619218111038208
5.6305155754089355
5.606874704360962
5.626228332519531
5.549039602279663
5.669964790344238
5.754323959350586
6.012444019317627
5.899330139160156
5.788798809051514
5.786724328994751
5.9326441287994385
5.722946405410767
5.720093488693237
5.720158338546753
5.6899094581604
5.709316253662109
5.920897960662842
5.964176416397095
5.9122021198272705
5.825515270233154
5.88855504989624
5.680789470672607
5.565365552902222
5.463659286499023
5.694688320159912
5.544009208679199
5.826183319091797
5.753156423568726
5.572428226470947
5.6490418910980225
5.639827728271484
5.58435320854187
5.598186016082764
5.696452856063843
5.884836673736572
5.627290725708008
5.594625949859619
5.619940280914307
5.9351396560668945
5.582840442657471
5.70637059211731
5.859762668609619
5.495954751968384
5.5161755084991455
5.491656064987183
5.48177170753479
5.877512454986572
5.690265417098999
5.503052711486816
5.491361618041992
5.497361898422241
5.5010528564453125
5.621574401855469
5.545311450958252
5.531012535095215
5.529855489730835
5.557401418685913
5.573108434677124
5.534872531890869
5.533549785614014
5.616549015045166
5.538383483886719
5.588589429855347
5.528337240219116
5.501479625701904
5.485136985778809
5.506719350814819
5.486416816711426
5.5387091636657715
5.490002632141113
5.535566568374634
5.545902490615845
5.488038778305054
5.612797021865845
5.574674844741821
5.536269426345825
5.48178768157959
5.495988845825195
5.467776298522949
5.4856932163238525
5.577068090438843
5.499744653701782
5.462577819824219
5.558913946151733
5.5027899742126465
5.5326573848724365
5.517459869384766
5.478076696395874
5.466472148895264
5.5193257331848145
5.555692434310913
5.398127317428589
5.477876424789429
5.455414056777954
5.467026948928833
5.476289510726929
5.483072996139526
5.474382638931274
5.469655275344849
5.526720285415649
5.473636150360107
5.52033543586731
5.511173725128174
5.5306408405303955
5.552346229553223
5.522353172302246
5.514160394668579
5.561585903167725
5.4442455768585205
5.450637578964233
5.53520131111145
5.56273889541626
5.568340063095093
5.567919731140137
5.4728617668151855
5.4326982498168945
5.541166305541992
5.424414873123169
5.52360987663269
5.432720422744751
5.4409894943237305
5.43731164932251
5.429064989089966
5.492343902587891
5.467754364013672
5.523731708526611
5.424931287765503
5.4262895584106445
5.473388195037842
5.438490629196167
5.52551007270813
5.525130033493042
5.369218826293945
5.561890602111816
5.5310399532318115
5.399781703948975
5.450239419937134
5.506321430206299
5.401891231536865
5.4548046588897705
5.513677358627319
5.4746880531311035
5.555014133453369
5.548634052276611
5.526577949523926
5.516101598739624
5.524360179901123
5.5417561531066895
5.460418224334717
5.484049081802368
5.439324140548706
5.497184753417969
5.475962162017822
5.467905521392822
5.455756425857544
5.531737327575684
5.4613566398620605
5.5649237632751465
5.574950456619263
5.516033887863159
5.498173236846924
5.541332721710205
5.59720778465271
5.537158250808716
5.580456733703613
5.496702671051025
5.563193082809448
5.607311248779297
5.466017484664917
5.4722900390625
5.490338087081909
5.609084606170654
5.5841896533966064
5.600994348526001
5.491747856140137
5.4523584842681885
5.536073923110962
5.452436208724976
5.506167411804199
5.513347148895264
5.546569347381592
5.458746671676636
5.540915250778198
5.536303281784058
5.477663993835449
5.489132404327393
5.491537809371948
5.4549784660339355
5.405800819396973
5.482546806335449
5.80251932144165
5.543290615081787
5.484535217285156
5.456644773483276
5.507776737213135
5.494054079055786
5.554213762283325
5.556727170944214
5.397168397903442
5.503596305847168
5.5018322467803955
5.53492546081543
5.501157522201538
5.4162514209747314
5.4850873947143555
5.5680832862854
5.498205661773682
5.563063621520996
5.594890117645264
5.513501405715942
5.538179636001587
5.510045051574707
5.541581869125366
5.443617343902588
5.446902275085449
5.489548206329346
5.557645320892334
5.531560897827148
5.531588077545166
5.548889636993408
5.49743390083313
5.527082443237305
5.4786460399627686
5.587612152099609
5.641920566558838
5.674474239349365
5.533108472824097
5.569406509399414
5.472114086151123
5.505762577056885
5.5145487785339355
5.557285785675049
5.594328880310059
5.521012544631958
5.4852378368377686
5.410159349441528
5.556017637252808
5.4876015186309814
5.436066627502441
5.488117694854736
5.513967514038086
5.527053594589233
5.524648666381836
5.47172999382019
5.429352045059204
5.519871711730957
5.626774311065674
5.422157526016235
5.485525608062744
5.576373100280762
5.538733720779419
5.567277193069458
5.5682806968688965
5.5395989418029785
5.552637577056885
5.5372724533081055
5.593862295150757
5.584466457366943
5.572356462478638
5.542246341705322
5.580777168273926
5.586856842041016
5.487611770629883
5.514600038528442
5.53579306602478
5.49969744682312
5.607520341873169
5.518996477127075
5.522644758224487
5.550305128097534
5.448141098022461
5.504458665847778
5.427907466888428
5.436850070953369
5.320982217788696
5.3715980052948
5.418362855911255
5.5288848876953125
5.504281520843506
5.35237979888916
5.457170486450195
5.48032021522522
5.416942834854126
5.4592132568359375
5.468783140182495
5.486455917358398
5.428347826004028
5.452517986297607
5.484675884246826
5.438971996307373
5.487187623977661
5.494182109832764
5.420602560043335
5.464340448379517
5.466261863708496
5.410450458526611
5.459412097930908
5.531912565231323
5.4474265575408936
5.4037322998046875
5.435715198516846
5.48497200012207
5.490880966186523
5.491406202316284
5.423548936843872
5.401377439498901
5.39166784286499
5.4566872119903564
5.310691833496094
5.406001806259155
5.4305737018585205
5.4256932735443115
5.468794584274292
5.486617803573608
5.397038698196411
5.426764965057373
5.5374977588653564
5.582342863082886
5.43231987953186
5.487579584121704
5.375610113143921
5.496235609054565
5.4324305057525635
5.390298366546631
5.385549306869507
5.290608644485474
5.546473503112793
5.477851390838623
5.3997063636779785
5.394660711288452
5.456515789031982
5.3807995319366455
5.433897495269775
5.743039131164551
5.606430768966675
5.483634948730469
5.352076530456543
5.377125978469849
5.329447031021118
5.303082227706909
5.272387504577637
5.330413818359375
5.420252323150635
5.267311096191406
5.377951383590698
5.423096418380737
5.300261497497559
5.3461267948150635
5.20725154876709
5.372696876525879
5.380237340927124
5.3430235385894775
5.318892002105713
5.295379877090454
5.266531467437744
5.2612059116363525
5.270382642745972
5.223264455795288
5.3157336711883545
5.35197114944458
5.353405952453613
5.3592681884765625
5.344529628753662
5.209571361541748
5.237279176712036
5.35626745223999
5.3213112354278564
5.297267436981201
5.325863838195801
5.224640130996704
5.381848573684692
5.3122217655181885
5.271612644195557
5.26345682144165
5.181223154067993
5.25542140007019
5.228396892547607
5.2974653244018555
5.366304874420166
5.2644407749176025
5.296607494354248
5.256375074386597
5.256078481674194
5.239606857299805
5.249278783798218
5.20875883102417
5.278329849243164
5.368755102157593
5.238845586776733
5.3590216636657715
5.296866178512573
5.234372854232788
5.3002729415893555
5.393374919891357
5.597600698471069
5.284015417098999
5.3122475147247314
5.293819427490234
5.339300870895386
5.121148109436035
5.305307865142822
5.1344826221466064
5.224261045455933
5.253053188323975
5.29926872253418
5.328293561935425
5.345449924468994
5.302475214004517
5.309685707092285
5.292332887649536
5.325770854949951
5.273133039474487
5.322264194488525
5.368411064147949
5.192305326461792
5.215237140655518
5.333177328109741
5.2253258228302
5.300692558288574
5.300406217575073
5.2681355476379395
5.234452247619629
5.301395654678345
5.3131678104400635
5.1654953956604
5.214951276779175
5.294419765472412
5.082624673843384
5.246237754821777
5.404791831970215
5.305305242538452
5.269458532333374
5.235335826873779
5.166497468948364
5.303948879241943
5.254300117492676
5.242618083953857
5.309574365615845
5.301589012145996
5.171713352203369
5.230431079864502
5.248137474060059
5.321601152420044
5.199986696243286
5.32819128036499
5.240119218826294
5.315545558929443
5.258678197860718
5.214936017990112
5.306851148605347
5.211672306060791
5.205235004425049
5.163428544998169
5.165802478790283
5.2661497592926025
5.290622711181641
5.322812080383301
5.301986932754517
5.226494312286377
5.208645582199097
5.176140785217285
5.270754098892212
5.220480680465698
5.2211103439331055
5.334252834320068
5.158554315567017
5.253320932388306
5.348918914794922
5.171212434768677
5.224216938018799
5.291159391403198
5.249289512634277
5.240227699279785
5.2618248462677
5.24338960647583
5.2027363777160645
5.284325122833252
5.227407932281494
5.192531585693359
5.145090818405151
5.266188383102417
5.3256800174713135
5.234473943710327
5.416138172149658
5.458968639373779
5.305830001831055
5.235766172409058
5.316839694976807
5.183718919754028
5.12166166305542
5.180715084075928
5.228759050369263
5.148684501647949
5.1626996994018555
5.0746190547943115
5.165701627731323
5.190725564956665
5.261790752410889
5.20273494720459
5.245774507522583
5.190725088119507
5.129668712615967
5.231762886047363
5.16470193862915
5.150688409805298
5.30182671546936
5.174710750579834
5.228758811950684
5.132670164108276
5.169706583023071
5.1717071533203125
5.2697975635528564
5.170705795288086
5.29081654548645
5.264792203903198
5.218749523162842
5.137675762176514
5.164700746536255
5.237767934799194
5.172708988189697
5.207739591598511
5.243772029876709
5.1556925773620605
4.994545221328735
5.176713466644287
5.322844505310059
5.191725492477417
5.331852436065674
5.210742950439453
5.197730302810669
5.2457756996154785
5.263789653778076
5.164700746536255
5.25778603553772
5.210742473602295
5.2127439975738525
5.40091609954834
5.1616973876953125
5.255783796310425
5.268794775009155
5.270798683166504
5.221752643585205
5.249778747558594
5.133672475814819
5.255783319473267
5.2387683391571045
5.141680479049683
5.182715892791748
5.056602239608765
5.2948198318481445
5.209742307662964
5.013563394546509
5.310835123062134
5.305829048156738
5.156693458557129
5.212744951248169
5.2227537631988525
5.204737186431885
5.223755121231079
5.106648683547974
5.256785154342651
5.053600549697876
5.213745594024658
5.193728923797607
5.186721324920654
5.228759527206421
5.238768100738525
5.201735258102417
5.176711320877075
5.273797512054443
4.987539052963257
5.1636998653411865
5.179714202880859
5.24977707862854
5.044592618942261
5.064612150192261
5.206737995147705
5.133673667907715
5.102644443511963
5.222753286361694
5.2687952518463135
5.226757049560547
5.140678882598877
5.15969705581665
5.217749834060669
5.135673522949219
5.042588472366333
5.045594215393066
5.197731256484985
5.057600736618042
5.226758241653442
5.216747760772705
5.111653089523315
5.113653182983398
5.291815996170044
5.284809350967407
5.119659423828125
5.2287585735321045
5.129668951034546
5.295820236206055
5.141679286956787
5.185720205307007
5.177712440490723
5.05159854888916
5.231761932373047
5.309832572937012
5.2027363777160645
5.175710439682007
5.171706199645996
5.0105602741241455
5.1907243728637695
5.0696141719818115
5.14768648147583
5.095637559890747
5.121661186218262
5.133671760559082
5.141679048538208
5.293817043304443
5.198731184005737
5.176710844039917
5.176711797714233
5.11565637588501
5.025574445724487
5.216748476028442
5.124664068222046
5.279805898666382
5.126665353775024
5.278804302215576
5.20273494720459
5.1877217292785645
5.223754167556763
5.119660139083862
5.318840980529785
5.189723968505859
5.269795894622803
5.1687047481536865
5.1797144412994385
5.079623222351074
5.10064172744751
5.206738710403442
5.18571925163269
5.207739353179932
5.045593023300171
5.153690576553345
5.231761693954468
5.144681692123413
5.2447731494903564
5.186720848083496
5.192724704742432
5.1316704750061035
5.1887218952178955
5.2597880363464355
5.138676643371582
5.196729421615601
5.235765218734741
5.222753286361694
5.195728302001953
5.21274471282959
5.236765384674072
5.234761476516724
5.221752643585205
5.178711891174316
5.173708915710449
5.135674715042114
5.157694339752197
5.210743188858032
4.943503379821777
5.211744785308838
5.196730852127075
5.246776819229126
5.2657928466796875
5.239768743515015
5.2818076610565186
5.063609600067139
5.246777057647705
5.16169810295105
5.15969443321228
5.197730302810669
5.283808469772339
5.019569396972656
5.189723253250122
5.132671594619751
5.254782199859619
5.301825046539307
5.107649087905884
5.203736066818237
5.093636751174927
5.183719158172607
5.232761859893799
5.020569086074829
5.136675119400024
5.166702032089233
5.100641250610352
5.312835454940796
5.147684335708618
5.258786678314209
5.183716297149658
5.26479172706604
5.224754810333252
5.21474552154541
5.16269850730896
5.0766191482543945
5.213746070861816
5.030579090118408
5.1316704750061035
5.156694650650024
5.26979660987854
5.1907243728637695
5.22675633430481
5.243772506713867
5.187720060348511
5.145684003829956
5.171705961227417
5.151689291000366
5.039587020874023
5.170705556869507
5.186720609664917
5.235764980316162
5.215749025344849
5.19873309135437
5.143681287765503
5.2958197593688965
5.029577732086182
5.05259895324707
5.251779556274414
5.250778913497925
5.091636419296265
5.063611030578613
5.290814399719238
5.240769386291504
5.150688171386719
5.172708034515381
5.0656116008758545
5.271798610687256
5.179714202880859
5.253781318664551
5.186720609664917
5.190723180770874
5.243772745132446
5.194728374481201
5.172706842422485
5.150688409805298
5.17771053314209
5.167703151702881
5.302825212478638
5.100642442703247
5.264792203903198
4.893452882766724
5.0566020011901855
5.264791011810303
5.151688098907471
5.124663591384888
5.214745998382568
5.136675596237183
5.928396224975586
5.285808563232422
5.244774580001831
5.23676609992981
5.272799015045166
5.18371844291687
5.244774103164673
5.1566925048828125
5.246774911880493
5.160696983337402
5.138676643371582
5.27079701423645
5.2507805824279785
5.1957292556762695
5.218749284744263
5.252806663513184
5.301826000213623
5.218751430511475
5.255783796310425
5.310834646224976
5.300824403762817
5.295819520950317
5.256048202514648
5.279804944992065
5.260788917541504
5.155693531036377
5.15569281578064
5.195729732513428
5.297820329666138
5.149688005447388
5.258786678314209
5.237766981124878
5.0956385135650635
5.242771625518799
5.2497782707214355
5.283808708190918
5.242769718170166
5.23276162147522
5.266794204711914
5.27880597114563
5.288814544677734
5.260788202285767
5.317839622497559
5.192727088928223
5.261789321899414
5.137676239013672
5.295819520950317
5.165358543395996
5.261788845062256
5.228758811950684
5.234763860702515
5.169705152511597
5.23876690864563
5.592089414596558
5.318840742111206
5.3288493156433105
5.604100227355957
5.4079225063323975
5.209741592407227
5.280805349349976
5.136674642562866
5.182717323303223
5.3939104080200195
5.2117438316345215
5.207741022109985
5.168365240097046
5.121662616729736
5.178713798522949
5.174710035324097
5.221752405166626
5.248777151107788
5.17971396446228
5.243773460388184
5.272798299789429
5.172707557678223
5.234765529632568
5.181716442108154
5.227757692337036
5.29081654548645
5.470978498458862
5.234764337539673
5.149686574935913
5.34586501121521
5.238767385482788
5.268795728683472
5.285810947418213
5.290815591812134
5.255783557891846
5.246775150299072
5.178712844848633
5.273799419403076
5.236766576766968
5.232761383056641
5.124664545059204
5.175710678100586
5.2617881298065186
5.269796133041382
5.207740068435669
5.1636998653411865
5.174710512161255
5.227757930755615
5.1907243728637695
5.2667927742004395
5.130669355392456
5.266794443130493
5.080623626708984
5.185719013214111
5.264792203903198
5.208740472793579
5.189722537994385
5.110651016235352
5.248777151107788
5.202734470367432
5.21574592590332
5.153690814971924
5.1687047481536865
5.241771697998047
5.249778509140015
5.193727016448975
5.200733661651611
5.173711061477661
5.2067389488220215
5.1096508502960205
5.205737590789795
5.225756645202637
5.196730136871338
5.210742950439453
5.354873895645142
5.260788202285767
5.162702322006226
5.250778675079346
5.603099822998047
5.2687952518463135
5.193726539611816
5.23576545715332
5.422935485839844
5.1817169189453125
5.271798372268677
5.393909215927124
5.348868131637573
5.2667927742004395
5.312835931777954
5.429941892623901
5.518022298812866
5.196275234222412
5.2818076610565186
5.0566020011901855
5.3758933544158936
5.485992431640625
5.40191650390625
5.200733661651611
5.450961112976074
5.372891664505005
5.3989129066467285
5.238767862319946
5.140679121017456
5.429941654205322
5.393909692764282
5.5850830078125
5.122661590576172
5.258786201477051
5.532034635543823
5.4599690437316895
5.317840576171875
5.421934127807617
5.51702094078064
5.425777435302734
5.452962636947632
5.212745428085327
5.521024227142334
5.514018535614014
5.584082365036011
5.142680644989014
5.2717978954315186
5.393909215927124
5.44795823097229
5.180715560913086
5.504009485244751
5.410920858383179
5.466975688934326
5.441950559616089
5.512016534805298
5.370616436004639
5.265792608261108
5.455965280532837
5.455965757369995
5.539040565490723
5.429941415786743
5.501006603240967
5.48369288444519
5.389904737472534
5.4489593505859375
5.434946775436401
5.504009246826172
5.519074440002441
5.455964803695679
5.484992027282715
5.506239652633667
5.163700103759766
5.31083345413208
5.350869655609131
5.263789176940918
5.217748403549194
5.298823118209839
5.4029176235198975
5.452963590621948
5.300824165344238
5.152690172195435
5.195728063583374
5.2287585735321045
5.246775150299072
5.193726301193237
5.244773626327515
5.194727897644043
5.249779462814331
5.139678239822388
5.204737186431885
5.147684097290039
5.511014938354492
5.556555986404419
5.173105955123901
5.246774673461914
5.474982976913452
5.460970640182495
5.1757118701934814
5.528030872344971
5.43094277381897
5.467976331710815
5.516019821166992
5.395310163497925
5.409924507141113
5.4249372482299805
5.492999076843262
5.494415998458862
5.469977140426636
5.471981048583984
5.448958873748779
5.43094277381897
5.388904809951782
5.3909056186676025
5.50000524520874
5.524027109146118
5.541040897369385
5.417931079864502
5.499005079269409
5.386704683303833
5.536038875579834
5.621169805526733
5.425938129425049
5.437948703765869
5.460970878601074
5.503007650375366
5.3869030475616455
5.478985786437988
5.463973045349121
5.426939010620117
5.369887113571167
5.426939249038696
5.428941488265991
5.463972091674805
5.438949108123779
5.4639732837677
5.464973211288452
5.463974475860596
5.460969924926758
5.515018939971924
7.046018123626709
5.479985952377319
5.490997791290283
5.536037921905518
5.545046091079712
5.490096807479858
5.3979127407073975
5.466975212097168
5.490996837615967
5.5850818157196045
5.386903285980225
5.394910097122192
5.473980903625488
5.427938938140869
5.483990430831909
5.526094436645508
5.398913383483887
5.4970033168792725
5.556016206741333
5.431944131851196
5.4649739265441895
5.56306266784668
5.378895044326782
5.459969758987427
5.420935153961182
5.5190229415893555
5.359174728393555
5.48249077796936
5.299824237823486
5.459968328475952
5.528030872344971
5.476758718490601
5.3999152183532715
5.3488688468933105
5.592434406280518
5.552052021026611
5.537696123123169
5.40598464012146
5.50400972366333
5.371913909912109
5.413928270339966
5.510013580322266
5.420323610305786
5.450899362564087
5.472285032272339
5.498004674911499
5.3909056186676025
5.483990907669067
5.5200231075286865
5.383901596069336
5.36788535118103
5.409924268722534
5.44395637512207
5.456967115402222
5.460969686508179
5.7582409381866455
5.772253751754761
5.707193374633789
5.451961517333984
5.409924268722534
5.467976093292236
5.481989145278931
5.453963756561279
5.411933422088623
5.420933961868286
5.570070028305054
5.35086989402771
5.5840818881988525
5.44795823097229
5.403918504714966
5.460970640182495
5.436948299407959
5.385901212692261
5.515020132064819
5.4441540241241455
5.449961423873901
5.407922267913818
5.55405592918396
5.426936864852905
5.528636932373047
5.478986740112305
5.5514655113220215
5.43339729309082
5.399915933609009
5.409923553466797
5.469978332519531
5.445956468582153
5.500005483627319
5.446957588195801
5.386902332305908
5.490997552871704
5.466975688934326
5.47463583946228
5.44795823097229
5.49005126953125
5.4199323654174805
5.480989933013916
5.462972164154053
5.497002601623535
5.474982023239136
5.541042804718018
5.480988264083862
5.5120179653167725
5.451962471008301
5.434946537017822
5.480990171432495
5.540042400360107
5.437949180603027
5.525028944015503
5.502882957458496
5.421934127807617
5.521024465560913
5.367886304855347
5.584083318710327
5.640132904052734
5.423936367034912
5.4439537525177
5.440951824188232
5.446957349777222
5.537039279937744
5.4709792137146
5.466976165771484
5.345865488052368
5.462972164154053
5.407923936843872
5.398914575576782
5.498003959655762
5.444090127944946
5.471696615219116
5.5990965366363525
5.696184873580933
5.449959754943848
5.45296311378479
5.502007961273193
5.5020081996917725
5.56906795501709
5.551052093505859
5.470978260040283
5.493001461029053
5.4940009117126465
5.599095821380615
5.483991861343384
5.457661390304565
5.496002197265625
5.362293720245361
5.4204840660095215
5.315838098526001
5.453963279724121
5.460970401763916
5.434945821762085
5.512017011642456
5.379350423812866
5.391906976699829
5.3989129066467285
5.478986740112305
5.426938772201538
5.518022298812866
5.338959217071533
5.453939199447632
5.386903285980225
5.439951181411743
5.486993312835693
5.466974973678589
5.490997791290283
5.4219348430633545
5.4299421310424805
5.499004125595093
5.519022226333618
5.407922029495239
5.5020081996917725
5.49299955368042
5.41292667388916
5.444955825805664
5.46497368812561
5.5170204639434814
5.490997791290283
5.445955991744995
5.504009485244751
5.486995458602905
5.464973449707031
5.486993789672852
5.487993478775024
5.451962232589722
5.532034635543823
5.354874134063721
5.365882635116577
5.417929649353027
5.533037424087524
5.468977689743042
5.355874538421631
5.4409520626068115
5.488995790481567
5.521817684173584
5.498003244400024
5.431931257247925
5.4119250774383545
5.557057619094849
5.488995313644409
5.51702094078064
5.487994909286499
5.5520524978637695
5.454964876174927
5.553054094314575
5.452962636947632
5.492999315261841
5.57503867149353
5.395256042480469
5.423935174942017
5.515019178390503
5.537864923477173
5.476984977722168
5.424936771392822
5.380897760391235
5.445955991744995
5.441952466964722
5.4899985790252686
5.289814710617065
5.528031349182129
5.518099784851074
5.564063787460327
5.417931318283081
5.366884469985962
5.494000196456909
5.463972806930542
5.422935724258423
5.399913787841797
5.727213144302368
5.498003959655762
5.488625764846802
5.475983619689941
5.360785722732544
5.594091415405273
5.538039684295654
5.435947418212891
5.590087890625
5.439951419830322
5.41928243637085
5.510014772415161
5.531344175338745
5.38517165184021
5.531033515930176
5.449000358581543
5.4219348430633545
5.453963994979858
5.471980333328247
5.572627782821655
5.422505855560303
5.422935962677002
5.403918504714966
5.463972806930542
5.530032634735107
5.462605953216553
5.639600515365601
5.4779863357543945
5.421935319900513
5.534036636352539
5.51602029800415
5.442578077316284
5.382900238037109
5.508012771606445
5.421934604644775
5.493000745773315
5.447093725204468
5.506012201309204
5.542337417602539
5.4659764766693115
5.4199347496032715
5.557058572769165
5.399915933609009
5.436948299407959
5.456694841384888
5.384901285171509
5.575074195861816
5.396912097930908
5.495002031326294
5.4699788093566895
5.423937559127808
5.414929151535034
5.466975927352905
5.549711465835571
5.562063455581665
5.522026538848877
5.554077863693237
5.47698450088501
5.39891505241394
5.541043758392334
5.591089963912964
5.414927959442139
5.498005628585815
5.490998268127441
5.496002912521362
5.531034469604492
5.4899983406066895
5.42994236946106
5.472981214523315
5.538041114807129
5.340861797332764
5.499005556106567
5.479989528656006
5.508042812347412
5.357876300811768
5.40492057800293
5.50701379776001
5.505011081695557
5.503919363021851
5.461971998214722
5.472981214523315
5.530034065246582
5.441952705383301
5.5410425662994385
5.435948133468628
5.451963186264038
5.504011392593384
5.423620939254761
5.451963186264038
5.5270302295684814
5.485993146896362
5.488995552062988
5.447958469390869
5.5480499267578125
5.440951585769653
5.3839006423950195
5.532035827636719
5.4619715213775635
5.501006364822388
5.373891115188599
5.533035755157471
5.484992504119873
5.40792179107666
5.349870681762695
5.501006841659546
5.448495626449585
5.4559667110443115
5.625250577926636
5.541044473648071
5.411926984786987
5.465976238250732
5.483992099761963
5.43444561958313
5.527031421661377
6.263291835784912
5.6181135177612305
5.513017892837524
5.457968235015869
5.552053213119507
5.392909288406372
5.577076196670532
5.406921148300171
5.47498345375061
5.471980810165405
5.742640733718872
5.556057453155518
5.536038637161255
5.451963901519775
5.479987382888794
5.4990057945251465
5.571070909500122
5.5390424728393555
5.388904571533203
5.525028705596924
5.5290327072143555
5.367887020111084
5.531036138534546
5.409924030303955
5.694183111190796
5.498005151748657
5.597094297409058
5.483991384506226
5.5240278244018555
5.359878301620483
5.56106162071228
5.446953058242798
5.442955493927002
5.36888575553894
5.416930198669434
5.497228145599365
5.894365072250366
6.861246824264526
7.435767889022827
7.092455863952637
6.751626968383789
6.974077939987183
6.3335185050964355
6.605766296386719
6.00809121131897
6.226130247116089
5.970649003982544
6.057331562042236
6.048503160476685
6.124634504318237
6.040904521942139
5.989921808242798
6.002805948257446
6.084329128265381
5.919137001037598
6.081376791000366
6.109750509262085
5.988381385803223
6.417721748352051
6.011072397232056
6.859243392944336
6.473650217056274
6.231261253356934
5.740792274475098
5.7470996379852295
5.718806028366089
5.79457688331604
5.887945175170898
5.903383016586304
5.823046445846558
5.73914098739624
5.6769750118255615
5.6495444774627686
5.72376823425293
5.727699518203735
5.732221364974976
5.900048017501831
5.659059524536133
5.639790058135986
5.714989900588989
5.655633926391602
5.745187282562256
6.58826470375061
5.886953115463257
5.7829039096832275
5.917762279510498
5.91937255859375
5.791825294494629
5.809481859207153
5.829431772232056
5.799391746520996
5.8063623905181885
5.817111492156982
5.859234571456909
5.786893606185913
5.789695978164673
5.854747533798218
5.808793783187866
5.811631441116333
5.903348207473755
5.794005632400513
5.78574538230896
5.919199228286743
5.78612208366394
5.782837867736816
5.7683265209198
6.201472997665405
6.329811334609985
6.035965919494629
6.011617422103882
5.635156631469727
5.889608383178711
6.26469349861145
6.515156984329224
6.123187780380249
6.549968242645264
6.306120157241821
5.813697338104248
5.861962080001831
6.030843734741211
5.931093692779541
5.884760856628418
5.849874973297119
5.902809381484985
5.855914115905762
5.876882791519165
5.975425481796265
5.891174793243408
5.893157720565796
5.828839302062988
5.915733337402344
5.9706268310546875
6.515153408050537
5.937830924987793
5.915686368942261
5.938829660415649
5.959046840667725
5.911700963973999
5.930073261260986
5.94578742980957
5.943362236022949
6.01841402053833
5.912957191467285
5.926135778427124
5.919801712036133
5.933652877807617
5.945644855499268
5.8809285163879395
5.966034173965454
6.071614027023315
6.256826162338257
6.4010021686553955
6.725442886352539
6.0506041049957275
6.57616662979126
6.293118476867676
6.264378070831299
6.067537307739258
6.108101844787598
6.1335344314575195
6.083536863327026
6.073008298873901
6.108624219894409
6.041280746459961
5.999118328094482
6.161066770553589
6.06597375869751
6.1375346183776855
6.085790157318115
6.034142255783081
6.128113508224487
6.1019978523254395
6.104206800460815
6.021198272705078
6.042544364929199
5.953897714614868
6.094024658203125
5.9769532680511475
5.990584850311279
6.082268953323364
6.00684118270874
6.053179979324341
6.001130104064941
6.140587329864502
5.987720489501953
6.184316158294678
6.081926107406616
6.143907308578491
10.200182437896729
9.297367095947266
9.410279512405396
5.824146747589111
6.535865545272827
8.016002655029297
10.014471769332886
7.151926040649414
9.35928225517273
9.686216831207275
6.6752753257751465
6.734111070632935
6.3867902755737305
7.486185789108276
6.615825653076172
6.3925018310546875
6.257380247116089
6.068591356277466
6.137453317642212
6.359177112579346
6.228256940841675
6.255141496658325
6.421345472335815
6.408605098724365
6.497939586639404
6.017578840255737
6.334513187408447
6.813758134841919
6.07784104347229
6.267497539520264
5.840156316757202
5.777139902114868
6.631471872329712
6.310870170593262
6.805331468582153
6.081021547317505
6.821043252944946
6.489375114440918
6.895192384719849
7.0464348793029785
6.615018129348755
5.976872205734253
6.011071681976318
5.939761638641357
5.87606143951416
5.9698567390441895
6.010537147521973
6.016272068023682
6.057857275009155
5.91496729850769
5.986786842346191
6.1236231327056885
6.411688566207886
6.6884472370147705
6.098063945770264
5.80105447769165
6.989458799362183
6.612942218780518
6.586616277694702
6.599194765090942
6.631452560424805
6.5112080574035645
6.5923171043396
6.584604501724243
6.6463623046875
6.6519997119903564
6.7290239334106445
6.517535209655762
6.551395893096924
6.592381954193115
6.1192238330841064
5.88159966468811
5.735922336578369
5.982582330703735
6.6976478099823
5.799253463745117
6.14382529258728
5.778383016586304
5.730747222900391
5.659193277359009
5.706776857376099
5.8648152351379395
5.7275049686431885
5.666585445404053
5.685061693191528
5.678167819976807
5.792675971984863
5.669981956481934
5.640056610107422
5.6439502239227295
5.631223678588867
5.649351596832275
5.926670074462891
5.765157699584961
5.750818490982056
6.5790300369262695
5.843832731246948
5.757312297821045
6.017726898193359
5.758304119110107
5.77871561050415
5.813818454742432
5.93186354637146
5.759512186050415
5.7642905712127686
6.1998209953308105
5.908090591430664
5.721642971038818
5.961586952209473
6.598723411560059
6.132615327835083
6.018081903457642
6.343379974365234
6.637625217437744
5.9232337474823
6.014411687850952
5.897939205169678
6.305454969406128
6.092236042022705
5.8344104290008545
5.74234414100647
5.7320942878723145
5.879445552825928
5.860935926437378
5.845817804336548
5.881185531616211
5.792402267456055
5.783135890960693
6.149853229522705
6.258004188537598
6.638278961181641
6.768329620361328
6.51047682762146
7.0142128467559814
6.350292682647705
6.255064010620117
5.998649835586548
5.861881256103516
5.822800636291504
6.022814035415649
6.129135608673096
6.013619899749756
5.914824485778809
5.9056549072265625
5.847150087356567
5.910001516342163
6.111568450927734
6.91312050819397
6.494035720825195
6.2554333209991455
6.03791069984436
6.111845254898071
6.075697898864746
5.770336151123047
5.788558006286621
5.781136989593506
5.784588098526001
5.81818699836731
6.1145782470703125
5.739619731903076
5.754652976989746
5.794050216674805
5.775449275970459
5.7549519538879395
5.835658073425293
5.791979551315308
5.8195884227752686
5.794062852859497
5.784233570098877
5.7507898807525635
5.772347450256348
5.747713804244995
5.813076019287109
5.760838985443115
5.7761149406433105
5.771133184432983
5.782456636428833
5.754931688308716
5.782504558563232
5.777278184890747
5.758206367492676
5.7986133098602295
5.802006721496582
5.775652170181274
5.750831604003906
5.784929275512695
5.827072858810425
5.7648537158966064
5.7732555866241455
5.766203165054321
5.750464916229248
6.003792762756348
5.78488564491272
5.797812461853027
5.931935548782349
5.769789934158325
5.971140623092651
5.798009634017944
5.748769521713257
5.737231731414795
5.778050422668457
5.782825708389282
5.7483837604522705
5.736182689666748
5.731186866760254
5.785513877868652
5.805819034576416
5.781566143035889
5.738430976867676
5.731784343719482
5.7202348709106445
5.716552257537842
5.734798192977905
5.772462368011475
5.777552127838135
5.731018304824829
5.7446699142456055
5.776834011077881
5.767164468765259
5.806565761566162
5.726801156997681
5.748677730560303
5.767903566360474
5.788029909133911
5.786574125289917
5.7328009605407715
5.747604846954346
5.8173322677612305
6.079020738601685
5.94546914100647
5.997138500213623
6.0196967124938965
7.987639665603638
8.300445795059204
6.367228746414185
6.27665901184082
5.996203660964966
5.913323640823364
6.281937599182129
5.865146160125732
5.850447654724121
5.863644361495972
5.917283058166504
5.857851266860962
5.846194505691528
5.878961086273193
5.905241250991821
5.940180540084839
6.027775526046753
5.912737131118774
5.92803955078125
5.931612730026245
5.904596328735352
5.857874393463135
5.886438846588135
5.8614277839660645
5.855650186538696
6.096314430236816
5.937157869338989
5.8649773597717285
5.880279779434204
5.88820743560791
5.900123834609985
5.904354810714722
5.875641107559204
5.9299492835998535
6.241201400756836
6.264798879623413
6.714121580123901
6.7143518924713135
6.02091646194458
5.991536378860474
5.835894584655762
6.286412715911865
5.810807943344116
5.913040637969971
5.889255046844482
5.974297761917114
5.9354963302612305
5.939481973648071
5.869023084640503
5.788028001785278
5.949906587600708
5.756289005279541
5.839275360107422
5.758769989013672
6.196689128875732
6.181813955307007
6.121989488601685
6.083846807479858
6.630144834518433
6.184023857116699
6.076195001602173
6.087923526763916
6.140955924987793
6.07276463508606
6.139415979385376
6.202063083648682
6.093629360198975
6.130186080932617
6.113510608673096
6.105007886886597
6.085198402404785
6.0719921588897705
6.110152244567871
6.308671712875366
6.07886004447937
6.081451177597046
6.049158334732056
6.157611608505249
6.074247121810913
6.160295724868774
6.17171573638916
6.128394842147827
6.085458755493164
6.068089962005615
6.06477952003479
6.1324872970581055
6.650953531265259
