Timing log for each step:
0.01501321792602539
10.318617343902588
10.36901068687439
10.230283975601196
10.232072114944458
10.278294563293457
10.343120336532593
10.262644052505493
10.36606502532959
10.337748765945435
10.46073055267334
10.36550784111023
10.356969118118286
10.447145462036133
10.448136806488037
10.326766967773438
9.980915546417236
10.296281576156616
10.325517654418945
10.23433804512024
9.535568952560425
10.015349864959717
10.003583192825317
9.013310194015503
8.591213464736938
8.680646896362305
9.886235475540161
9.949628114700317
10.059508800506592
9.942773342132568
10.125853538513184
10.126893043518066
10.04930853843689
10.153254747390747
10.105700254440308
10.087729692459106
9.964612245559692
10.149603605270386
9.998244047164917
10.088830471038818
10.13062834739685
10.084257364273071
10.130238771438599
10.044143438339233
10.144004344940186
10.110067129135132
10.295428991317749
10.120033740997314
10.013375997543335
10.069857120513916
10.046197652816772
10.107210874557495
10.241093873977661
10.350696563720703
10.219140768051147
10.472020387649536
10.172608852386475
10.167909860610962
10.35076355934143
9.5491943359375
10.097641944885254
9.955788850784302
9.9760262966156
10.0282621383667
10.043761014938354
10.06181025505066
10.131659984588623
10.067797899246216
9.91445803642273
10.047587156295776
9.986191034317017
9.959884881973267
10.388453960418701
10.570220232009888
10.670486211776733
10.459263801574707
10.630151987075806
10.722106695175171
10.629902601242065
10.63403582572937
10.623942375183105
10.448871612548828
10.578940391540527
10.682842016220093
10.562772989273071
10.548381567001343
10.589770555496216
10.63443899154663
10.586578845977783
10.624500513076782
10.491240501403809
10.656984806060791
10.624383687973022
10.608562707901001
10.605439186096191
10.654426574707031
10.571060419082642
10.7120943069458
10.634669065475464
10.65589952468872
10.71483039855957
10.58080267906189
10.613065004348755
10.617688655853271
11.971129655838013
