Timing log for each step:
0.011010885238647461
6.011630535125732
5.537710666656494
5.497099161148071
5.493596076965332
5.8033201694488525
5.6503379344940186
5.470717906951904
5.527029037475586
5.51958703994751
5.4770073890686035
5.457454681396484
4.907685279846191
5.955416440963745
5.469214200973511
5.425187349319458
5.657250165939331
5.4255571365356445
5.186884641647339
5.238721132278442
5.569915533065796
5.097998380661011
5.612356662750244
6.559556484222412
6.111042499542236
6.277832746505737
6.354602336883545
6.398256063461304
6.186447858810425
5.423154354095459
5.43105673789978
5.627394676208496
5.38088059425354
5.801057577133179
5.869982004165649
6.410172462463379
6.266456604003906
6.076801061630249
5.832413196563721
6.6496031284332275
5.451067686080933
5.392618656158447
