Timing log for each step:
0.011008739471435547
5.911447286605835
5.971046686172485
5.807675838470459
5.8490729331970215
5.880691766738892
5.836303472518921
5.760937690734863
5.841954708099365
5.9250733852386475
5.743117570877075
5.687021970748901
5.854398012161255
5.842453956604004
5.827946662902832
5.781655311584473
5.778623342514038
5.89461874961853
5.871636152267456
5.789585828781128
5.94830322265625
5.896470546722412
6.021585941314697
5.9011924266815186
5.890493392944336
5.999485731124878
5.877154350280762
5.9674601554870605
5.976038217544556
6.283776044845581
6.138349294662476
5.970290660858154
5.8862457275390625
5.940553188323975
5.963624000549316
5.983111143112183
5.922049283981323
5.98084831237793
6.002304553985596
5.959764003753662
5.9700682163238525
5.968159198760986
5.804988861083984
5.7624101638793945
5.77382230758667
5.853458881378174
5.869134902954102
5.891185760498047
5.944430112838745
5.944425582885742
5.894411325454712
5.943639755249023
5.985093832015991
5.908860683441162
5.933511972427368
5.967591047286987
5.960131645202637
5.990304708480835
5.951326847076416
5.862239837646484
6.011462688446045
6.121379375457764
5.907543897628784
5.891355037689209
5.921559810638428
6.0088231563568115
5.910247802734375
5.91239595413208
5.977247476577759
5.971215724945068
5.982392311096191
5.898419380187988
5.946640968322754
5.940401077270508
5.857391357421875
5.9353108406066895
6.34231162071228
5.8544511795043945
5.919485092163086
5.937936305999756
5.9240782260894775
5.944746971130371
5.959277868270874
5.956467151641846
5.888360500335693
6.1436779499053955
6.015935659408569
5.969491004943848
6.002424240112305
6.032206773757935
5.883063077926636
5.903949022293091
5.96501088142395
6.018294811248779
5.934437990188599
5.900006532669067
5.918978691101074
6.011187553405762
5.957072019577026
6.059646844863892
6.019286394119263
6.111955642700195
5.990366220474243
5.887702465057373
5.9670915603637695
5.856502294540405
5.887017011642456
5.913112640380859
5.9311842918396
5.984078645706177
5.852334976196289
6.0919413566589355
6.313277006149292
6.409350156784058
6.394995927810669
6.778892517089844
6.660887241363525
6.655091762542725
6.579224586486816
6.870639085769653
6.9454991817474365
6.6232874393463135
5.9775073528289795
6.071437120437622
5.89375901222229
7.516376495361328
6.497377634048462
6.002969264984131
5.931782960891724
5.502940893173218
6.058289051055908
6.848823070526123
5.497998476028442
5.477981328964233
5.4719743728637695
5.584077596664429
5.439946174621582
5.481984615325928
5.46797251701355
5.4759790897369385
5.494996786117554
5.420929908752441
5.398910284042358
5.473975896835327
5.478981256484985
5.420928478240967
5.435941934585571
5.482985734939575
5.461965560913086
5.48698878288269
5.4041430950164795
5.501342058181763
5.392354726791382
5.429936647415161
5.488990545272827
5.584076881408691
5.478981971740723
5.45796275138855
5.4499547481536865
5.52702522277832
5.3979082107543945
5.454960823059082
5.449954032897949
5.496997833251953
5.432940244674683
5.447955131530762
5.418926954269409
5.492994070053101
5.668145656585693
5.649064779281616
5.4479522705078125
5.558053016662598
5.414923906326294
5.487989902496338
5.463968276977539
5.455150842666626
5.468512773513794
5.42092752456665
5.515013694763184
5.560055255889893
5.401912689208984
5.596085071563721
5.436943054199219
5.3848960399627686
5.422930479049683
5.399909496307373
5.4279351234436035
5.505005121231079
5.355870008468628
5.385896444320679
5.403908729553223
5.434942960739136
5.432939529418945
5.484987020492554
5.4219276905059814
5.500000238418579
5.46596884727478
5.443665981292725
5.399908781051636
5.411920785903931
5.38289475440979
5.522020578384399
5.478979825973511
5.355870008468628
5.417927026748657
5.541037559509277
5.328845262527466
5.4189276695251465
5.465970277786255
5.417925834655762
5.470974445343018
5.484831094741821
5.470975637435913
5.3979082107543945
5.400910139083862
5.522020578384399
5.490426778793335
5.418927431106567
5.450955629348755
5.442949295043945
5.424933671951294
5.477982759475708
5.4729766845703125
5.412921667098999
5.380892038345337
5.400910377502441
5.437944650650024
5.370883464813232
5.4445273876190186
5.404717445373535
5.488990068435669
5.415923357009888
5.452960014343262
5.49299430847168
5.4249303340911865
5.450956106185913
5.733505487442017
5.96992826461792
5.962042331695557
5.936984300613403
5.902303457260132
5.962677478790283
5.879655122756958
5.754924774169922
5.8691370487213135
5.978008031845093
5.87822151184082
5.879779577255249
5.879784345626831
5.748999118804932
5.812044858932495
5.838411331176758
5.834724426269531
5.91943621635437
5.901036739349365
5.926908493041992
5.904712915420532
5.986499071121216
5.91825270652771
5.917052745819092
5.983020305633545
5.9193480014801025
5.9189112186431885
5.988729476928711
5.886878967285156
5.933751106262207
5.928590774536133
5.954161167144775
5.98921537399292
5.813422918319702
5.77267861366272
5.8517961502075195
5.923516035079956
6.017210245132446
5.8554911613464355
6.034743309020996
5.887344598770142
5.938675165176392
5.81287693977356
5.894539833068848
5.9194114208221436
5.826423645019531
5.883805990219116
5.961058616638184
5.830611705780029
5.917840003967285
5.966521501541138
6.002255201339722
5.91039252281189
6.026471853256226
5.832381010055542
5.978306770324707
5.923708915710449
5.8526387214660645
5.842375040054321
5.886822462081909
6.000182390213013
5.779663801193237
5.82155442237854
5.827176094055176
5.9042840003967285
5.963449716567993
5.960366249084473
5.877176523208618
5.851574182510376
5.999372482299805
5.8782899379730225
5.962085962295532
5.962385654449463
5.916851282119751
5.909371376037598
5.7549052238464355
5.732900142669678
5.8139636516571045
5.7989983558654785
5.840825796127319
5.757944822311401
5.8222620487213135
5.931880712509155
5.936721086502075
5.844318866729736
5.916169166564941
5.949273586273193
5.911827325820923
5.969931602478027
6.445013761520386
6.6020026206970215
5.7832581996917725
5.5870795249938965
5.436943054199219
5.423932313919067
5.439945936203003
5.473978281021118
5.4099180698394775
5.4269325733184814
5.454960346221924
5.409921169281006
5.434942007064819
5.42293119430542
5.4469521045684814
5.340856075286865
5.3878984451293945
5.438945293426514
5.418926477432251
5.489991903305054
5.498997926712036
5.415924310684204
5.388900995254517
5.421929121017456
5.401909828186035
5.45463228225708
5.447953939437866
5.414922714233398
5.502002954483032
5.401911973953247
5.461965084075928
5.42393159866333
5.435942888259888
5.375887632369995
5.417925834655762
5.434942007064819
5.459964752197266
5.44695258140564
5.431940078735352
5.373887300491333
5.509008884429932
5.433940649032593
5.4509217739105225
5.444951772689819
5.413923263549805
5.469974517822266
5.396906852722168
5.450956106185913
5.356870174407959
5.387898206710815
5.347861289978027
5.414923429489136
5.289808988571167
5.321838140487671
5.488990306854248
5.503003120422363
5.385896921157837
5.265788316726685
5.306824684143066
5.356870651245117
5.474979639053345
5.493995904922485
5.566059112548828
5.35486912727356
5.364877223968506
5.398907899856567
5.9161083698272705
5.814913272857666
5.870077610015869
5.9242541790008545
6.3206987380981445
5.95407509803772
6.2236504554748535
6.145676374435425
5.795995473861694
5.850546360015869
5.931323051452637
5.825114727020264
5.924243927001953
5.948865175247192
5.9136738777160645
5.868789911270142
5.901891231536865
5.761404991149902
6.047948598861694
5.898836612701416
5.936475038528442
5.945467948913574
5.922965049743652
5.922099828720093
6.004671812057495
5.885356903076172
5.903393030166626
5.820989370346069
5.6362104415893555
5.942058801651001
6.025532245635986
5.956194639205933
5.885662317276001
5.889086723327637
5.838606119155884
5.756530284881592
5.91919732093811
5.851443767547607
5.829833030700684
5.817658185958862
5.86034631729126
5.8562445640563965
5.870180368423462
5.816711902618408
5.861847400665283
6.571125745773315
5.856903076171875
5.883556365966797
5.839509725570679
5.808905839920044
5.786900758743286
5.754117488861084
5.817967176437378
5.749166011810303
5.770652770996094
5.802963733673096
5.93103814125061
5.864136695861816
5.932467460632324
5.870748519897461
5.86046838760376
5.876868009567261
5.859612464904785
5.896247386932373
5.806308269500732
5.726012468338013
5.842344760894775
5.790651321411133
5.769422769546509
5.736572742462158
5.8596272468566895
5.80270528793335
5.850301265716553
5.8964996337890625
5.843405485153198
5.78752326965332
5.927037954330444
6.09798002243042
6.256734848022461
5.972220420837402
5.772839546203613
5.835240125656128
5.87438178062439
5.876193046569824
6.030632495880127
5.77414345741272
5.848395586013794
5.812948942184448
5.826221942901611
5.795226335525513
5.752801179885864
5.766716718673706
5.840136289596558
5.919867515563965
5.806521415710449
5.923919916152954
5.785724639892578
5.842842102050781
6.002033233642578
5.801908016204834
6.4564642906188965
6.22265625
6.236681222915649
6.054570913314819
5.821821689605713
5.744562149047852
5.832046031951904
5.829434394836426
5.8441712856292725
5.89487886428833
5.808136463165283
5.7822065353393555
5.889494180679321
5.884437084197998
5.863986253738403
5.844599485397339
5.831305503845215
5.791858196258545
5.823967933654785
5.840809106826782
5.854091644287109
5.843731880187988
5.781123638153076
5.849390029907227
5.840342044830322
5.903806686401367
5.812270879745483
5.748835802078247
5.831784009933472
5.921424388885498
5.794506311416626
5.787457227706909
6.098088264465332
5.826338768005371
5.796123504638672
5.884606838226318
6.251580476760864
5.861510753631592
5.87650990486145
5.924488544464111
6.1244988441467285
5.874517202377319
5.896117448806763
5.8320863246917725
5.84423041343689
5.7544825077056885
5.801189184188843
5.8079833984375
5.816047191619873
5.9085493087768555
5.858875513076782
5.915465354919434
5.76189661026001
5.736838102340698
5.8305933475494385
5.806665658950806
5.883051156997681
5.8734729290008545
5.805950164794922
5.829021692276001
5.74321722984314
5.713053226470947
5.733059406280518
5.79490065574646
5.6847429275512695
6.294432878494263
5.7347190380096436
5.722729206085205
5.744558572769165
5.715733528137207
5.78392219543457
5.782762765884399
5.72432017326355
5.711124658584595
5.7671825885772705
5.8315794467926025
5.705550670623779
5.80548882484436
5.770090341567993
5.753383636474609
5.730750799179077
5.763293981552124
5.72248101234436
5.727756023406982
5.795157432556152
5.702201843261719
5.728757858276367
5.686263561248779
5.781741619110107
5.744373798370361
5.709212303161621
5.629868507385254
5.752939939498901
5.7216925621032715
5.738384485244751
5.731466054916382
5.800148963928223
5.692474603652954
5.772444486618042
5.708893299102783
5.7332940101623535
5.693871259689331
5.68019700050354
5.775651931762695
5.826699495315552
5.759175777435303
5.637223482131958
5.77822732925415
5.681741714477539
5.7611682415008545
5.658572673797607
5.742498397827148
5.775568962097168
5.73926305770874
5.858889102935791
5.853530645370483
5.79573392868042
5.715810537338257
5.751000165939331
5.706676959991455
5.543931245803833
5.473977088928223
5.3929033279418945
5.328845262527466
5.353868007659912
5.3538689613342285
5.4509546756744385
5.331847429275513
5.40191125869751
5.2757956981658936
5.4339399337768555
5.474977731704712
5.405912399291992
5.388899087905884
5.324840545654297
5.397907733917236
5.371883869171143
5.366879224777222
5.367880821228027
5.418926239013672
5.446953058242798
5.313830375671387
5.372884273529053
5.460964202880859
5.447954177856445
5.224749565124512
5.424931764602661
5.502001047134399
5.250774145126343
5.268790245056152
5.7377989292144775
5.825544595718384
5.797501564025879
5.702357769012451
5.713257789611816
5.729816436767578
5.66893196105957
5.82412052154541
5.60009241104126
5.361875057220459
5.598090887069702
5.431938886642456
6.358781099319458
6.088562965393066
6.364653587341309
6.4136083126068115
6.283327102661133
6.456272840499878
5.9468994140625
5.695554256439209
5.9597978591918945
5.763142108917236
5.701580762863159
5.6821818351745605
5.644206285476685
5.6184632778167725
5.692694902420044
5.658513307571411
5.795486688613892
5.717559576034546
5.722311735153198
5.701871871948242
5.787082672119141
5.702630996704102
5.699318885803223
5.688974618911743
5.777574062347412
5.73913049697876
5.68843412399292
5.951923847198486
5.858217000961304
5.768324613571167
5.824190616607666
5.774883270263672
5.7905683517456055
5.7521233558654785
5.78194522857666
5.693016767501831
5.761475324630737
5.768096685409546
5.756954908370972
5.721860408782959
5.708143949508667
5.788493633270264
5.79309868812561
5.6778388023376465
5.72438383102417
5.8581626415252686
5.820734262466431
5.749768018722534
5.803799390792847
5.7572691440582275
5.692207336425781
5.75490140914917
5.735280990600586
5.689372777938843
5.82384467124939
5.846693754196167
6.47240138053894
6.1517908573150635
5.772300958633423
5.802477836608887
5.864193439483643
6.196063041687012
6.182117700576782
6.16575813293457
5.705016613006592
5.7303078174591064
6.144580841064453
5.861113786697388
5.76274037361145
6.106904029846191
5.806568145751953
5.7247679233551025
5.719947338104248
5.717138051986694
5.81851863861084
5.822296380996704
5.756972074508667
5.786700963973999
5.899746417999268
6.536470413208008
7.0115742683410645
6.26469612121582
5.601092576980591
5.648465871810913
5.75588846206665
5.550045967102051
5.615105867385864
5.722201824188232
6.41983699798584
6.7301185131073
5.835305690765381
5.554049968719482
5.7849440574646
5.434941530227661
5.686170339584351
5.574068307876587
5.475978374481201
5.6421308517456055
5.346858024597168
5.580073118209839
6.026094913482666
5.975660800933838
5.759657382965088
5.766584873199463
5.661738395690918
5.733134984970093
5.70015287399292
5.71239161491394
5.94416880607605
6.191690683364868
5.847233772277832
5.895964622497559
5.890391826629639
5.810436725616455
5.871198892593384
5.631155252456665
5.690430402755737
5.879854917526245
5.709415674209595
5.766741037368774
5.837740659713745
5.831755876541138
5.814330339431763
5.805426836013794
5.745557069778442
5.7796666622161865
5.882511138916016
5.692914009094238
5.830710411071777
5.721979141235352
5.752151966094971
5.74136209487915
5.789191722869873
5.812420606613159
5.853531837463379
5.959601402282715
5.954672574996948
5.932879447937012
5.769024610519409
5.692539215087891
5.701390743255615
5.697721004486084
5.808881759643555
5.847339391708374
5.790345191955566
5.742287635803223
5.719537258148193
5.789727687835693
5.740091323852539
5.748925447463989
5.796112060546875
5.889602899551392
5.7998809814453125
5.750036239624023
5.724567890167236
5.828165769577026
5.815708875656128
5.713617324829102
5.692587614059448
5.786741495132446
5.723090648651123
5.772006988525391
6.011793851852417
5.732184886932373
5.697431802749634
5.740381717681885
5.743903398513794
5.799522161483765
5.729983568191528
5.8729188442230225
5.782724618911743
5.731275320053101
5.885862588882446
5.747457027435303
5.759979963302612
5.777578830718994
5.820241451263428
5.84089469909668
5.73895525932312
5.806830883026123
5.871068954467773
5.711548089981079
5.795301198959351
5.852948904037476
5.85120153427124
6.000274181365967
5.8686628341674805
5.761053800582886
5.8320090770721436
5.832775115966797
5.887444972991943
5.73375391960144
6.168675184249878
6.103552579879761
5.833909749984741
5.546310186386108
6.014402389526367
5.932055473327637
5.9728875160217285
5.910120010375977
5.81620979309082
5.8582727909088135
5.936447858810425
5.973432540893555
5.919078826904297
5.8946497440338135
5.806046724319458
5.873997926712036
5.898192882537842
5.890456676483154
5.870923042297363
5.874882221221924
5.869252681732178
5.872462034225464
5.79909610748291
5.881509304046631
5.865743398666382
5.926373243331909
5.852213621139526
5.911035537719727
5.873873472213745
5.860344648361206
5.936203718185425
5.888327121734619
5.920877933502197
5.946894407272339
5.922512769699097
5.896416425704956
5.87432074546814
5.837672233581543
5.890458822250366
5.903717041015625
6.050540924072266
5.911097764968872
6.455270767211914
6.646059989929199
6.335272789001465
5.905045509338379
5.907710790634155
5.86087441444397
5.958648920059204
5.876645565032959
5.869598627090454
5.868666172027588
6.225781202316284
5.968420028686523
5.953007459640503
5.898900508880615
5.913735628128052
6.617347955703735
6.089355707168579
6.370323657989502
6.355778932571411
7.054545879364014
6.813331127166748
6.119563341140747
6.132064580917358
5.762643575668335
5.787646770477295
5.700985670089722
5.77519679069519
5.875420570373535
6.002108097076416
5.692684173583984
5.7093870639801025
5.706518173217773
5.790980577468872
5.718906402587891
5.763304233551025
5.719468593597412
5.757558107376099
5.738352537155151
5.733464241027832
5.731597900390625
5.715763568878174
5.766215085983276
5.7127909660339355
5.732442140579224
5.720784902572632
5.758442163467407
5.755075216293335
5.687174558639526
5.797913551330566
5.677321195602417
5.702165126800537
5.792755842208862
5.755815029144287
5.79221248626709
5.754262447357178
5.700965881347656
5.769164800643921
5.75675106048584
5.736626625061035
5.781434059143066
5.716782093048096
5.712697505950928
5.722395420074463
5.791724443435669
5.875631332397461
5.825387954711914
5.774517297744751
5.725659608840942
5.727595090866089
5.776468992233276
5.687967538833618
5.789851903915405
5.738283634185791
5.741333246231079
5.762234687805176
5.7454283237457275
5.723700284957886
5.737231254577637
5.759308099746704
5.730313301086426
5.73225474357605
5.811578273773193
5.730119228363037
5.690571069717407
5.740897178649902
5.714678049087524
5.745609283447266
5.718815565109253
5.655148029327393
5.727165222167969
5.703746795654297
5.74617600440979
5.789809942245483
5.763079404830933
5.70719313621521
5.705012559890747
5.767051458358765
5.701599359512329
5.704960107803345
5.722587585449219
5.75182318687439
5.742335796356201
5.691009521484375
5.792927265167236
5.990030765533447
5.830995321273804
6.479851007461548
6.072953462600708
5.989109039306641
5.843754053115845
5.92338752746582
5.963514804840088
5.91078782081604
6.067546129226685
6.015714645385742
6.102744817733765
6.086400032043457
5.894043445587158
5.910250186920166
5.841336250305176
6.122795104980469
5.807122468948364
5.831576824188232
5.756185054779053
5.807952165603638
5.775898218154907
5.797104358673096
5.78220796585083
5.839534044265747
5.943741321563721
6.160858869552612
6.342639446258545
5.993052959442139
5.970170021057129
6.034054279327393
5.973526239395142
6.080196142196655
6.048228740692139
6.042277812957764
6.014310121536255
6.019221305847168
5.95865535736084
6.011670351028442
5.974701404571533
6.001689195632935
5.9733617305755615
6.051462173461914
6.0925610065460205
5.982503890991211
5.984625339508057
6.040922403335571
6.21828556060791
6.223848581314087
6.0613768100738525
5.9457619190216064
5.9350104331970215
6.320010662078857
5.962732553482056
5.938070297241211
5.92490291595459
6.004720449447632
5.9966721534729
6.131453514099121
5.974937438964844
6.022143602371216
6.0293707847595215
6.031793832778931
5.956834077835083
5.992848634719849
5.945277214050293
6.191092252731323
6.440570116043091
6.024419069290161
6.13733434677124
5.969313621520996
6.004626989364624
6.0005083084106445
6.031275033950806
5.919984340667725
6.192500591278076
5.929731607437134
5.9782233238220215
6.032017469406128
6.215702772140503
6.185987710952759
6.097585439682007
5.9810967445373535
5.96279501914978
5.907524585723877
5.962353706359863
5.959109783172607
6.000304460525513
5.97121787071228
5.954431056976318
6.229493618011475
6.035568475723267
6.068044662475586
6.374508619308472
6.601215839385986
5.947760820388794
6.030836343765259
6.040585279464722
6.036023855209351
5.958579063415527
6.119263410568237
5.935452461242676
5.822613000869751
5.936831712722778
6.031700849533081
5.985106468200684
5.980135202407837
5.987115144729614
6.06191873550415
5.983985424041748
6.025274991989136
6.005256652832031
6.066868305206299
5.9683191776275635
6.110283136367798
6.065566778182983
6.187582969665527
5.970866918563843
5.965934753417969
5.984898567199707
6.011200189590454
5.992703437805176
5.98465633392334
6.115600347518921
6.005772829055786
5.935109853744507
6.039295434951782
5.931568622589111
5.932715177536011
5.84754753112793
5.991068124771118
6.008153915405273
6.041311264038086
6.03612208366394
6.003071546554565
5.983891248703003
6.192261457443237
6.001646995544434
6.022102355957031
5.978873014450073
6.057951211929321
5.929092168807983
5.931949138641357
6.074636936187744
6.213890075683594
6.142637491226196
6.013610601425171
5.994977235794067
6.149387359619141
6.075817346572876
5.995954513549805
5.908567190170288
6.1552815437316895
5.988925218582153
6.027167081832886
5.922357797622681
5.925776720046997
6.146714925765991
6.082060813903809
6.135701417922974
5.953023195266724
5.998211145401001
5.989112854003906
6.0700883865356445
6.161036491394043
6.129093647003174
6.180331230163574
6.434191465377808
6.03728723526001
5.966495990753174
5.926158666610718
5.98939061164856
5.99601674079895
5.915252685546875
6.0151143074035645
6.027894496917725
5.930298328399658
6.029970407485962
5.943138599395752
5.906944990158081
5.9392924308776855
5.98144268989563
6.024254560470581
6.073691368103027
6.080766201019287
6.001819610595703
5.978588819503784
5.98952054977417
5.989510774612427
5.982731819152832
6.0300188064575195
5.9805707931518555
5.968682527542114
6.262936353683472
6.36427903175354
6.021258592605591
6.053107500076294
6.023287296295166
5.997129440307617
6.02521014213562
6.065464496612549
6.0757458209991455
6.123784065246582
6.133389711380005
6.135038137435913
6.16734766960144
6.0776755809783936
6.130456209182739
6.157920837402344
6.056823253631592
6.066246271133423
6.0837812423706055
6.083935976028442
6.025131464004517
6.057002782821655
6.166836977005005
5.959907054901123
6.085546970367432
6.084660291671753
6.015868186950684
6.083174228668213
6.084629774093628
6.105523109436035
6.012770652770996
6.113797664642334
6.032282114028931
6.068631649017334
6.077939510345459
6.075035095214844
6.047711610794067
6.019142150878906
6.169190406799316
6.249613523483276
6.062374591827393
6.197157382965088
6.146690845489502
6.126543283462524
5.853278875350952
5.588300466537476
6.338202714920044
6.247544765472412
6.153632640838623
6.140187501907349
6.175263166427612
6.163098096847534
5.591084241867065
5.6921751499176025
5.45696234703064
5.485987901687622
5.611101865768433
5.618108510971069
5.53102970123291
5.635123014450073
5.621110439300537
5.5490453243255615
5.546042203903198
5.6030943393707275
5.520017623901367
5.594085931777954
5.706186532974243
5.53403115272522
5.62711501121521
5.530027866363525
5.536032676696777
5.555051803588867
5.512011289596558
5.465970277786255
5.568063497543335
5.578070878982544
5.543040037155151
5.467972993850708
5.562055349349976
5.530028820037842
5.7021849155426025
5.673156976699829
5.5800721645355225
5.77825403213501
5.675159215927124
5.7832581996917725
5.612102508544922
5.587080717086792
5.47998309135437
5.593084335327148
5.668153524398804
5.576068878173828
5.574068069458008
5.6791627407073975
5.601092100143433
5.5950868129730225
5.557053327560425
5.495997190475464
5.588080406188965
5.586079359054565
5.742220878601074
5.629117250442505
5.561056137084961
5.490991830825806
5.5950868129730225
5.558053970336914
5.465969562530518
5.526025056838989
5.510009288787842
5.560055732727051
5.616102457046509
5.511011838912964
5.547043323516846
5.603094577789307
5.460968017578125
5.502000570297241
5.526022911071777
5.561056613922119
5.539035320281982
5.545041084289551
5.4379425048828125
5.5580525398254395
5.6491358280181885
5.819292068481445
5.544040203094482
5.560055732727051
5.560055494308472
5.50400447845459
5.567059278488159
5.446953535079956
5.661145210266113
5.540037155151367
5.616105318069458
5.576070547103882
5.595088243484497
5.508007049560547
5.5310282707214355
5.5770697593688965
5.623112916946411
5.5590550899505615
5.605095148086548
5.51901650428772
5.594085454940796
5.567061901092529
5.570065021514893
5.5670623779296875
5.552048921585083
5.587078809738159
5.500002384185791
5.632120370864868
5.58707857131958
5.607097625732422
5.542038917541504
5.553049325942993
5.553048849105835
6.260195255279541
6.152289390563965
6.212656259536743
6.276909589767456
6.069411039352417
6.337251901626587
6.065307378768921
6.104186296463013
6.19574761390686
6.107223033905029
6.060102939605713
6.23284387588501
6.097611904144287
6.117969512939453
6.1567206382751465
6.08484959602356
6.061851263046265
6.047020196914673
6.12669825553894
6.148251533508301
5.962524890899658
6.255542039871216
5.882223844528198
6.10275673866272
6.117861270904541
6.102916717529297
6.027665853500366
6.146620750427246
6.095219850540161
6.0814902782440186
6.063559055328369
6.11117148399353
6.016055107116699
6.284924507141113
6.237739086151123
6.15287184715271
6.122540235519409
6.1582932472229
6.085822343826294
6.059735059738159
6.081916570663452
6.140671730041504
6.215357303619385
6.06112813949585
6.152310848236084
6.108715295791626
6.129601240158081
6.16956090927124
6.268860101699829
6.2081992626190186
6.084082841873169
6.206059694290161
6.1100194454193115
6.087974786758423
6.164302349090576
6.155784368515015
6.074485778808594
6.014949321746826
6.027415990829468
6.047175407409668
6.109919548034668
6.154936075210571
6.011046886444092
6.062642574310303
6.591031551361084
5.973708868026733
6.014745473861694
5.88095235824585
5.930908918380737
5.964582681655884
6.030832529067993
6.008714199066162
5.956664562225342
6.059703588485718
6.134088039398193
6.0098161697387695
6.071913719177246
6.013470888137817
6.043075799942017
5.997376203536987
6.023869037628174
5.952955484390259
5.990039825439453
5.938814878463745
6.134658575057983
6.138394117355347
5.9944517612457275
6.097461462020874
6.036627292633057
6.050152063369751
6.069634199142456
6.031842947006226
6.192416191101074
6.145195960998535
6.078471899032593
5.996678352355957
6.184337615966797
6.1508119106292725
6.051087379455566
6.219725608825684
6.364971160888672
6.056860685348511
6.095386505126953
6.0275983810424805
6.019517183303833
6.253526926040649
6.186158895492554
6.119564056396484
6.078925848007202
6.188089370727539
6.229827165603638
6.15944504737854
6.110964298248291
6.00499153137207
6.23536229133606
6.255236625671387
5.688567399978638
5.586079359054565
5.606096029281616
5.630118370056152
5.4809839725494385
5.577070474624634
5.562054634094238
5.599091529846191
5.6111016273498535
5.588080644607544
5.497998952865601
5.669153690338135
5.502002477645874
5.625114440917969
5.514011383056641
5.572067022323608
5.559053421020508
5.560053825378418
5.619109153747559
5.601092576980591
5.574067115783691
5.569063901901245
5.585078239440918
5.620109796524048
5.636123418807983
5.663148403167725
5.5850770473480225
5.577070951461792
5.578070402145386
5.701183319091797
5.540036916732788
5.6291184425354
5.568062782287598
5.578072786331177
5.482985258102417
5.6181089878082275
5.679163455963135
5.60709810256958
5.661146402359009
5.514011859893799
5.5170159339904785
5.629117488861084
5.877343654632568
5.501001834869385
5.561055898666382
5.527026653289795
5.547043561935425
5.5930869579315186
5.607099533081055
5.611100435256958
5.884350061416626
6.315688610076904
6.066976308822632
6.530649662017822
6.185854196548462
6.135205984115601
6.061254262924194
6.087354898452759
6.171911716461182
6.090354919433594
6.068028450012207
6.179325103759766
6.042672395706177
5.989740610122681
6.3010032176971436
6.08063530921936
6.176392555236816
6.106029987335205
6.362469911575317
6.34885048866272
6.767541170120239
6.128382921218872
6.296869993209839
6.115610361099243
6.146305799484253
6.106484889984131
6.093865871429443
5.933827638626099
5.922298431396484
5.9744977951049805
6.351671457290649
6.34921932220459
6.382351875305176
6.002029180526733
6.048772811889648
6.097023010253906
6.111792087554932
6.068838596343994
6.1831560134887695
6.0739827156066895
6.049525737762451
6.108000993728638
6.401966571807861
6.75923228263855
6.153447151184082
6.2510740756988525
6.048770427703857
6.739630222320557
6.276217222213745
6.010533332824707
6.0935211181640625
6.259801626205444
6.029232978820801
6.304122686386108
6.598724365234375
5.984304428100586
6.017369508743286
6.3521692752838135
6.0514349937438965
5.996402263641357
6.0795862674713135
5.988898515701294
6.00558066368103
6.062804222106934
6.0323486328125
6.079448461532593
6.082741022109985
6.086214065551758
6.4165027141571045
6.621424198150635
6.198695182800293
6.149550199508667
6.114080905914307
6.016585111618042
6.079090595245361
6.00898003578186
6.099112272262573
6.063854932785034
6.328652858734131
6.381905555725098
6.389942169189453
6.209766626358032
6.083956480026245
6.177555322647095
6.155005693435669
6.011455774307251
6.164308547973633
6.273120641708374
6.458851099014282
6.353520393371582
6.196657657623291
6.011159181594849
6.056004047393799
6.074538707733154
6.10195779800415
6.19321608543396
6.160878658294678
6.058053970336914
5.920302152633667
6.052380084991455
6.472289562225342
6.021575450897217
6.493315696716309
6.10879921913147
6.210252046585083
6.180564641952515
6.096248388290405
6.099104881286621
6.115750312805176
6.288851261138916
6.196258068084717
6.155864715576172
6.057996034622192
6.163759469985962
6.066197395324707
6.116360902786255
6.203409433364868
6.6487157344818115
6.365983247756958
6.505881309509277
6.1952924728393555
6.203016757965088
6.154199838638306
6.103713274002075
6.037888765335083
6.122678279876709
6.226569414138794
6.214919805526733
6.034961223602295
6.029869794845581
6.104633331298828
6.139312028884888
6.140192985534668
6.08925199508667
6.148465156555176
6.035088300704956
6.183230876922607
6.082897663116455
6.144866704940796
5.988548040390015
6.067384719848633
6.096467018127441
6.061747789382935
6.111324310302734
5.961329460144043
6.028563737869263
6.047468185424805
6.035754203796387
6.027530670166016
6.027204275131226
6.010839462280273
6.070292234420776
6.057328939437866
5.983013868331909
6.010451793670654
5.990915298461914
6.140655994415283
6.392956256866455
6.382589101791382
6.062057018280029
6.122931241989136
6.0776894092559814
6.233100652694702
6.267518997192383
6.592049598693848
6.088564872741699
6.138521909713745
6.069063663482666
6.216203451156616
6.58100152015686
6.5724523067474365
6.547113418579102
6.352209806442261
6.0402772426605225
6.082226991653442
6.028894424438477
6.449525833129883
6.136529445648193
6.038487911224365
6.073067665100098
6.017062187194824
6.1118834018707275
6.3693084716796875
6.175506353378296
6.660729646682739
6.391810655593872
6.234929084777832
6.072140455245972
6.1254448890686035
6.128894090652466
6.193885564804077
6.16239070892334
6.215092658996582
6.105727434158325
6.082390069961548
6.244808673858643
6.130897760391235
6.05549168586731
6.130260467529297
6.215377569198608
6.3604137897491455
6.560277223587036
6.218727111816406
6.44408392906189
6.338530778884888
6.399438381195068
6.451089859008789
6.516671180725098
6.5145533084869385
6.217141151428223
6.374014616012573
6.503680944442749
6.2266998291015625
5.99591064453125
6.028728008270264
6.071969032287598
6.071076393127441
6.187273025512695
6.1388044357299805
6.100434064865112
6.070594787597656
6.057390451431274
6.094686269760132
6.045731067657471
6.089759111404419
6.035216808319092
5.980581760406494
6.015275001525879
6.136884450912476
6.197965383529663
6.2604453563690186
6.355541229248047
6.9120707511901855
6.085613250732422
6.048689365386963
6.661305665969849
6.285396575927734
6.462003231048584
6.374395370483398
6.08900785446167
6.051279306411743
6.045091390609741
6.122865676879883
6.162262201309204
6.1508893966674805
6.086426258087158
6.136184215545654
6.2574684619903564
6.5982818603515625
6.552295207977295
6.163351058959961
6.091088056564331
6.271406412124634
6.137747764587402
6.334316968917847
6.091297388076782
6.185272455215454
6.077251672744751
6.164030313491821
6.227654695510864
6.173391342163086
6.154527187347412
6.395357370376587
6.1122047901153564
6.1253838539123535
6.206589698791504
6.268436670303345
6.444401264190674
6.321974754333496
6.445171594619751
6.115641117095947
6.20197319984436
6.096017599105835
6.074120044708252
6.030426025390625
6.022991418838501
6.092267274856567
6.510454416275024
6.028224229812622
6.027102470397949
6.1130030155181885
6.189367294311523
6.043411493301392
6.066809892654419
6.204888582229614
6.727485418319702
6.586880207061768
6.138660907745361
6.107625484466553
6.681055068969727
6.6229493618011475
6.023702621459961
6.038942098617554
6.064190149307251
6.9914164543151855
6.791566848754883
5.876939058303833
6.096750497817993
6.685373306274414
6.663925886154175
6.657408714294434
6.157416105270386
6.0868706703186035
6.616195440292358
6.604551553726196
6.066301107406616
6.054188013076782
6.2521772384643555
6.745980978012085
6.05956506729126
6.06953239440918
6.169382095336914
6.339264869689941
6.113085985183716
6.103358030319214
6.516272783279419
6.178563833236694
6.03861665725708
6.009234666824341
6.234903812408447
6.233664512634277
6.154294967651367
6.178389072418213
6.258650302886963
6.7220306396484375
6.231047630310059
6.250375509262085
6.096407413482666
6.37923264503479
6.167873859405518
6.042932748794556
6.066679000854492
6.099955320358276
6.131830930709839
6.075658321380615
6.064892530441284
6.104844331741333
6.080419301986694
6.195918321609497
6.221662998199463
6.132624626159668
6.094125032424927
6.172194719314575
6.099251985549927
6.0953590869903564
6.274728775024414
6.180926561355591
6.101693868637085
6.098288059234619
6.221889019012451
6.125657796859741
6.269543647766113
6.12680196762085
6.1183977127075195
6.11696457862854
6.239947080612183
6.274239778518677
6.3953697681427
6.35973334312439
6.509868144989014
6.9715681076049805
6.7850501537323
6.7119221687316895
6.114825010299683
6.313106298446655
6.7295982837677
6.406950950622559
6.712632179260254
6.157844066619873
6.31615948677063
6.733861923217773
6.248065948486328
6.78965950012207
6.20615816116333
6.202404260635376
6.704072952270508
6.348776340484619
6.9530181884765625
7.143467426300049
7.17151951789856
7.447397947311401
6.969865560531616
7.386315107345581
6.791926383972168
6.580983877182007
7.26660680770874
6.8767218589782715
6.573587656021118
6.091658592224121
6.04249382019043
5.795269250869751
5.87734317779541
6.033485651016235
6.203416585922241
5.822566270828247
5.794267892837524
6.039008140563965
5.87502646446228
6.037115097045898
5.906370401382446
6.435851573944092
5.921793222427368
6.291468858718872
6.4049506187438965
6.384824991226196
6.181321620941162
6.66923713684082
6.40313720703125
6.093186855316162
6.079747915267944
6.1008453369140625
6.199165344238281
6.3039231300354
6.2244439125061035
6.11870002746582
6.081716060638428
6.207555532455444
6.154492378234863
6.13748025894165
6.260366678237915
6.410555124282837
6.3187408447265625
6.727112531661987
6.425412893295288
6.2943174839019775
6.413831949234009
6.283847808837891
6.33424973487854
6.403413534164429
6.424203395843506
6.8384881019592285
6.729652643203735
6.302016735076904
6.208099603652954
6.380281925201416
6.367599964141846
6.518472671508789
7.467204809188843
6.36681056022644
6.2137675285339355
6.452477931976318
6.4590723514556885
6.4242494106292725
6.8167500495910645
6.8031206130981445
6.204852342605591
6.15689492225647
5.7750513553619385
6.302147150039673
6.415019750595093
6.178386449813843
6.074277400970459
6.343827486038208
6.720827341079712
6.269665002822876
6.332534313201904
6.1916468143463135
6.191090106964111
6.216320991516113
6.534247636795044
6.319412469863892
6.315995216369629
6.2102649211883545
6.398702144622803
6.517398118972778
6.442638397216797
6.297284841537476
6.285250425338745
6.26898455619812
6.140236139297485
6.21232008934021
5.736016035079956
6.355356693267822
6.344898700714111
6.386003255844116
6.106458425521851
6.148112773895264
5.768733501434326
6.342508316040039
6.42957878112793
6.464011907577515
6.134957551956177
6.198185682296753
6.226269245147705
6.404438257217407
6.609874963760376
6.502520322799683
6.3138275146484375
6.184152841567993
6.247976541519165
6.250352621078491
6.259683609008789
6.291191816329956
6.112076759338379
6.004282712936401
6.341908931732178
6.304640531539917
6.271258115768433
6.590766191482544
6.430365800857544
6.352461099624634
6.5058369636535645
6.167646408081055
6.8150246143341064
6.673852443695068
6.249616861343384
6.288599252700806
6.345890522003174
6.28159761428833
6.324750185012817
6.367618799209595
6.399503231048584
6.29023003578186
6.401446104049683
6.357180118560791
6.460409164428711
6.4033801555633545
6.294238567352295
6.2596259117126465
6.725078582763672
6.736940622329712
6.191155910491943
6.436959266662598
6.141096353530884
6.253698348999023
6.23108172416687
6.211467266082764
6.270499229431152
6.31046199798584
6.424800395965576
6.540325880050659
6.55420184135437
6.174580097198486
6.357964038848877
6.292764663696289
6.030606746673584
6.2841997146606445
6.2061004638671875
6.202186584472656
6.215078830718994
6.150514364242554
6.229597091674805
6.222583055496216
6.181508779525757
6.351686477661133
6.2970497608184814
6.859614372253418
6.834435224533081
6.519566297531128
6.626784563064575
6.612681865692139
6.612037658691406
6.241104364395142
6.257716417312622
6.907236576080322
6.057880878448486
6.3758766651153564
6.1993088722229
6.1380980014801025
5.939119577407837
6.008218050003052
6.776893615722656
7.085360288619995
7.027778148651123
6.365758895874023
5.9797515869140625
5.946115732192993
6.163270950317383
6.187015533447266
6.7880942821502686
6.161341667175293
6.349674701690674
6.28016996383667
6.070030450820923
6.114559650421143
5.951411962509155
6.31574273109436
6.39272141456604
6.836216688156128
6.842691659927368
6.329035758972168
6.4870171546936035
6.33384370803833
6.429469108581543
6.471605062484741
6.1130475997924805
6.130807638168335
6.399402379989624
6.358013153076172
6.490044593811035
6.444890260696411
6.446688652038574
6.1241796016693115
6.129273414611816
6.436491966247559
6.313526630401611
6.474547863006592
6.665552377700806
6.48688268661499
5.92238450050354
6.195632457733154
6.475888729095459
6.2416746616363525
6.160860776901245
6.313297748565674
6.07936692237854
5.911749362945557
5.856438636779785
5.914377689361572
5.934658765792847
6.3117516040802
7.660123586654663
