Timing log for each step:
0.01601386070251465
5.371579647064209
5.853126287460327
6.428317308425903
6.414960622787476
5.926427364349365
5.845733642578125
5.761099815368652
5.693430423736572
5.856071949005127
5.700852155685425
5.747552394866943
5.762082099914551
5.993858814239502
6.018370866775513
5.658912420272827
5.598974227905273
5.582744359970093
5.94901180267334
5.6759889125823975
5.768364429473877
5.660143136978149
5.616596221923828
5.644037246704102
5.596977710723877
5.648939847946167
5.689828395843506
5.9276909828186035
5.738625526428223
5.887950658798218
5.516282796859741
5.935011148452759
5.643507242202759
5.907130718231201
5.8794801235198975
5.972687721252441
5.76487135887146
5.531743049621582
5.592443227767944
5.816790342330933
5.475794076919556
5.430336952209473
5.439520835876465
5.595969915390015
5.491597414016724
5.420547723770142
5.534064292907715
5.439579963684082
5.543964147567749
5.479545593261719
5.94189190864563
5.723100423812866
5.743672847747803
5.869020223617554
5.7476255893707275
5.800616979598999
5.770813226699829
5.712890625
6.09951114654541
5.8202784061431885
5.747675895690918
5.790788412094116
5.813003778457642
5.77242374420166
5.804193019866943
5.7557196617126465
5.762044429779053
5.819036245346069
5.797610759735107
6.063314914703369
5.91936182975769
5.857153415679932
5.93721604347229
5.9934306144714355
5.980108737945557
6.232560157775879
6.198448657989502
6.135879278182983
6.217975854873657
5.891809940338135
5.670162200927734
5.889737606048584
5.711167097091675
5.832880258560181
5.669558525085449
5.60496187210083
5.674637317657471
5.768625259399414
5.700007677078247
5.708167552947998
5.733343839645386
5.722460031509399
5.726178169250488
5.715214252471924
5.767739534378052
5.752055406570435
5.755670785903931
5.761625289916992
5.722315549850464
5.777276992797852
5.769667148590088
5.739871501922607
5.785914659500122
5.694382429122925
5.768481969833374
5.738600730895996
5.698392629623413
5.970341682434082
6.2820751667022705
5.824487209320068
5.751318454742432
5.960494518280029
5.869246006011963
5.866576671600342
6.094131946563721
6.446172475814819
6.127258539199829
6.315687656402588
5.867020606994629
5.95406699180603
6.2247490882873535
5.916864633560181
5.774331569671631
6.00159764289856
6.031151533126831
6.323584079742432
5.956945896148682
6.015672922134399
6.240868330001831
6.572783708572388
6.481316804885864
6.129245758056641
5.827382564544678
5.8706488609313965
5.76906681060791
5.804960012435913
5.767537593841553
5.783441066741943
5.7821736335754395
5.69105339050293
5.76432466506958
5.785314559936523
5.7218756675720215
6.100869655609131
6.20682692527771
6.126614570617676
5.793390989303589
5.863399982452393
5.605652093887329
5.51711630821228
5.54567289352417
5.61455225944519
5.982251167297363
6.110247611999512
5.8231422901153564
5.892798662185669
5.456156492233276
5.7622761726379395
6.459742784500122
6.026065111160278
5.496301174163818
