Timing log for each step:
0.01300954818725586
5.236792325973511
5.190228700637817
5.3204665184021
5.211505651473999
5.072699785232544
5.1070921421051025
5.0906853675842285
5.2125372886657715
5.179991006851196
5.099160671234131
5.267163276672363
5.26142954826355
5.048672676086426
5.11665678024292
4.874848365783691
5.060444593429565
5.182194471359253
5.020973205566406
5.116857290267944
5.095150470733643
5.165108919143677
5.086647033691406
5.1301140785217285
5.230888605117798
5.27347993850708
5.150223255157471
5.1678876876831055
5.1601221561431885
5.116446495056152
5.172103404998779
5.20158052444458
5.180989742279053
5.188222169876099
5.070128679275513
5.1522581577301025
5.152600288391113
5.202640533447266
5.166247844696045
5.243687391281128
5.1847243309021
5.174579620361328
5.300217151641846
5.110594987869263
5.173778533935547
5.210318565368652
5.278242111206055
5.197266340255737
5.204346179962158
5.210325241088867
5.254776954650879
5.1854681968688965
5.17859148979187
5.372911691665649
5.169609546661377
5.15657114982605
5.297481298446655
5.161259412765503
5.285126686096191
5.321135759353638
5.3084540367126465
5.328848600387573
5.250204801559448
5.328918218612671
5.171678066253662
5.291083097457886
5.215135335922241
5.217229604721069
5.24565315246582
5.2417895793914795
5.276700735092163
5.283315896987915
5.25657320022583
5.288771390914917
5.320896148681641
5.3515002727508545
5.311444997787476
5.394577264785767
5.194631338119507
5.206592559814453
5.243805408477783
5.13854718208313
5.243784189224243
5.250190019607544
5.253312587738037
5.2991626262664795
5.287336349487305
5.317917823791504
5.278058052062988
5.268199682235718
5.260166883468628
5.456952810287476
5.323708534240723
5.308252811431885
5.3754870891571045
5.277313709259033
5.269301652908325
5.2936530113220215
5.355323314666748
5.1136486530303955
5.2475762367248535
5.344761610031128
5.376289367675781
5.295790195465088
5.246299982070923
5.2718212604522705
5.267284154891968
5.115173101425171
5.218012571334839
5.319266080856323
5.302259922027588
5.7555952072143555
5.288532972335815
5.450363397598267
5.805557012557983
5.431788206100464
5.304387092590332
5.31170392036438
5.271308183670044
5.322837591171265
5.289495944976807
5.347384214401245
5.346931219100952
5.461347579956055
5.650272369384766
5.3384363651275635
5.340293884277344
5.287816047668457
5.361007452011108
5.358468532562256
5.402584552764893
5.308456182479858
5.285739898681641
5.284814119338989
5.400619268417358
5.249335050582886
5.270782947540283
5.318009614944458
5.295454263687134
5.388930559158325
5.215906381607056
5.269096612930298
5.352509498596191
5.424082279205322
5.3593549728393555
5.477705717086792
5.2874250411987305
5.365516424179077
5.288293123245239
5.429558038711548
5.331741809844971
5.340985298156738
5.3590428829193115
5.390117645263672
5.332556486129761
5.291576862335205
5.372122287750244
5.2088704109191895
5.377851724624634
5.311299800872803
5.3304853439331055
5.47102427482605
5.335875511169434
5.318694353103638
5.333363056182861
5.435564041137695
5.388015031814575
5.357445001602173
5.209396123886108
5.201496124267578
5.451485872268677
5.412580966949463
5.317160367965698
5.4024269580841064
5.371797323226929
5.243372917175293
5.340029239654541
5.357018232345581
5.383968114852905
5.427549600601196
5.323378562927246
5.306439399719238
5.403594017028809
5.282775402069092
5.1767895221710205
5.255918979644775
5.650540828704834
5.361560821533203
5.4296910762786865
5.302958965301514
5.4069366455078125
5.366387844085693
5.405112266540527
5.350659370422363
5.427069425582886
5.3064634799957275
5.325497627258301
5.31867790222168
5.345089673995972
5.20292592048645
5.430619478225708
5.36884331703186
5.2618701457977295
5.338989019393921
5.325668811798096
5.307311296463013
5.436486482620239
5.304425239562988
5.3883960247039795
5.364421844482422
5.408430576324463
5.320683717727661
5.444650411605835
5.378418445587158
5.435549736022949
5.38825249671936
5.334997653961182
5.363130331039429
5.285586833953857
5.341534852981567
5.35151743888855
5.423454523086548
5.527146339416504
5.404078245162964
5.306990146636963
5.2132697105407715
5.262043237686157
5.372374057769775
5.397446632385254
5.46019434928894
5.399038791656494
5.295897960662842
5.383429527282715
5.386571168899536
5.350863933563232
5.367051124572754
5.358513593673706
5.323121070861816
5.253913640975952
5.485238552093506
5.3984739780426025
5.355758428573608
5.436579942703247
5.326037645339966
5.357779026031494
5.209364414215088
5.39640998840332
5.39357328414917
5.438917398452759
5.386695384979248
5.3785247802734375
5.266303777694702
5.494137763977051
5.3565404415130615
5.41274881362915
5.502527713775635
5.417773485183716
5.388371229171753
5.414259672164917
5.4557945728302
5.401001453399658
5.37138557434082
5.38097071647644
5.39149284362793
5.729947805404663
5.3991379737854
5.435150861740112
5.416727542877197
5.3719482421875
5.430986642837524
5.379068851470947
5.367948293685913
5.3505895137786865
5.370131015777588
5.2772910594940186
5.443573951721191
5.399592399597168
5.45849871635437
5.177409410476685
5.280803680419922
5.430227756500244
5.409545183181763
5.308494567871094
5.399524450302124
5.417172431945801
5.379654884338379
5.231932163238525
5.406292915344238
5.35116720199585
5.4487645626068115
5.449069023132324
5.37410044670105
5.345545530319214
5.361487150192261
5.314918756484985
5.355479001998901
5.345097541809082
5.224998950958252
5.486575126647949
5.515758514404297
5.453171014785767
5.4156670570373535
5.3549644947052
5.401036977767944
5.459083557128906
5.42033314704895
5.503478527069092
5.393696546554565
5.44075345993042
5.4362664222717285
5.4442009925842285
5.3904335498809814
5.256516218185425
5.407259464263916
5.361684560775757
5.304393529891968
5.632798433303833
5.51030969619751
5.349772214889526
5.418089151382446
5.396320104598999
5.436652898788452
5.419523000717163
5.531758069992065
5.359235763549805
5.476207733154297
5.390051364898682
5.4728004932403564
5.399169445037842
5.410255670547485
5.387903690338135
5.480209589004517
5.407947301864624
5.447579383850098
5.420181751251221
5.410241365432739
5.383064270019531
5.463872909545898
5.43453311920166
5.484823942184448
5.338774919509888
5.4068169593811035
5.466857433319092
5.309562683105469
5.409579277038574
5.444300651550293
5.550938129425049
5.420849084854126
5.377722501754761
5.412768363952637
5.439562082290649
5.3681254386901855
5.4644935131073
5.288053274154663
5.3231024742126465
5.400683879852295
5.520917892456055
5.3617119789123535
5.520750045776367
5.372070074081421
5.486227512359619
5.42020845413208
5.389526844024658
5.328630447387695
5.2970287799835205
5.382506608963013
5.396083831787109
5.461167812347412
5.307631492614746
5.259542942047119
5.400078058242798
5.4822282791137695
5.414502859115601
5.332133054733276
5.408679723739624
5.286855936050415
5.323453187942505
5.50419807434082
5.423592567443848
5.366500616073608
5.469709396362305
5.424563884735107
5.5158045291900635
5.328425407409668
5.437676191329956
5.301425933837891
5.466612100601196
5.391967296600342
5.370118856430054
5.483116149902344
5.669266223907471
5.61202335357666
5.662879467010498
5.54359769821167
5.621954679489136
5.563745021820068
5.590930461883545
5.505041122436523
5.365456581115723
5.427201509475708
5.33845853805542
5.354807615280151
5.435502290725708
5.327971458435059
5.3325769901275635
5.340500593185425
5.515209913253784
5.494104385375977
5.386997699737549
5.372515678405762
5.416013479232788
5.343311548233032
5.393514156341553
5.368617534637451
5.351009845733643
5.368119716644287
5.483635425567627
5.394256114959717
5.328084707260132
5.638971328735352
5.5396888256073
5.422272682189941
5.3856847286224365
5.639347314834595
5.625791311264038
5.415626525878906
5.396142482757568
5.410662651062012
5.583441495895386
5.554321527481079
5.299136638641357
5.349506616592407
5.4500226974487305
5.397658824920654
5.428155183792114
5.351095914840698
5.431599140167236
5.3661048412323
5.229001045227051
5.394747018814087
5.491626977920532
5.390628099441528
5.340723276138306
5.4460766315460205
5.442120552062988
5.294863939285278
5.453557968139648
5.332887887954712
5.3376545906066895
5.483831405639648
5.279577016830444
5.458615779876709
5.339015245437622
5.349567413330078
5.378084897994995
5.40013861656189
5.345147371292114
5.465183734893799
5.507131814956665
5.345366477966309
5.441644668579102
5.455190181732178
5.3790247440338135
5.3775670528411865
5.4076502323150635
5.315054178237915
5.3610193729400635
5.53032374382019
5.3864030838012695
5.375042915344238
5.395901918411255
5.313130617141724
5.347279787063599
5.458592653274536
5.378646612167358
5.314383506774902
5.434669017791748
5.273781061172485
5.513686418533325
5.539865732192993
5.417207717895508
5.424111604690552
5.4942426681518555
5.502722501754761
5.485666513442993
5.300758361816406
5.347664833068848
5.384627819061279
5.350186824798584
5.285951852798462
5.442676544189453
5.454775810241699
5.321240186691284
5.372204065322876
5.403722763061523
5.253564357757568
5.389211893081665
5.34822154045105
5.370558023452759
5.447308540344238
5.449846029281616
5.426137685775757
5.303152799606323
5.470312833786011
5.422132253646851
5.484837532043457
5.361196994781494
5.435894966125488
5.460317850112915
5.362665891647339
5.429624319076538
5.48329758644104
5.341764211654663
5.374550819396973
5.357716798782349
5.412623405456543
5.2946178913116455
5.4662840366363525
5.414144992828369
5.5250563621521
5.446715354919434
5.3798723220825195
5.466699838638306
5.440255403518677
5.55074143409729
5.370579719543457
5.328070402145386
5.554439306259155
5.465824604034424
5.34338116645813
5.462164878845215
5.457760334014893
5.4873223304748535
5.365186929702759
5.264934539794922
5.3877341747283936
5.410318851470947
5.311214923858643
5.418593406677246
5.370203971862793
5.266624927520752
5.340532541275024
5.366043329238892
5.3236305713653564
5.412614822387695
5.379556179046631
5.465708494186401
5.259103059768677
5.370704650878906
5.335561275482178
5.379217863082886
5.319168567657471
5.340100049972534
5.5137903690338135
5.275912761688232
5.464182376861572
5.4472737312316895
5.414083480834961
5.3145058155059814
5.528346538543701
5.454709529876709
5.3902459144592285
5.532565593719482
5.388932704925537
5.466322422027588
5.358071327209473
5.340525388717651
5.3877036571502686
5.3903539180755615
5.507727146148682
5.305201530456543
5.396601438522339
5.4212446212768555
5.425802707672119
5.4792256355285645
5.4702863693237305
5.329566478729248
5.319218397140503
5.362471342086792
5.34920859336853
5.414636135101318
5.751354217529297
5.427904367446899
5.470643758773804
5.484728097915649
5.403607130050659
5.423263788223267
5.378477573394775
5.4802234172821045
5.475268125534058
5.399533748626709
5.486403942108154
5.434040784835815
5.345054864883423
5.371199369430542
5.382750034332275
5.3417558670043945
5.346168041229248
5.418100833892822
5.435223340988159
5.509197473526001
5.446552753448486
5.360360622406006
5.355145215988159
5.4727842807769775
5.404759645462036
5.331802129745483
5.444772481918335
5.4883246421813965
5.369214296340942
5.522368907928467
5.400674343109131
5.497301340103149
5.483174562454224
5.3795859813690186
5.364948272705078
5.4366843700408936
5.459312438964844
5.403092384338379
5.430620431900024
5.3886559009552
5.494892358779907
5.423628807067871
5.32472562789917
5.580690145492554
5.458371639251709
5.451261281967163
5.403785228729248
5.34365439414978
5.40758490562439
5.655347108840942
5.450211524963379
5.412208557128906
5.394134283065796
5.402270317077637
5.503332614898682
5.476708889007568
5.529251575469971
5.329315185546875
5.347137928009033
5.475228786468506
5.495857000350952
5.409025192260742
5.452173233032227
5.347090244293213
5.428319215774536
5.339044570922852
5.387196779251099
5.409964323043823
5.455284595489502
5.475228786468506
5.407919406890869
5.2575843334198
5.486634016036987
5.3551344871521
5.439963340759277
5.429786682128906
5.370107412338257
5.432297229766846
5.5093467235565186
5.542414426803589
5.653989553451538
5.389543771743774
5.331706762313843
5.336711883544922
5.395763158798218
5.4418041706085205
5.250633001327515
5.253637790679932
5.382749557495117
5.252636194229126
5.276657342910767
5.45982027053833
5.404771327972412
5.501857280731201
5.245630741119385
5.413780212402344
5.31569242477417
5.468826770782471
5.363734722137451
5.414779901504517
5.287667274475098
5.506900787353516
5.372743844985962
5.354727029800415
5.2756571769714355
5.422787189483643
5.4698264598846436
5.342717170715332
5.419785499572754
5.493849039077759
5.3547258377075195
5.425789833068848
5.368739604949951
5.438802242279053
5.315691232681274
5.231618642807007
5.4367995262146
5.3387134075164795
5.446808099746704
5.237688302993774
5.467826843261719
5.514869213104248
5.478835821151733
5.347720384597778
5.427791357040405
5.273655891418457
5.228615045547485
5.335707902908325
5.422786235809326
5.2506279945373535
5.265646696090698
5.355290651321411
5.298677206039429
5.339712619781494
5.37174129486084
5.347717523574829
5.379748821258545
5.325701475143433
5.437800407409668
5.370739936828613
5.245630741119385
5.43079400062561
5.443804979324341
5.409775972366333
5.414780139923096
5.272653818130493
5.372735500335693
5.235621452331543
5.498854160308838
5.720049619674683
5.350720405578613
5.421786069869995
5.306684732437134
5.468828439712524
5.319695472717285
5.31769061088562
5.36073112487793
5.2776594161987305
5.332707405090332
5.828144788742065
5.320693731307983
5.38175106048584
5.453815460205078
5.383752107620239
5.423781633377075
5.407773733139038
5.422786474227905
5.523874521255493
5.490846157073975
5.299677848815918
5.43980073928833
5.318695068359375
5.2756571769714355
5.371743202209473
5.41377592086792
5.289669513702393
5.334709167480469
5.3617331981658936
5.433796644210815
5.381750822067261
5.381746292114258
5.451811790466309
5.261644601821899
5.413898468017578
5.3297035694122314
5.422786235809326
5.285665988922119
5.3537256717681885
5.235621929168701
5.456816911697388
5.547898530960083
5.410776138305664
5.31669282913208
5.3867716789245605
5.428791761398315
5.442806005477905
5.305682420730591
5.332707643508911
5.424165487289429
5.326701879501343
5.38675594329834
5.3457183837890625
5.3697404861450195
5.426790237426758
5.373743295669556
5.363735675811768
5.494849920272827
5.328704833984375
5.442804336547852
5.433796644210815
5.520874738693237
5.367737531661987
5.29267144203186
5.374746084213257
5.378747940063477
5.422787427902222
5.201591491699219
5.458818435668945
5.29267144203186
5.397764444351196
5.4067723751068115
5.375568866729736
5.394761323928833
5.647985219955444
5.67300820350647
5.483839750289917
5.3397135734558105
5.37674617767334
5.689021587371826
5.506860733032227
5.402769088745117
5.231616735458374
5.271653175354004
5.390758991241455
5.435798645019531
5.418783664703369
5.383752822875977
5.35873007774353
5.41478157043457
5.429793119430542
5.228615760803223
5.257640838623047
5.281660318374634
5.296165704727173
5.360731601715088
5.444805860519409
5.39075779914856
5.242626428604126
5.3617331981658936
5.393760442733765
5.62596583366394
5.559906005859375
5.1425395011901855
5.214596509933472
5.402770042419434
5.440843343734741
5.351763963699341
5.377788066864014
5.429832696914673
5.410818576812744
5.425830364227295
5.1635966300964355
5.343756675720215
5.347761154174805
5.294714450836182
5.381791114807129
5.448850870132446
5.471869707107544
5.392802000045776
5.327814340591431
5.3217387199401855
5.294713735580444
5.404809951782227
5.277697563171387
5.19062066078186
5.316732168197632
5.368778467178345
5.283703327178955
5.42282772064209
5.376786708831787
5.380790710449219
5.448850870132446
5.612996816635132
5.620003938674927
5.405811071395874
5.490887880325317
5.347760438919067
5.341756343841553
5.311729907989502
5.299718141555786
5.251674175262451
5.347761631011963
5.542935609817505
5.649028539657593
5.4388427734375
5.471870422363281
5.429833173751831
5.441844463348389
5.3497633934021
5.436839580535889
5.332745313644409
5.416821718215942
5.366775989532471
5.352764844894409
5.225653171539307
5.297715902328491
5.359771728515625
5.230654716491699
5.395803213119507
5.387797832489014
5.3067240715026855
5.241666555404663
5.373783826828003
5.312729358673096
5.435839653015137
5.417823076248169
5.455856800079346
5.404808521270752
5.421826362609863
5.401809453964233
5.1545891761779785
5.311729192733765
5.404808044433594
5.47587513923645
5.446850061416626
5.265687704086304
5.312729597091675
5.49389123916626
5.374784231185913
5.266687870025635
5.475872755050659
5.336750507354736
5.402810335159302
5.4298319816589355
5.479878664016724
5.345760345458984
5.33574914932251
5.438842058181763
5.413820743560791
5.298717021942139
5.378788471221924
5.37878680229187
5.390798568725586
5.531619071960449
5.620245933532715
5.351763725280762
5.422828912734985
5.440841913223267
5.401808738708496
5.176609039306641
5.426832437515259
5.4328367710113525
5.453855276107788
5.349762916564941
5.43083381652832
5.393803119659424
5.35076379776001
5.430835247039795
5.4278318881988525
5.4248292446136475
5.303722143173218
5.410818099975586
5.374784708023071
5.330746412277222
5.224650859832764
5.340753793716431
5.499896287918091
5.37378191947937
5.375786066055298
5.373784065246582
5.419825315475464
5.403810501098633
5.476873874664307
5.272693634033203
5.252676010131836
5.352765083312988
5.328744173049927
5.380789756774902
5.402808666229248
5.511907577514648
5.279699802398682
5.377543926239014
5.352764844894409
5.381790637969971
5.225651979446411
5.436839818954468
5.417823076248169
5.34275484085083
5.301719903945923
5.356768608093262
5.2756969928741455
5.275696039199829
5.394801616668701
5.330745697021484
5.431835651397705
5.2376627922058105
5.320738077163696
5.319735765457153
5.305722713470459
5.393801689147949
5.424829006195068
5.349762439727783
5.262683391571045
5.4138195514678955
5.20163106918335
5.445848226547241
5.32674241065979
5.463862657546997
5.4078145027160645
5.381790399551392
5.2316577434539795
5.445847988128662
5.341756343841553
5.3787877559661865
5.337752342224121
5.250675201416016
5.3697803020477295
5.409815311431885
5.187618017196655
5.4808783531188965
5.384793043136597
5.402809143066406
5.372782468795776
5.407814979553223
5.486882925033569
5.300718307495117
5.303722143173218
5.250674247741699
5.383792877197266
5.320737600326538
5.3668036460876465
5.450882196426392
5.34478759765625
5.37381386756897
5.536959171295166
5.36080002784729
5.436870098114014
5.482910633087158
5.422856569290161
5.318765163421631
5.358793497085571
5.28773307800293
5.5039284229278564
5.610024452209473
5.523947238922119
5.615029335021973
5.533956289291382
5.536958932876587
5.517941951751709
5.510935068130493
5.52695107460022
5.570989370346069
5.619032382965088
5.535956144332886
5.523947715759277
5.5009260177612305
5.561980485916138
5.486914396286011
5.628041744232178
5.506929874420166
5.573991775512695
5.5910069942474365
5.541963338851929
5.537959814071655
5.489914417266846
5.599014520645142
5.547969579696655
5.528952360153198
5.476898670196533
5.564984321594238
5.629041910171509
5.432668447494507
5.548968315124512
5.526828289031982
5.652055025100708
5.606020927429199
5.4158501625061035
5.642052412033081
5.512937307357788
5.612027168273926
5.5890069007873535
5.551344871520996
5.549970865249634
5.6180315017700195
5.505474328994751
5.571991443634033
5.475905895233154
5.557977914810181
5.70326566696167
5.548969268798828
5.526949882507324
5.533957481384277
5.559979200363159
5.5580735206604
5.523945093154907
5.484911918640137
5.452883720397949
5.537959575653076
5.475905179977417
5.564983367919922
5.5799949169158936
5.5219457149505615
5.440873146057129
5.47089958190918
5.577996015548706
5.550971746444702
5.63604736328125
5.494921684265137
5.511937141418457
5.4989237785339355
5.609021902084351
5.439871788024902
5.485949277877808
5.5198962688446045
5.46489405632019
5.567986726760864
5.530954122543335
5.480907678604126
5.444876432418823
5.600014686584473
5.5729920864105225
5.477907419204712
5.527084827423096
5.500927448272705
5.524948358535767
5.643054008483887
5.5259480476379395
5.489915609359741
5.641061544418335
5.536958694458008
5.484911680221558
5.5819995403289795
5.598013162612915
5.569988489151001
5.573993444442749
5.506932973861694
5.530953407287598
5.415849447250366
5.609023094177246
5.648057460784912
5.5109357833862305
5.456886529922485
5.527950763702393
5.538959503173828
5.579998016357422
5.478906631469727
5.524947166442871
5.606019973754883
5.5629823207855225
5.5870041847229
5.467897891998291
5.530952215194702
5.473902463912964
5.544966220855713
5.605019807815552
5.520944118499756
5.586065769195557
5.479907035827637
5.612026214599609
5.598013639450073
5.576995849609375
5.408843755722046
5.462891101837158
5.573991775512695
5.558436632156372
5.529952764511108
5.523585557937622
5.488916873931885
5.542964696884155
5.511935472488403
5.489917039871216
5.5587122440338135
5.55697774887085
5.545979976654053
5.5699872970581055
5.477905988693237
5.615029335021973
5.566986083984375
5.3708109855651855
5.489915609359741
5.474903345108032
5.595010042190552
5.4759039878845215
5.585001468658447
5.63204288482666
5.585002183914185
5.590007066726685
5.492919921875
5.446877956390381
5.55196475982666
5.500926733016968
5.560023546218872
5.5729920864105225
5.471928119659424
5.6390485763549805
5.4979248046875
5.639050483703613
5.5449676513671875
5.572991132736206
5.550969362258911
5.557979345321655
5.555976152420044
5.612029314041138
5.62105655670166
5.537979364395142
5.530972480773926
5.548990488052368
5.682110071182251
5.493943214416504
5.639070987701416
5.433887481689453
5.591029405593872
5.471923112869263
5.551996231079102
5.471914529800415
5.509956121444702
5.460911989212036
5.395853757858276
5.496944427490234
5.594030857086182
5.575984477996826
5.586493968963623
5.507953882217407
5.4779276847839355
5.5199644565582275
5.423878908157349
5.430886268615723
5.581021070480347
5.466915845870972
5.526970624923706
5.435887575149536
5.603046655654907
5.487935543060303
5.524971008300781
5.514960289001465
5.619053602218628
5.558999538421631
5.48193097114563
5.589027404785156
5.577014923095703
5.507954835891724
5.59002947807312
5.478928327560425
5.58702540397644
5.570009469985962
5.5580010414123535
5.501948833465576
5.602039575576782
5.421877145767212
5.63306736946106
5.621055841445923
5.58902645111084
5.562001705169678
5.507955312728882
5.468918561935425
5.565005779266357
5.5730133056640625
5.514960527420044
5.692120552062988
5.623056411743164
5.6110475063323975
5.5630035400390625
5.4999470710754395
5.443896055221558
5.494943380355835
5.576015949249268
5.507953405380249
5.513959884643555
5.560002326965332
5.510955810546875
5.524969577789307
5.577014923095703
5.605041742324829
5.519965410232544
5.4929420948028564
5.597035646438599
5.495944261550903
5.620054721832275
5.614049673080444
5.563002109527588
5.5569987297058105
5.576015472412109
5.535978317260742
5.689725160598755
5.670100688934326
5.625059127807617
5.556997776031494
5.50194787979126
5.545989751815796
5.554996967315674
5.550991058349609
5.582022428512573
5.6390700340271
5.440893888473511
5.538982629776001
5.573013544082642
5.543987274169922
5.626060247421265
5.544987678527832
5.499945878982544
5.494941711425781
5.53497838973999
5.511958122253418
5.578016519546509
5.501946926116943
5.5640037059783936
5.447900056838989
5.52697229385376
5.501948356628418
5.55899977684021
5.476926326751709
5.467918872833252
5.492941856384277
5.572012662887573
5.64607834815979
5.5419840812683105
5.628058671951294
5.597033739089966
5.52296781539917
5.577016830444336
5.568008184432983
5.4859349727630615
5.514960765838623
5.54198431968689
5.44289493560791
5.5820207595825195
5.459909439086914
5.653083801269531
5.539982795715332
5.569010019302368
5.350813627243042
5.574012756347656
5.555997848510742
5.490937948226929
5.549991130828857
5.578017950057983
5.60003662109375
5.541985750198364
5.605039596557617
5.501950263977051
5.571011543273926
5.559999227523804
5.4579081535339355
5.538983345031738
5.39385199546814
5.4739251136779785
5.632066011428833
5.453904151916504
5.586024761199951
5.649081707000732
5.6090452671051025
6.0484397411346436
5.668096303939819
5.516963005065918
5.595034122467041
5.556997776031494
5.799216032028198
5.553995132446289
5.549992322921753
5.402859210968018
5.676105976104736
5.607043266296387
5.517963171005249
5.617047071456909
5.58102011680603
5.506954669952393
5.559056758880615
5.646077394485474
5.592029809951782
5.466917991638184
5.576015472412109
5.504952430725098
5.561001777648926
5.589623689651489
5.558559894561768
5.4659318923950195
5.4258952140808105
5.570026397705078
5.57402777671814
5.626925945281982
5.602054119110107
5.5299906730651855
5.776211738586426
5.650097846984863
5.901324987411499
5.8042378425598145
5.792227029800415
5.7812159061431885
5.424894332885742
5.591043472290039
5.503964185714722
5.559016227722168
5.492956638336182
5.648095369338989
5.527987957000732
5.4849488735198975
5.532013893127441
5.2897727489471436
5.570025444030762
5.558013916015625
5.581027507781982
5.445912599563599
5.477942228317261
5.5179784297943115
5.57302713394165
5.667112350463867
5.758194923400879
5.590042591094971
5.676120281219482
5.56702184677124
5.539998531341553
5.553009748458862
5.630080223083496
5.565019845962524
5.791224002838135
5.558014631271362
5.54900598526001
5.5299904346466064
5.601051568984985
5.498960494995117
5.562017917633057
5.605055809020996
5.618068695068359
5.570024251937866
5.589044094085693
5.511971473693848
5.544002056121826
5.5500078201293945
5.6470959186553955
5.565020561218262
5.620070457458496
5.596048355102539
5.656100273132324
5.625074863433838
6.321701526641846
6.979296684265137
6.8695878982543945
6.207188367843628
5.919229984283447
6.038268804550171
5.955661296844482
5.853810548782349
5.61706805229187
5.844272613525391
6.011422872543335
5.580043792724609
6.609962701797485
5.678120136260986
5.687130928039551
5.886311054229736
5.712153434753418
5.742179870605469
5.699141502380371
5.728169202804565
6.100503206253052
5.924342632293701
5.77821159362793
6.115517616271973
5.69613790512085
6.038447618484497
6.442811012268066
5.675121307373047
5.770205020904541
5.897321701049805
6.690558910369873
6.897265434265137
5.967192649841309
5.951647758483887
6.3612072467803955
6.398737192153931
6.320128679275513
6.212063550949097
6.0921430587768555
6.123708724975586
6.091297626495361
6.005304574966431
6.4705650806427
5.957359313964844
6.016882419586182
5.901739120483398
5.940334796905518
5.966379642486572
5.9131927490234375
5.906100749969482
6.005701541900635
6.053766250610352
6.071919202804565
6.018500804901123
6.037320613861084
5.91644287109375
6.000536918640137
6.01440167427063
6.068129301071167
6.022460699081421
5.9423182010650635
5.942742109298706
5.945770025253296
5.914102792739868
6.02394437789917
6.105235815048218
6.0177695751190186
6.0112621784210205
5.919606447219849
6.015410661697388
6.060441970825195
6.028695106506348
6.058301210403442
6.133061647415161
6.018605470657349
6.126939296722412
6.087018728256226
6.3039939403533936
7.602655649185181
7.552815198898315
6.779934644699097
7.034757614135742
6.1755688190460205
6.301734685897827
6.079758405685425
6.058741569519043
6.398605823516846
6.081522464752197
5.974577903747559
6.012095928192139
6.123944520950317
6.174127817153931
6.0139100551605225
6.23189902305603
6.280082702636719
6.408044338226318
6.065956354141235
6.041153907775879
5.921452522277832
5.898016929626465
6.037651062011719
5.924706697463989
5.874029159545898
5.97875189781189
5.899020433425903
5.924150228500366
5.949908256530762
6.008544683456421
5.871151924133301
5.897172212600708
5.972798109054565
5.925281763076782
5.8889946937561035
5.967089891433716
5.91032075881958
5.851435661315918
6.0364906787872314
5.902271032333374
5.910259246826172
5.90345025062561
5.902947187423706
5.868820667266846
6.029364109039307
5.87487006187439
5.872866868972778
5.913540840148926
6.234448671340942
5.904167652130127
5.903123140335083
5.898834228515625
5.9168336391448975
5.8629961013793945
6.0767481327056885
5.8321685791015625
5.923595905303955
6.29180645942688
5.946067810058594
5.929675817489624
6.011245489120483
5.910126686096191
6.317471742630005
5.850290060043335
5.708162546157837
5.718169927597046
5.737187623977661
5.7662131786346436
5.822265386581421
6.1035192012786865
5.833273887634277
5.691145658493042
5.759207487106323
5.832273960113525
5.8452863693237305
6.339732885360718
6.814160346984863
6.503881216049194
5.9653942584991455
6.0495336055755615
6.289686441421509
5.911345481872559
5.870307922363281
5.9213547706604
5.893328666687012
6.073494911193848
6.140552282333374
6.047468900680542
6.442825794219971
6.060480356216431
6.334391117095947
6.031454086303711
5.86530327796936
5.8673059940338135
6.03545618057251
5.818260908126831
5.871310234069824
6.054478883743286
5.844285488128662
6.060475826263428
5.850290775299072
5.901240348815918
5.82243800163269
6.324718952178955
5.831273078918457
5.906338691711426
5.939371824264526
5.820262670516968
5.864302635192871
5.891327619552612
5.886322975158691
5.821263790130615
5.818000555038452
5.857295989990234
5.902772426605225
5.837278127670288
6.345044136047363
5.932363986968994
5.8602988719940186
6.028451919555664
6.0162177085876465
5.804249286651611
5.905339956283569
5.854295015335083
5.813122749328613
5.849295377731323
5.856295108795166
5.732183218002319
5.794240713119507
6.331644535064697
6.302700042724609
5.82927131652832
6.099679708480835
5.922328948974609
5.897878646850586
5.942901849746704
6.151562452316284
5.905340909957886
6.039461374282837
6.097441673278809
6.357749700546265
6.315349578857422
5.975403308868408
5.937368392944336
5.940230846405029
5.873311281204224
5.857295989990234
5.832273244857788
5.96039080619812
5.919353008270264
6.308703660964966
5.854293346405029
6.101517677307129
5.904339551925659
6.007431983947754
6.133547306060791
5.991419315338135
5.828270435333252
5.884320974349976
6.266667127609253
6.637000799179077
6.3837761878967285
5.995421648025513
6.7480998039245605
6.016785144805908
5.8793158531188965
6.535909414291382
6.0524725914001465
5.745194911956787
5.847288370132446
5.855294942855835
6.067446947097778
6.446829795837402
5.905339479446411
5.918351173400879
6.126539468765259
6.070488929748535
5.965301036834717
5.8132569789886475
5.978406667709351
6.146554708480835
5.729179859161377
5.844283103942871
5.772219896316528
5.697157382965088
5.803255081176758
5.783237457275391
5.694156885147095
5.738198518753052
6.029460191726685
5.998432397842407
5.921363353729248
5.909351825714111
5.868313550949097
5.926363945007324
5.905348539352417
5.82427453994751
5.843289375305176
5.852299690246582
5.995429754257202
5.921363353729248
5.9854209423065186
5.957396745681763
6.1876044273376465
6.1665849685668945
5.831280946731567
5.805257081985474
5.803255558013916
5.837286710739136
5.84028959274292
5.8693153858184814
5.840289354324341
6.080503225326538
6.12254524230957
5.821271657943726
6.3367390632629395
6.027459383010864
5.842289686203003
6.043663024902344
5.810252666473389
5.750208854675293
5.680142402648926
6.030462026596069
5.939378976821899
5.7241833209991455
5.695157289505005
5.678142547607422
6.044471025466919
5.999443769454956
5.7371416091918945
5.7231831550598145
5.724184274673462
5.654940605163574
5.927367687225342
5.917358636856079
5.73019003868103
5.812263250350952
5.7321882247924805
5.925365924835205
5.968405246734619
5.65111780166626
5.644111156463623
5.642110347747803
5.693155765533447
5.7211809158325195
5.766221761703491
5.726186513900757
5.680143117904663
5.7752296924591064
5.924363136291504
5.919361114501953
5.740198612213135
5.7191784381866455
5.756213426589966
5.91435432434082
6.063490390777588
5.9684059619903564
5.913484811782837
5.789243698120117
5.935375928878784
5.9323718547821045
5.922363519668579
5.669132947921753
5.709171533584595
5.698085308074951
5.940380334854126
6.208623886108398
5.73319149017334
5.676140308380127
5.733191967010498
5.974410772323608
5.928369045257568
5.931370735168457
5.819270849227905
5.685147762298584
5.660125494003296
5.62809681892395
5.692154884338379
5.739197731018066
5.662128925323486
5.6170878410339355
5.6391074657440186
5.715495824813843
5.665130376815796
5.669134855270386
5.724182367324829
5.714174747467041
5.7171783447265625
5.719180107116699
5.635103225708008
5.651118040084839
5.696158409118652
5.708170652389526
5.698159456253052
5.653120279312134
5.623093366622925
5.723182439804077
5.661128520965576
5.662128448486328
5.764220476150513
5.685150146484375
5.67213773727417
5.7361955642700195
5.72918963432312
5.672137260437012
5.7011637687683105
5.699161767959595
5.813554763793945
6.046475410461426
5.894338369369507
5.6541197299957275
5.719179391860962
5.678142786026001
6.288695812225342
5.935375213623047
6.138556957244873
5.7171783447265625
5.753211498260498
5.659124851226807
6.217630863189697
5.817267656326294
5.889333248138428
5.809277534484863
5.694157123565674
5.991426467895508
5.850297927856445
5.646113157272339
5.7051682472229
5.843295335769653
5.89094352722168
5.7201783657073975
5.665130615234375
5.8723180294036865
5.903345823287964
5.668133735656738
5.7151758670806885
5.8843278884887695
5.931371688842773
5.654120445251465
5.6800384521484375
5.839286804199219
5.904346704483032
5.709170341491699
5.688150882720947
5.893336057662964
5.992427587509155
5.713175296783447
5.760216236114502
5.647124767303467
5.934381484985352
5.896346807479858
5.73309326171875
5.636114835739136
5.869323015213013
5.913360834121704
5.7021708488464355
5.678147315979004
5.903352737426758
5.855309724807739
5.720187187194824
5.687157392501831
5.628103733062744
5.925372838973999
5.916363954544067
5.7321977615356445
5.733196973800659
5.7211878299713135
5.84388542175293
5.873325347900391
6.089522361755371
5.842297554016113
5.820277452468872
5.782243251800537
5.717184782028198
5.730194330215454
5.696165084838867
5.671141624450684
5.729193449020386
5.6891584396362305
5.657127857208252
5.718185186386108
5.634822368621826
5.658129692077637
5.689359903335571
5.686156272888184
5.707175970077515
5.7342002391815186
5.647117853164673
5.648121118545532
5.72739577293396
5.682151794433594
5.739203453063965
5.687157154083252
5.651123285293579
5.624098539352417
5.760223150253296
5.676147699356079
5.607085704803467
5.728194713592529
5.8623151779174805
5.800259828567505
5.917366027832031
5.85931396484375
5.849303722381592
5.964406251907349
5.888339042663574
5.93638277053833
6.1265549659729
6.1165452003479
5.870322942733765
5.726192951202393
5.795254230499268
5.981423854827881
5.949394941329956
5.885336399078369
5.690158843994141
5.7372047901153564
5.934380769729614
5.91236138343811
5.8302857875823975
5.715181112289429
5.636110782623291
5.974416732788086
6.128558158874512
5.926373481750488
5.723190069198608
5.677149057388306
5.70617413520813
5.951396465301514
5.976574182510376
5.951397180557251
5.664135217666626
5.655127048492432
5.624099016189575
5.954145908355713
5.8753275871276855
6.170350551605225
5.874643087387085
6.467864513397217
6.212632417678833
5.915361642837524
5.909357309341431
5.8533079624176025
5.732198238372803
5.678149461746216
5.904353141784668
6.151577472686768
5.88333535194397
5.614090919494629
5.633106708526611
5.732197046279907
5.901350975036621
5.91736626625061
5.940386772155762
5.938382625579834
5.657129526138306
5.668139457702637
5.9133617877960205
5.9183669090271
5.882332801818848
5.919367790222168
5.693161725997925
5.661633014678955
5.976418733596802
6.058493375778198
5.841296672821045
5.84329891204834
5.859313011169434
5.874326467514038
6.099531412124634
5.885335206985474
5.880305767059326
5.836292266845703
5.599077224731445
5.694162607192993
5.930377006530762
6.117547512054443
5.858311891555786
5.849303245544434
5.8663201332092285
5.648120164871216
5.675146102905273
5.910563230514526
6.088520288467407
5.858337879180908
5.936381578445435
5.9103593826293945
5.900349855422974
5.621096134185791
5.690160036087036
5.932379961013794
6.131560564041138
5.9664082527160645
5.926373720169067
5.953397512435913
5.938384532928467
5.884334325790405
5.708176136016846
5.641114950180054
5.842297077178955
5.835291147232056
5.613089323043823
5.679798364639282
5.7141807079315186
5.64311671257019
5.655129432678223
5.589956045150757
5.649121284484863
5.604082345962524
5.638147354125977
5.639112949371338
5.61208701133728
5.643121004104614
5.7091803550720215
5.673171043395996
5.640117883682251
5.622102499008179
5.730198860168457
5.665141344070435
5.644121408462524
5.69016432762146
5.725194454193115
5.702174186706543
5.656132936477661
5.864321708679199
5.987432956695557
5.6471240520477295
5.705176591873169
6.063503265380859
5.99143648147583
6.0815184116363525
5.908360958099365
5.90936279296875
5.612093448638916
5.636115074157715
6.046486139297485
6.184611797332764
6.011455297470093
5.878175258636475
5.751219749450684
5.663139820098877
6.05445671081543
6.113546848297119
6.26568603515625
5.850308656692505
5.855314016342163
5.725040674209595
5.667141914367676
6.037478685379028
6.141582012176514
6.108542442321777
5.924376010894775
5.691168546676636
5.670146703720093
6.057501792907715
6.220644474029541
6.088524341583252
6.04027247428894
5.906359672546387
5.691163063049316
5.707179069519043
5.837295293807983
5.797259092330933
5.852311134338379
5.714184522628784
5.700172185897827
5.607088088989258
5.688161373138428
5.684158086776733
5.6090898513793945
5.827288627624512
5.868325233459473
5.785249471664429
5.695167779922485
5.732200860977173
5.713184356689453
5.682156085968018
5.743212699890137
5.69316554069519
5.716188430786133
5.712181568145752
5.650128126144409
5.656132936477661
5.670145750045776
5.578061819076538
5.7021753787994385
5.650128126144409
5.712183475494385
5.645122528076172
5.61909818649292
5.662137746810913
5.6681435108184814
5.721190452575684
5.6951680183410645
5.721191167831421
5.684157133102417
5.677151203155518
5.645121335983276
5.659134864807129
5.688162326812744
5.683156728744507
5.6871607303619385
5.616097450256348
5.662137985229492
5.647124767303467
5.695169448852539
5.714185476303101
5.704174995422363
5.761541843414307
5.698398590087891
5.709180593490601
5.70049262046814
5.673027515411377
5.665140867233276
5.725759506225586
5.680155038833618
5.69717001914978
5.630108833312988
5.646123170852661
5.695167064666748
5.691163539886475
5.699171304702759
5.636949062347412
5.705177068710327
5.867324352264404
5.819280624389648
5.873329401016235
5.88333797454834
5.669143915176392
5.750217437744141
5.753220319747925
5.660135984420776
5.658134460449219
5.694166898727417
5.569054126739502
5.759227275848389
5.639118432998657
5.650126934051514
5.682156085968018
5.608088254928589
5.648125410079956
5.712182521820068
5.771236896514893
5.6301093101501465
5.7131853103637695
5.610090255737305
5.613093614578247
5.690163612365723
5.703175067901611
5.974421739578247
5.908361196517944
5.681155681610107
5.687316179275513
5.997442245483398
5.975422382354736
6.204631328582764
6.210346937179565
5.8963494300842285
5.847305536270142
5.632110834121704
5.709181308746338
5.718994855880737
5.772689342498779
5.717160701751709
5.652942419052124
5.6741485595703125
5.758224725723267
5.725194931030273
5.7071778774261475
5.625103950500488
5.649125814437866
5.638116121292114
5.675150156021118
5.69216513633728
5.679152965545654
5.621100902557373
5.611095190048218
5.682159185409546
5.658137321472168
5.63811993598938
6.06951117515564
6.038708209991455
5.682158946990967
5.695170164108276
6.070512056350708
5.992441415786743
6.277700185775757
6.169603586196899
5.814280033111572
5.887345552444458
5.714186906814575
5.64412260055542
5.667145490646362
5.712186336517334
5.632114410400391
5.739211082458496
5.6796510219573975
5.7081825733184814
5.6651434898376465
5.637117624282837
5.712186813354492
5.6981730461120605
5.703177213668823
5.639120817184448
5.692168474197388
5.695171117782593
5.671148777008057
5.650130748748779
5.606088876724243
5.676152944564819
5.679157257080078
5.6591386795043945
5.5850701332092285
5.660140514373779
5.603164911270142
5.636117458343506
5.639119386672974
5.6671459674835205
5.890347957611084
5.861321926116943
5.866558313369751
5.630207300186157
5.678868293762207
5.657134532928467
5.637118339538574
5.670149564743042
5.694168567657471
5.6501305103302
5.610092401504517
5.72719931602478
5.674152135848999
5.684160947799683
5.643123149871826
5.6140968799591064
5.665144205093384
5.656136512756348
5.6761534214019775
5.646126747131348
5.751603364944458
5.753223896026611
5.68115758895874
5.616098880767822
5.698174476623535
5.668146133422852
5.617100715637207
5.606091022491455
5.6451256275177
5.658137083053589
5.608291864395142
5.674152374267578
5.854851961135864
5.783478021621704
5.941394090652466
5.894351959228516
5.882340669631958
5.8743274211883545
5.665143966674805
5.684160470962524
5.679155588150024
5.670147895812988
5.711184978485107
5.58786416053772
5.725198268890381
5.71513295173645
5.699174404144287
5.633114337921143
5.635117769241333
5.656135082244873
5.664142847061157
5.673150539398193
5.647126913070679
5.692167520523071
5.671149730682373
5.64505410194397
5.722195863723755
5.724197864532471
5.7031779289245605
5.696171522140503
5.687163352966309
5.679156303405762
5.652131080627441
5.602086544036865
5.659015655517578
5.645125389099121
5.724196910858154
5.72019362449646
5.662140607833862
5.641121864318848
5.652132511138916
5.667144536972046
5.605087995529175
5.6090922355651855
5.6761534214019775
5.62811017036438
5.638120412826538
5.674154758453369
5.8068506717681885
5.78525185585022
5.721192836761475
5.625171661376953
5.614096641540527
5.6431238651275635
5.645125389099121
5.643125057220459
5.60508918762207
5.6881630420684814
5.59608006477356
5.662140369415283
5.6341164112091064
5.710184574127197
5.640120267868042
5.589075565338135
5.632112979888916
5.704179525375366
5.6359899044036865
5.628109931945801
5.675152063369751
5.607090950012207
5.642122030258179
5.628571271896362
5.587072372436523
5.590074062347412
5.666144132614136
5.636117935180664
5.638121128082275
5.537025213241577
5.6191020011901855
5.619101524353027
5.654134035110474
5.605090379714966
5.626107454299927
5.6711485385894775
5.6150994300842285
5.625651121139526
5.612096071243286
5.717191219329834
5.695170164108276
5.67915678024292
5.575061798095703
5.677154302597046
5.716190338134766
5.572062015533447
5.6661460399627686
5.592077732086182
5.6871654987335205
5.645127773284912
5.792261600494385
5.645127296447754
5.677156448364258
5.574388265609741
5.669147968292236
5.692667007446289
5.599086046218872
5.626109838485718
5.62310791015625
5.5850725173950195
5.652134418487549
5.581069469451904
5.6201088428497314
5.606091737747192
5.6181042194366455
5.628112077713013
5.637120723724365
5.618102550506592
5.64012336730957
5.6140992641448975
5.583070755004883
5.637120008468628
5.575063943862915
5.5220160484313965
5.590078830718994
5.599084854125977
5.642125606536865
5.625110387802124
5.514708518981934
5.614099740982056
5.528020858764648
5.610095262527466
5.59308123588562
5.610096454620361
5.610095739364624
5.642145156860352
5.630112886428833
5.627111196517944
5.603089094161987
5.594081878662109
5.579064607620239
5.689168691635132
5.590081214904785
5.922379970550537
5.901813268661499
5.734209060668945
6.003452777862549
5.740213871002197
6.096537828445435
6.011460542678833
5.875337839126587
5.6971755027771
5.717194080352783
5.637121200561523
5.900360345840454
5.6271116733551025
5.683162450790405
5.751224517822266
6.181460380554199
6.2233052253723145
8.310173749923706
8.63054370880127
6.249878644943237
6.354876279830933
6.380076885223389
6.422833442687988
6.361778259277344
6.582312822341919
5.9243855476379395
6.131609916687012
6.014061450958252
5.9569621086120605
5.914685249328613
5.840139389038086
5.842029809951782
5.976665735244751
5.819417715072632
5.86276388168335
5.94040060043335
5.8349316120147705
5.866617679595947
5.890803813934326
6.063237190246582
6.045155048370361
6.1994829177856445
5.905625820159912
6.168809413909912
5.934294939041138
5.876571416854858
5.862406253814697
5.783659219741821
5.850105285644531
5.829228401184082
6.486371040344238
6.531421661376953
6.724116086959839
6.219649314880371
5.633117198944092
6.912279367446899
6.494784832000732
6.036266088485718
6.368061304092407
6.005499601364136
5.999279737472534
6.153358459472656
6.050275802612305
6.0354390144348145
6.235175848007202
6.005115509033203
5.9266862869262695
6.3321802616119385
