Timing log for each step:
0.013012409210205078
10.170351028442383
10.055741548538208
10.288914442062378
10.19853925704956
10.281456470489502
10.125774383544922
10.17278790473938
10.36430311203003
10.345916271209717
10.435365676879883
10.12953233718872
9.65803575515747
8.754977226257324
8.820958852767944
10.533713340759277
10.281179666519165
10.25755786895752
10.132028341293335
9.748680353164673
9.142956256866455
8.514896392822266
9.280054569244385
8.940155982971191
7.9989495277404785
8.085281372070312
8.073687076568604
8.282773971557617
8.174103498458862
8.279147863388062
8.23987603187561
8.132192134857178
8.566828489303589
8.786828756332397
8.728113412857056
8.739587783813477
8.620898246765137
8.701746702194214
8.772843599319458
8.831456422805786
8.754152536392212
8.877338647842407
8.950929641723633
8.649269580841064
9.13864278793335
9.221163511276245
9.198899030685425
9.46297287940979
9.312848567962646
9.421104431152344
9.482033729553223
9.409912347793579
9.081093788146973
9.363022089004517
9.472341775894165
9.566651582717896
9.438714504241943
9.368558883666992
9.459303379058838
9.40998387336731
9.365124702453613
9.332300186157227
9.30907392501831
9.6576669216156
9.61635947227478
9.547874212265015
9.270381689071655
9.461114168167114
9.281763076782227
9.587340116500854
9.3900785446167
9.538098335266113
9.472567081451416
9.30466365814209
9.50037407875061
9.648162364959717
9.591286182403564
9.468637704849243
9.441854476928711
9.417680263519287
9.533772468566895
10.137441396713257
10.09645414352417
9.999808549880981
10.27463960647583
10.601437330245972
10.56873345375061
10.64894151687622
10.754498958587646
10.549761056900024
10.105136156082153
10.767510414123535
10.48606538772583
10.725792407989502
10.480617761611938
10.528759717941284
10.753662347793579
10.607634544372559
10.58802342414856
10.747407913208008
10.701847076416016
10.755543947219849
9.946274042129517
10.746665954589844
10.519030809402466
10.699651718139648
10.613934993743896
9.97424030303955
10.603262424468994
10.563823461532593
10.577963829040527
10.553653478622437
10.205978870391846
10.524786710739136
10.683892250061035
10.547371625900269
10.650436878204346
10.741092205047607
10.6007981300354
10.831167936325073
9.6934072971344
10.667897462844849
10.716464281082153
10.649850606918335
10.548747062683105
10.696747779846191
10.627634525299072
10.694753408432007
9.568838119506836
10.630820751190186
10.168928384780884
10.701184272766113
10.343793630599976
10.710664987564087
10.632108688354492
10.690179347991943
10.768680095672607
10.569295167922974
10.58594298362732
10.673547983169556
10.555314540863037
10.557805299758911
10.751108646392822
10.716414213180542
10.667459726333618
10.632308721542358
10.653545141220093
10.45981764793396
10.53394365310669
10.613009691238403
10.770041465759277
10.664419412612915
10.644706726074219
10.687321901321411
10.741289615631104
10.594800472259521
10.619044065475464
10.76051926612854
10.554811716079712
10.470327377319336
10.646248579025269
10.685848474502563
10.581214189529419
10.76874589920044
10.732332944869995
10.705473899841309
10.67740511894226
10.535257339477539
10.678804874420166
10.699506998062134
10.644019603729248
10.751905918121338
10.752184391021729
10.626238584518433
10.748057842254639
10.645516157150269
10.442158699035645
10.737329006195068
10.587974786758423
10.6158287525177
10.637325048446655
10.616381406784058
10.658714532852173
10.66847538948059
10.713472604751587
10.67362356185913
10.531822443008423
10.59814739227295
10.598823070526123
10.520241498947144
10.652583360671997
10.559589624404907
10.515246868133545
10.763182401657104
10.683447360992432
10.611402034759521
10.439316987991333
10.612423658370972
10.69480013847351
10.775736808776855
10.818063259124756
10.693029880523682
10.619551658630371
10.636726379394531
10.616771459579468
10.64174771308899
10.50399661064148
10.587847232818604
10.724252462387085
10.756152391433716
10.637580633163452
10.594201564788818
10.754194021224976
10.585556030273438
10.659550666809082
10.666917324066162
10.595881700515747
10.684207439422607
10.604496240615845
10.713822603225708
10.670545101165771
10.69053864479065
10.730534553527832
10.622331619262695
10.628628730773926
10.445683479309082
10.726778507232666
10.615578651428223
10.718846321105957
10.844300508499146
10.919091939926147
10.524190664291382
10.553215503692627
10.807167768478394
10.65910816192627
10.690062761306763
10.623901844024658
10.885064601898193
10.591539144515991
10.665088176727295
10.791980981826782
10.763926267623901
10.728374242782593
10.81148076057434
10.82387638092041
10.695128679275513
10.668083667755127
10.802745819091797
10.645457983016968
10.680001258850098
10.70214581489563
10.644784688949585
10.773343324661255
10.656493425369263
10.695379257202148
10.832463264465332
10.666552305221558
10.463757753372192
10.659748315811157
10.720212697982788
10.647939682006836
10.691900253295898
10.644489765167236
10.49872899055481
10.6242196559906
10.724384546279907
10.539664030075073
10.630302906036377
10.614216804504395
10.6532301902771
10.641774415969849
10.62161636352539
10.701332569122314
10.51512098312378
10.725300073623657
10.48714017868042
10.63669228553772
10.753613948822021
10.34407114982605
10.767892122268677
10.702309846878052
10.7272789478302
10.831376791000366
10.565978288650513
10.709984064102173
10.626325845718384
10.666184902191162
10.648576259613037
10.547396898269653
10.661857843399048
10.825807571411133
10.787071943283081
10.81198239326477
10.668144941329956
10.781241178512573
11.028771162033081
10.85535979270935
10.885053873062134
10.877828121185303
10.89078664779663
10.756736993789673
10.844205617904663
10.843715190887451
10.726738691329956
10.558589220046997
10.459500074386597
10.584612369537354
10.56259274482727
10.669689893722534
10.714731693267822
10.35340142250061
10.778787612915039
10.630652666091919
10.481518030166626
10.502536535263062
10.53656792640686
10.360408782958984
10.29434871673584
10.474511623382568
10.305357217788696
10.401445150375366
10.601625442504883
10.569598197937012
10.71572995185852
10.683701753616333
10.598623752593994
10.403447389602661
10.47651481628418
10.610637187957764
10.661681413650513
10.42046332359314
10.661681175231934
10.67669415473938
10.412455081939697
10.650669813156128
10.593620300292969
10.349397659301758
10.65067195892334
10.754766464233398
10.58861517906189
10.466505527496338
10.533565521240234
10.394439220428467
10.60663104057312
10.437478303909302
10.22228193283081
10.463502645492554
10.606631755828857
10.55558466911316
10.416459083557129
10.743756294250488
10.792800903320312
10.55358338356018
10.55358338356018
10.626649379730225
10.67869758605957
10.2463059425354
10.480518102645874
10.620644092559814
10.257314205169678
10.330380916595459
10.471508502960205
10.667686462402344
10.533565998077393
10.746758699417114
10.483520269393921
10.497533798217773
10.588614463806152
10.595621347427368
10.596622943878174
10.694712400436401
10.472509860992432
10.55258059501648
10.640662670135498
10.58160924911499
10.633656024932861
10.595621109008789
10.594619512557983
10.717734336853027
10.332382202148438
10.435477018356323
10.443484783172607
10.114184856414795
10.40244746208191
10.40845274925232
10.413455486297607
10.676695346832275
10.72473931312561
10.421464443206787
10.542572736740112
10.70672345161438
10.192255973815918
10.600626230239868
10.455493211746216
10.649669647216797
10.485520362854004
10.502536296844482
10.576602458953857
10.249305009841919
10.474510669708252
10.490525960922241
10.67068862915039
10.675693273544312
10.746757507324219
10.29834508895874
10.352400541305542
10.760770797729492
10.87187123298645
10.577603578567505
10.25230860710144
10.64766788482666
10.53256368637085
10.65467381477356
10.692708015441895
10.696711301803589
10.718733787536621
10.766776084899902
10.382426977157593
10.474510192871094
10.299349546432495
10.375420093536377
10.665684461593628
10.728740692138672
10.49352741241455
10.717732429504395
10.622644186019897
10.479515075683594
10.628650426864624
10.699715375900269
10.266321897506714
10.511545181274414
10.599624633789062
10.483519792556763
10.55458378791809
10.454493045806885
10.62464714050293
10.692704916000366
10.534564971923828
10.41845965385437
10.568596124649048
10.649669170379639
10.470507860183716
10.709725141525269
10.496529340744019
10.41045331954956
10.436476707458496
10.529560804367065
10.578604459762573
10.601625919342041
10.416457176208496
10.26131820678711
10.609631299972534
10.540571689605713
10.46550178527832
10.455494403839111
10.643665075302124
10.448486804962158
10.493526935577393
10.484519243240356
10.523552417755127
10.680697441101074
10.479515790939331
10.45249080657959
10.280335426330566
10.651671409606934
10.661680459976196
10.74575686454773
10.42546558380127
10.510543584823608
10.50453782081604
10.629652261734009
10.754764080047607
10.77978801727295
10.651671409606934
10.554583072662354
10.485520362854004
10.530561923980713
10.618639707565308
10.580605268478394
10.578605651855469
10.48351788520813
10.513545989990234
10.699714422225952
10.49252700805664
10.58260726928711
10.784792184829712
10.59762191772461
10.207268953323364
10.570598363876343
10.268322944641113
10.449488162994385
10.413454532623291
10.39643931388855
10.580606698989868
10.642662763595581
10.40744948387146
10.50553846359253
10.429469347000122
10.49452829360962
10.538569450378418
10.595620155334473
10.410452365875244
10.392436981201172
10.760769605636597
10.460498332977295
10.454493284225464
10.419461727142334
10.746756553649902
10.64866852760315
10.592616081237793
10.500533103942871
10.481518030166626
10.466503381729126
10.459497213363647
10.56459093093872
10.599625825881958
10.415456533432007
10.394438028335571
10.604628562927246
10.397445678710938
10.633654356002808
10.719733715057373
10.678696393966675
10.614637613296509
10.323371410369873
10.430470943450928
10.34539246559143
10.63065242767334
10.214274168014526
10.50253438949585
10.37942385673523
10.560588359832764
10.329378843307495
10.372417211532593
10.513546705245972
10.590616703033447
10.47451138496399
10.426466703414917
10.63465428352356
10.538568019866943
10.22128176689148
10.362408876419067
10.633654356002808
10.651671409606934
10.501536130905151
10.455492734909058
10.477514028549194
10.80881404876709
10.698712825775146
10.298350811004639
10.577604055404663
10.630652666091919
10.519551277160645
10.593618631362915
10.707719564437866
10.526558876037598
10.71172547340393
10.039115905761719
10.588611364364624
10.5796058177948
10.725738525390625
10.267322778701782
10.540570735931396
10.4404776096344
10.611635208129883
10.31336498260498
10.553582429885864
10.458496332168579
10.565593004226685
10.759768962860107
10.393436908721924
10.646667003631592
10.5896155834198
10.819824457168579
10.709723234176636
10.692709922790527
10.617640972137451
10.316367149353027
10.351397514343262
10.678696155548096
10.54757809638977
10.632652044296265
10.783792734146118
10.559589147567749
10.552582025527954
10.481512784957886
10.64766788482666
10.209269762039185
10.642663955688477
10.574601173400879
10.695710897445679
10.3694167137146
10.523554801940918
10.73574709892273
10.533563137054443
10.743755102157593
10.69070553779602
10.422463178634644
10.557585954666138
10.681699275970459
10.550578355789185
10.564592361450195
10.76077151298523
10.782546758651733
10.648091077804565
