Timing log for each step:
0.021019458770751953
5.437957763671875
5.3488757610321045
5.447967290878296
5.42494535446167
5.2858192920684814
5.249787330627441
5.307838678359985
5.393916606903076
5.361888885498047
5.4019248485565186
5.487000942230225
5.553061008453369
5.374899625778198
5.533044815063477
5.250786781311035
5.264800071716309
5.306838035583496
5.4169394969940186
5.623126983642578
5.387912750244141
5.371896028518677
5.423943758010864
5.301833152770996
5.357884407043457
5.3348634243011475
5.4039270877838135
5.422943830490112
5.268803834915161
5.404927968978882
5.384907245635986
5.470987796783447
5.429951906204224
5.344871997833252
5.455971717834473
5.43395471572876
5.318849086761475
5.460978269577026
5.405926942825317
5.390915393829346
5.5040178298950195
5.396920680999756
5.3849098682403564
5.56006932258606
5.428949594497681
5.493008375167847
5.531041622161865
5.420940637588501
5.359886646270752
5.396920680999756
5.481995344161987
5.381907224655151
5.385908603668213
5.522034406661987
5.522035360336304
5.398920297622681
5.474991083145142
4.781358242034912
4.741321563720703
4.669256925582886
4.777355194091797
5.4209418296813965
5.452972650527954
5.433954238891602
5.50301718711853
5.421942710876465
5.513025999069214
5.545056581497192
5.362889528274536
5.479996919631958
5.4609763622283936
5.459977388381958
5.377902269363403
5.487000226974487
5.576083183288574
5.451972246170044
5.350878715515137
5.573082208633423
5.47298789024353
5.375900745391846
5.407930374145508
5.857338905334473
5.364891529083252
5.474991321563721
5.49701189994812
5.440960884094238
5.7752649784088135
5.439959764480591
5.481996774673462
5.42794942855835
5.391916751861572
5.751244306564331
5.4189393520355225
5.452969074249268
5.448967218399048
5.470987796783447
5.559067726135254
5.581087112426758
5.460979461669922
5.44996976852417
5.349878311157227
5.37189793586731
5.47699236869812
5.546056747436523
5.651151657104492
5.455974340438843
5.407930612564087
5.397920846939087
5.449968338012695
5.309842109680176
5.529040813446045
5.33686375617981
5.397921085357666
5.456974983215332
5.434954404830933
5.386910915374756
5.47599196434021
5.564073324203491
5.439959526062012
5.502017259597778
5.496011972427368
5.558067083358765
5.622126579284668
5.632134199142456
5.564073085784912
5.484999179840088
5.6891865730285645
5.566075801849365
5.400924444198608
5.155699253082275
5.357883930206299
5.591097116470337
5.585090637207031
5.1206676959991455
5.338867664337158
4.63622522354126
4.773352861404419
4.029674291610718
5.213754653930664
5.4749908447265625
5.4019248485565186
5.422943115234375
5.424944162368774
5.496010780334473
5.5660741329193115
5.4159369468688965
5.462981224060059
5.458977460861206
5.4319517612457275
5.33786678314209
5.356884241104126
5.515028953552246
5.510023355484009
5.271806001663208
5.389914274215698
5.409932374954224
5.422943115234375
5.333862066268921
5.501014709472656
5.428949356079102
5.479995965957642
5.439960479736328
5.485000371932983
5.226764678955078
5.361888408660889
5.385910511016846
5.155700922012329
5.233771085739136
5.472989559173584
5.402925968170166
5.288822412490845
5.484999656677246
5.333862543106079
5.56907844543457
5.463982343673706
5.461980104446411
5.397920370101929
5.503016948699951
5.413936138153076
5.398922920227051
5.478994846343994
5.439959526062012
5.401925325393677
5.402925729751587
5.448967218399048
5.4259467124938965
5.505018472671509
5.42394495010376
5.418940305709839
5.489004611968994
5.444964647293091
5.325854301452637
5.455974102020264
5.497011661529541
5.358884811401367
5.389912843704224
5.430949926376343
5.455973148345947
5.500013589859009
5.429951906204224
5.495009899139404
5.452972412109375
5.432952642440796
5.4269492626190186
5.319850206375122
5.4910056591033936
5.333863735198975
5.327856779098511
5.385910749435425
5.373898029327393
5.450970649719238
5.403927326202393
5.385911703109741
5.36689305305481
5.386912107467651
5.4649834632873535
5.437957763671875
5.567075252532959
5.448968410491943
5.381906747817993
5.41093373298645
5.477993726730347
5.402925729751587
5.514028310775757
5.3568830490112305
5.398921728134155
5.5290398597717285
5.428949356079102
5.3618879318237305
5.436957120895386
5.472990036010742
5.4930078983306885
5.368895053863525
5.416939735412598
5.461980581283569
5.4379589557647705
5.420942783355713
5.3578855991363525
5.335864305496216
5.412936687469482
5.314844608306885
5.412935972213745
5.405928134918213
5.344872951507568
5.368894100189209
5.4439616203308105
5.394917726516724
5.430950403213501
5.442962884902954
5.279813051223755
5.440961599349976
5.398922681808472
5.303834915161133
5.44696569442749
5.256792783737183
5.436957597732544
5.47399115562439
5.428950548171997
5.4669835567474365
5.477994203567505
5.509023189544678
5.305837392807007
5.360886573791504
5.410933017730713
5.4039247035980225
5.393917798995972
5.23276948928833
5.410933256149292
5.413936614990234
5.360886096954346
5.350878715515137
5.380905628204346
5.474991321563721
5.230767488479614
5.2597949504852295
5.419941663742065
5.4910054206848145
5.378903865814209
5.4960105419158936
5.277811527252197
5.416937828063965
5.3989222049713135
5.421942949295044
5.42394495010376
5.41994047164917
5.341870307922363
5.5330445766448975
5.490004301071167
5.424946069717407
5.300832509994507
5.382907390594482
5.412933588027954
5.417939186096191
5.495009899139404
5.442962169647217
5.387912273406982
5.330859661102295
5.477995157241821
5.454972743988037
5.35888409614563
5.371896982192993
5.451971054077148
5.458975553512573
5.413934946060181
5.443962097167969
5.518031358718872
5.410933017730713
5.472990274429321
5.383910417556763
5.458977937698364
5.34687614440918
5.410933494567871
5.472988605499268
5.419940710067749
5.510023593902588
5.421943664550781
5.364891290664673
5.346874237060547
5.39491868019104
5.352879762649536
5.3959197998046875
5.522033929824829
5.418940544128418
5.378902912139893
5.437958240509033
5.3628880977630615
5.419940233230591
5.470987796783447
5.511023998260498
5.4189393520355225
5.342869758605957
5.403926134109497
5.4659833908081055
5.3869102001190186
5.3969197273254395
5.542052984237671
5.392915964126587
5.366894483566284
5.475991487503052
5.295828580856323
5.400923728942871
5.500013828277588
5.297828912734985
5.420942068099976
5.466984272003174
5.407929182052612
5.508021593093872
5.376900911331177
5.450969457626343
5.466984033584595
5.4799957275390625
5.512024641036987
5.389914512634277
5.525036811828613
5.464982509613037
5.4039270877838135
5.416937351226807
5.375901222229004
5.471989631652832
5.387911319732666
5.4940080642700195
5.4399590492248535
5.377904176712036
5.3078391551971436
5.473989963531494
5.432950973510742
5.454974174499512
5.465983629226685
5.404927968978882
5.412934303283691
5.442963123321533
5.517030239105225
5.379905462265015
5.41093373298645
5.50902247428894
5.424946546554565
5.444963693618774
5.488002061843872
5.378903150558472
5.319849729537964
5.397921085357666
5.477995872497559
5.461980581283569
5.435956001281738
5.3128437995910645
5.3348634243011475
5.276811361312866
5.432953119277954
5.475992441177368
5.42294454574585
5.48199987411499
5.402926921844482
5.453972339630127
5.352880001068115
5.42194390296936
5.487002611160278
5.435955047607422
5.457975149154663
5.511024475097656
5.407930374145508
5.518029689788818
5.3638904094696045
5.495010614395142
5.431953430175781
5.28581976890564
5.403927564620972
5.430951833724976
5.372899293899536
5.45597505569458
5.487002372741699
5.404927968978882
5.470988750457764
5.476994276046753
5.313844680786133
5.4709882736206055
5.492007493972778
5.415939092636108
5.386911630630493
5.508021354675293
5.464982748031616
5.472989559173584
5.463981628417969
5.371899366378784
5.478995084762573
5.399923801422119
5.342871427536011
5.434954404830933
5.489004850387573
5.284817934036255
5.298831462860107
5.412936210632324
5.389914274215698
5.378903865814209
5.447967290878296
5.499011516571045
5.478995084762573
5.4129345417022705
5.455972194671631
5.449969291687012
5.3578855991363525
5.417938947677612
5.375901460647583
5.4379565715789795
5.360886812210083
5.405928611755371
5.4129345417022705
5.462980508804321
5.454974412918091
5.3749003410339355
5.413935661315918
5.341869831085205
5.360887765884399
5.4209418296813965
5.443963050842285
5.339870929718018
5.452971935272217
5.356883525848389
5.423944473266602
5.476992130279541
5.2327721118927
5.422943592071533
5.401925086975098
5.442962884902954
5.34987735748291
5.368894577026367
5.325857162475586
5.406928777694702
5.265801429748535
5.459977149963379
5.462981700897217
5.397921323776245
5.470978736877441
5.386911630630493
5.4049272537231445
5.38390851020813
5.352879762649536
5.46198034286499
5.351878643035889
5.449969291687012
5.398920774459839
5.403927564620972
5.364896297454834
5.286820888519287
5.754245042800903
5.327858209609985
5.437957763671875
5.560067415237427
5.344872236251831
5.478994846343994
5.37089729309082
5.437958002090454
5.485001087188721
5.276810884475708
5.338867664337158
5.355882406234741
5.436956882476807
5.338867664337158
5.4709882736206055
5.297830581665039
5.517029762268066
5.414937257766724
5.408930540084839
5.414936780929565
5.4860005378723145
5.353881120681763
5.3228535652160645
5.3879125118255615
5.4349565505981445
5.430951833724976
5.373899459838867
5.378904104232788
5.480997085571289
5.405929327011108
5.332862615585327
5.459977388381958
5.425947427749634
5.52003288269043
5.386910915374756
5.572080850601196
5.436957597732544
5.228766918182373
5.289822578430176
5.420942306518555
5.444964170455933
5.5710790157318115
5.408928871154785
5.492007732391357
5.516029119491577
5.499012231826782
5.468986988067627
5.397921085357666
5.403925895690918
5.366891860961914
5.414937734603882
5.406928539276123
5.446966648101807
5.4940102100372314
5.3238537311553955
5.445965051651001
5.4099321365356445
5.4569737911224365
5.362888813018799
5.49300742149353
5.394918203353882
5.467986106872559
5.341870307922363
5.738673448562622
5.451969385147095
5.5780861377716064
5.557066202163696
5.538049221038818
5.503014087677002
5.792280912399292
5.6921892166137695
5.578084468841553
5.530041456222534
5.47699236869812
5.504017114639282
5.526038646697998
5.5780839920043945
5.462980270385742
5.491006374359131
5.551060914993286
5.529040575027466
5.5480968952178955
