Timing log for each step:
0.01601552963256836
5.060035705566406
4.993879556655884
5.077447414398193
4.917278289794922
5.078646659851074
5.000766754150391
5.1559247970581055
4.959073066711426
5.110105276107788
5.203852415084839
5.122976779937744
5.135736465454102
5.190484285354614
5.174997568130493
5.206142902374268
5.134060859680176
5.11995792388916
5.182928562164307
5.205361843109131
5.221064329147339
5.069390296936035
5.208948612213135
5.7850868701934814
5.584881067276001
5.095124959945679
5.216784715652466
5.129808187484741
5.287409543991089
5.16687273979187
5.17414927482605
5.094648122787476
5.255192995071411
5.2261717319488525
5.2141053676605225
5.209557771682739
5.063783168792725
5.161086082458496
5.1702046394348145
5.166437387466431
5.086301803588867
5.172343730926514
5.064618825912476
5.0562214851379395
5.17424201965332
5.029766321182251
5.059239387512207
4.9973320960998535
5.23754620552063
5.093447685241699
5.198537349700928
5.211130380630493
5.093828439712524
5.336122989654541
5.177531003952026
5.2462451457977295
5.270141363143921
5.306903600692749
5.188270330429077
5.194320917129517
5.286780118942261
5.1253697872161865
5.319443941116333
5.214326620101929
5.1766135692596436
5.191264390945435
5.229208707809448
5.374973773956299
5.292042255401611
5.202090740203857
5.30577540397644
5.201254844665527
5.253087759017944
5.3394083976745605
5.350611448287964
5.398170471191406
5.283790826797485
5.19828987121582
5.184985876083374
5.274352312088013
5.18107271194458
5.166104316711426
5.266331672668457
5.240419626235962
5.264783143997192
5.27769136428833
5.170941591262817
5.3092710971832275
5.195572137832642
5.241780757904053
5.306754112243652
5.362246036529541
5.244287729263306
5.23459005355835
5.197253465652466
5.224790334701538
5.280797243118286
5.277116060256958
5.202206373214722
5.203284978866577
5.111613750457764
5.277276515960693
5.302374839782715
5.2628889083862305
5.17727255821228
5.158305883407593
5.2588441371917725
5.3395562171936035
5.195114850997925
5.077629566192627
5.156463146209717
5.260285377502441
5.228668689727783
5.2556421756744385
5.176294326782227
5.2333903312683105
5.38611626625061
5.349419355392456
5.134485960006714
5.228400230407715
5.2401838302612305
5.138637065887451
5.2853405475616455
5.302238702774048
5.356462001800537
5.3948585987091064
5.237387180328369
5.324773550033569
5.269543647766113
5.263476371765137
5.042993783950806
5.142902612686157
5.2703118324279785
5.354199171066284
5.267620801925659
5.214386701583862
5.232381343841553
5.213293075561523
5.312584400177002
5.267381429672241
5.325362682342529
5.195584774017334
5.311391115188599
5.306726455688477
5.067850589752197
5.192252159118652
5.341801404953003
5.347523927688599
5.243567705154419
5.335388422012329
5.355500936508179
5.321395635604858
5.43935751914978
5.375495195388794
5.3553502559661865
5.376590251922607
5.114311695098877
5.241521835327148
5.307969570159912
5.201392889022827
5.187291860580444
5.326467990875244
5.348754405975342
5.296206951141357
5.297146320343018
5.250826358795166
5.380970001220703
5.2067201137542725
5.221633672714233
5.403251886367798
5.271298408508301
5.290431022644043
5.21301531791687
5.41102147102356
5.340392112731934
5.305525064468384
5.270655632019043
5.16480565071106
5.188862085342407
5.230440855026245
5.264253377914429
5.270805835723877
5.352332592010498
5.229678630828857
5.201461553573608
5.185741901397705
5.261251926422119
5.346391201019287
5.241525888442993
4.983543872833252
5.254502058029175
5.3143415451049805
5.247569561004639
5.153028964996338
5.232385635375977
5.266670227050781
5.3372132778167725
5.3067779541015625
5.168090105056763
5.185535430908203
5.220921039581299
5.290422201156616
5.256284952163696
5.200008392333984
5.3238444328308105
5.227484703063965
5.310402154922485
5.224164009094238
5.3625054359436035
5.31690788269043
5.360336065292358
5.254666566848755
5.255694389343262
5.202996730804443
5.273138523101807
5.311161756515503
5.242277145385742
5.332261323928833
5.461100101470947
5.511654853820801
5.288017749786377
5.159896612167358
5.357797384262085
5.237195014953613
5.321452379226685
5.337368965148926
5.3442771434783936
5.355501413345337
5.4359869956970215
5.244964361190796
5.273675441741943
5.260254621505737
5.374869108200073
5.317237615585327
5.216641187667847
5.334779500961304
5.308888912200928
5.321280241012573
5.297478199005127
5.230508327484131
5.239076375961304
5.373828172683716
5.301331996917725
5.2533862590789795
5.281232595443726
5.404708623886108
5.098589897155762
5.334212064743042
5.401813507080078
5.196018934249878
5.327316761016846
5.2919933795928955
5.070643186569214
5.409962892532349
5.272524118423462
5.326450824737549
5.576854705810547
5.24911093711853
5.260816812515259
5.361380338668823
5.287353277206421
5.170374631881714
5.3374550342559814
5.406254291534424
5.218484878540039
5.234325408935547
5.112358570098877
5.164386987686157
5.179835319519043
5.283289432525635
5.254237413406372
5.236277341842651
5.252928018569946
5.274514198303223
5.3400373458862305
5.306799650192261
5.298988342285156
5.368627309799194
5.228879690170288
5.276502370834351
5.2903337478637695
5.374927520751953
5.302762985229492
5.367382287979126
5.345316410064697
5.362997770309448
5.3007972240448
5.333551406860352
5.3412086963653564
5.280364990234375
5.271620750427246
5.2823286056518555
5.298187494277954
5.309391021728516
5.3082544803619385
5.230867385864258
5.332092761993408
5.345116138458252
5.363868236541748
5.270568609237671
5.322991847991943
5.1947362422943115
5.315733432769775
5.2827959060668945
5.359658241271973
5.3484625816345215
5.264123916625977
5.288458585739136
5.232540607452393
5.385595321655273
5.216257572174072
5.284722566604614
5.311275005340576
5.342034578323364
5.420166015625
5.225581169128418
5.332557201385498
5.447522878646851
5.366186141967773
5.165219783782959
5.399195671081543
5.330650806427002
5.405622959136963
5.356457471847534
5.271836757659912
5.335102319717407
5.19556999206543
5.1794493198394775
5.128392457962036
5.410065412521362
5.210473299026489
4.982463836669922
5.219760894775391
5.263051509857178
5.2574121952056885
5.342632055282593
5.285474538803101
5.306421518325806
5.285224676132202
5.219048261642456
5.222764730453491
5.725461959838867
5.637692928314209
5.333471775054932
5.2670958042144775
5.413436651229858
5.222247838973999
5.326492071151733
5.338522434234619
5.292177438735962
5.383687734603882
5.281952619552612
5.344404458999634
5.2792649269104
5.212460517883301
5.294358730316162
5.234477281570435
5.371034145355225
5.3402111530303955
5.154777526855469
5.207180976867676
5.206332206726074
5.351425886154175
5.245368242263794
5.127434968948364
5.377612829208374
5.205348014831543
5.35296368598938
5.372649192810059
5.424957275390625
5.360992670059204
5.2938385009765625
5.202733039855957
5.334044933319092
5.396622657775879
5.286250114440918
5.271999835968018
5.261251926422119
5.357478857040405
5.2776312828063965
5.163831472396851
5.375748872756958
5.25530743598938
5.352524042129517
5.2785561084747314
5.243226528167725
5.3538665771484375
5.327303171157837
5.471770763397217
5.286082983016968
5.280733108520508
5.323309659957886
5.351266145706177
5.268756628036499
5.24622917175293
5.146103382110596
5.296968221664429
5.302883625030518
5.323074817657471
5.301251649856567
5.283266544342041
5.302471160888672
5.397092819213867
5.293315887451172
5.200258016586304
5.337176561355591
5.3278326988220215
5.382927656173706
5.6404900550842285
5.206798315048218
5.217174530029297
5.311696529388428
5.129187822341919
5.411208868026733
5.391822338104248
5.253040313720703
5.338625907897949
5.081263065338135
5.351888418197632
5.237141132354736
5.339295148849487
5.326769590377808
5.242404222488403
5.212754011154175
5.347771644592285
5.221619129180908
5.3288586139678955
5.323806524276733
5.265237092971802
5.265965223312378
5.37231969833374
5.321198463439941
5.413200616836548
5.140111923217773
5.1736016273498535
5.316842317581177
5.142229795455933
5.201540946960449
5.2933948040008545
5.226008176803589
5.262218952178955
5.342234134674072
5.376319885253906
5.3058178424835205
5.297342538833618
5.214087009429932
5.360988616943359
5.3492584228515625
5.227500915527344
5.170445680618286
5.22298002243042
5.1952526569366455
5.387920379638672
5.308917284011841
5.413620471954346
5.272316217422485
5.345139265060425
5.359426259994507
5.295158863067627
5.285342454910278
5.260179281234741
5.326135158538818
5.334111213684082
5.270341157913208
5.325419187545776
5.253045320510864
5.215555429458618
5.217470645904541
5.282381057739258
5.355387449264526
5.3364152908325195
5.389134645462036
5.222851514816284
5.45966649055481
5.201603412628174
5.284945249557495
5.380718946456909
5.344869136810303
5.264467716217041
5.341469049453735
5.302340984344482
5.240365505218506
5.318607330322266
5.251992464065552
5.353677988052368
5.350608587265015
5.21335768699646
5.248776435852051
5.313297271728516
5.320948839187622
5.347565412521362
5.314926624298096
5.322409152984619
5.292256116867065
5.387474060058594
5.3269124031066895
5.207142114639282
5.237233400344849
5.258107662200928
5.180968284606934
5.230786085128784
5.274415731430054
5.309588432312012
5.385303258895874
5.125184535980225
5.359199285507202
5.219449758529663
5.348037004470825
5.222938060760498
5.310926198959351
5.3466575145721436
5.298874855041504
5.427628755569458
5.299861192703247
5.286144971847534
5.239753723144531
5.359896898269653
5.276902914047241
5.35132908821106
5.169099807739258
5.277724504470825
5.267887830734253
5.318354606628418
5.4104650020599365
5.4331324100494385
5.285461902618408
5.272318363189697
5.358000040054321
5.264084577560425
5.3576343059539795
5.252332448959351
5.347439765930176
5.262025833129883
5.206766128540039
5.380053281784058
5.349497318267822
5.365410566329956
5.31317400932312
5.3245697021484375
5.2976531982421875
5.245657920837402
5.3204429149627686
5.34200119972229
5.18091082572937
5.460415601730347
5.26978325843811
5.183124303817749
5.364300489425659
5.285979509353638
5.292670249938965
5.293019771575928
5.286360025405884
5.22725510597229
5.348217964172363
5.188286542892456
5.27536153793335
5.36076021194458
5.309606552124023
5.285200119018555
5.331217050552368
5.626612901687622
5.284651517868042
5.3459367752075195
5.354924440383911
5.332249164581299
5.3365044593811035
5.339025020599365
5.336693286895752
5.300106763839722
5.369025945663452
5.255367279052734
5.272322416305542
5.3389387130737305
5.364652395248413
5.370171308517456
5.356513500213623
5.216270685195923
5.301118850708008
5.369325399398804
5.331599712371826
5.317928314208984
5.226394891738892
5.184544563293457
5.312830209732056
5.388004302978516
5.360462427139282
5.396460056304932
5.1914896965026855
5.452904939651489
5.251135587692261
5.392445087432861
5.318981409072876
5.387361764907837
5.232715129852295
5.360691070556641
5.318449974060059
5.275272846221924
5.364608526229858
5.388372898101807
5.283451795578003
5.304457902908325
5.300340414047241
5.2272210121154785
5.403483152389526
5.309855222702026
5.215316534042358
5.280691623687744
5.371965646743774
5.412319183349609
5.286029577255249
5.306885480880737
5.368458032608032
5.279985189437866
5.388234615325928
5.407386302947998
5.411976337432861
5.3971052169799805
5.226660966873169
5.271184682846069
5.299529075622559
5.3276143074035645
5.266496419906616
5.267391920089722
5.3295369148254395
5.252873420715332
5.281243801116943
5.326598405838013
5.2785704135894775
5.35473108291626
5.31139874458313
5.2402801513671875
5.205223321914673
5.348237752914429
5.39178204536438
5.214334011077881
5.171600103378296
5.206467151641846
5.220963954925537
5.359496831893921
5.158796787261963
5.285463333129883
5.350319147109985
5.359383821487427
5.287332534790039
5.313868284225464
5.351202726364136
5.394028663635254
5.120414733886719
5.470503568649292
5.522034406661987
5.3098413944244385
5.1006505489349365
5.411932945251465
5.364891767501831
5.2277679443359375
5.252788066864014
5.056610822677612
5.211751222610474
5.301833152770996
5.1977379322052
5.245782375335693
5.270805597305298
5.332862377166748
5.317848443984985
5.222761392593384
5.230769157409668
5.129677057266235
5.188041687011719
5.1346821784973145
5.361888647079468
5.227766036987305
5.495009183883667
5.356884717941284
5.408930063247681
5.711215972900391
5.163708686828613
5.2447829246521
5.361888647079468
5.196738004684448
5.268803596496582
5.187729835510254
5.236775875091553
5.374900579452515
5.378904581069946
5.18272590637207
5.141685724258423
5.434954404830933
5.369896173477173
5.288821458816528
5.131678581237793
5.2207605838775635
5.320849895477295
5.222762584686279
5.334865093231201
5.291823625564575
5.1206700801849365
5.27581000328064
5.230769395828247
5.200195550918579
5.092642545700073
5.421942234039307
5.310842275619507
5.148694276809692
5.335864782333374
5.317849159240723
5.261013984680176
5.150697231292725
5.534054279327393
5.267803907394409
5.200740575790405
5.286818981170654
5.247783660888672
5.397921800613403
5.281816482543945
5.148693561553955
5.263798952102661
5.397922515869141
5.215754985809326
5.223761320114136
5.169713020324707
5.152697324752808
5.412400960922241
5.193735361099243
5.180723190307617
5.514028072357178
5.51502799987793
5.313000917434692
5.210750579833984
5.234772443771362
5.319850444793701
5.28882098197937
5.209750652313232
5.183725833892822
5.160706520080566
5.2267656326293945
5.232770681381226
5.228766918182373
5.0345916748046875
5.419942378997803
5.220759868621826
5.265800952911377
5.304836750030518
5.3128440380096436
5.217758417129517
5.051605463027954
5.359885931015015
5.381907939910889
5.356884479522705
5.306838274002075
5.322853088378906
5.199741840362549
5.279813766479492
5.181725263595581
5.340867757797241
5.1617066860198975
5.196738958358765
5.1647069454193115
5.026582717895508
5.202743053436279
5.2698047161102295
5.299832582473755
5.209749460220337
5.252789258956909
5.289822816848755
5.471089601516724
5.168713331222534
5.272807598114014
5.355882883071899
5.200741529464722
5.185727834701538
5.285299301147461
5.513025283813477
5.293826341629028
5.238776445388794
5.152698278427124
5.204745531082153
5.058613300323486
5.211625814437866
5.220760345458984
5.188394784927368
5.1587018966674805
5.304836273193359
5.286820650100708
5.164708614349365
5.302832841873169
5.134680986404419
5.250786066055298
5.1957361698150635
5.345872640609741
5.174717426300049
5.091642618179321
4.971170425415039
5.409932374954224
5.183726072311401
5.2908244132995605
5.202742338180542
5.2647998332977295
5.167712450027466
5.08763861656189
5.4119346141815186
5.247785806655884
5.122670412063599
5.0886383056640625
5.084636449813843
5.228766918182373
5.177721738815308
5.427948236465454
5.069459676742554
5.203744173049927
5.24177885055542
5.2437803745269775
5.218756914138794
5.2838170528411865
5.132678508758545
5.17572021484375
5.191733360290527
5.291825532913208
5.264799356460571
5.2828168869018555
5.320851802825928
5.292833566665649
5.275810956954956
5.136684417724609
5.236774682998657
5.205746412277222
5.220760822296143
5.26179838180542
5.169714689254761
5.030586242675781
5.22176194190979
5.132678985595703
5.262799263000488
5.193735361099243
5.309648513793945
5.450679540634155
5.34187126159668
5.231771469116211
5.119668006896973
5.203744649887085
5.236774206161499
5.208747386932373
5.124672889709473
5.302834987640381
5.396921634674072
5.160705089569092
5.294828653335571
5.258795976638794
5.120669841766357
5.281812906265259
5.182725191116333
5.217756986618042
5.238776922225952
5.332862138748169
5.284817934036255
5.370203495025635
5.2627973556518555
5.160705804824829
5.252788543701172
5.263798713684082
5.326855897903442
5.20474648475647
5.403926849365234
5.234772443771362
5.281816482543945
5.407930135726929
5.385910272598267
5.446965932846069
5.167711973190308
5.128675699234009
5.362890005111694
5.108407020568848
5.348876237869263
5.251788139343262
5.447966814041138
5.0606138706207275
5.03359055519104
5.214755058288574
5.150701284408569
4.998557806015015
5.2184319496154785
4.993553876876831
5.297823667526245
5.240239858627319
5.258794546127319
5.155701398849487
5.246782541275024
5.407930612564087
5.0606138706207275
5.352880001068115
5.145691394805908
5.27781081199646
5.193735122680664
5.113662004470825
5.0976479053497314
5.154700517654419
5.19373631477356
5.57308030128479
5.123671293258667
5.248785734176636
5.245782852172852
5.122671127319336
5.198737859725952
5.274665117263794
5.2157557010650635
5.367894649505615
5.286028146743774
5.285818815231323
5.319851636886597
5.28004789352417
5.352879047393799
5.273808002471924
5.098649501800537
5.327857494354248
5.340869426727295
5.287821054458618
5.181724309921265
5.147694110870361
5.216756105422974
4.986546516418457
5.391915798187256
5.091642379760742
5.168712139129639
5.382909059524536
5.288820505142212
5.238776683807373
5.246783494949341
5.181724309921265
5.261798620223999
4.986546754837036
5.331860780715942
5.271805763244629
5.305838584899902
5.173716306686401
5.318850040435791
5.231769800186157
5.09964919090271
5.059612989425659
5.321853399276733
5.445966482162476
5.0926432609558105
5.152697324752808
5.333863019943237
5.079629898071289
5.063614130020142
5.411933660507202
5.1486945152282715
5.328859567642212
5.181725740432739
5.116664171218872
5.333863019943237
5.392916917800903
5.234771728515625
5.21875786781311
5.059612512588501
5.2748095989227295
5.2898218631744385
5.277812242507935
5.337867498397827
5.207747459411621
5.260795831680298
5.22576379776001
5.211751461029053
5.229767799377441
5.329859733581543
5.634136438369751
5.253790855407715
5.198424339294434
5.183726787567139
5.263799428939819
5.1036529541015625
5.2277655601501465
5.35888671875
5.143689155578613
5.30183482170105
5.3058388233184814
5.450969696044922
5.13768458366394
5.17083477973938
5.206747770309448
5.081632852554321
5.279813289642334
5.412934303283691
5.171714782714844
5.257794618606567
4.959521770477295
5.270803928375244
5.2427802085876465
5.22676682472229
5.393918752670288
5.248786449432373
5.200741291046143
5.457975387573242
5.334864139556885
5.170714378356934
5.2858264446258545
5.280815362930298
5.208748817443848
5.29682993888855
5.2808146476745605
5.2457826137542725
5.23377251625061
5.218758821487427
5.149696111679077
5.161706924438477
5.315399885177612
5.136683464050293
5.179722309112549
5.327857494354248
5.321853160858154
5.0957276821136475
5.043598175048828
5.228766441345215
5.269805908203125
5.320850610733032
5.197739362716675
5.336865663528442
5.277811765670776
5.281816482543945
5.280972003936768
5.408500909805298
5.265800476074219
5.2247633934021
5.228766918182373
5.307837963104248
4.958491802215576
5.303834676742554
5.365891695022583
5.150696277618408
4.969531774520874
5.23377251625061
5.054606676101685
5.044597625732422
5.121668577194214
5.071624040603638
5.307838678359985
5.241778612136841
5.179272174835205
5.432950496673584
5.1146628856658936
5.284818172454834
5.231769561767578
5.258794069290161
5.164708852767944
5.147692680358887
5.290823698043823
5.204744577407837
5.140439033508301
5.24177885055542
5.213752269744873
5.281816244125366
5.112006902694702
5.155701160430908
5.159704923629761
5.149695873260498
5.260796546936035
5.132679224014282
5.207748651504517
5.168712615966797
4.967528581619263
5.14669132232666
5.24277925491333
5.334863185882568
5.2267656326293945
5.1787214279174805
5.1266748905181885
5.194735765457153
5.1336798667907715
5.024579048156738
5.094645738601685
5.2908241748809814
5.269805669784546
5.072626352310181
5.295828104019165
5.161705493927002
5.239777326583862
5.1286773681640625
5.234773635864258
5.351879119873047
5.189732789993286
5.256793975830078
5.241779327392578
5.102652311325073
5.09764838218689
5.152698516845703
5.183727025985718
5.142688751220703
5.228766679763794
5.440961837768555
5.2187581062316895
5.1767191886901855
5.218757629394531
5.439958572387695
5.157012939453125
5.128676414489746
5.1456897258758545
5.094645023345947
5.226766347885132
5.239777326583862
5.192734956741333
5.266800880432129
5.18773078918457
5.081462860107422
5.263799667358398
5.265800714492798
5.165709733963013
5.221760511398315
5.2547900676727295
5.16070556640625
5.299832820892334
5.215754985809326
5.329859018325806
5.392917156219482
5.237775802612305
5.237776756286621
5.150696754455566
5.364891767501831
5.065618276596069
5.372897386550903
5.305837392807007
5.287821531295776
5.336183071136475
5.250151634216309
5.207749366760254
5.163707733154297
5.311842918395996
5.360886812210083
5.234773635864258
5.410675287246704
5.2998316287994385
4.983542203903198
5.4749915599823
5.167712211608887
5.320851802825928
5.125673055648804
5.074625730514526
5.475992679595947
5.225765705108643
5.018575191497803
5.229768514633179
5.039594650268555
5.376902103424072
5.062615394592285
5.221760034561157
5.073625802993774
5.163708209991455
5.195736646652222
5.282815933227539
5.221761465072632
5.2367753982543945
4.905472993850708
5.194737195968628
5.2728071212768555
5.353878736495972
5.287821292877197
5.288821458816528
5.123672246932983
5.20674729347229
5.366893291473389
5.248784065246582
5.091641902923584
5.2928245067596436
5.332898378372192
5.3899149894714355
5.3338634967803955
5.132680654525757
5.270805358886719
4.945508003234863
5.353882551193237
5.231770038604736
5.226764917373657
4.961780548095703
5.384908676147461
5.319852113723755
5.505019664764404
5.255077362060547
5.463981628417969
4.992551803588867
5.551060199737549
5.2167558670043945
5.127675771713257
5.3398683071136475
5.065616607666016
5.016687631607056
5.220760107040405
5.114759922027588
5.035591125488281
5.1436896324157715
5.089639663696289
5.323854207992554
5.140457391738892
5.261797904968262
5.306838035583496
5.196738243103027
5.475992202758789
5.382907867431641
5.324855327606201
5.198740720748901
5.046602010726929
5.052605867385864
5.295827865600586
5.268801689147949
5.300833702087402
4.944509029388428
5.367893934249878
5.194734334945679
5.27881383895874
5.212753772735596
5.25278902053833
5.381906270980835
5.432953596115112
5.523035526275635
5.439959526062012
5.031769514083862
5.117666244506836
5.155700922012329
5.64014196395874
5.159703254699707
5.187729835510254
5.318850040435791
5.273807048797607
5.065619230270386
5.152697324752808
5.201742887496948
5.179723024368286
5.324854612350464
5.108656644821167
5.069622039794922
4.994554042816162
5.49701189994812
5.179238796234131
5.030587196350098
5.091641664505005
5.313844680786133
5.299832820892334
5.432093620300293
5.281815528869629
5.315845966339111
5.2143754959106445
5.161705017089844
4.962524175643921
5.271806955337524
5.33786678314209
5.267802953720093
5.223763704299927
5.206747055053711
5.2637999057769775
5.293827295303345
5.064617156982422
5.13368034362793
5.17972207069397
5.304836988449097
5.08763861656189
5.224763631820679
5.285819053649902
5.385909795761108
5.474992752075195
5.187730312347412
5.392917633056641
5.091642141342163
5.0996482372283936
5.120666980743408
5.088639497756958
5.418941020965576
5.243781089782715
5.082634210586548
5.201741456985474
5.123672246932983
5.247784852981567
5.507020711898804
5.398922681808472
5.103652000427246
5.199684143066406
5.199741840362549
5.056609630584717
5.322854042053223
5.107656955718994
5.1516969203948975
5.302835702896118
5.211751937866211
5.1727166175842285
5.304837942123413
5.274809122085571
5.2017433643341064
5.256792306900024
5.115664005279541
5.300832271575928
5.171715021133423
5.148694276809692
5.3288586139678955
5.09764838218689
5.03158712387085
5.101652383804321
4.950512886047363
5.1326799392700195
5.161707401275635
5.3268561363220215
5.245782375335693
5.133680582046509
5.263800144195557
5.471649646759033
5.295828580856323
5.240362644195557
5.380905389785767
5.272807836532593
5.387912750244141
5.436956405639648
5.217756748199463
5.341870069503784
5.40893030166626
5.443963289260864
5.198740005493164
5.383427619934082
5.1917335987091064
5.33786678314209
5.284818172454834
5.311842918395996
5.254787445068359
5.3178489208221436
5.25278902053833
5.276811599731445
5.2395172119140625
5.4619786739349365
5.204529523849487
5.2497875690460205
5.354882717132568
5.364891052246094
5.245781660079956
5.347877025604248
5.285820245742798
5.386911153793335
5.351879835128784
5.3408684730529785
5.416937828063965
5.479996204376221
5.4709882736206055
5.324854373931885
5.553062200546265
5.377903461456299
5.38891339302063
5.442605972290039
5.310842514038086
5.468985080718994
5.551060438156128
5.649150133132935
5.58309006690979
5.490004301071167
5.319849252700806
5.395920991897583
5.470986843109131
5.4359564781188965
5.405927896499634
5.441959857940674
5.278812646865845
5.432951927185059
5.4580137729644775
5.428949356079102
5.412934064865112
5.549060344696045
5.43996000289917
5.21505331993103
5.385908365249634
5.35187840461731
5.28682017326355
5.6571571826934814
5.365891695022583
5.459977865219116
5.480998516082764
5.53104305267334
5.431952953338623
5.298832416534424
5.388912677764893
5.42594838142395
5.591097354888916
5.316848516464233
5.426947116851807
5.424947023391724
5.335864067077637
5.467984676361084
5.3959197998046875
5.327857732772827
5.40592885017395
5.3949174880981445
5.443964004516602
5.476993083953857
5.425945997238159
5.5320446491241455
5.424945116043091
5.357884168624878
5.36489200592041
5.49801230430603
5.416938543319702
5.288820505142212
5.2988317012786865
5.3708977699279785
5.258793354034424
5.337866306304932
5.139685153961182
5.413935661315918
5.3919148445129395
5.4149370193481445
5.203744411468506
5.348876237869263
5.333863019943237
5.315846681594849
5.220758438110352
5.473991870880127
5.361887693405151
5.3028364181518555
5.350882291793823
5.487002372741699
5.257794618606567
5.222761869430542
5.231769800186157
5.208178758621216
5.40592885017395
5.32986044883728
5.313845872879028
5.358886957168579
5.280813217163086
5.232772350311279
5.238775968551636
5.259796380996704
5.186728239059448
5.350879192352295
5.463981866836548
5.372899770736694
5.350878715515137
5.4129345417022705
5.4950110912323
5.445965051651001
5.280813694000244
5.471988916397095
5.424946308135986
5.405929088592529
5.442962646484375
5.459978103637695
5.3438720703125
5.273807764053345
5.474991321563721
5.475992441177368
5.518031597137451
5.479995489120483
5.5951008796691895
5.184728384017944
5.345873117446899
5.475993394851685
5.4769933223724365
5.391916513442993
5.3698952198028564
5.274808168411255
5.4910056591033936
5.600106239318848
5.297831296920776
5.454974174499512
5.350878715515137
5.256792306900024
5.305837631225586
5.743237257003784
5.255792140960693
5.32685661315918
5.174718141555786
5.637139558792114
5.212752342224121
5.319850206375122
5.382907390594482
5.241780042648315
5.347983360290527
5.3939208984375
5.365891933441162
5.202742099761963
5.368895530700684
5.261796474456787
5.3779027462005615
5.360887289047241
5.114663124084473
5.258794069290161
5.264800071716309
5.312844276428223
5.454973220825195
5.262798070907593
5.270805835723877
5.158703327178955
5.347875595092773
5.399923324584961
5.219274997711182
5.3328611850738525
5.327857255935669
5.284818649291992
5.442961931228638
5.181795358657837
5.300832986831665
5.214755535125732
5.353881359100342
5.315846920013428
5.301833868026733
5.203744411468506
5.254791259765625
5.277811527252197
5.457977771759033
5.339869499206543
5.220759391784668
5.291503667831421
5.343872785568237
5.291824579238892
5.341870546340942
5.505018472671509
5.260796546936035
5.424946308135986
5.290823459625244
5.25779390335083
5.380905866622925
5.182725191116333
5.272270917892456
5.4609785079956055
5.299833297729492
5.192735433578491
5.351879596710205
5.3548805713653564
5.3188488483428955
5.235774517059326
5.224763631820679
5.292825698852539
5.381908178329468
5.284818172454834
5.208810091018677
5.230768918991089
5.447967529296875
5.335866212844849
5.387913465499878
5.2918243408203125
5.377903699874878
5.243781328201294
5.450969934463501
5.378904581069946
5.310842037200928
5.399923086166382
5.272807598114014
5.260794639587402
5.163707733154297
5.217757225036621
5.291824579238892
5.272807359695435
5.283818006515503
5.217757225036621
5.1947362422943115
5.1717143058776855
5.141688585281372
5.422944784164429
5.305837154388428
5.67717719078064
5.550060749053955
5.369896411895752
5.193735599517822
5.240778684616089
5.299795389175415
5.296829700469971
5.43495512008667
5.335382699966431
5.2187583446502686
5.408931493759155
5.320852756500244
5.276811838150024
5.398922920227051
5.352879047393799
5.235773801803589
5.271807909011841
5.344873666763306
5.169713258743286
5.266801834106445
5.168713092803955
5.376902341842651
5.3959197998046875
5.224763631820679
5.274810314178467
5.273456811904907
5.394917964935303
5.552063226699829
5.67217230796814
5.371937036514282
5.192734479904175
5.458976984024048
5.226765871047974
5.3048365116119385
5.40350079536438
5.301833391189575
5.346875429153442
5.413936376571655
5.346874952316284
5.4119579792022705
5.373898267745972
5.334864139556885
5.342871427536011
5.177719354629517
5.123671054840088
5.281388521194458
5.333862781524658
5.4629807472229
5.391005516052246
5.401976108551025
5.419076442718506
5.543193101882935
5.393051862716675
5.3039679527282715
5.315715312957764
5.358019590377808
5.4751293659210205
5.265932321548462
5.350012302398682
5.288954973220825
5.3129777908325195
5.452108144760132
5.40406346321106
5.29395866394043
5.29796290397644
5.252919912338257
5.334997653961182
5.315979719161987
5.277943849563599
5.1598334312438965
5.4501049518585205
5.3329973220825195
5.246915102005005
5.34600830078125
5.449104070663452
5.4350926876068115
5.427083492279053
5.2248923778533936
5.231901407241821
5.4410974979400635
5.269936561584473
5.484137773513794
5.37903904914856
5.270936727523804
5.2589263916015625
5.303968906402588
5.410067796707153
5.270936727523804
5.370030403137207
5.259927988052368
5.257153034210205
5.311976671218872
5.1278040409088135
5.545196294784546
5.33199405670166
5.37103271484375
5.335999488830566
5.645287752151489
5.258926630020142
5.272939443588257
5.307971239089966
5.281949043273926
5.299964666366577
5.355016231536865
5.326990842819214
5.489142656326294
5.318983554840088
5.212882995605469
5.331994295120239
5.264932155609131
5.288954257965088
5.328992128372192
5.384044647216797
5.342005252838135
5.388047218322754
5.333996772766113
5.378038644790649
5.32098388671875
5.480133533477783
5.479132175445557
5.244912147521973
5.401060104370117
5.2629311084747314
5.35701847076416
5.28695273399353
5.335999011993408
5.30396842956543
5.363023996353149
5.272938966751099
5.30096697807312
5.331995010375977
5.282949209213257
5.371032238006592
5.332996845245361
5.361022233963013
5.29896354675293
5.268935441970825
5.376035451889038
5.346007823944092
5.307970762252808
5.274941444396973
5.211882591247559
5.360020399093628
5.276943206787109
5.311976909637451
5.357017517089844
5.3810412883758545
5.268936395645142
5.503156423568726
5.182209730148315
5.337000370025635
5.416074514389038
5.406065464019775
5.219890832901001
5.423080205917358
5.466881275177002
5.277945041656494
5.445100784301758
5.291958570480347
5.304971218109131
5.3500120639801025
5.137813091278076
5.267934322357178
5.264938116073608
5.438093662261963
5.306971073150635
5.298964262008667
5.258926630020142
5.444099426269531
5.332997560501099
5.35401463508606
5.3680291175842285
5.226896286010742
5.369029998779297
5.1798529624938965
5.2430360317230225
5.274943590164185
5.3660266399383545
5.515166997909546
5.315980434417725
5.2228920459747314
5.372032642364502
5.396055221557617
5.327991247177124
5.163837194442749
5.434090614318848
5.2819483280181885
5.5832295417785645
5.481133699417114
5.325988531112671
5.305970668792725
5.397057056427002
5.5832297801971436
5.33800196647644
5.303968667984009
5.311975717544556
5.56821608543396
5.4180748462677
5.433089017868042
5.218889951705933
5.291958332061768
5.267935037612915
5.200871467590332
5.404061794281006
5.356017112731934
5.398056983947754
5.435091495513916
5.2849507331848145
5.171844720840454
5.684324741363525
5.677318811416626
5.654296636581421
5.370030641555786
5.402060031890869
5.471125602722168
5.359020233154297
5.421078205108643
5.315979957580566
5.560209035873413
5.676318168640137
5.28995418548584
5.252894401550293
5.574183464050293
5.524137020111084
5.721320152282715
5.2157673835754395
5.420040130615234
5.4580771923065186
5.25088357925415
5.326953649520874
5.189777374267578
5.310938596725464
5.481097221374512
5.272904634475708
5.230865001678467
5.467086315155029
5.484101057052612
5.3359620571136475
5.490106821060181
5.574183225631714
5.40002179145813
5.499114274978638
5.363988161087036
5.167805194854736
5.39401650428772
5.24587869644165
5.365989923477173
5.252884864807129
5.257890224456787
4.864523649215698
5.277909517288208
5.226860761642456
5.6012091636657715
5.570180892944336
5.254887819290161
5.452070236206055
5.322948455810547
5.048694849014282
5.0386857986450195
5.4280476570129395
5.366992235183716
5.3559815883636475
4.953606367111206
5.067712068557739
5.506121397018433
5.16278862953186
4.925580739974976
4.834495306015015
5.54215407371521
5.258890628814697
5.217851877212524
4.878535509109497
4.95560884475708
5.40202522277832
5.346972465515137
4.969293594360352
4.880537748336792
5.393015146255493
5.362987756729126
5.3709938526153564
5.4553327560424805
5.072716474533081
4.935589551925659
5.010663986206055
5.352978229522705
5.20684289932251
5.0186686515808105
5.015664339065552
5.148789644241333
5.1958324909210205
5.045692205429077
5.329956531524658
5.267898321151733
4.94017481803894
5.430050849914551
5.287916898727417
4.822484254837036
4.924581050872803
5.2016236782073975
4.941596269607544
5.331958532333374
5.046694755554199
4.971622943878174
4.976632118225098
5.278635263442993
5.011661529541016
4.809473752975464
5.009658336639404
5.01566481590271
5.23786997795105
5.115758180618286
5.011662483215332
5.370994806289673
5.222857475280762
4.94559121131897
5.272903919219971
5.103747129440308
5.278909206390381
5.359984397888184
5.266897916793823
5.185821771621704
5.08773136138916
5.236870527267456
5.160101413726807
5.2426817417144775
4.885544538497925
4.867526292800903
4.9215779304504395
5.340968132019043
5.138780117034912
5.018666744232178
4.971623420715332
4.85051155090332
5.129770278930664
4.962615489959717
5.072718858718872
4.842503547668457
5.275907516479492
5.175813913345337
5.069715976715088
4.959612607955933
4.923579216003418
4.952605724334717
5.3319597244262695
5.379002332687378
5.1317760944366455
4.9976487159729
4.903559446334839
4.811474323272705
4.833833694458008
5.265897750854492
5.063709259033203
5.20383882522583
5.259891986846924
4.862521171569824
5.022670745849609
5.525139093399048
4.9456000328063965
5.131772756576538
4.918591260910034
4.8545145988464355
5.116757869720459
5.003652572631836
5.258890151977539
5.014708995819092
4.838301420211792
4.961613655090332
5.392014265060425
5.185822248458862
4.806607961654663
4.868527889251709
5.198835611343384
5.060705900192261
4.646321773529053
4.999647855758667
4.9856367111206055
4.843166351318359
5.143782615661621
5.286917448043823
5.389040946960449
5.221337080001831
4.871531009674072
5.365359783172607
5.080725431442261
5.32695460319519
4.976628065109253
4.787453651428223
4.911565065383911
5.189825534820557
4.884408473968506
4.891550064086914
5.138779163360596
5.005656003952026
5.0697150230407715
5.061228036880493
4.7286694049835205
4.927558183670044
5.080699443817139
5.279884338378906
5.045993089675903
4.815761566162109
4.736381530761719
5.308911323547363
4.99261999130249
4.984612464904785
4.726372718811035
4.655439615249634
4.894526243209839
5.185403108596802
5.264871597290039
5.153768062591553
5.138755798339844
5.406001091003418
4.893528938293457
5.18745493888855
5.20531153678894
5.213515281677246
5.164777755737305
5.153769016265869
4.843501806259155
4.9415717124938965
5.102720737457275
5.040664196014404
5.168781518936157
4.961370468139648
4.981609106063843
4.877512454986572
4.984611511230469
5.246854782104492
4.851487636566162
5.000627517700195
4.906538963317871
4.937656879425049
5.138754367828369
4.962590932846069
4.6833336353302
4.7774200439453125
5.202813625335693
5.644221544265747
5.0610857009887695
4.85111665725708
4.992617845535278
4.922552585601807
5.243852138519287
5.131747484207153
4.947578191757202
4.943573713302612
4.594982862472534
4.840479612350464
5.269112825393677
4.986090898513794
4.756401062011719
5.41500997543335
5.230736255645752
4.8010735511779785
4.888787031173706
4.808448791503906
4.858494758605957
5.321922302246094
5.174788236618042
4.924557447433472
4.640294790267944
4.822461843490601
4.779422283172607
5.060834646224976
5.161263465881348
4.723370313644409
5.2748801708221436
5.116412878036499
5.143758773803711
5.187800645828247
4.814785718917847
4.820443153381348
5.396993160247803
5.283888339996338
4.922555685043335
4.9595887660980225
5.520107269287109
5.312915086746216
5.331932783126831
5.247854948043823
5.438032388687134
4.6192731857299805
5.2238335609436035
4.850488662719727
5.04466700553894
4.751397132873535
4.902535915374756
4.887149333953857
5.217827081680298
4.885519742965698
4.9275593757629395
4.778420686721802
5.2518603801727295
5.186500549316406
5.211822032928467
4.832470178604126
5.264606714248657
5.356955528259277
5.377975702285767
5.140758514404297
5.257864236831665
4.83046817779541
4.859099626541138
4.630284309387207
5.470059394836426
5.000627517700195
4.901534795761108
4.705353498458862
4.829178333282471
5.23198127746582
4.9325644969940186
4.94357442855835
5.259866714477539
5.162745237350464
5.198809385299683
5.338488340377808
5.09371280670166
4.823462009429932
4.82846736907959
4.911545276641846
4.966595888137817
4.74438738822937
4.805447578430176
5.119236707687378
5.093712329864502
4.7533979415893555
4.835474014282227
5.3329339027404785
5.333935260772705
5.217826843261719
4.915549278259277
4.876511096954346
4.827465534210205
5.235844612121582
5.258864164352417
4.8675031661987305
4.875509738922119
5.385981798171997
5.266873598098755
5.494083881378174
4.939570903778076
4.7784199714660645
5.50309157371521
5.302906274795532
5.143758296966553
4.865500450134277
5.486075401306152
5.335935831069946
5.297900438308716
5.387984991073608
4.7964394092559814
4.774417161941528
5.4460389614105225
4.994622468948364
4.6843342781066895
4.871506929397583
5.094714164733887
5.253861904144287
4.7984397411346436
4.936567306518555
4.788431882858276
4.6803295612335205
5.492081165313721
5.156771421432495
5.224835157394409
5.540126323699951
5.384980201721191
5.51710057258606
5.5534186363220215
5.476047515869141
5.269857168197632
5.290876388549805
5.405982971191406
5.190784931182861
4.835456848144531
5.206798791885376
5.1627583503723145
4.848467588424683
4.822443723678589
4.802070617675781
5.196789741516113
4.941554546356201
4.826449871063232
5.419995546340942
5.281867504119873
5.200794696807861
5.293879508972168
4.700331926345825
4.655332803726196
5.4390130043029785
5.049654245376587
5.025631666183472
5.3739542961120605
5.197791814804077
5.34784460067749
5.046651601791382
5.1347336769104
4.869487524032593
5.513081312179565
5.297882795333862
5.0236310958862305
4.974586009979248
5.054660320281982
4.839229106903076
5.371952295303345
5.2958807945251465
4.894510746002197
4.797423601150513
4.878497123718262
5.340923070907593
5.258847236633301
4.786412000656128
4.8784966468811035
5.294880390167236
5.245836973190308
5.295880556106567
