Timing log for each step:
0.009007453918457031
10.56512713432312
11.011837244033813
10.343510389328003
10.318616390228271
11.50185489654541
10.967837572097778
10.606670141220093
10.83722996711731
10.847427368164062
10.930725574493408
10.674088478088379
10.776975631713867
10.466923952102661
11.226071119308472
11.111948251724243
10.547432661056519
10.944837093353271
11.214210987091064
10.80257272720337
10.496065855026245
11.465006828308105
11.612843751907349
11.037900924682617
11.029205799102783
10.98344874382019
11.109752178192139
11.291423320770264
11.22921347618103
11.164407968521118
11.079988241195679
11.615533590316772
11.544783353805542
11.545801877975464
11.243797302246094
11.067490577697754
11.162879705429077
11.117539644241333
11.171003580093384
11.137356758117676
11.074350595474243
11.148013830184937
11.055954933166504
11.095453023910522
11.163205623626709
11.413113117218018
11.103060722351074
11.217078924179077
11.240483283996582
11.174911975860596
11.176642417907715
11.274100065231323
11.215661525726318
12.048508644104004
11.610984086990356
11.975886106491089
11.69021725654602
11.239330291748047
10.866526126861572
11.321296453475952
10.847062587738037
10.692391872406006
10.852864742279053
11.417250156402588
10.796285152435303
10.744510412216187
10.924952268600464
11.064919471740723
10.679018497467041
10.827639102935791
10.812005519866943
10.576403379440308
10.722094535827637
10.99558401107788
11.222991704940796
11.240490198135376
10.90026593208313
10.902375936508179
10.884235858917236
10.994949579238892
11.250314235687256
11.448999881744385
11.055523872375488
11.006144523620605
11.78607988357544
11.51427936553955
11.082274198532104
10.904078006744385
11.98531198501587
11.573620796203613
10.82540774345398
10.991441249847412
10.50019907951355
10.696658849716187
10.741813659667969
11.154916286468506
10.929013729095459
10.623410940170288
11.087234497070312
10.877916812896729
10.716474771499634
10.4819016456604
10.652759790420532
10.541792869567871
10.632111072540283
10.482046127319336
10.846332550048828
10.743308067321777
10.88692855834961
10.461077690124512
10.627411603927612
10.806987285614014
10.716304302215576
10.603231430053711
10.837494134902954
10.83837080001831
10.69267463684082
10.740229845046997
10.7315194606781
10.75979733467102
10.790376663208008
10.665696859359741
10.645807981491089
10.701068878173828
10.946988344192505
11.25043511390686
10.677543878555298
10.678462266921997
10.758507490158081
10.811466693878174
10.647918224334717
10.564229965209961
10.569369554519653
10.867545127868652
10.458430767059326
10.612153053283691
10.474629878997803
10.885398149490356
10.728967905044556
10.383747339248657
10.67319941520691
10.67553973197937
10.914651870727539
11.975910663604736
13.157243490219116
13.025201797485352
13.172804594039917
13.064564228057861
12.982843160629272
13.160687685012817
12.916430473327637
13.295053958892822
13.2074453830719
13.322417497634888
13.066362380981445
12.773601055145264
13.226342916488647
12.834985494613647
13.69323468208313
13.551716327667236
12.994076251983643
11.191997289657593
10.90329384803772
10.855481147766113
10.73940658569336
10.846662044525146
10.904739141464233
10.873934745788574
11.278262853622437
10.828396558761597
10.743452548980713
10.861907720565796
10.694762468338013
10.805848360061646
10.868023157119751
11.54443073272705
12.527869462966919
12.047214031219482
11.577542066574097
11.242828130722046
11.384218454360962
11.352732419967651
11.336469411849976
11.378928899765015
11.302838802337646
11.330993890762329
11.492342710494995
11.91341781616211
11.567547798156738
12.478804349899292
13.826035976409912
13.424338340759277
13.369916677474976
13.497714281082153
13.513405323028564
13.32080340385437
13.708541631698608
13.252210140228271
13.409730672836304
13.142501592636108
13.702459573745728
13.792446613311768
13.800756454467773
13.690462112426758
13.197539567947388
13.634361267089844
13.10286569595337
13.652050018310547
13.044453859329224
12.751191854476929
12.971795320510864
13.444965362548828
13.20008111000061
12.958313941955566
11.490536212921143
11.10583233833313
11.379871368408203
11.19886040687561
11.314560651779175
11.339570045471191
11.261205434799194
11.326035261154175
11.287676334381104
11.256435632705688
11.231399297714233
11.19550371170044
11.309146165847778
11.237584829330444
11.211387872695923
11.19118857383728
11.26607871055603
11.25180721282959
11.121448993682861
11.275349855422974
11.159841299057007
11.291337251663208
11.312533378601074
11.351912498474121
11.213309049606323
11.253392696380615
11.98129677772522
11.278427124023438
11.205898523330688
11.17980408668518
11.381347417831421
11.17464017868042
11.248252868652344
11.215203285217285
11.202684879302979
11.087170600891113
11.189655780792236
11.261608123779297
11.08113694190979
11.154821872711182
11.135213375091553
11.14136266708374
11.623208045959473
11.274071455001831
11.270002841949463
11.354832649230957
11.230728387832642
11.405988454818726
11.279720306396484
11.48622179031372
11.207969903945923
11.173338413238525
11.15695858001709
11.096297264099121
11.230489253997803
11.134814739227295
11.426599740982056
11.154500007629395
11.126948595046997
11.198942422866821
11.189623832702637
11.146179437637329
11.117393016815186
11.219817876815796
11.087110042572021
11.227415561676025
11.172123193740845
11.149095058441162
11.12501859664917
11.084945678710938
11.169609546661377
11.122132301330566
11.149701118469238
11.247382402420044
11.17337965965271
11.18012523651123
11.034643411636353
11.251660108566284
11.217750787734985
11.209680318832397
11.299745798110962
11.38982605934143
11.141719341278076
11.30405592918396
11.146634817123413
11.105319261550903
12.20072054862976
12.840497970581055
11.66574478149414
10.993324518203735
11.327419757843018
11.628326654434204
10.934985399246216
11.38478136062622
11.324477672576904
11.810975790023804
11.217585325241089
11.292304515838623
11.236844301223755
11.284571647644043
11.285538911819458
11.083730697631836
12.253679513931274
12.001196146011353
11.973101615905762
12.032126188278198
12.060330867767334
12.191543817520142
12.267990589141846
12.462981939315796
12.450470685958862
12.362881422042847
12.184727430343628
12.149174451828003
12.096333503723145
12.083040714263916
12.215435981750488
12.43839168548584
12.041884660720825
11.956109046936035
12.421478986740112
12.442225694656372
11.932762145996094
12.209369659423828
12.179208278656006
12.32611083984375
12.476977825164795
12.061746835708618
11.8537015914917
12.304144382476807
12.342495679855347
12.295366048812866
11.794421911239624
11.73760199546814
12.287048816680908
12.380098104476929
12.297104597091675
12.250497341156006
12.278867721557617
11.915207147598267
11.759353876113892
11.907177686691284
12.318727493286133
12.428971290588379
12.378803968429565
12.461764097213745
12.188612461090088
12.151683568954468
12.330415487289429
12.099784135818481
12.415636777877808
12.131964445114136
12.391167879104614
12.26770281791687
12.101372241973877
11.99471664428711
12.163620471954346
12.11724305152893
12.011125564575195
11.725126028060913
11.961108922958374
12.114709854125977
12.323663473129272
12.30085825920105
12.228075504302979
12.289839267730713
12.473960161209106
12.01109528541565
11.615710020065308
11.551003217697144
11.568240880966187
11.303487062454224
11.175183296203613
11.30582308769226
11.251829862594604
11.306884527206421
11.22682523727417
11.233577489852905
11.273687362670898
11.214267253875732
11.206354856491089
11.205832242965698
11.233727216720581
11.340824127197266
11.285051822662354
11.378561019897461
11.328125715255737
11.368056297302246
11.30322527885437
11.278884649276733
11.38356637954712
11.246275901794434
11.322641611099243
11.403196096420288
10.590005159378052
11.254738330841064
11.216285467147827
10.59141993522644
11.261697053909302
11.211236953735352
11.294474124908447
11.255000591278076
11.195980548858643
11.271554470062256
11.299133539199829
11.299967288970947
11.272305965423584
11.299455404281616
10.609862565994263
11.31907343864441
11.322677612304688
11.28457260131836
11.260422229766846
11.33488130569458
11.300801277160645
11.216970443725586
11.181322813034058
11.26906442642212
11.2637038230896
11.215922832489014
11.305438756942749
11.231829404830933
11.279505729675293
11.301324844360352
11.223541259765625
11.207447290420532
11.155792951583862
11.251090288162231
11.239827632904053
11.21718168258667
11.190647840499878
11.26180386543274
11.267506122589111
11.255336999893188
11.261372804641724
11.242696523666382
11.177647590637207
11.24106740951538
11.283865451812744
11.318965435028076
11.238696575164795
11.313737869262695
11.24263620376587
11.30153226852417
11.323455572128296
11.330011129379272
11.362311124801636
11.247864723205566
11.197150468826294
11.274228811264038
11.229665040969849
11.33172345161438
11.223292112350464
11.34425687789917
11.26950716972351
11.295686960220337
11.303704500198364
11.209687948226929
11.2556471824646
11.28996992111206
11.31311845779419
11.303365230560303
10.864633083343506
11.179853677749634
11.264801025390625
11.31264591217041
10.832275390625
11.337818622589111
11.382115364074707
11.302844524383545
11.22811245918274
11.317234754562378
11.27566146850586
11.183191776275635
11.297181606292725
11.353920459747314
11.345438241958618
11.309405326843262
10.849847316741943
11.214775323867798
11.170127153396606
11.242288589477539
11.294771194458008
11.309210300445557
11.27991247177124
11.228415727615356
11.319287061691284
11.240902185440063
11.28719186782837
11.331605911254883
11.30159592628479
11.290135383605957
11.355756282806396
11.855130672454834
11.982848405838013
12.172313928604126
11.05779767036438
11.830585718154907
11.720752477645874
11.647764205932617
11.92630672454834
11.915738344192505
11.901830434799194
12.069031476974487
11.896958351135254
11.981956481933594
11.87879753112793
12.20293116569519
12.143551588058472
11.828227758407593
12.029922723770142
12.087034463882446
12.087876796722412
11.663586854934692
11.176819562911987
11.86864948272705
11.87669825553894
12.100630044937134
11.90984845161438
12.043485403060913
11.998161792755127
12.042090654373169
11.600447416305542
11.418128490447998
11.770637512207031
11.71660327911377
11.570634126663208
11.942350387573242
12.053722858428955
11.959168910980225
12.124992370605469
11.706856489181519
10.878454208374023
11.756284236907959
11.921807527542114
11.89154052734375
11.44843864440918
10.793025255203247
11.273215293884277
11.210440397262573
11.474841833114624
11.173511743545532
11.30366587638855
11.365687608718872
11.37091851234436
11.323554754257202
11.214587450027466
11.403247833251953
11.436011552810669
11.997491121292114
11.162746906280518
11.389501333236694
11.992011070251465
11.581311702728271
11.61341381072998
12.032121658325195
11.539149522781372
11.557862758636475
12.024621725082397
11.48989486694336
11.496776819229126
12.043606042861938
11.352394342422485
11.096372842788696
11.410713195800781
11.51718521118164
11.42483925819397
11.877036809921265
11.266653060913086
11.297176599502563
11.569172143936157
12.342481136322021
11.200554132461548
10.93745470046997
11.999479293823242
11.494179248809814
11.642812252044678
12.490464687347412
11.685980081558228
11.255927085876465
12.306195497512817
11.69835615158081
11.658275604248047
12.129657983779907
11.674709558486938
11.878244161605835
11.750133514404297
12.05668592453003
11.55386233329773
11.296180725097656
12.2134108543396
12.097682476043701
11.919847965240479
11.903440237045288
11.69084095954895
12.088979721069336
11.92211627960205
12.126232624053955
12.129343748092651
12.053020715713501
12.07745885848999
11.519972324371338
11.796692132949829
12.023037433624268
11.268502235412598
11.190006017684937
11.740685224533081
11.9131019115448
12.021001100540161
12.045223474502563
11.584227323532104
11.38378643989563
12.041467189788818
11.994019269943237
11.968261957168579
11.587942123413086
12.069097518920898
11.685165643692017
11.018038034439087
11.98857831954956
11.456512212753296
10.660376787185669
10.765246391296387
12.297922611236572
10.484822988510132
10.439671039581299
10.046984910964966
10.545987606048584
10.522966146469116
10.199179649353027
10.602538585662842
10.146571397781372
10.595180749893188
10.141945362091064
10.492401838302612
10.827874183654785
11.8508780002594
11.384319305419922
11.680333137512207
11.386230230331421
11.309465646743774
12.003229856491089
11.560170412063599
11.975885391235352
11.640459060668945
12.079100370407104
11.304080486297607
11.508869886398315
11.716912746429443
11.497924089431763
11.681281328201294
11.585064172744751
12.087797403335571
11.464027881622314
12.007097005844116
11.249842166900635
11.957618951797485
11.521054744720459
11.544622421264648
11.98184871673584
11.484131336212158
11.451027870178223
11.622583627700806
11.326990365982056
11.4650239944458
11.491283893585205
12.103689432144165
11.737342119216919
12.068958759307861
11.367552280426025
11.975088834762573
11.588185787200928
11.83409595489502
11.199995517730713
12.144672393798828
11.511093139648438
11.440943717956543
11.929612874984741
11.106792449951172
12.02992844581604
11.535539627075195
12.068946123123169
11.459229946136475
11.719012975692749
11.4522864818573
12.006378173828125
11.31027889251709
12.008272647857666
11.50723123550415
11.394995212554932
11.909520864486694
11.045875787734985
11.500464677810669
11.079274892807007
11.277011632919312
11.814443349838257
11.24446415901184
10.707111120223999
11.219255447387695
10.87167477607727
11.080482244491577
10.731414318084717
11.15459132194519
10.669420957565308
11.848084926605225
11.491951704025269
11.78319787979126
11.56018614768982
11.024284362792969
11.578306674957275
10.896747589111328
10.736803531646729
11.54299283027649
11.448120832443237
11.747588872909546
10.948436975479126
10.89721131324768
11.355084419250488
11.541516065597534
11.501507759094238
10.99531602859497
10.881293773651123
11.755598783493042
11.145538806915283
11.72096586227417
10.741549253463745
11.131576776504517
12.250844478607178
11.527823448181152
10.656848669052124
10.568868160247803
10.766695022583008
10.77624225616455
10.641096830368042
10.700443029403687
10.689386367797852
10.937512874603271
11.295401573181152
10.826168537139893
11.502510786056519
10.891174793243408
11.334474802017212
11.104970693588257
11.212347984313965
11.36207127571106
11.064388036727905
10.881886005401611
11.175831317901611
11.56249475479126
10.882582664489746
11.442394018173218
10.215508937835693
10.900848627090454
11.044881582260132
11.431952714920044
10.75894832611084
11.30452299118042
10.954936981201172
11.337384462356567
10.996137142181396
11.56115198135376
10.734217643737793
11.165727376937866
10.290396690368652
11.01438856124878
11.214331865310669
11.181445837020874
10.896785974502563
10.91678762435913
11.33139944076538
11.3760404586792
10.76291561126709
12.049805402755737
10.795588970184326
11.480603218078613
10.87898874282837
11.186381101608276
10.502934217453003
11.204995393753052
10.391679286956787
11.422593355178833
10.906078815460205
11.931918621063232
11.46322774887085
11.200976848602295
11.025493383407593
10.860961675643921
10.259573459625244
10.430771827697754
10.784315824508667
10.389281272888184
10.3421151638031
10.47694706916809
10.639406681060791
10.824881076812744
10.316434621810913
11.037736177444458
11.241317749023438
11.344727277755737
10.865041017532349
11.087528944015503
11.37726902961731
11.227429389953613
10.701211214065552
10.707952976226807
10.5045907497406
10.707367897033691
11.213631868362427
10.696182012557983
10.726238012313843
11.172846555709839
11.391157388687134
10.877420902252197
11.286343336105347
10.881287813186646
11.342909574508667
10.777451276779175
11.222261190414429
10.530856847763062
10.719501495361328
11.264492750167847
11.18198013305664
10.860288619995117
10.863470792770386
11.337160110473633
11.239046573638916
10.584110021591187
11.250721216201782
10.94135069847107
11.019206047058105
11.24544620513916
11.465173244476318
11.40206527709961
10.554103374481201
11.275139093399048
10.615846395492554
11.03879976272583
11.314764976501465
11.202739953994751
10.861573696136475
11.11944055557251
11.228212356567383
10.943805932998657
10.947134971618652
10.972212553024292
11.009895086288452
11.011955976486206
10.999765396118164
11.007960557937622
10.970361232757568
10.91077446937561
10.925379514694214
10.95440125465393
10.922207593917847
10.365875720977783
10.983389139175415
10.927900791168213
11.055608749389648
10.987515211105347
11.043339967727661
11.20943546295166
11.57381272315979
11.66495156288147
11.32192349433899
10.745772123336792
11.045143365859985
11.070290088653564
10.742765188217163
10.622462272644043
11.055055618286133
10.72081208229065
10.717688798904419
10.294829607009888
10.226741790771484
10.742839813232422
10.831528663635254
10.74724268913269
10.46304178237915
11.162259340286255
10.226324319839478
10.526999473571777
10.699363231658936
10.441247701644897
10.368924379348755
11.23212456703186
10.461196899414062
10.39559030532837
10.640901803970337
10.52397084236145
10.551905393600464
10.331787109375
10.517362356185913
10.37300992012024
10.501605987548828
10.38576865196228
10.574540376663208
10.992688179016113
10.58663272857666
10.440514326095581
10.53615403175354
10.39238715171814
10.50166916847229
10.878977537155151
10.539988279342651
10.385360717773438
11.298196077346802
