Timing log for each step:
0.017015933990478516
5.421126842498779
5.1723246574401855
5.183680534362793
5.211320400238037
5.226863384246826
5.245761871337891
5.1628453731536865
5.077869653701782
5.1262524127960205
5.280720949172974
5.456180572509766
5.301077127456665
5.2184295654296875
5.235155344009399
5.4456164836883545
5.34837007522583
5.323200941085815
5.289011478424072
5.227778434753418
5.218109607696533
5.247300863265991
5.327012777328491
5.23407769203186
5.487807989120483
5.2923424243927
5.342890501022339
5.546065330505371
5.243082046508789
5.246279716491699
5.4118263721466064
5.103762865066528
5.357421159744263
5.1715898513793945
5.316158771514893
5.146946668624878
5.141885757446289
5.324528455734253
5.3565168380737305
5.2009711265563965
5.308578014373779
5.138275146484375
4.797645330429077
4.578255891799927
5.189174175262451
5.299930572509766
5.369392395019531
5.2195518016815186
5.230479717254639
5.3864641189575195
4.7318274974823
5.229227304458618
5.285665035247803
5.350911855697632
5.514922618865967
5.219309091567993
5.431595087051392
5.384560585021973
5.309466600418091
5.355729341506958
5.31146764755249
5.418018817901611
5.2848219871521
5.316230773925781
5.282956600189209
5.275333404541016
5.095707893371582
5.3586766719818115
5.318012237548828
5.3573853969573975
5.3511059284210205
5.392967939376831
5.33810567855835
5.277987480163574
5.490545034408569
5.393092155456543
5.410475015640259
5.312103509902954
5.277963399887085
5.360366106033325
5.487926483154297
5.3684303760528564
5.3468101024627686
5.3539087772369385
5.36217188835144
5.245926380157471
5.194495439529419
5.4221038818359375
5.360471248626709
5.432385206222534
5.349010467529297
5.442491769790649
5.356053113937378
5.348586559295654
5.349332332611084
5.5207133293151855
5.4335126876831055
5.3615195751190186
5.338486433029175
5.354130744934082
5.361922740936279
5.333459138870239
5.363286256790161
5.303106069564819
5.277166366577148
5.413488388061523
5.288212537765503
5.446740388870239
5.4288341999053955
5.360645532608032
5.429216623306274
5.283411026000977
5.40815544128418
5.327418804168701
5.264342784881592
5.338438987731934
5.366192579269409
5.389297246932983
5.301831483840942
5.433382511138916
5.356039762496948
5.477355003356934
5.415523052215576
5.361519813537598
5.352947950363159
5.2573161125183105
5.34235143661499
5.39409327507019
5.387725114822388
5.414156675338745
5.422988176345825
5.4135520458221436
5.357264041900635
5.400217056274414
5.427616596221924
5.425158739089966
5.394686460494995
5.381796360015869
5.507216930389404
5.397645711898804
5.393558025360107
5.441431999206543
5.415642738342285
5.423463344573975
5.383177042007446
5.508838891983032
5.503221750259399
5.502565622329712
5.391780376434326
5.394699811935425
5.41680908203125
5.449803829193115
5.307949066162109
5.470842599868774
5.430154085159302
5.364823341369629
5.452580690383911
5.417884349822998
5.4135582447052
5.480787038803101
5.390981674194336
5.434542179107666
5.365609884262085
5.460615158081055
5.423969745635986
5.397602081298828
5.408350944519043
5.295422792434692
5.3664984703063965
5.474463701248169
5.408695220947266
5.440217971801758
5.468992233276367
5.492258310317993
5.451517105102539
5.404566764831543
5.361202716827393
5.403205156326294
5.310177326202393
5.368566989898682
5.477888345718384
5.307233095169067
5.298933506011963
5.471154689788818
5.413098096847534
5.422590255737305
5.35530161857605
5.348219394683838
5.513443231582642
5.418489456176758
5.564741849899292
5.360982656478882
5.346161842346191
5.405130386352539
5.470317363739014
5.458469390869141
5.390522480010986
5.489368200302124
5.445131063461304
5.372398853302002
5.547628402709961
5.390507698059082
5.450479030609131
5.3429436683654785
5.386937618255615
5.3633599281311035
5.352808952331543
5.472790956497192
5.412580966949463
5.396504163742065
5.475605726242065
5.382826566696167
5.415048360824585
5.307920217514038
5.482553482055664
5.360190153121948
5.501272916793823
5.475508213043213
5.461164236068726
5.42142915725708
5.4574854373931885
5.470098257064819
5.471989393234253
5.462597370147705
5.271411895751953
5.399059534072876
5.356170892715454
5.390699148178101
5.426069498062134
5.323369264602661
5.327437400817871
5.373380899429321
5.459025859832764
5.498395919799805
5.413626194000244
5.382146596908569
5.426119804382324
5.426624774932861
5.418775320053101
5.405620574951172
5.4639129638671875
5.49659538269043
5.557856798171997
5.4674601554870605
5.485780239105225
5.460704326629639
5.538100242614746
5.480727434158325
5.508515119552612
5.441859483718872
5.449036121368408
5.389336585998535
5.4740891456604
5.452445030212402
5.368993043899536
5.315380334854126
5.399900913238525
5.558324575424194
5.443260192871094
5.49835729598999
5.402282953262329
5.411679744720459
5.465582370758057
5.441497325897217
5.511176347732544
5.395515441894531
5.535856485366821
5.40322732925415
5.408169507980347
5.478211164474487
5.48078989982605
5.523793458938599
5.481862306594849
5.481715679168701
5.381023645401001
5.4774415493011475
5.363762617111206
5.437700986862183
5.484123229980469
5.531531572341919
5.374472379684448
5.498016834259033
5.369078636169434
5.623586177825928
5.428358316421509
