Timing log for each step:
0.0150146484375
5.2127525806427
5.112660884857178
5.139685869216919
5.094644784927368
5.142689943313599
5.143688678741455
5.1296775341033936
5.137684345245361
5.0926432609558105
5.244781017303467
5.151697397232056
5.359886407852173
5.2297680377960205
5.192733526229858
5.267802715301514
5.173717260360718
5.100650072097778
5.131680250167847
5.078631639480591
5.45597505569458
5.276811122894287
5.29182505607605
5.418941259384155
5.12667441368103
5.211751699447632
5.2447829246521
5.544055461883545
5.088640451431274
5.2327704429626465
5.208750009536743
5.198740005493164
5.2818169593811035
5.3328611850738525
4.3819966316223145
4.291913032531738
4.492095232009888
5.205747365951538
4.248873710632324
5.244781494140625
4.695280313491821
4.658246994018555
4.932496070861816
5.3008339405059814
5.190733194351196
5.336865663528442
5.031587839126587
5.293827533721924
5.192734956741333
5.556065559387207
5.513025522232056
5.442961931228638
5.466984987258911
5.594099998474121
5.423943758010864
5.292823553085327
5.3398683071136475
5.246783971786499
5.398921251296997
5.286820650100708
5.4159369468688965
5.3228538036346436
5.352879762649536
5.452971935272217
5.360887050628662
5.318850040435791
5.382908344268799
5.366893529891968
5.249785661697388
5.398922443389893
5.342872142791748
5.44696569442749
5.375900506973267
5.418940305709839
5.2167558670043945
5.330861568450928
5.267803192138672
5.364891767501831
5.290823698043823
5.3899147510528564
5.289823055267334
5.288821697235107
5.386910915374756
5.372900009155273
5.285820484161377
5.298832178115845
5.316847085952759
5.390916109085083
5.319849967956543
5.271806001663208
5.287822008132935
5.409932374954224
5.324854612350464
5.401925325393677
5.26980447769165
5.369896411895752
5.370896816253662
5.311842918395996
5.349877834320068
5.357884168624878
5.354882001876831
5.361889123916626
5.342870712280273
5.356885194778442
5.295827865600586
5.2958292961120605
5.39091420173645
5.423945665359497
5.288821458816528
5.395918607711792
5.33686637878418
5.385910749435425
5.390915155410767
5.360887289047241
5.373899459838867
5.329859972000122
5.476992607116699
5.34487247467041
5.393917798995972
5.374901056289673
5.30884051322937
5.4349565505981445
5.331860780715942
5.3739001750946045
5.382908582687378
5.393917560577393
5.410933256149292
5.333861827850342
5.337867021560669
5.405928611755371
5.41293478012085
5.335864543914795
5.3058390617370605
5.329859256744385
5.417940139770508
5.290823698043823
5.543053865432739
5.437957763671875
5.41393518447876
5.391916275024414
5.5410521030426025
5.414936542510986
5.40392541885376
5.441960573196411
5.305838108062744
5.388911962509155
5.428950071334839
5.382908344268799
5.375901460647583
5.36188817024231
5.354881763458252
5.429950475692749
5.466983318328857
5.287822008132935
5.384909152984619
5.43695592880249
5.381906747817993
5.478994607925415
5.373899698257446
5.363890171051025
5.425946235656738
5.427948951721191
5.310842275619507
5.374901056289673
5.353882551193237
5.320850849151611
5.309841156005859
5.4389588832855225
5.3899149894714355
5.4169394969940186
5.4739906787872314
5.370898008346558
5.237775564193726
5.27380895614624
5.393917560577393
5.418939828872681
5.342870712280273
5.386910676956177
5.38891339302063
5.463981866836548
5.351879358291626
5.404927968978882
5.670169115066528
5.385910511016846
5.244781970977783
5.41894006729126
5.359887599945068
5.306837558746338
5.419941663742065
5.448968887329102
5.394915580749512
5.445965528488159
5.456975698471069
5.441962242126465
5.455974340438843
5.38791298866272
5.398922681808472
5.56170129776001
5.629651308059692
5.458807945251465
5.505598306655884
