Timing log for each step:
0.014013290405273438
10.679105043411255
10.34283995628357
10.242628812789917
10.333750009536743
10.203362941741943
10.219420194625854
10.244580030441284
10.098228931427002
10.304762840270996
10.102863311767578
10.243553876876831
10.12241530418396
10.24698781967163
9.957749843597412
10.327178001403809
10.360608577728271
10.305668592453003
10.277454137802124
10.23159670829773
10.343631505966187
10.377654790878296
10.247853517532349
10.316787719726562
10.524099588394165
10.266793489456177
10.32466459274292
10.519901275634766
10.435770511627197
10.330533027648926
10.346868753433228
10.51547384262085
10.46262502670288
10.351222038269043
10.41493844985962
10.310012102127075
10.270472049713135
10.378602504730225
10.310614824295044
10.389915943145752
10.27862024307251
10.370060682296753
10.36049199104309
10.482177972793579
10.431057691574097
10.232475757598877
10.19040036201477
10.488975524902344
10.42546010017395
10.32936406135559
10.348905801773071
10.338309288024902
10.292771816253662
10.488885879516602
10.38327407836914
10.483408689498901
10.407318830490112
10.467921018600464
10.54180645942688
10.3220796585083
10.530539512634277
10.253121137619019
10.183660507202148
10.477486848831177
10.545696496963501
10.593463659286499
10.279550075531006
10.351616859436035
10.489642143249512
10.50455617904663
10.41770887374878
10.431470394134521
10.79885745048523
10.349053621292114
10.727991342544556
10.399251461029053
10.490901947021484
10.489687442779541
10.57411003112793
10.637412548065186
10.411856889724731
10.412766933441162
10.414492845535278
10.356448650360107
10.414140224456787
10.545175075531006
10.343492269515991
10.478675842285156
10.510177612304688
10.462727069854736
10.428614377975464
10.245917081832886
10.456822395324707
10.282543420791626
10.44644284248352
10.493992567062378
10.386244773864746
10.345494985580444
10.399111270904541
10.540987014770508
10.543480157852173
10.289938688278198
10.403650999069214
10.56869125366211
10.486401557922363
10.51758623123169
10.490801811218262
10.592809438705444
10.55050015449524
10.39870810508728
10.42364764213562
10.35767912864685
10.485767126083374
10.200792789459229
10.554721355438232
10.32953405380249
10.392967700958252
10.52266526222229
10.567723274230957
10.554800033569336
10.364831924438477
10.553189277648926
10.447474718093872
10.414751529693604
10.509816884994507
10.386744976043701
10.395737409591675
10.587915182113647
10.529699563980103
10.711883783340454
10.520137071609497
10.289891958236694
10.580641746520996
10.328326940536499
10.521608352661133
10.26113247871399
10.18253779411316
10.426301956176758
10.536098957061768
10.49754285812378
10.551374912261963
10.547223091125488
10.474063634872437
10.51747465133667
10.438894510269165
10.53391695022583
10.598643064498901
10.27692723274231
10.391813039779663
10.48963189125061
10.634945392608643
10.653696298599243
10.568208932876587
10.373040437698364
10.580610513687134
10.606432676315308
10.44071078300476
10.41173267364502
10.515541553497314
10.497277736663818
10.560884714126587
10.349214315414429
10.347365140914917
10.685644388198853
10.481950283050537
10.65459156036377
10.573935985565186
10.427082777023315
10.52549409866333
10.442053318023682
10.461796760559082
10.45337724685669
10.432713270187378
10.571869134902954
10.408987998962402
10.522851467132568
10.457438230514526
10.362334966659546
10.328223466873169
10.376818656921387
10.493602514266968
10.449756383895874
10.482132911682129
10.181613445281982
10.474689722061157
10.40578842163086
10.428285121917725
10.471407651901245
10.595003128051758
10.522801399230957
10.613139152526855
10.396663665771484
10.55028748512268
10.540873765945435
10.60719609260559
10.54262638092041
10.113391160964966
10.455136060714722
10.601767778396606
10.38082242012024
10.650508880615234
10.554272174835205
10.61902666091919
10.379897594451904
10.467501640319824
10.441041946411133
10.307405471801758
10.452933073043823
10.460510969161987
10.633042335510254
10.534790754318237
10.161846399307251
11.0582275390625
10.44070816040039
10.17792296409607
10.380663871765137
10.598185777664185
10.279541969299316
10.351286172866821
10.408749103546143
10.541920185089111
10.361000537872314
10.385495901107788
10.691391229629517
10.32372498512268
10.422816038131714
10.297590017318726
10.489443063735962
10.33198070526123
10.269750833511353
10.621774196624756
10.515166997909546
10.51311206817627
10.620102882385254
10.38408875465393
10.278701782226562
10.265171766281128
10.529774904251099
10.598520517349243
10.085765361785889
10.588743686676025
10.471072435379028
10.356305837631226
10.482722282409668
10.537812232971191
10.288305044174194
10.56993842124939
10.34850287437439
10.523398637771606
10.351799488067627
10.545403957366943
10.545552968978882
10.554832458496094
10.581391096115112
10.331695318222046
10.570584297180176
10.470860004425049
10.479942321777344
10.485718727111816
10.299086093902588
10.695056200027466
10.487249374389648
10.551834344863892
10.406574010848999
10.317755460739136
10.50613784790039
10.594809293746948
10.431906938552856
10.526847839355469
10.59116792678833
10.580813884735107
10.387363195419312
10.153133869171143
10.55753469467163
10.341352224349976
10.548294305801392
10.350069999694824
10.36143970489502
10.311957597732544
10.315874338150024
10.742422103881836
10.361166715621948
10.611478328704834
10.54279613494873
10.496763944625854
10.675512790679932
10.285654067993164
10.488783121109009
10.476325035095215
10.56019902229309
10.587603092193604
10.2707040309906
10.395767211914062
10.299102067947388
10.562186479568481
10.543822050094604
10.704859972000122
10.364787578582764
10.460167169570923
10.20694637298584
10.470674276351929
10.427820920944214
10.207868576049805
10.104125261306763
10.402060985565186
10.646739482879639
10.480123043060303
10.336942672729492
10.406281232833862
10.60793924331665
10.666751861572266
10.426170825958252
10.350217342376709
10.587817907333374
10.461697101593018
10.237932443618774
10.090280055999756
10.83681869506836
10.384813785552979
10.302674055099487
10.509278774261475
10.369921207427979
10.42006778717041
10.080151796340942
9.934018611907959
9.935019254684448
10.024101495742798
9.965047359466553
10.150214195251465
10.221280336380005
10.026103734970093
10.130196571350098
10.189250707626343
10.028104066848755
10.336383819580078
10.04512071609497
10.211271047592163
10.24631142616272
9.966046571731567
9.964046478271484
10.313363552093506
10.153218984603882
10.216274976730347
10.125192642211914
10.340388059616089
10.230287551879883
10.088159561157227
10.369414567947388
10.208268165588379
10.648667573928833
10.320370197296143
10.119186639785767
10.025101900100708
10.113182544708252
10.285337448120117
10.258313179016113
10.416456937789917
10.349396228790283
10.19725775718689
10.406448364257812
10.48952341079712
10.405446767807007
10.047120809555054
10.022098541259766
10.12519359588623
10.00508451461792
9.983063220977783
10.025102138519287
10.448486089706421
10.324372053146362
10.306355714797974
10.171234369277954
10.216275215148926
10.467503547668457
10.016093492507935
10.315365314483643
10.306356430053711
10.272326231002808
10.204265117645264
10.030107259750366
10.133200883865356
10.34038782119751
10.475512266159058
10.40244460105896
10.179242610931396
10.029105186462402
10.239296197891235
10.179240942001343
10.008087396621704
10.468502521514893
10.045119285583496
10.282334804534912
10.369415760040283
10.103173971176147
9.835929870605469
10.172235250473022
10.089160442352295
10.259315252304077
10.124191999435425
10.271324634552002
10.231287240982056
10.393436431884766
10.38042402267456
10.20826768875122
10.168229579925537
10.335383653640747
10.411453247070312
10.254310369491577
10.196256399154663
10.278332710266113
10.318367719650269
10.140205144882202
10.113181352615356
10.316365957260132
10.433472156524658
10.239295959472656
10.110178709030151
10.331379652023315
10.10517430305481
9.969050884246826
10.186248540878296
10.370414972305298
10.170233726501465
10.085156202316284
10.0921630859375
10.189250946044922
10.141206502914429
10.14921498298645
10.168231725692749
10.207266807556152
10.358404159545898
10.368413209915161
10.245301008224487
10.451488256454468
10.244300603866577
10.153218269348145
10.306357145309448
10.188249588012695
10.036112785339355
10.332382202148438
10.34939432144165
10.31136178970337
10.220278263092041
10.240296602249146
10.014092206954956
10.222279787063599
10.0841543674469
9.982062339782715
10.087157964706421
10.04211711883545
10.163226842880249
10.146212100982666
10.222281694412231
10.042117357254028
9.940024375915527
9.794893741607666
9.931016206741333
10.235292911529541
10.23529314994812
10.142208337783813
9.934018850326538
10.125193119049072
9.978060007095337
10.016093492507935
10.27933144569397
10.033109903335571
10.044119358062744
10.148213624954224
10.081151962280273
10.229286193847656
10.162226438522339
10.2082679271698
10.348395109176636
10.101170778274536
9.466594457626343
10.074144124984741
10.297348976135254
9.826921939849854
9.958040714263916
10.21827745437622
9.927012920379639
10.071144104003906
9.945029497146606
10.138204097747803
10.05112338066101
10.224281311035156
10.033108949661255
9.973052501678467
10.117185115814209
10.00708556175232
10.122189283370972
10.16122555732727
10.232289791107178
9.87196159362793
10.200260639190674
9.76686716079712
9.955039262771606
9.551670789718628
9.944026231765747
10.154218912124634
10.215756893157959
10.06179141998291
10.179906368255615
10.216943264007568
10.105833530426025
10.290010452270508
10.115843534469604
10.317039728164673
9.996728420257568
10.212937831878662
9.89963436126709
9.968700170516968
9.84658145904541
9.319069147109985
10.220946311950684
10.1728994846344
9.683422088623047
10.132861375808716
10.125853538513184
10.16188907623291
9.552295684814453
10.056786060333252
9.920653820037842
9.659399271011353
10.154881238937378
9.91364860534668
10.049778461456299
9.616358280181885
10.231956481933594
10.185912370681763
10.113842248916626
9.910645246505737
10.157885313034058
10.090818643569946
10.282005310058594
10.010741233825684
10.0928213596344
10.076804876327515
10.032761335372925
10.149874925613403
10.024755954742432
10.12985610961914
10.07079815864563
10.081810235977173
10.165893316268921
10.021752119064331
9.99472689628601
10.140867710113525
10.145873546600342
10.076804637908936
10.163891315460205
9.921655178070068
10.207932472229004
10.08881688117981
9.698438167572021
10.085815191268921
10.348069190979004
10.045775175094604
10.110837697982788
9.946677684783936
10.01474642753601
10.140868902206421
10.231956720352173
10.171897411346436
10.024755716323853
10.033763408660889
10.133862018585205
10.139867782592773
10.137865543365479
9.992723941802979
10.174900531768799
10.175901889801025
9.806543827056885
10.321043491363525
10.25297737121582
10.222944974899292
10.095823764801025
10.161888360977173
9.988720893859863
10.071801662445068
10.1678946018219
9.843579053878784
9.724462985992432
9.976708889007568
10.094824314117432
10.102831363677979
10.101830005645752
10.030761241912842
9.824560403823853
10.073803663253784
10.166893243789673
9.885619163513184
10.048778533935547
10.116844892501831
10.273957014083862
10.145694494247437
9.955512762069702
10.080633401870728
9.944502115249634
10.003559112548828
10.170719623565674
9.88344407081604
10.062614679336548
10.047600030899048
9.835397720336914
10.029584884643555
9.93849778175354
10.199746370315552
10.168716430664062
10.160708665847778
9.879440307617188
10.424969673156738
10.16871690750122
10.251796245574951
10.092642784118652
10.154702186584473
10.176721334457397
10.36890697479248
9.977534055709839
10.267810106277466
9.998554229736328
9.947503566741943
10.134683609008789
9.990546464920044
9.843405723571777
10.088639974594116
10.300843715667725
10.0415940284729
10.068619966506958
10.200745820999146
10.116667032241821
10.353893280029297
10.00455927848816
10.171719789505005
10.10965895652771
10.220766305923462
9.634205102920532
9.518094062805176
9.950506925582886
10.168717861175537
10.119668245315552
10.248791694641113
10.1837317943573
10.053605556488037
10.245789527893066
10.008563041687012
10.070624113082886
10.48702096939087
10.090641975402832
9.834397554397583
10.1537024974823
10.158706903457642
10.17472243309021
9.635208368301392
9.121714115142822
9.2388277053833
9.515090942382812
9.453031063079834
10.111661911010742
10.235780000686646
10.055608034133911
10.017569780349731
10.243788242340088
9.909468650817871
10.171719789505005
10.39192795753479
10.27982211112976
10.203750371932983
9.91247034072876
10.156705379486084
9.968524932861328
10.054606914520264
9.680248737335205
10.06461763381958
10.183731317520142
10.157705068588257
10.069623470306396
10.100651025772095
9.937494993209839
10.174724578857422
10.110661268234253
10.398937225341797
9.870432376861572
10.385924100875854
9.740307807922363
9.872433423995972
10.303845643997192
10.039592504501343
10.359893798828125
9.782246589660645
10.008437633514404
10.435839414596558
10.13655948638916
10.19761610031128
9.782224178314209
10.21463131904602
10.16658616065979
10.140560150146484
10.211628913879395
10.162583112716675
10.102525234222412
10.14656662940979
10.06348967552185
9.876312971115112
10.226643323898315
10.165585994720459
10.39781379699707
10.168586015701294
10.057482242584229
10.145566463470459
10.257671594619751
9.509966850280762
10.119542598724365
9.762206554412842
10.175593852996826
10.255670547485352
10.263676166534424
10.131553649902344
9.790231227874756
10.18360161781311
9.933365821838379
10.287701606750488
10.280694007873535
10.263677597045898
10.10653042793274
10.169588327407837
9.850288152694702
10.316727638244629
9.828266859054565
10.124547004699707
10.219635248184204
10.156576156616211
9.798238754272461
10.217633724212646
10.173592805862427
10.338748693466187
10.096519708633423
9.928361177444458
10.074499607086182
9.998427391052246
9.988418817520142
10.217634439468384
10.308729648590088
9.92035436630249
10.018447637557983
10.041467428207397
10.356764554977417
9.868306159973145
10.278692245483398
10.187606573104858
10.072498559951782
10.080504894256592
10.008438348770142
9.962394952774048
10.307719707489014
10.110533952713013
10.092516899108887
10.210627555847168
10.276690006256104
9.89833402633667
10.113536596298218
10.019447803497314
10.069494247436523
10.086509704589844
10.489890813827515
10.054481744766235
10.16958737373352
10.091516494750977
10.016445875167847
9.917351484298706
10.019448041915894
10.333743810653687
10.014443397521973
9.9563889503479
10.054481744766235
9.923357009887695
10.42283821105957
10.153574466705322
10.312724590301514
10.100523948669434
10.100524663925171
10.12254548072815
10.03646445274353
9.91733193397522
10.363677740097046
9.96730637550354
10.017354726791382
10.114445209503174
10.073407173156738
9.871217966079712
9.963303327560425
10.228551864624023
10.12645697593689
10.203528642654419
9.887234449386597
10.119449615478516
10.072405576705933
10.037374019622803
10.04037618637085
9.895240068435669
9.97531533241272
10.098430156707764
10.011348247528076
9.947289228439331
10.233556032180786
10.035371541976929
9.940281867980957
9.94028377532959
9.78914189338684
10.233556747436523
10.09943151473999
9.98832893371582
10.042378425598145
10.314632177352905
10.05138635635376
10.01935601234436
9.684044361114502
9.943285465240479
10.07741117477417
10.057400941848755
10.195521593093872
10.101434707641602
9.843192338943481
10.028366088867188
9.803154945373535
9.690048217773438
9.754109144210815
9.937280893325806
9.921265840530396
9.7200767993927
10.003342390060425
9.853201150894165
9.900246858596802
9.872219324111938
10.014351844787598
10.10144329071045
9.929271459579468
9.895241260528564
10.035371780395508
9.636999607086182
9.997336149215698
9.77813172340393
9.256643295288086
9.987326860427856
9.656014204025269
10.083415508270264
9.940283060073853
10.008345365524292
10.202527523040771
10.050384998321533
10.195521593093872
9.83918833732605
9.641003370285034
10.057392835617065
9.951291799545288
9.9112548828125
9.883229494094849
9.861208200454712
9.88723373413086
9.79214358329773
9.86521291732788
9.988327264785767
9.97431492805481
10.048382997512817
9.989328384399414
10.029365539550781
9.802153825759888
10.042377233505249
9.90224814414978
10.027364015579224
9.536905527114868
9.99533224105835
9.833183765411377
9.751106023788452
9.78814148902893
9.793145418167114
9.676034927368164
9.692050218582153
9.955296993255615
9.847184419631958
9.845130443572998
9.838124752044678
9.850136280059814
9.805093765258789
9.881164789199829
9.983259201049805
10.10136866569519
9.95823621749878
9.988264322280884
9.83211898803711
9.960237741470337
9.968245506286621
9.845132112503052
10.11237907409668
9.794085502624512
9.733026266098022
9.908189058303833
10.038311243057251
9.855140924453735
9.745038270950317
9.597902059555054
9.984260082244873
9.730024814605713
9.834121704101562
9.688986539840698
10.111387491226196
10.040311574935913
9.916197776794434
9.937215328216553
9.861145734786987
9.92420482635498
9.870152950286865
9.888170003890991
9.815103530883789
10.201461553573608
11.14633846282959
10.33958888053894
10.055326223373413
9.974250316619873
9.73603105545044
10.043312549591064
10.027308940887451
9.81510305404663
9.742034912109375
9.66696548461914
9.912193536758423
10.030312299728394
9.786076307296753
9.79808759689331
9.770061492919922
9.79308271408081
9.764057397842407
9.953241109848022
9.908190250396729
10.160422563552856
9.867152452468872
9.784073829650879
9.93021035194397
9.720013856887817
9.729023694992065
9.54485273361206
9.877161026000977
9.83712363243103
9.838125467300415
9.788078308105469
9.773073196411133
9.7870774269104
9.857141733169556
9.570876836776733
9.824111700057983
9.78007173538208
9.553860187530518
9.631931781768799
9.73703122138977
9.702998399734497
9.693990468978882
9.811099290847778
9.549856662750244
9.842127561569214
9.71601152420044
9.657956600189209
9.698994636535645
9.699996948242188
9.57387900352478
9.937216758728027
9.663963317871094
9.519829511642456
9.806095123291016
9.811100006103516
9.695993661880493
9.85914397239685
9.91519546508789
9.56386947631836
9.504815816879272
9.900182485580444
9.71501088142395
9.769060373306274
9.73699140548706
9.6729257106781
9.71196174621582
9.802043914794922
9.855094194412231
9.619877338409424
9.533798217773438
9.997225284576416
9.87712287902832
9.756011962890625
9.573835372924805
9.5438072681427
9.560820817947388
9.913156509399414
9.397672414779663
9.828069686889648
9.893129110336304
9.896141767501831
9.750998258590698
9.55181336402893
9.550813674926758
9.613871335983276
9.770015478134155
9.499765396118164
9.518783569335938
10.246464967727661
9.81306505203247
9.658913612365723
9.613871812820435
10.12635350227356
9.915148496627808
9.729979276657104
9.410684585571289
9.695947408676147
9.819060325622559
9.460729598999023
9.68994140625
9.860098361968994
9.797039270401001
9.74499249458313
9.726975440979004
9.85008978843689
9.927169799804688
9.55281400680542
9.652906656265259
9.763008832931519
9.581842184066772
9.810052633285522
9.786029815673828
9.651906251907349
9.741989612579346
9.827067852020264
9.637893199920654
9.59285306930542
9.840080499649048
9.519785642623901
9.677930355072021
9.650903224945068
9.743991136550903
9.576836824417114
9.502770185470581
9.472739696502686
9.665919065475464
9.268553018569946
9.898133993148804
9.842081785202026
9.552815914154053
9.716965675354004
9.697949171066284
9.777021169662476
9.748994588851929
9.81605839729309
9.630886554718018
9.64690113067627
9.822063684463501
9.634891033172607
9.564825057983398
9.591851472854614
9.661916017532349
9.8190598487854
9.797040700912476
9.889134883880615
9.74599289894104
9.733982563018799
9.905139923095703
9.724974155426025
9.529794931411743
9.56983232498169
9.598857164382935
9.56782841682434
9.795038938522339
9.62287974357605
9.873110294342041
9.689941644668579
10.035260677337646
9.593854188919067
9.717968463897705
10.041265964508057
9.918130874633789
9.758973360061646
9.93514370918274
9.715933322906494
9.804014444351196
10.021214008331299
9.687907695770264
9.752967596054077
9.9701669216156
9.65087366104126
9.736953258514404
9.691911458969116
9.76397705078125
9.946144819259644
9.814024209976196
10.052242517471313
9.832040548324585
9.660884141921997
9.837045192718506
10.163344383239746
9.726943969726562
9.596823692321777
9.786999464035034
9.564794301986694
9.82303261756897
9.807017087936401
9.96716570854187
9.832041501998901
9.685905694961548
9.626851797103882
9.589817762374878
9.881085634231567
9.905107021331787
9.699918985366821
9.83003854751587
9.79600739479065
9.74396014213562
9.665887832641602
9.793004274368286
9.792004108428955
9.744959831237793
9.553784370422363
9.869073867797852
9.712931394577026
9.687907457351685
9.780992984771729
9.901103258132935
9.75296926498413
9.878081798553467
9.901103734970093
9.765980243682861
9.666887998580933
9.656880617141724
9.800009965896606
9.604832172393799
9.629854202270508
9.72293996810913
9.94214129447937
9.788000106811523
9.625850200653076
9.804014444351196
9.947145462036133
9.789001226425171
9.943142652511597
9.84104871749878
9.581810235977173
9.755970001220703
9.817026853561401
10.145327806472778
9.506741523742676
10.306485652923584
9.813023567199707
9.808018207550049
9.80701732635498
9.801011800765991
9.717935562133789
9.826035737991333
9.934134006500244
9.629853963851929
9.686907052993774
9.970166683197021
9.97617220878601
9.894096851348877
9.902105569839478
9.790001630783081
9.826034784317017
9.791002988815308
10.30447506904602
10.057245016098022
9.925126075744629
10.005199670791626
9.72394061088562
9.942141771316528
9.981177568435669
10.159350872039795
10.071259498596191
9.83904504776001
10.10528016090393
9.91809606552124
10.152311563491821
10.136296510696411
10.076241970062256
9.833019018173218
10.055223941802979
9.943119049072266
9.82801365852356
10.094258308410645
9.91209077835083
9.88906979560852
10.082247257232666
10.06423020362854
9.981155395507812
9.796984672546387
10.172330379486084
9.810999393463135
9.786976099014282
9.854038000106812
10.050216674804688
9.823009490966797
9.992165088653564
9.845029592514038
10.031200170516968
9.852036952972412
10.087251663208008
9.953128814697266
10.218371868133545
10.076241731643677
10.017187356948853
9.90708613395691
9.97214674949646
9.84102487564087
9.949124097824097
9.947120666503906
9.835020780563354
9.945121765136719
10.014185428619385
10.030199527740479
9.719914674758911
9.824010133743286
9.810999155044556
9.931108951568604
10.02119255065918
9.933110475540161
10.063230037689209
9.915094375610352
9.809997081756592
9.793981552124023
9.880062580108643
9.68287992477417
10.005175828933716
9.823010683059692
10.162321329116821
9.836021184921265
9.904083013534546
9.960134983062744
9.842026710510254
9.905082702636719
9.956130504608154
9.824010848999023
9.96814250946045
10.028198003768921
9.930107355117798
9.968141555786133
9.870052337646484
9.948123693466187
9.79898738861084
9.852036476135254
10.099263191223145
10.151311159133911
10.09225606918335
10.161319971084595
9.864047765731812
10.169328451156616
9.859041929244995
10.10627007484436
9.7159104347229
9.643845081329346
9.774965286254883
9.91809630393982
9.675874710083008
10.22037410736084
9.916094779968262
9.669869899749756
9.936113119125366
9.80999755859375
9.810998439788818
9.81600284576416
9.959133863449097
9.957133054733276
9.865047454833984
9.903083086013794
9.91209077835083
9.903083562850952
9.88205885887146
9.8690345287323
10.130272150039673
9.897060871124268
9.846013307571411
9.936096668243408
9.870035886764526
9.86202883720398
9.82099175453186
10.030181884765625
9.94010043144226
9.647833108901978
9.929356098175049
9.744921207427979
