Timing log for each step:
0.013011932373046875
5.324879169464111
5.256983518600464
5.354296922683716
5.288129806518555
5.642524719238281
5.280437469482422
5.324838161468506
5.130688190460205
5.150644540786743
5.162367820739746
5.235719680786133
5.2207536697387695
5.241792440414429
5.312258005142212
5.169109344482422
5.264945983886719
5.2568864822387695
5.186161756515503
5.2650146484375
5.217923164367676
5.270756721496582
5.262318849563599
5.232103586196899
5.296086311340332
5.302026271820068
5.247821092605591
5.309594631195068
5.366384029388428
5.293623924255371
5.331563472747803
5.325122833251953
5.314697980880737
5.2873759269714355
5.303287029266357
5.283143997192383
5.2168707847595215
5.294934511184692
5.489135265350342
5.274431943893433
5.248036861419678
5.28924822807312
5.193506240844727
5.260643243789673
5.256465911865234
5.339922904968262
5.260637521743774
5.3499157428741455
5.310699701309204
5.226736783981323
5.213152170181274
5.268232345581055
5.366504192352295
5.569606304168701
5.396179676055908
5.384500026702881
5.383004903793335
5.378329753875732
5.473515272140503
5.42533802986145
5.374053716659546
5.299237489700317
5.371526718139648
5.326641798019409
5.316889762878418
5.388458490371704
5.333446979522705
5.406099081039429
5.3716936111450195
5.348968982696533
5.337411880493164
5.392131805419922
5.353577136993408
5.320682048797607
5.342748403549194
5.314652919769287
5.3907318115234375
5.357466220855713
5.368327856063843
5.335592985153198
5.401357173919678
5.34374737739563
5.353060245513916
5.40217137336731
5.352910757064819
5.431179761886597
5.4106810092926025
5.357288360595703
5.352831840515137
5.3670501708984375
5.338405132293701
5.345699071884155
5.361905097961426
5.3415608406066895
5.3745200634002686
5.362173557281494
5.374325752258301
5.323809862136841
5.3287224769592285
5.357794523239136
5.374919652938843
5.320110082626343
5.34479832649231
5.367083311080933
5.405059814453125
5.3563597202301025
5.353003978729248
5.340926885604858
5.359031438827515
5.358078718185425
5.394421339035034
5.355125665664673
5.369017124176025
5.382838249206543
5.361801385879517
5.352521181106567
5.370229959487915
5.392798662185669
5.332763195037842
5.353027582168579
