Timing log for each step:
0.01901721954345703
6.161481618881226
6.166743278503418
5.770060062408447
5.700747013092041
5.678097248077393
5.7596116065979
5.745903491973877
5.781514883041382
5.7892091274261475
5.774651527404785
5.789251804351807
5.727712392807007
5.803496837615967
5.7930827140808105
5.777938604354858
5.756403684616089
5.773890733718872
5.7912657260894775
5.709885120391846
5.777892351150513
5.7796630859375
5.738398551940918
5.73464822769165
5.802765130996704
5.780113697052002
5.78542160987854
5.715850830078125
5.7239086627960205
5.7624499797821045
5.855208396911621
5.780507326126099
5.773854970932007
5.795994281768799
5.711962461471558
5.738870859146118
5.752423048019409
5.730505704879761
5.925368785858154
5.786367893218994
5.791974306106567
5.74655818939209
5.902242422103882
5.767649173736572
5.741208553314209
5.802572011947632
5.741283416748047
5.698167562484741
5.7068932056427
5.750071287155151
5.647987365722656
5.741698741912842
5.779695749282837
5.889803409576416
5.772180795669556
5.776267766952515
5.8368730545043945
5.83334493637085
5.8725292682647705
5.822093963623047
5.8417768478393555
5.7740936279296875
5.778912305831909
5.827603340148926
5.80294132232666
5.7804670333862305
5.822269439697266
5.8342366218566895
5.822080373764038
5.808676719665527
5.800384044647217
5.821714162826538
5.839534044265747
5.850169658660889
5.813087463378906
5.822929382324219
5.815771579742432
5.857888460159302
5.81391716003418
5.877449035644531
5.810312271118164
5.861778974533081
5.824200868606567
5.781043291091919
5.795019149780273
5.857567548751831
5.791326522827148
5.829726934432983
5.960151672363281
5.820742607116699
5.764885187149048
5.9396138191223145
5.787069082260132
5.927090644836426
5.860809087753296
5.97834587097168
5.8320372104644775
5.87520432472229
6.037200450897217
5.880616188049316
5.91383957862854
5.80207371711731
5.967084646224976
5.761476039886475
5.626784563064575
5.816617012023926
5.101828336715698
5.981452226638794
5.934592247009277
5.573888778686523
5.034851789474487
5.672830820083618
5.801670789718628
5.849178075790405
5.822551012039185
5.791621208190918
5.878725290298462
5.814411640167236
5.715761661529541
5.726711988449097
5.631240606307983
5.714421033859253
5.756500244140625
5.751815557479858
5.7231504917144775
5.747795104980469
5.696203947067261
5.742814779281616
5.714757442474365
5.727301359176636
5.714385747909546
5.777507543563843
5.708909749984741
5.748754024505615
5.696620941162109
5.743598699569702
5.734723806381226
5.698444604873657
5.719159364700317
5.7729575634002686
5.767092227935791
5.7317211627960205
5.724532842636108
5.742744445800781
5.746837615966797
5.74443507194519
5.813384056091309
5.7644195556640625
5.791069984436035
5.768908262252808
5.690839052200317
5.723011016845703
5.696686267852783
5.787287473678589
5.794036388397217
5.777836799621582
5.735942363739014
5.778770208358765
5.76306414604187
5.743992805480957
5.817755460739136
5.821979522705078
5.8007848262786865
5.823840618133545
5.780160903930664
5.816488742828369
5.77627420425415
5.875356912612915
5.81019401550293
5.813995361328125
5.708962678909302
5.844731092453003
5.767951250076294
5.829774618148804
5.784537315368652
5.780196905136108
5.779620170593262
5.759663820266724
5.863900899887085
5.840475559234619
5.78648567199707
5.8959643840789795
5.795684814453125
5.7967000007629395
5.76528000831604
5.7848944664001465
5.803686618804932
5.8179545402526855
5.832771301269531
5.804727554321289
5.842740774154663
5.79790186882019
5.828052997589111
5.842089891433716
5.850649118423462
5.846311569213867
5.897310972213745
5.854746580123901
5.878947496414185
5.8326499462127686
5.793457269668579
5.8311591148376465
5.83033013343811
5.804938077926636
5.7593958377838135
5.8296144008636475
5.807936906814575
5.835191011428833
5.806138038635254
5.848980665206909
5.825407266616821
5.826274394989014
5.82316780090332
5.782665729522705
5.7768940925598145
5.896333932876587
5.832475900650024
5.844594478607178
5.859828948974609
5.9171061515808105
5.874678373336792
5.854608774185181
5.780801057815552
5.865870475769043
5.878184795379639
5.829361438751221
5.829377174377441
5.839146375656128
5.8677427768707275
5.888202428817749
5.77270245552063
5.772304534912109
5.771866321563721
5.832789421081543
5.775052309036255
5.826895236968994
5.8116455078125
5.846635103225708
5.792570352554321
5.813877820968628
5.879115581512451
5.8114333152771
5.837838411331177
5.8251402378082275
5.850640773773193
5.853305816650391
5.834803819656372
5.888094902038574
5.829374313354492
5.8754563331604
5.742475271224976
5.859901189804077
5.835853815078735
5.848017930984497
5.852757930755615
5.838148832321167
5.821349143981934
5.834126949310303
5.782822608947754
5.819788932800293
5.830857515335083
5.817839860916138
5.7956764698028564
5.803849697113037
5.84632420539856
5.799445629119873
5.777541637420654
5.756810426712036
5.765966176986694
5.840963840484619
5.8074421882629395
5.820907115936279
5.8085572719573975
6.318418502807617
5.811399221420288
5.88759446144104
5.843150615692139
5.861811876296997
5.882120132446289
5.819987773895264
5.830642461776733
5.70210075378418
5.798449516296387
5.818918466567993
5.776687145233154
5.788932800292969
5.811677932739258
5.794036388397217
5.750638008117676
5.800686597824097
5.805859565734863
5.79290771484375
5.8429529666900635
5.83876371383667
5.846939325332642
5.864859104156494
6.1276631355285645
5.863315105438232
5.62712550163269
5.654142141342163
5.749745845794678
5.554636716842651
5.581759691238403
5.5242180824279785
5.546659469604492
5.502963304519653
5.661670923233032
5.646061182022095
5.672306060791016
5.487085580825806
5.563365459442139
5.584614276885986
5.589601516723633
5.388040542602539
5.621500730514526
5.568190574645996
5.646362066268921
5.6489317417144775
5.698358774185181
5.699466228485107
5.606528997421265
5.542715787887573
5.652252435684204
5.6728196144104
5.600709676742554
5.629005432128906
5.700767517089844
5.590390920639038
5.529323101043701
5.658762693405151
5.499675035476685
5.479553937911987
5.583691120147705
5.568772315979004
5.641475200653076
5.620701551437378
5.56137228012085
5.559978723526001
5.579357862472534
5.554793834686279
5.65042781829834
5.589705944061279
5.622697114944458
5.611637830734253
5.663005113601685
5.697762966156006
5.6661601066589355
5.571687698364258
5.673823356628418
5.633622407913208
5.6260130405426025
5.631366968154907
5.59179162979126
5.485858201980591
5.500189304351807
5.626713752746582
5.580016374588013
5.707794427871704
5.5123374462127686
5.563663721084595
5.502658128738403
5.64774751663208
5.662266254425049
5.641401529312134
5.540336847305298
5.6592772006988525
5.569747686386108
5.651443004608154
5.575174808502197
5.606967926025391
5.442176580429077
5.519995927810669
5.574569463729858
5.5703630447387695
5.577074766159058
5.540257930755615
5.612553119659424
5.57271146774292
5.577066659927368
5.7450270652771
5.582724332809448
5.617834091186523
5.622516870498657
5.563747406005859
5.565508127212524
5.626911401748657
5.647779941558838
5.392001390457153
5.53350830078125
5.522258043289185
5.501495122909546
5.508620500564575
5.684476613998413
5.589112281799316
5.605154275894165
5.596238851547241
5.512442111968994
5.611076354980469
5.563889980316162
5.521658658981323
5.561629056930542
5.550258159637451
5.521179676055908
5.588239669799805
5.605743169784546
5.675695896148682
5.5582005977630615
5.581349849700928
5.609683036804199
5.63956093788147
5.652379989624023
5.343975782394409
5.604390621185303
5.9666993618011475
5.608485698699951
5.62873649597168
5.558201551437378
5.611886262893677
5.673749208450317
5.546211242675781
5.633284568786621
5.594062566757202
5.5364813804626465
5.6051788330078125
5.545425891876221
5.562899351119995
5.585882663726807
5.600533962249756
5.465546369552612
5.556244373321533
5.520457744598389
5.605755567550659
5.485310316085815
5.529107570648193
5.55199122428894
5.598754167556763
5.593223571777344
5.627182722091675
5.602609634399414
5.5937769412994385
5.664031028747559
5.585686206817627
5.6694159507751465
5.578417778015137
5.635650396347046
5.604679107666016
5.539914131164551
5.614250898361206
5.634694814682007
5.5836920738220215
5.646405935287476
5.709455966949463
5.516627788543701
5.562817573547363
5.471989393234253
5.646942853927612
5.562623023986816
5.658308506011963
5.651399612426758
5.7103188037872314
5.580121040344238
5.618304491043091
5.693018436431885
5.543533802032471
5.679350137710571
5.685184955596924
5.620805740356445
5.593633413314819
5.626418113708496
5.60030198097229
5.50767183303833
5.564203262329102
5.470628976821899
5.6274824142456055
5.590219497680664
5.688071250915527
5.653076648712158
5.5823071002960205
5.452316999435425
5.62564492225647
5.528249740600586
5.609291076660156
5.56946873664856
5.576757907867432
5.4595324993133545
5.693690061569214
5.6072447299957275
5.674957513809204
5.589733600616455
5.5405707359313965
5.624409198760986
5.547954082489014
5.509668350219727
5.561520338058472
5.432391405105591
5.618534564971924
5.640558481216431
5.684504508972168
5.5147385597229
5.68780517578125
5.589558124542236
5.673216342926025
5.669530391693115
5.628577947616577
5.610676288604736
5.546969413757324
5.627283334732056
5.519029855728149
5.596636533737183
5.537301301956177
5.592149019241333
5.537342548370361
5.569708585739136
5.431320667266846
5.679773569107056
5.5506367683410645
5.615275144577026
5.589952230453491
5.515594720840454
5.581587314605713
5.617276430130005
5.588693380355835
5.623387098312378
5.607235670089722
5.6646459102630615
5.617745399475098
5.514508247375488
5.645399808883667
5.580402612686157
5.476637125015259
5.523622751235962
5.691408157348633
5.643863201141357
5.571990966796875
5.560197353363037
5.498178720474243
5.531947612762451
5.476519346237183
5.6566736698150635
5.525586843490601
5.633807182312012
5.602843761444092
5.613227844238281
5.549479007720947
5.418055534362793
5.573466777801514
5.524585723876953
5.597229242324829
5.6137614250183105
5.82898736000061
5.572344779968262
5.605353593826294
5.655333518981934
5.724167346954346
5.6152589321136475
5.58368444442749
5.545339107513428
5.661607265472412
5.5168139934539795
5.665631532669067
5.589679956436157
5.529338121414185
5.688408136367798
5.473156452178955
5.633248567581177
5.577440977096558
5.555283546447754
5.605644226074219
5.545675992965698
5.639962911605835
5.617214679718018
5.6955039501190186
5.67601203918457
5.590705394744873
5.606403589248657
5.638981103897095
5.616636276245117
5.609516620635986
5.4485883712768555
5.612010955810547
5.672937631607056
5.732239484786987
5.586344242095947
5.617262840270996
5.579742908477783
5.644814729690552
5.5832085609436035
5.527483701705933
5.576554536819458
5.541211843490601
5.574262619018555
5.572445869445801
5.577696800231934
5.609148025512695
5.643709182739258
5.594209909439087
5.607725143432617
5.601329565048218
5.7156665325164795
5.6490442752838135
5.616367340087891
5.665497779846191
5.652495861053467
5.596234083175659
5.575232982635498
5.802000522613525
5.501683712005615
5.570513486862183
5.582659721374512
5.635833024978638
5.677750110626221
5.65424108505249
5.580846548080444
5.566030502319336
5.658434867858887
5.698733806610107
5.665614128112793
5.628758192062378
5.668304920196533
5.614030122756958
5.5642876625061035
5.569491386413574
5.555253982543945
5.545694589614868
5.576533317565918
5.6335368156433105
5.62730073928833
5.557487487792969
5.6266772747039795
5.589360952377319
5.573547601699829
5.668315649032593
5.611459970474243
5.6753644943237305
5.6306304931640625
5.504388093948364
5.6132731437683105
5.681146860122681
5.57944655418396
5.606139421463013
5.572642087936401
5.624908447265625
5.6496665477752686
5.550705432891846
5.615241289138794
5.67870306968689
5.5918426513671875
5.523403644561768
5.605396509170532
5.6300904750823975
5.655113220214844
5.615278959274292
5.54963493347168
5.492703676223755
5.515932083129883
5.650081634521484
5.704547166824341
5.597995758056641
5.63783860206604
5.607240200042725
5.6512534618377686
5.59110689163208
5.598411560058594
5.587976455688477
5.614595174789429
5.625102519989014
5.667195081710815
5.55712628364563
5.613646984100342
5.5712809562683105
5.579963207244873
5.592085838317871
5.547328472137451
5.648782253265381
5.640427589416504
5.601017236709595
5.612898349761963
5.57453727722168
5.5266265869140625
5.604717969894409
5.534887313842773
5.5564491748809814
5.5515947341918945
5.598847150802612
5.639336585998535
5.590807676315308
5.646725654602051
5.593019485473633
5.620774269104004
5.592094898223877
5.564849615097046
5.536161661148071
5.5861217975616455
5.610185384750366
5.559798002243042
5.649639129638672
5.543817758560181
5.598236322402954
5.57856822013855
5.610984802246094
5.483598470687866
5.586743354797363
5.548530578613281
5.612000942230225
5.629168510437012
5.620965957641602
5.62733793258667
5.674493789672852
5.651097059249878
5.580551624298096
5.485621452331543
5.583251714706421
5.664808750152588
5.534527540206909
5.601592063903809
5.591219186782837
5.571857452392578
5.6282525062561035
5.647313117980957
5.621801376342773
5.584053993225098
5.680989980697632
5.6139302253723145
5.536694765090942
5.562222003936768
5.580628871917725
5.531164884567261
5.520726919174194
5.634754419326782
5.646038770675659
5.5927042961120605
5.555593729019165
5.486230850219727
5.504013538360596
5.622012615203857
5.703543424606323
5.59210467338562
5.640532493591309
5.6430113315582275
5.577699422836304
5.589324712753296
5.578315258026123
5.695553541183472
5.595282554626465
5.524133920669556
5.660711288452148
5.6198554039001465
5.639546871185303
5.592097043991089
5.607695579528809
5.5401833057403564
5.655864477157593
5.6564788818359375
5.478355884552002
5.621238946914673
5.639937400817871
5.5827317237854
5.587796926498413
5.623042583465576
5.587677478790283
5.5064332485198975
5.588395595550537
5.63452672958374
5.563019275665283
5.5784876346588135
5.652139902114868
5.599347829818726
5.6504600048065186
5.529189348220825
5.5197296142578125
5.55739426612854
5.61016845703125
5.515339136123657
5.596465587615967
5.623687028884888
5.602257490158081
5.606918811798096
5.455964088439941
5.581428050994873
5.653315544128418
5.547851800918579
5.63272500038147
5.619631052017212
5.50864315032959
5.549607276916504
5.581758737564087
5.5392372608184814
5.556765556335449
5.593351364135742
5.474594354629517
6.018332481384277
5.581628084182739
5.580747842788696
5.538217782974243
5.6508026123046875
5.559795618057251
5.622020244598389
5.626720428466797
5.629483461380005
5.550260543823242
5.5641913414001465
5.996382713317871
5.585113525390625
5.518144369125366
5.600788116455078
5.6003007888793945
5.56097674369812
5.480136871337891
5.551305055618286
5.591676950454712
5.607107639312744
5.565063714981079
5.540643930435181
5.631627321243286
5.589371919631958
5.588071584701538
5.787280797958374
5.415944337844849
5.719218492507935
5.44797158241272
5.435961723327637
5.56107497215271
5.464987754821777
5.464984655380249
5.527043104171753
5.754250526428223
5.628136157989502
5.495013475418091
5.45397686958313
5.404932737350464
5.381911516189575
5.5850958824157715
5.654160022735596
5.550065040588379
5.4189465045928955
5.453976154327393
5.638145208358765
5.658163785934448
5.432955265045166
5.477999687194824
5.461983680725098
5.605114221572876
5.42495059967041
5.501019716262817
5.594104051589966
5.519036054611206
5.593103647232056
5.133686065673828
5.621129751205444
5.623131513595581
5.4579808712005615
5.552067041397095
5.450973987579346
5.456979513168335
5.422950029373169
5.557071685791016
5.519036054611206
5.565078020095825
5.557072401046753
5.41594386100769
5.476997137069702
5.387916803359985
5.523039817810059
5.520036458969116
5.654157400131226
5.474997043609619
5.495015621185303
5.5600745677948
5.476997137069702
5.501019477844238
5.622129678726196
5.521037817001343
5.423948764801025
5.489007472991943
5.496015787124634
5.5130321979522705
5.684187889099121
5.564077377319336
5.5060248374938965
5.448972463607788
5.626133680343628
5.572084665298462
5.5760884284973145
5.519036293029785
5.453976392745972
5.59110164642334
5.549063205718994
5.610120058059692
5.493013620376587
5.515031814575195
5.462984800338745
5.381910800933838
5.604114294052124
5.647153615951538
5.602112770080566
5.746243953704834
5.657162666320801
5.495013952255249
5.348881721496582
5.542058229446411
5.353886604309082
5.419945240020752
5.371907949447632
5.6861891746521
5.668172836303711
5.626134157180786
5.511030197143555
5.551066637039185
5.5480639934539795
5.5240418910980225
5.525043249130249
5.671175479888916
5.525041818618774
5.534050226211548
5.6541595458984375
5.307841062545776
5.622130393981934
5.667170524597168
5.654159307479858
5.324858665466309
5.681185007095337
5.630137920379639
5.595106363296509
5.539054870605469
5.358890533447266
5.610119342803955
5.529045104980469
5.421950101852417
5.416943073272705
5.513031244277954
5.529045343399048
5.617125988006592
5.347880125045776
5.4719932079315186
5.704204797744751
5.655160903930664
6.460897207260132
