Timing log for each step:
0.025021791458129883
10.20282530784607
10.157365083694458
10.241835594177246
10.164311647415161
10.121971845626831
10.267634391784668
10.6438148021698
10.365772724151611
10.288392782211304
10.23998498916626
10.32408595085144
10.300798177719116
10.429226875305176
10.315102815628052
10.309418439865112
10.40738582611084
10.33992338180542
10.395862579345703
10.425066471099854
10.313100814819336
10.310251235961914
10.486767530441284
10.39348316192627
10.537456274032593
10.384924411773682
10.47603440284729
10.529773235321045
10.456315279006958
10.3978750705719
10.57602596282959
10.54990267753601
10.522872924804688
10.518599271774292
10.57245945930481
10.596510887145996
10.570884227752686
10.426446676254272
10.606637716293335
10.549797296524048
10.519598722457886
10.557263135910034
10.48755407333374
10.569470882415771
10.664654970169067
10.411670923233032
10.575541257858276
10.467687129974365
10.556586742401123
10.540426015853882
10.482858657836914
10.04866337776184
10.584658145904541
10.557657480239868
10.018837451934814
9.84136962890625
9.8841073513031
9.958080768585205
9.896484375
9.843736410140991
9.964019060134888
9.90803599357605
9.745834589004517
9.716100215911865
9.8543860912323
10.100927591323853
9.866952657699585
9.672823905944824
9.842788457870483
9.644533395767212
9.761186361312866
9.846328020095825
9.825291395187378
9.87308406829834
9.788699865341187
9.854223012924194
9.851093053817749
9.758107900619507
9.80414605140686
9.881856918334961
9.964066982269287
9.807433605194092
9.782702445983887
9.706268310546875
9.573994636535645
9.70219349861145
9.962241649627686
9.698116779327393
9.7914457321167
9.746098279953003
9.81610631942749
9.81169319152832
9.733492851257324
9.812814712524414
9.730663776397705
9.985328674316406
9.84488844871521
9.881572484970093
9.970363855361938
9.913609743118286
9.911043167114258
10.019429922103882
9.749372005462646
9.966486930847168
9.986838817596436
9.861887216567993
9.851350545883179
9.811747789382935
9.905900239944458
9.94719672203064
9.888434171676636
9.809653043746948
10.054530143737793
9.962982892990112
9.840592861175537
9.770225286483765
9.838773012161255
9.845579862594604
9.77483868598938
9.880883932113647
9.786840915679932
9.761053085327148
9.990192890167236
9.807512044906616
9.768024444580078
9.977527856826782
9.820268392562866
9.919843196868896
9.856828451156616
9.91508936882019
10.030046939849854
9.913510084152222
9.926267147064209
9.797256231307983
9.882064580917358
9.963104009628296
9.901322603225708
10.021107196807861
9.920375347137451
10.3800687789917
10.473610639572144
10.47533631324768
9.807684898376465
9.713345766067505
10.038206815719604
9.71826720237732
9.900205135345459
9.915040016174316
9.404599905014038
10.613038539886475
10.388956546783447
10.772566795349121
10.597882509231567
10.710599660873413
10.321642398834229
10.444547176361084
10.191714763641357
10.360467433929443
10.227537155151367
10.397255659103394
10.63819408416748
10.439823150634766
10.352205753326416
10.410285949707031
10.555933475494385
10.593125820159912
10.567396402359009
10.545547008514404
10.354279518127441
10.463114738464355
10.559309005737305
10.454420804977417
10.529772281646729
10.52425479888916
10.544301271438599
10.327204465866089
10.466119527816772
10.415242671966553
10.466953754425049
10.463120937347412
10.352555751800537
10.25942611694336
10.525956392288208
10.495471954345703
10.526744842529297
10.4814932346344
10.402490377426147
10.452438116073608
10.678524017333984
10.481855392456055
10.506449699401855
10.436387300491333
10.443480014801025
10.531551837921143
10.406221389770508
10.320045471191406
10.486642360687256
10.654154062271118
10.458725690841675
10.40771484375
10.505175113677979
10.296552419662476
10.526703119277954
10.557000160217285
10.4537353515625
10.474085807800293
10.637463569641113
10.461514711380005
10.521897792816162
10.619921445846558
10.578079223632812
10.526654243469238
10.394994258880615
10.427332878112793
10.608842372894287
10.585156917572021
10.37208080291748
10.956980228424072
10.67497992515564
10.373098611831665
10.461490631103516
10.45589303970337
10.460970878601074
10.51097583770752
10.447788715362549
10.574520111083984
10.662841320037842
10.445192098617554
10.565687894821167
10.590578317642212
10.376242876052856
10.286744594573975
10.704290390014648
10.473450899124146
10.336324691772461
10.533488035202026
10.417151927947998
10.384390354156494
10.515167474746704
10.421548843383789
10.491626501083374
10.422998666763306
10.441194295883179
10.43867802619934
10.516454458236694
10.393962383270264
10.436608076095581
10.5170156955719
10.727603197097778
10.583276510238647
10.672590017318726
10.45194125175476
10.623978614807129
10.57818341255188
10.604389667510986
10.6953866481781
10.635045051574707
10.731390953063965
10.659257650375366
10.62191104888916
10.674108505249023
10.645115613937378
10.768254518508911
10.525442600250244
10.721582412719727
10.673518419265747
10.728044509887695
10.326610803604126
