Timing log for each step:
0.01901841163635254
10.09510326385498
10.15553879737854
10.04981255531311
10.148720502853394
10.22687315940857
10.22486925125122
10.180484294891357
10.303925514221191
10.218660354614258
10.371941089630127
10.192168474197388
10.112315654754639
10.115678787231445
10.315151453018188
9.7304048538208
10.421123266220093
10.034354448318481
10.337996482849121
10.293619155883789
10.03000545501709
10.168131828308105
10.2769455909729
10.257986307144165
10.26419472694397
10.25529146194458
10.286241292953491
10.314363241195679
10.236927270889282
10.303844451904297
10.269814491271973
10.2044038772583
10.271960020065308
10.337050437927246
10.281236171722412
10.34728741645813
10.26027774810791
10.26488471031189
10.234727621078491
9.854506731033325
10.316685914993286
10.314197063446045
10.418500185012817
10.188900232315063
9.707824945449829
10.261425018310547
10.265917778015137
10.190760135650635
10.395150899887085
10.2577805519104
9.917725801467896
10.152730703353882
10.317121982574463
10.469229936599731
10.152542352676392
9.81364917755127
10.460291385650635
10.490826845169067
10.436452150344849
10.356903314590454
10.369178533554077
10.352463006973267
10.220879316329956
9.530792713165283
9.61028242111206
10.29885721206665
10.495119333267212
10.406341791152954
10.460911273956299
9.295104026794434
9.929435729980469
9.800791263580322
9.700969696044922
9.812738418579102
9.990826845169067
10.985321283340454
