Timing log for each step:
0.016013622283935547
5.6010966300964355
5.585083246231079
5.632124423980713
5.753235816955566
5.583078861236572
5.750232219696045
5.597094297409058
5.830305814743042
5.502006530761719
5.67216157913208
5.662151336669922
5.523025035858154
5.4909961223602295
5.486993074417114
5.640131711959839
5.737220525741577
5.610103130340576
5.899368047714233
6.154599905014038
5.689176559448242
5.838312149047852
5.686174392700195
5.648139715194702
5.587084531784058
5.600095987319946
5.561061143875122
5.6181111335754395
5.661152362823486
5.663153648376465
5.788266897201538
5.7622435092926025
5.709188938140869
6.052508354187012
5.772252798080444
5.576074600219727
5.505009412765503
5.55905818939209
5.646137714385986
5.708194255828857
5.521023988723755
5.645136833190918
5.657148838043213
5.434946537017822
5.5660645961761475
5.5690672397613525
5.543043851852417
5.54604697227478
5.946411371231079
5.5850830078125
5.683172941207886
5.521024703979492
5.881351470947266
5.924391269683838
5.772251605987549
5.705191135406494
5.776257276535034
5.609105587005615
5.787267208099365
5.8022801876068115
5.7972753047943115
5.820297002792358
5.79327130317688
5.709194660186768
5.81429123878479
5.720204591751099
5.54604697227478
5.75023341178894
5.846320152282715
5.6601502895355225
5.678166627883911
5.757239103317261
5.678167343139648
5.801278829574585
5.952416896820068
5.953418016433716
5.864336729049683
5.8463194370269775
5.606100559234619
5.671161413192749
5.673162937164307
5.9344000816345215
5.876347303390503
5.769250154495239
5.8152923583984375
5.797275066375732
5.809287071228027
5.735219478607178
5.577074766159058
5.715200662612915
5.639129877090454
5.86133337020874
5.549048900604248
5.734217882156372
5.567066431045532
5.513017177581787
5.567065238952637
5.955418109893799
5.8463194370269775
5.664154529571533
5.729212760925293
5.622116327285767
5.620113849639893
5.6601502895355225
5.798276662826538
5.553053617477417
5.449957370758057
5.771251916885376
5.55105185508728
5.543044090270996
5.507011651992798
5.524027347564697
5.769249677658081
5.696183204650879
5.703189849853516
5.517020225524902
5.627119541168213
5.576074123382568
5.739222288131714
5.659149169921875
5.5540549755096436
5.823298454284668
5.672160863876343
5.699186086654663
5.732215404510498
5.786265134811401
5.767248153686523
5.849322080612183
5.670159816741943
5.774254560470581
5.616110563278198
5.734217643737793
5.6841721534729
5.723207950592041
5.683170318603516
5.667158126831055
5.713199853897095
5.985445737838745
5.6451380252838135
5.738221645355225
5.658149480819702
5.776257038116455
5.659149169921875
5.697184085845947
5.657148599624634
5.783262252807617
5.656147241592407
5.823299884796143
5.675163984298706
5.524027585983276
5.694182634353638
5.592087745666504
5.897366523742676
5.654144763946533
5.567066192626953
5.689176321029663
5.5890867710113525
5.540038824081421
5.82630181312561
5.888358116149902
5.739213943481445
5.551050901412964
5.729212999343872
5.8162922859191895
5.6631529331207275
5.754235506057739
5.481988191604614
5.613108158111572
5.73420786857605
5.819295406341553
5.6221137046813965
5.5560572147369385
5.56906795501709
5.641132831573486
5.627119541168213
5.669159889221191
5.4829888343811035
5.483990669250488
5.654144763946533
5.649139642715454
5.598093271255493
5.560058832168579
5.745228290557861
5.623117208480835
5.595091104507446
5.552053213119507
5.724209547042847
5.568066596984863
5.641133069992065
5.5930891036987305
5.77625584602356
5.575073719024658
5.522023439407349
5.49600076675415
5.660151720046997
5.594090461730957
5.66515588760376
5.469975709915161
5.491997718811035
5.693180084228516
5.591361045837402
5.721205234527588
5.572070121765137
5.5930891036987305
5.709195375442505
5.715200901031494
5.485991716384888
5.623116731643677
5.5970940589904785
5.554053783416748
5.71920371055603
5.681170463562012
5.4709792137146
5.620114326477051
5.681168794631958
5.632124662399292
5.586083889007568
5.664154052734375
5.667155981063843
5.509014368057251
6.1085591316223145
5.562060356140137
5.675164699554443
5.638129949569702
5.809285640716553
5.604099750518799
5.629122018814087
5.589085340499878
5.588086128234863
5.676165342330933
5.577076196670532
5.304826498031616
5.597093343734741
5.4960010051727295
5.643136262893677
5.48999547958374
5.433944940567017
5.73421573638916
5.624117374420166
5.579076766967773
5.458966970443726
5.728212594985962
5.638129234313965
5.477986097335815
5.485991477966309
5.397910833358765
5.712197303771973
5.681171417236328
5.456966876983643
5.636129140853882
5.534034729003906
5.488994836807251
5.540041208267212
5.460969686508179
5.619112491607666
5.518020391464233
5.6531453132629395
5.123661994934082
5.513016700744629
5.546046495437622
5.691178798675537
5.5470476150512695
5.546048164367676
5.553053379058838
5.592088937759399
5.538038969039917
5.593089818954468
5.576073169708252
5.554054021835327
5.472981214523315
5.255782604217529
5.510014057159424
5.642133712768555
5.770249605178833
5.608102083206177
5.251779794692993
5.447957515716553
5.447957515716553
5.5050084590911865
5.465973615646362
5.429940462112427
4.9044623374938965
4.648229598999023
4.655236721038818
4.625208854675293
4.5971832275390625
4.548137187957764
4.611196041107178
4.743316173553467
4.555145740509033
4.516109466552734
4.569157838821411
4.753325462341309
4.572161912918091
4.627211093902588
4.5811686515808105
4.597183465957642
4.781348943710327
4.623206853866577
4.563152313232422
4.6071937084198
4.671250343322754
4.6182026863098145
4.553143262863159
4.5701587200164795
4.560148239135742
4.747320890426636
4.500096082687378
4.446045160293579
4.563153505325317
4.558148145675659
4.633215427398682
4.786355495452881
4.81137752532959
4.691270112991333
4.511105060577393
4.641223430633545
4.7072837352752686
4.705278635025024
4.765335559844971
4.501096248626709
4.567155838012695
4.494089365005493
4.574162244796753
4.794362783432007
4.504098415374756
4.5621514320373535
4.555142402648926
4.587173700332642
4.487083911895752
4.52411675453186
4.516109943389893
4.60418963432312
4.597182989120483
4.714290618896484
4.48508095741272
4.556145906448364
4.618202447891235
4.798365592956543
4.727301597595215
4.672251224517822
4.649231433868408
4.543133974075317
4.5321245193481445
4.524117946624756
4.511105298995972
4.592178821563721
4.436036109924316
4.730305194854736
4.7072834968566895
4.55214262008667
4.457055568695068
4.7653374671936035
4.594180107116699
4.541133642196655
4.50309681892395
4.794363975524902
4.598183870315552
4.623206615447998
4.695273160934448
4.502096652984619
4.51310658454895
4.7232985496521
4.5411317348480225
4.4890851974487305
4.623208045959473
4.657236814498901
4.669248819351196
4.494088172912598
4.662242650985718
4.707283020019531
4.6732518672943115
4.686265230178833
4.455054044723511
4.599185943603516
4.588176250457764
4.73630952835083
4.779349088668823
4.653235197067261
4.686264276504517
4.628211736679077
4.482078313827515
4.62220573425293
4.630213499069214
4.514107704162598
4.642224311828613
4.542132616043091
4.622206211090088
4.549139976501465
4.617201566696167
4.518111228942871
4.6972737312316895
4.56415319442749
4.509103059768677
4.454053163528442
4.656237363815308
4.712287425994873
4.681259632110596
4.4170191287994385
4.819385290145874
4.742315292358398
4.658239364624023
4.709285020828247
4.67325234413147
4.733307123184204
4.587175607681274
4.616199731826782
4.613198518753052
4.606191873550415
4.581170082092285
4.586174488067627
4.548139810562134
4.694271564483643
4.601186990737915
4.5911781787872314
4.909468412399292
4.711287021636963
4.514107704162598
4.9094672203063965
4.66724705696106
4.635219097137451
4.552143096923828
4.561149835586548
4.668248414993286
4.779349327087402
4.497092962265015
4.535126447677612
4.564152002334595
4.580168008804321
4.696273565292358
4.5591490268707275
4.507100820541382
4.672250986099243
4.551141262054443
4.628211259841919
4.540132284164429
4.698275327682495
4.748320817947388
4.6342175006866455
4.452051401138306
4.8854451179504395
4.623115301132202
4.715372800827026
