Timing log for each step:
0.02101898193359375
5.350955009460449
5.305516242980957
5.3371100425720215
5.326364755630493
5.3003904819488525
5.255230665206909
5.344001293182373
5.517751455307007
5.340743064880371
5.349995374679565
5.2767462730407715
5.320793390274048
5.572282075881958
5.391675233840942
5.540636301040649
5.422255516052246
5.38595175743103
5.324373006820679
5.343970060348511
5.436332702636719
5.390504598617554
5.441762685775757
5.378279209136963
5.346252679824829
5.3348164558410645
5.3958351612091064
5.430635929107666
5.471813678741455
5.443522691726685
5.715529441833496
5.453116416931152
5.483885288238525
5.4451744556427
5.352007150650024
5.415215969085693
5.449815034866333
5.4701855182647705
5.443746328353882
5.412553310394287
5.445146322250366
5.424375295639038
5.474966764450073
5.494780540466309
5.426615238189697
5.456766128540039
5.43649697303772
5.471421957015991
5.400050640106201
5.423710107803345
5.430419445037842
5.462932825088501
5.4428675174713135
5.427505016326904
5.438172101974487
5.389875650405884
5.482102394104004
5.3991522789001465
5.462043285369873
5.488341569900513
5.455515146255493
5.499403476715088
5.436459064483643
5.4908082485198975
5.46681547164917
5.475379467010498
5.527268409729004
5.436761379241943
5.544978618621826
5.430046081542969
5.500658273696899
5.421921968460083
5.449300050735474
5.459458351135254
5.4975745677948
5.449455738067627
5.4443440437316895
5.483989238739014
5.437068462371826
5.346563100814819
5.468588829040527
5.400249242782593
5.449026346206665
5.354836702346802
5.470648288726807
5.424976587295532
5.348203897476196
5.494535684585571
5.400960206985474
5.420044183731079
5.412798881530762
5.425143718719482
5.431759357452393
5.406468868255615
5.462815046310425
5.472640037536621
5.450101613998413
5.39531397819519
5.50706148147583
5.425139665603638
5.388762950897217
5.500643730163574
5.4242613315582275
5.407418251037598
5.451491594314575
5.415077209472656
5.479207515716553
5.438852071762085
5.398378849029541
5.473815202713013
5.411363124847412
5.476728916168213
5.475675106048584
5.412549018859863
5.494596481323242
5.427479982376099
5.4839701652526855
5.420921564102173
5.387546539306641
5.486761808395386
5.479476451873779
5.4452643394470215
5.420579433441162
5.492340803146362
5.498249053955078
5.482992887496948
5.533354759216309
5.4852800369262695
5.595886945724487
5.4403464794158936
5.386716604232788
5.486631631851196
5.479219436645508
5.907193899154663
5.603987216949463
5.557069540023804
5.475178003311157
5.486791610717773
5.502022743225098
5.467379093170166
5.468835353851318
5.4156012535095215
5.438538074493408
5.501723289489746
5.4753758907318115
5.522380828857422
5.4605138301849365
5.550768852233887
5.480074405670166
5.5175652503967285
5.581117391586304
5.574445009231567
5.520032644271851
5.444026470184326
5.485534906387329
5.49020791053772
5.465059280395508
5.55982518196106
5.456277847290039
5.561836242675781
5.525566577911377
5.532000541687012
5.41253924369812
5.477080345153809
5.434776067733765
5.3728203773498535
5.434384107589722
5.568134546279907
5.529459714889526
5.564771413803101
5.479815244674683
5.530033349990845
5.52798056602478
5.526101589202881
5.513762474060059
5.618557929992676
5.419459342956543
5.747208595275879
5.438234090805054
5.467287063598633
5.467994451522827
5.51050329208374
5.364534616470337
5.508028030395508
5.408982276916504
5.451073884963989
5.503600835800171
5.438202857971191
5.483381748199463
5.527529239654541
5.44223690032959
5.456258296966553
5.5529944896698
5.531826972961426
5.463891506195068
5.489818811416626
5.424824953079224
5.443565845489502
5.492680311203003
5.3992063999176025
5.445850133895874
5.399773836135864
5.446114540100098
5.4318931102752686
5.423820734024048
5.501766204833984
5.473682641983032
5.434924602508545
5.487386226654053
5.47774338722229
5.408860206604004
5.434699773788452
5.64728307723999
5.444605588912964
5.491990566253662
5.4261651039123535
5.476109504699707
5.37538743019104
5.488351583480835
5.4913694858551025
5.509551525115967
5.423527002334595
5.460993051528931
5.370368480682373
5.484152317047119
5.390912055969238
5.4293718338012695
5.440351963043213
5.439516067504883
5.451756477355957
5.4465556144714355
5.452684640884399
5.554271697998047
5.447489976882935
5.453962087631226
5.496654033660889
5.467378616333008
5.435481786727905
5.460819721221924
5.423664093017578
5.418658494949341
5.549739599227905
5.471090793609619
5.442608833312988
5.363218069076538
5.496170997619629
5.452281475067139
5.462684869766235
5.597307443618774
5.697115421295166
5.370562553405762
5.430806398391724
5.453005790710449
5.4977922439575195
5.425764799118042
5.462467432022095
5.509846448898315
5.562979459762573
5.517983675003052
5.542448043823242
5.387535333633423
