Timing log for each step:
0.013011932373046875
5.797987699508667
5.744521617889404
6.010953903198242
5.900583982467651
5.843294620513916
5.895230531692505
6.01080584526062
5.8641650676727295
5.9240522384643555
5.959901332855225
5.903474569320679
5.982224941253662
6.075816631317139
6.001622676849365
6.04353141784668
6.192650556564331
6.113214015960693
6.187230587005615
5.944818019866943
5.81519341468811
5.400786638259888
5.332004070281982
5.241598844528198
5.547969341278076
5.908015012741089
5.98734974861145
5.495687961578369
5.796307802200317
5.471800804138184
5.893392324447632
5.662965536117554
5.985455513000488
6.379123687744141
5.620103359222412
5.199221134185791
4.970682144165039
4.615535497665405
4.897543430328369
4.827542781829834
5.366876840591431
5.3353025913238525
5.372917175292969
5.406341314315796
5.287998676300049
5.51289439201355
5.2954795360565186
5.177832126617432
5.277618885040283
5.305213212966919
5.489173173904419
5.277529001235962
5.290323257446289
5.23611044883728
5.303904056549072
5.534069299697876
5.428258657455444
5.2605907917022705
5.312985181808472
5.2921528816223145
5.41545844078064
5.462883949279785
5.385728120803833
5.364254474639893
5.3354856967926025
5.32433557510376
5.37023663520813
5.330070495605469
5.436604738235474
5.657328128814697
5.44244384765625
5.299196004867554
5.3745787143707275
5.453069448471069
6.015218734741211
5.9131178855896
5.444806814193726
5.511827707290649
5.511786460876465
5.261934518814087
5.31795859336853
4.902591228485107
4.935818195343018
5.080610036849976
5.00090765953064
5.418446779251099
5.230859041213989
5.224121332168579
5.138984203338623
5.3234193325042725
5.09237003326416
5.509970426559448
5.062873125076294
5.270806789398193
5.327017545700073
5.368433713912964
5.116510391235352
5.186062812805176
5.177740573883057
5.219409465789795
5.086507558822632
5.189957857131958
5.160677194595337
5.405938386917114
5.185867786407471
5.3684022426605225
5.293155670166016
5.4001145362854
5.855577707290649
5.607694864273071
5.3384833335876465
5.284967660903931
5.256245136260986
5.364317893981934
5.286362886428833
4.669903755187988
