Timing log for each step:
0.021019935607910156
5.629118919372559
5.597089052200317
5.578071355819702
5.601093053817749
5.589082717895508
5.582076549530029
5.603095054626465
5.542038679122925
5.505004405975342
5.597085237503052
5.601091384887695
5.632121562957764
5.603094816207886
5.585078239440918
5.642129182815552
5.60109281539917
5.618107795715332
5.624112606048584
5.566060543060303
5.629117727279663
5.582075357437134
5.640129566192627
5.594087362289429
5.6161065101623535
5.686168909072876
5.6871702671051025
5.622111558914185
5.615105152130127
5.6951775550842285
5.65213942527771
5.637125730514526
5.62511420249939
5.553049087524414
5.660148620605469
5.666151762008667
5.654141664505005
5.602093696594238
5.6701555252075195
5.594085454940796
5.678162336349487
5.582075119018555
5.652139186859131
5.682165622711182
5.687171459197998
5.646133661270142
5.622112274169922
5.5740673542022705
5.625115633010864
5.628117084503174
5.565059185028076
5.857326507568359
5.728208303451538
5.642130136489868
5.744222640991211
5.636124849319458
5.725206136703491
5.726205825805664
5.672155380249023
5.673158168792725
5.647134065628052
5.728208780288696
5.641129493713379
5.524022817611694
5.721202850341797
5.669154405593872
5.702184677124023
5.696179628372192
5.738217353820801
5.6321210861206055
5.69217586517334
5.642129182815552
5.723204612731934
5.640126466751099
5.650136947631836
5.566061019897461
5.764240503311157
5.644131422042847
5.7071897983551025
5.909373044967651
5.656142473220825
5.695178270339966
5.674159049987793
5.569064378738403
5.650139808654785
5.61710786819458
5.6301188468933105
5.656141996383667
5.64713454246521
5.633121728897095
5.688172101974487
5.730210065841675
5.694177150726318
5.680164575576782
5.598090887069702
5.593085289001465
5.569063663482666
5.650137901306152
5.721201658248901
5.596088886260986
5.6961774826049805
5.720201015472412
5.881347179412842
5.637125492095947
5.630120038986206
5.635124206542969
5.699181318283081
5.669154644012451
5.614104270935059
5.639127492904663
5.649137020111084
5.688172340393066
5.694177865982056
5.685169458389282
5.654141902923584
5.723199129104614
5.657145023345947
5.6721577644348145
5.696179151535034
5.683167219161987
5.71019172668457
5.660146713256836
5.706187963485718
5.648135423660278
5.6020941734313965
5.735214471817017
5.701184988021851
5.7051873207092285
5.606098175048828
5.677161693572998
5.69918155670166
5.669154644012451
5.6691553592681885
5.696180105209351
5.714195489883423
5.590083122253418
5.575068950653076
5.705185890197754
5.6961798667907715
5.690173149108887
5.6411292552948
5.645133018493652
5.690173864364624
5.673157215118408
5.678162574768066
5.625114440917969
5.669155120849609
5.670155763626099
5.720202445983887
5.710191965103149
5.610101222991943
5.634122133255005
5.637126445770264
5.592084884643555
5.6401283740997314
5.630119323730469
5.635123252868652
5.702184438705444
5.604094505310059
5.6291184425354
5.643130540847778
5.709190607070923
5.642130136489868
5.695178747177124
5.623113632202148
5.707189559936523
5.693176031112671
5.644134759902954
5.668152570724487
5.662147045135498
5.707189083099365
5.621110677719116
5.652137279510498
5.631120681762695
5.625114679336548
5.650137901306152
5.723204135894775
5.689172983169556
5.7191996574401855
5.637125253677368
5.656142234802246
5.680164337158203
5.7001824378967285
5.638126850128174
5.632120847702026
5.735214710235596
5.6371259689331055
5.686169862747192
5.636124134063721
5.676161527633667
5.597089529037476
5.628118276596069
5.670154809951782
5.665151357650757
5.729208946228027
5.678164005279541
5.733213186264038
5.709190845489502
5.680164337158203
5.735213756561279
5.7722485065460205
5.6881725788116455
5.710192441940308
5.7041871547698975
5.661147594451904
5.584077596664429
5.663149356842041
5.5510475635528564
5.679163694381714
5.661148548126221
5.651138067245483
5.693176984786987
5.71619725227356
5.670156002044678
5.7842583656311035
5.709190607070923
5.675159215927124
5.857327222824097
5.661147832870483
5.7001824378967285
5.806278705596924
5.624114036560059
5.711192846298218
5.690173625946045
5.711193084716797
5.7051873207092285
5.676161289215088
5.705187559127808
5.684167861938477
5.64713454246521
5.628117322921753
5.643130779266357
5.593086242675781
5.699181795120239
5.663148880004883
5.663149833679199
5.712194919586182
5.713196039199829
5.644131422042847
5.628117561340332
5.819291830062866
5.698180198669434
5.781256437301636
5.697180271148682
5.724204778671265
5.609099864959717
5.691174268722534
5.667152643203735
5.731211185455322
5.67115592956543
5.687170505523682
5.729210138320923
5.744223117828369
5.667152404785156
5.6331212520599365
5.680163145065308
5.59909200668335
5.708189964294434
5.585078477859497
5.978436470031738
5.797271251678467
5.641128778457642
5.731211423873901
5.699182510375977
5.680164813995361
5.586079359054565
5.683168172836304
5.69818115234375
5.632121324539185
5.683167219161987
5.681166172027588
5.682166337966919
5.691173315048218
5.740219354629517
5.647134780883789
5.700183629989624
5.654141426086426
5.590081691741943
5.681164979934692
5.731211185455322
5.718199729919434
5.625115871429443
5.632120370864868
5.735214710235596
5.734213829040527
5.675159931182861
5.704186201095581
5.6621482372283936
5.618107795715332
5.714195728302002
5.6941773891448975
5.660146236419678
5.711193323135376
5.713193893432617
5.691173791885376
5.7202019691467285
5.7292094230651855
5.622112035751343
5.745224237442017
5.732211589813232
5.665151119232178
5.703185796737671
5.66915488243103
5.628117084503174
5.657143831253052
5.616106986999512
5.658143520355225
5.669155120849609
5.662148475646973
5.65213942527771
5.681164979934692
5.639127731323242
5.672158718109131
5.68717098236084
5.634122371673584
5.644132137298584
5.681165456771851
5.747225999832153
5.69217586517334
5.551048278808594
5.699182748794556
5.662147760391235
5.665151119232178
5.634123086929321
5.699182033538818
5.636124849319458
5.683167457580566
5.68516993522644
5.6831700801849365
5.6911749839782715
5.662148714065552
5.686169862747192
5.695177793502808
5.591084241867065
5.681167125701904
5.628117799758911
5.6541407108306885
5.710192441940308
5.67616081237793
5.679163932800293
5.6401286125183105
5.675159931182861
5.571065902709961
5.6621479988098145
5.657144784927368
5.6621482372283936
5.582075357437134
5.683166980743408
5.94040060043335
5.6971800327301025
5.630119800567627
5.633121013641357
5.6651506423950195
5.648135423660278
5.568062782287598
5.711192607879639
5.725205898284912
5.674157619476318
5.766242980957031
5.65814471244812
5.653139591217041
5.795269012451172
5.672157049179077
5.587080478668213
5.668154001235962
5.624114513397217
5.670154333114624
5.690173864364624
5.690173625946045
5.647133827209473
5.687172174453735
5.70518684387207
5.681164979934692
5.666151523590088
5.698180913925171
5.697179794311523
5.758235692977905
5.707189559936523
5.708190202713013
5.62511420249939
5.703185558319092
5.652137994766235
5.663149356842041
5.770246744155884
5.616106748580933
5.700182914733887
5.587080717086792
5.702183723449707
5.662148714065552
5.642129421234131
5.701184034347534
5.686170339584351
5.665150880813599
5.651138544082642
5.6791651248931885
5.658144474029541
5.628117799758911
5.610101222991943
5.691171884536743
5.717199087142944
5.719200849533081
5.692175626754761
5.680164813995361
5.648135662078857
5.699181318283081
5.6401286125183105
5.740220546722412
5.740220308303833
5.72020149230957
5.7021894454956055
5.719200611114502
5.7502281665802
5.645132064819336
5.6611480712890625
5.684169054031372
5.747225046157837
5.684167861938477
5.670156478881836
5.73821759223938
5.6821675300598145
5.719199895858765
5.691174030303955
5.67315936088562
5.677161693572998
5.606096029281616
5.713195562362671
5.699182033538818
5.755233526229858
5.714195013046265
5.707189321517944
5.6751604080200195
5.716197490692139
5.751227855682373
5.617106914520264
5.7402184009552
5.617108583450317
5.7662436962127686
5.749227046966553
5.733212947845459
5.623112201690674
5.748227119445801
5.6321210861206055
5.752230644226074
6.862239599227905
5.714195013046265
5.636124849319458
5.697179555892944
5.560055255889893
5.613102912902832
5.613103628158569
5.649136543273926
5.652140378952026
5.697179794311523
5.5960893630981445
5.591084241867065
5.7071897983551025
5.679163694381714
5.6411292552948
5.666153430938721
5.6191089153289795
5.712193727493286
5.665152072906494
5.61110258102417
5.626116037368774
5.626115798950195
5.7272069454193115
5.628118515014648
5.606097936630249
5.686169862747192
5.5770697593688965
5.684168338775635
5.65914511680603
5.68817138671875
5.629117965698242
5.600092649459839
5.605097532272339
5.997453212738037
5.817289590835571
5.682166576385498
5.712206602096558
5.639126777648926
5.674158811569214
5.5570526123046875
5.592083215713501
5.692175626754761
5.620110034942627
5.6861701011657715
5.505004644393921
5.604096174240112
5.564058065414429
5.591084003448486
5.577070713043213
5.63011908531189
5.680164813995361
5.529028415679932
5.567062616348267
5.629117727279663
5.597090721130371
5.56005597114563
5.529027223587036
5.762239694595337
5.750228643417358
5.639127254486084
5.524022579193115
5.592084646224976
5.619109869003296
5.6671528816223145
5.632122039794922
5.572066307067871
5.681164741516113
5.473977327346802
5.615105628967285
5.622112274169922
5.613103866577148
5.554049730300903
5.633122205734253
5.574066638946533
5.610100269317627
5.583076238632202
5.566060304641724
5.688171148300171
5.599091529846191
5.659145355224609
5.583076477050781
5.6661529541015625
5.592083930969238
5.6020941734313965
5.628116846084595
5.58908224105835
5.714195728302002
5.61710786819458
5.57507061958313
5.629117488861084
5.64713454246521
5.580072402954102
5.609099388122559
5.6451332569122314
5.467971563339233
5.588080883026123
5.5860795974731445
5.617107391357422
5.795269250869751
5.7572340965271
5.610100984573364
5.588080644607544
5.688172101974487
5.65914511680603
5.616106748580933
5.621110439300537
5.599091053009033
5.591083526611328
5.623111248016357
5.600091934204102
5.564058542251587
5.634122133255005
5.748226642608643
5.640128135681152
5.60709810256958
5.6351234912872314
5.647134780883789
5.608099460601807
5.543040037155151
5.620110750198364
5.633122205734253
5.9774346351623535
5.6090991497039795
5.630120515823364
5.644131183624268
5.609100580215454
5.616106271743774
5.6361260414123535
5.638127088546753
5.58407735824585
5.6090989112854
5.698181629180908
5.655141830444336
5.587080001831055
5.614104986190796
5.663150310516357
5.570064067840576
5.597088813781738
5.551047325134277
5.534032344818115
5.586079835891724
5.621110677719116
5.501002788543701
5.712329149246216
5.690471410751343
5.564059019088745
5.537033557891846
5.654142141342163
5.606097459793091
5.627116918563843
5.583076238632202
5.591084003448486
5.735214948654175
5.853321552276611
5.581074476242065
5.637125730514526
5.653139352798462
5.549046039581299
5.573067665100098
5.587079763412476
5.455962657928467
5.511011600494385
5.9273903369903564
5.551046848297119
5.770247459411621
5.616106271743774
5.543039321899414
5.54904580116272
5.5520477294921875
5.433555364608765
5.514015197753906
5.591083288192749
5.600091934204102
5.557052373886108
5.509009838104248
5.574066638946533
5.47297739982605
5.638114929199219
5.638125896453857
5.539036989212036
5.492993593215942
5.52702522277832
5.601092576980591
5.640126943588257
5.47097373008728
5.496997833251953
5.564060688018799
5.592084884643555
5.621111154556274
5.605095863342285
5.518017768859863
5.501001358032227
5.65213942527771
5.536034345626831
5.573066234588623
5.5440404415130615
5.6121039390563965
5.586078643798828
5.569063901901245
5.6181089878082275
5.345860481262207
5.7512290477752686
5.5680623054504395
5.544041156768799
5.537034511566162
5.670155763626099
5.554049730300903
5.516013860702515
5.570065259933472
5.591083765029907
5.64813494682312
5.518017530441284
5.6191089153289795
5.617106676101685
5.574069499969482
5.5680623054504395
5.622110366821289
5.398909330368042
5.602093696594238
5.685169458389282
5.619111061096191
5.61810827255249
5.487989664077759
5.567062139511108
5.639127492904663
5.489991664886475
5.61610746383667
5.5650599002838135
5.5970892906188965
5.610540866851807
5.486990451812744
5.545042037963867
5.571065187454224
5.531029462814331
5.49799919128418
5.594086170196533
5.619109392166138
5.627116441726685
5.61710786819458
5.519933462142944
5.625115156173706
5.512012004852295
5.529027938842773
5.573065757751465
5.569917917251587
5.558053493499756
5.606098175048828
5.571065664291382
5.4491777420043945
5.529026746749878
5.590083837509155
5.604095935821533
5.570064544677734
5.560056447982788
5.512011766433716
5.653140306472778
5.769245386123657
5.9954514503479
6.1265709400177
5.921382665634155
5.9283905029296875
5.6781628131866455
5.598090410232544
5.64212965965271
5.542039632797241
5.616329908370972
5.558053016662598
5.510010719299316
5.577071666717529
5.591084241867065
5.550046920776367
5.569063425064087
5.479982614517212
5.668153762817383
5.5150158405303955
5.546042442321777
5.481984615325928
5.567061185836792
5.57206654548645
5.604094982147217
5.447953462600708
5.601093053817749
5.582595348358154
5.579071521759033
5.531028747558594
5.559054851531982
5.645132780075073
5.631120204925537
5.605095624923706
5.452957630157471
5.605096101760864
5.5920844078063965
5.612103223800659
5.5860795974731445
5.643131732940674
5.585078716278076
5.614105463027954
5.512012243270874
5.63312292098999
5.513013124465942
5.470973968505859
5.621110677719116
5.5410377979278564
5.598129510879517
5.553049564361572
5.575068712234497
5.564058542251587
5.937398910522461
5.569065093994141
5.577070474624634
5.491993427276611
5.5230231285095215
5.612102746963501
5.577070474624634
5.595087051391602
5.468973398208618
5.608098745346069
5.685169219970703
5.48498797416687
5.55405068397522
5.525024175643921
5.648137331008911
5.504004001617432
5.6241137981414795
5.556052207946777
5.61810827255249
5.517916679382324
5.5560524463653564
5.673158407211304
5.600091934204102
5.513012409210205
5.497998237609863
5.591084718704224
5.511010408401489
5.543040037155151
5.648135423660278
5.591084241867065
5.418928146362305
5.643130779266357
5.590082883834839
5.6020941734313965
5.617107629776001
5.596087694168091
5.590083837509155
5.745225191116333
5.644131660461426
5.520452260971069
5.63011908531189
5.995452642440796
5.61110258102417
5.540037631988525
5.577070236206055
5.519017934799194
5.541038274765015
5.530665397644043
5.544041872024536
5.56205677986145
5.520457983016968
5.59408712387085
5.643130540847778
5.633122444152832
5.630119562149048
5.621182203292847
5.598090410232544
5.468972444534302
5.533461809158325
5.541038274765015
5.44917631149292
5.554049491882324
5.485988140106201
5.528027534484863
5.52001953125
5.567061901092529
5.548044919967651
5.576449394226074
5.606895923614502
5.595092535018921
5.574069261550903
5.679164171218872
5.485988616943359
5.631120920181274
5.613102912902832
5.659145832061768
5.522021055221558
5.560055494308472
5.557052850723267
5.58307671546936
5.590083360671997
5.581075191497803
5.576070547103882
5.415924072265625
5.6211113929748535
5.532031059265137
5.678162574768066
5.591083765029907
5.548044919967651
5.615105152130127
5.551046848297119
5.6351237297058105
5.639127731323242
5.58007287979126
5.562057018280029
5.500000715255737
5.587080240249634
5.4985315799713135
5.663148403167725
5.49799919128418
5.559054136276245
5.573067665100098
5.64012885093689
5.66915488243103
5.605098009109497
5.514387607574463
5.601093053817749
5.461966037750244
5.578071594238281
5.608099460601807
5.5460426807403564
5.554049968719482
5.61210298538208
5.56925892829895
5.65814471244812
5.628196954727173
5.563057899475098
5.542039155960083
5.658145189285278
5.918381452560425
5.729759693145752
5.866178035736084
5.7622387409210205
5.806278944015503
5.888354063034058
6.20464301109314
6.199638366699219
6.160600423812866
5.631120204925537
5.648135185241699
5.668153762817383
5.562057971954346
5.60509729385376
5.653139591217041
5.671156644821167
5.6491358280181885
5.628116846084595
5.583076000213623
5.593085765838623
5.626116037368774
5.658143043518066
5.665151834487915
5.6191089153289795
5.618109226226807
5.637125253677368
5.634122133255005
5.560055494308472
5.520019054412842
5.647135257720947
5.583076477050781
5.6101014614105225
5.595088005065918
5.607097387313843
5.545042276382446
5.537034511566162
5.609099864959717
5.6801652908325195
5.608099460601807
5.601092100143433
5.597089529037476
5.622111797332764
5.623112440109253
5.626115322113037
5.53303074836731
5.611101865768433
5.718199253082275
5.568061590194702
5.602093458175659
5.5920844078063965
5.6391282081604
5.625115633010864
5.618108510971069
5.609098672866821
5.6261146068573
5.69217586517334
5.590083122253418
5.613103628158569
5.504006385803223
5.804274082183838
5.6401283740997314
5.59808874130249
6.012467861175537
5.731211185455322
5.661148309707642
5.665151834487915
5.598089694976807
5.576068639755249
5.608098983764648
5.61310338973999
5.621110439300537
5.630119562149048
5.5840771198272705
5.60709810256958
5.570064544677734
5.600091934204102
5.5340330600738525
5.6361243724823
5.693176031112671
5.636123895645142
5.526025056838989
5.612103223800659
5.616106271743774
5.6331212520599365
5.664150714874268
5.572066783905029
5.6871702671051025
5.618107318878174
5.625114917755127
5.585078477859497
5.586078643798828
5.558053731918335
5.626115798950195
5.58908224105835
5.634121417999268
5.5290281772613525
5.591084241867065
5.598090887069702
5.5560526847839355
5.6371259689331055
5.596086740493774
5.529027700424194
5.6641504764556885
5.626115560531616
5.599090814590454
5.600090742111206
5.609100341796875
5.67516016960144
5.583076238632202
5.558053493499756
5.545040845870972
5.605096340179443
5.558053731918335
5.561055660247803
5.582075357437134
5.614104747772217
5.619109392166138
5.617107152938843
5.580074071884155
5.600091457366943
5.575068950653076
5.637125015258789
5.599090814590454
5.600092172622681
5.51401424407959
5.631120443344116
5.66615104675293
5.598089218139648
5.574067831039429
5.625113487243652
5.621111154556274
5.563057899475098
5.646133899688721
5.613102436065674
5.588081359863281
5.66815447807312
5.566060543060303
5.6321210861206055
5.570064544677734
5.665150880813599
5.575069904327393
5.612102746963501
5.641130447387695
5.567060708999634
5.592084884643555
5.605096101760864
5.529026508331299
5.626116037368774
5.647134780883789
5.845315217971802
5.763240575790405
5.664150714874268
5.5990917682647705
5.6361243724823
5.565060138702393
5.560054779052734
5.576070547103882
5.539035320281982
5.571065425872803
5.544041633605957
5.6401283740997314
5.985440731048584
5.684849739074707
5.560056447982788
5.58507776260376
5.5630576610565186
5.551046848297119
5.556051969528198
5.570063829421997
5.552047491073608
5.466970205307007
5.548044681549072
5.5680625438690186
5.631120681762695
5.492994785308838
5.5880818367004395
5.540036916732788
5.667152404785156
5.482985496520996
5.588081359863281
5.563058376312256
5.521019697189331
5.52202033996582
5.597088813781738
5.536034822463989
5.559054374694824
5.574068069458008
5.489992141723633
5.562056541442871
5.588081121444702
5.573067903518677
5.501001834869385
5.545041084289551
5.638126611709595
5.556051254272461
5.493994235992432
5.540037631988525
5.525025129318237
5.522021770477295
5.572065591812134
5.581074237823486
5.606097221374512
6.578981399536133
5.797269582748413
6.3814637660980225
