Timing log for each step:
0.010011911392211914
10.376863479614258
10.060849905014038
10.150959968566895
10.214004278182983
10.174222707748413
10.258931398391724
10.10068130493164
10.288231611251831
10.252813577651978
10.258289813995361
10.084918022155762
10.333359718322754
10.273540258407593
10.283663272857666
10.205554723739624
10.286137819290161
10.280783891677856
10.254699230194092
10.32432222366333
10.430647611618042
10.158189296722412
10.143365144729614
10.354715824127197
9.999123811721802
10.114266395568848
10.038103103637695
10.242409944534302
10.189128637313843
10.37613558769226
10.307183027267456
10.416531801223755
10.289014101028442
10.289975881576538
10.359795093536377
10.270286321640015
10.394359827041626
10.431517362594604
10.358952760696411
10.184714794158936
10.181386709213257
10.374558210372925
10.079363346099854
10.270452737808228
10.115633964538574
10.008158683776855
10.067868947982788
10.179725646972656
9.968364477157593
10.040185451507568
10.007416009902954
9.87967324256897
10.142963647842407
10.250108242034912
10.169861793518066
10.168330192565918
10.064040422439575
10.136117458343506
10.127198219299316
10.218020915985107
10.180511951446533
10.05954098701477
10.049446821212769
10.134196996688843
10.094316720962524
9.968414306640625
10.021330833435059
10.172181129455566
10.165563106536865
10.00941014289856
10.124172925949097
10.04944133758545
10.178536176681519
10.065758228302002
10.009338855743408
9.98897910118103
10.159058809280396
10.173622369766235
9.969531774520874
10.008830070495605
10.195501804351807
10.256003856658936
10.011914253234863
10.210101127624512
10.109301567077637
10.079411745071411
10.165322303771973
10.103662014007568
10.037432193756104
10.159066200256348
10.2328462600708
10.234819173812866
10.162189483642578
10.11754822731018
10.06363296508789
10.139625549316406
10.218449831008911
10.19100022315979
10.01956558227539
10.107370138168335
10.118494987487793
10.166009426116943
10.263479709625244
9.820902347564697
9.528135776519775
9.645134687423706
9.660318613052368
9.756144762039185
9.583609342575073
9.751710176467896
9.592803478240967
9.482685089111328
9.63006043434143
9.732624769210815
9.503560781478882
9.883368730545044
9.59443211555481
9.654216766357422
10.156020164489746
10.065562963485718
10.10285210609436
10.127319574356079
10.075096845626831
10.222001791000366
10.09596562385559
10.255314826965332
10.23105263710022
9.969156742095947
10.248875379562378
10.089629173278809
10.102654457092285
10.190114259719849
9.969692945480347
10.099893569946289
10.055607795715332
10.131793022155762
10.108162641525269
9.992905616760254
10.141560792922974
10.124632596969604
10.087992668151855
10.218865871429443
10.094019412994385
10.271960973739624
10.199392080307007
10.233505964279175
10.277841091156006
10.19761872291565
10.178365468978882
10.191875219345093
10.073127508163452
10.261256456375122
10.261874914169312
10.191171646118164
10.010298252105713
10.103572845458984
10.411156415939331
10.277895450592041
10.207343339920044
10.27792239189148
10.192946434020996
10.241429805755615
10.270357847213745
10.168639659881592
10.217998743057251
10.13154411315918
10.37000322341919
10.285084247589111
10.260830402374268
10.254624366760254
10.269922256469727
10.282329320907593
10.286210775375366
10.354232788085938
10.387801885604858
10.257961511611938
10.453044414520264
10.318281173706055
10.208351850509644
10.25175929069519
10.285993576049805
10.645382642745972
10.218838214874268
10.323692560195923
10.397026062011719
10.210216045379639
10.336543321609497
10.54012417793274
10.403521537780762
10.452837705612183
10.406875133514404
10.396811962127686
10.314162731170654
10.349443912506104
10.34722113609314
10.41996955871582
10.451422691345215
10.215981006622314
10.30361557006836
10.304157018661499
10.407234191894531
10.239024639129639
10.431490898132324
10.409226655960083
10.31006121635437
10.28390884399414
10.38701605796814
10.43403959274292
10.457117795944214
10.536609888076782
10.386565923690796
10.315347909927368
10.501229047775269
10.41019344329834
10.391502380371094
10.398828506469727
10.40221381187439
10.248055696487427
10.435849666595459
10.22826862335205
10.311218500137329
10.267754554748535
10.226952075958252
10.593666076660156
10.53056788444519
10.236181735992432
10.532317876815796
10.42568063735962
10.3161780834198
10.408792972564697
10.518004417419434
10.398697137832642
10.412159204483032
10.244630575180054
10.45610785484314
10.284064531326294
10.256509780883789
10.328585863113403
10.44479513168335
10.711119174957275
10.320904731750488
10.230742692947388
10.475413084030151
10.25727653503418
10.178121566772461
10.44558572769165
10.213366508483887
10.244955778121948
10.34368896484375
10.169342279434204
10.124616861343384
10.33949589729309
10.544059038162231
10.357481479644775
10.355629444122314
10.10174012184143
10.290294170379639
10.331154346466064
10.061152696609497
10.37138056755066
10.33105731010437
10.156638145446777
10.27884817123413
10.371066331863403
10.336395978927612
10.538190364837646
10.410087823867798
10.28574252128601
10.306890487670898
10.5370192527771
9.520686864852905
