Timing log for each step:
0.016013622283935547
5.366348028182983
5.420477628707886
5.264870882034302
5.190189599990845
5.216210603713989
5.434852838516235
5.190664291381836
5.351439476013184
5.252852439880371
5.291646957397461
5.205210208892822
5.503990650177002
5.325101137161255
5.234363079071045
5.366910457611084
5.315280914306641
5.3211915493011475
5.271695137023926
5.211262226104736
5.182898998260498
5.249027729034424
5.23077130317688
5.24652624130249
5.297152996063232
5.376128673553467
5.258502721786499
5.14455509185791
5.2795326709747314
5.272089958190918
5.270205736160278
5.588513135910034
5.360613822937012
5.2365357875823975
5.3771185874938965
5.338418960571289
5.414378881454468
5.18321967124939
5.29941725730896
5.167646646499634
5.351231098175049
5.476502180099487
5.621145725250244
5.563725709915161
5.350289583206177
5.383111000061035
5.126908302307129
5.262204885482788
5.209182500839233
5.410120964050293
5.284709692001343
5.303844213485718
5.344131231307983
5.419453382492065
5.374832391738892
5.360309362411499
5.283684730529785
5.414365291595459
5.489805698394775
5.401789903640747
5.392430782318115
5.4617533683776855
5.364770889282227
5.378899812698364
5.4554831981658936
5.4219090938568115
5.341876029968262
5.481916666030884
5.281031131744385
5.331865549087524
5.460409879684448
5.309896469116211
5.269328355789185
5.369700908660889
5.393035411834717
5.31724739074707
5.319241285324097
5.247647762298584
5.278141260147095
5.41448974609375
5.381770610809326
5.3879075050354
5.396142244338989
5.392719745635986
5.622302055358887
5.9774394035339355
5.9089884757995605
5.8732218742370605
5.933399200439453
5.7824013233184814
5.7158379554748535
5.873188257217407
5.811340808868408
5.922274112701416
5.651015281677246
5.580848455429077
5.280822038650513
5.487069129943848
5.45347785949707
5.3251543045043945
5.337542772293091
5.422011852264404
5.279188632965088
5.447458267211914
5.3645384311676025
5.405425786972046
5.417996406555176
5.438525438308716
5.423450231552124
5.258472919464111
5.38707709312439
5.429828882217407
5.4880242347717285
5.413090705871582
5.263305425643921
5.306501388549805
5.403817653656006
5.37340521812439
5.472959041595459
5.325372219085693
5.386357069015503
5.314957141876221
5.431063652038574
5.515357971191406
5.401730537414551
5.368690729141235
5.429231643676758
5.430569410324097
5.5298426151275635
5.391152858734131
5.2936177253723145
5.759746074676514
5.4019880294799805
5.494097948074341
5.4123663902282715
5.372655630111694
5.375190734863281
5.357037305831909
5.337831974029541
5.194020986557007
5.460796356201172
5.395785808563232
5.5174009799957275
5.45678186416626
5.474032640457153
5.412015676498413
5.327818870544434
5.408845663070679
5.374134302139282
5.429641246795654
5.501126050949097
5.449451923370361
5.453779935836792
5.383775234222412
5.3590381145477295
5.212080478668213
5.3765599727630615
5.457278490066528
5.300493240356445
5.345947742462158
5.461284399032593
5.489327430725098
5.41645884513855
5.3201422691345215
5.428763389587402
5.4353461265563965
5.31814980506897
5.297100782394409
5.470803499221802
5.393208980560303
5.418719053268433
5.466135501861572
5.557412147521973
5.526547431945801
5.5753960609436035
5.461206912994385
5.387068510055542
5.317554950714111
5.438110828399658
5.362671136856079
5.485732555389404
5.429623126983643
5.39573860168457
5.503162860870361
5.357654094696045
5.327139854431152
5.463262557983398
5.525153160095215
5.507016181945801
5.574299335479736
5.354215145111084
5.50723671913147
5.467267274856567
5.43619179725647
5.365134000778198
5.321626901626587
5.472445487976074
5.420498609542847
5.348171710968018
5.470788478851318
5.645944356918335
5.468199014663696
5.485823154449463
5.38655948638916
5.391815185546875
5.340723752975464
5.384711265563965
5.498054504394531
5.501338005065918
5.409550666809082
5.524402856826782
5.3375327587127686
5.4187705516815186
5.42661714553833
5.523180246353149
5.503868818283081
5.509707927703857
5.449373722076416
5.582348346710205
5.4026007652282715
5.291834354400635
5.492035150527954
5.445643663406372
5.523850440979004
5.628199100494385
5.437265157699585
5.684995412826538
5.576338529586792
5.446039438247681
5.371694326400757
5.7525200843811035
5.534674882888794
5.5346903800964355
5.55816912651062
5.564643621444702
5.570810317993164
5.367975234985352
5.496268033981323
5.49910306930542
5.390947580337524
5.415564775466919
5.357795715332031
5.429760456085205
5.49040675163269
5.523937940597534
5.491030931472778
5.550769090652466
5.504259347915649
5.471014738082886
5.410187244415283
5.459843635559082
5.378924608230591
5.450986862182617
5.353612899780273
5.578904390335083
5.529989957809448
5.417875289916992
5.435790777206421
5.43091893196106
5.448206186294556
5.390799045562744
5.472179412841797
5.480565309524536
5.477877140045166
5.42518424987793
5.471649646759033
5.526869773864746
5.468963146209717
5.497242212295532
5.403027057647705
5.481562376022339
5.545080900192261
5.4788360595703125
5.500819683074951
5.592665910720825
5.499335765838623
5.3663270473480225
5.482035875320435
5.404119491577148
5.465180158615112
5.502291440963745
5.483238458633423
5.469848871231079
5.431605100631714
5.551311731338501
5.457229375839233
5.479302406311035
5.440951824188232
5.58942985534668
5.568553447723389
5.397501468658447
5.407017230987549
5.356808423995972
5.555836200714111
5.546078443527222
5.572595596313477
5.427276372909546
5.541092395782471
5.4420459270477295
5.4693005084991455
5.4813232421875
5.487982273101807
5.397484064102173
5.492334604263306
5.458064794540405
5.340425729751587
5.3394575119018555
5.603535175323486
5.497591972351074
5.5447471141815186
5.476829767227173
5.367145538330078
5.51974081993103
5.317918062210083
5.352841854095459
5.411199569702148
5.502110481262207
5.436318874359131
5.368811845779419
5.6277899742126465
5.455510377883911
5.362431764602661
5.498208045959473
5.516742944717407
5.595064163208008
5.442047357559204
5.290076017379761
5.507066011428833
5.499640703201294
5.53270959854126
5.451210260391235
5.486477375030518
5.419960975646973
5.374140024185181
5.351759433746338
5.444340944290161
5.465810775756836
5.427912712097168
5.53288459777832
5.549993515014648
5.49539852142334
5.413264751434326
5.577137231826782
5.5542449951171875
5.506595134735107
5.5320799350738525
5.338161945343018
5.399003267288208
5.542103290557861
5.488921642303467
5.4609694480896
5.452628135681152
5.575554132461548
5.553783416748047
5.522888660430908
5.622519254684448
5.426499843597412
5.393951177597046
5.428922414779663
5.519515752792358
5.495666027069092
5.448095321655273
5.377561330795288
5.342286109924316
5.559654951095581
5.351322889328003
5.458072900772095
5.489905595779419
5.520438194274902
5.4752418994903564
5.513730764389038
5.4639856815338135
5.497458219528198
5.397382974624634
5.6737189292907715
5.752675771713257
5.604748010635376
5.485156059265137
5.522390842437744
5.526150465011597
5.501210451126099
5.486885070800781
5.345940589904785
5.513969659805298
5.567323446273804
5.5755455493927
5.502094030380249
5.489876747131348
5.506112337112427
5.567946910858154
5.620645761489868
5.5114405155181885
5.565372705459595
5.475655555725098
5.498677968978882
5.401622533798218
5.378272533416748
5.463899850845337
5.352283954620361
5.508631229400635
5.488130569458008
5.481102466583252
5.426931619644165
5.513489484786987
5.549233913421631
5.50841760635376
5.435566663742065
5.312479257583618
5.386263132095337
5.452905893325806
5.595052480697632
5.580686807632446
5.5150370597839355
5.449198961257935
5.422877073287964
5.491412878036499
5.36911416053772
5.434682130813599
5.519927978515625
5.280224084854126
5.3753275871276855
5.507615089416504
5.527307033538818
5.479982137680054
5.497586488723755
5.833913087844849
5.429999113082886
5.418441534042358
5.436037302017212
5.449929475784302
5.432819366455078
5.434786796569824
5.473771572113037
5.474782228469849
5.581549644470215
5.379756689071655
5.495054483413696
5.527076482772827
5.5125954151153564
5.5059826374053955
5.555650234222412
5.384203910827637
5.60187554359436
5.497510194778442
5.582211017608643
5.30096435546875
5.494497776031494
5.511656045913696
5.508939027786255
5.480458736419678
5.401949882507324
5.548255443572998
5.523083448410034
5.4898388385772705
5.499111890792847
5.381787300109863
5.640448808670044
5.597997665405273
5.3637402057647705
5.539874315261841
5.57135009765625
5.56366491317749
5.5632874965667725
5.564004421234131
5.567381858825684
5.429964303970337
5.3802196979522705
5.505065441131592
5.468427419662476
5.49138069152832
5.5988609790802
5.447267770767212
5.549349308013916
5.463269472122192
5.460550546646118
5.523860216140747
5.4580042362213135
5.434030055999756
5.546804189682007
5.364524841308594
5.50402569770813
5.455885648727417
5.650900602340698
5.446709394454956
5.391197681427002
5.466778755187988
5.795656442642212
5.775630950927734
5.634886741638184
5.5841453075408936
5.509331464767456
5.531236410140991
5.333596467971802
5.462034225463867
5.710572719573975
5.481149673461914
5.655763864517212
5.582416772842407
5.491482973098755
5.476325988769531
5.490301847457886
5.407509088516235
5.493173360824585
5.4252846240997314
5.494499206542969
5.425665616989136
5.482415676116943
5.424813747406006
5.52453875541687
5.47387433052063
5.456868410110474
5.390391111373901
5.458919286727905
5.405345439910889
5.3835203647613525
5.473134279251099
5.740925312042236
5.642951726913452
5.7376322746276855
6.091370105743408
6.065764904022217
6.041901350021362
5.724861145019531
5.836927652359009
5.587876319885254
5.570498704910278
5.464623928070068
5.5543601512908936
5.48548698425293
5.520849704742432
5.599270582199097
5.417855262756348
5.415807485580444
5.461295127868652
5.415848255157471
5.393705368041992
5.611428260803223
5.270702362060547
5.474781274795532
5.510161399841309
5.489573955535889
5.486865043640137
5.5994672775268555
5.387632369995117
5.462862730026245
5.466077089309692
5.3657379150390625
5.479615211486816
5.341188430786133
5.505471706390381
5.557963132858276
5.594279050827026
5.539492130279541
5.850677251815796
5.4618871212005615
5.581754922866821
5.743100166320801
5.692183017730713
5.458887100219727
5.498944520950317
5.570648908615112
5.645444869995117
5.553393363952637
5.54974889755249
5.694512367248535
5.695470333099365
5.481673717498779
5.738148212432861
5.7446699142456055
5.49568510055542
5.627614259719849
5.685319662094116
5.675867319107056
5.417021036148071
5.550498008728027
5.645615100860596
5.486280679702759
5.539823770523071
5.626675605773926
5.416157245635986
5.844334363937378
5.768213272094727
5.553402900695801
5.661809921264648
5.454895257949829
5.530023574829102
5.469441175460815
5.518185138702393
5.349278688430786
5.462968826293945
5.501554012298584
5.4466872215271
5.63736891746521
5.387701988220215
5.592897415161133
5.493736267089844
5.5519092082977295
5.5179688930511475
5.437577724456787
5.523013353347778
5.472905158996582
5.498296022415161
5.593472719192505
5.444793939590454
5.459736347198486
5.541827917098999
5.487811088562012
5.397324085235596
5.668065071105957
5.482879400253296
5.557890892028809
5.462224960327148
5.5884106159210205
5.324776649475098
5.505855321884155
5.344452857971191
5.4228270053863525
5.509443998336792
5.838300466537476
5.682920455932617
5.435779333114624
5.615007638931274
5.778797149658203
5.6390602588653564
5.431111812591553
5.60917329788208
5.600848436355591
5.6940014362335205
5.508763313293457
5.594773530960083
5.596513986587524
5.714078426361084
5.54428768157959
5.467482805252075
5.65802788734436
5.402925968170166
5.477540731430054
5.474166631698608
5.559025526046753
5.637213706970215
5.486601829528809
5.488518953323364
5.475309133529663
5.564029693603516
5.442876577377319
5.667382717132568
5.670231342315674
5.693973779678345
5.536548614501953
5.47746467590332
5.659335136413574
5.647722959518433
5.498534917831421
5.364049673080444
5.767599582672119
5.7144317626953125
5.5077598094940186
5.48781418800354
5.466546058654785
5.486418008804321
5.744994878768921
5.622453689575195
5.570511341094971
5.46315336227417
5.467547416687012
5.426573038101196
5.519574403762817
5.608476877212524
5.646810293197632
5.556866645812988
5.412252902984619
5.496490955352783
5.507728338241577
5.463475704193115
5.441254138946533
5.628897190093994
5.657026052474976
5.464268207550049
5.564270973205566
5.513924837112427
5.57090425491333
5.556812047958374
5.599911212921143
5.554226398468018
5.50780463218689
5.448189973831177
5.57044243812561
5.47028923034668
5.467050075531006
5.456334829330444
5.598990201950073
5.6627843379974365
5.52672266960144
5.447328090667725
5.522303104400635
5.466614007949829
5.462548732757568
5.4620726108551025
5.479600429534912
5.454718589782715
5.4692535400390625
5.624468803405762
5.6476123332977295
6.094605445861816
5.504611492156982
5.472709894180298
5.5008156299591064
5.527919292449951
5.352696418762207
5.430755376815796
5.517826080322266
5.539624214172363
5.494297027587891
5.553749084472656
5.675770044326782
5.463712930679321
5.583903074264526
5.449462175369263
5.451946496963501
5.492776155471802
5.567836284637451
5.4520652294158936
5.454806804656982
5.472752332687378
5.574612855911255
5.441262722015381
5.527254343032837
5.756880044937134
5.648944139480591
5.48922324180603
5.4417724609375
5.515685796737671
5.44683313369751
5.634441614151001
5.687027931213379
5.567822694778442
5.470515012741089
5.448814868927002
5.539546489715576
5.640022277832031
5.748767852783203
5.37169623374939
5.454835891723633
5.545811653137207
5.363595724105835
5.690207004547119
5.595725774765015
5.626529932022095
5.605865716934204
5.549367427825928
5.465584754943848
5.552306413650513
5.752051115036011
5.617911100387573
5.5214080810546875
5.374085187911987
5.472679853439331
5.5002052783966064
5.488481044769287
5.648802995681763
5.717397212982178
5.6770501136779785
5.473083734512329
5.45492148399353
5.5856709480285645
5.578929662704468
5.692914724349976
5.559385776519775
5.721668243408203
5.277726650238037
5.567689418792725
5.644599914550781
5.486680269241333
5.5171613693237305
5.586835145950317
5.739825248718262
5.7206573486328125
5.731993675231934
5.308996677398682
5.416429758071899
5.461711645126343
5.5492212772369385
5.705163955688477
5.660455703735352
5.682327032089233
5.362101793289185
5.497609376907349
5.464062690734863
5.413196086883545
5.78181791305542
5.543706655502319
5.620309114456177
5.477591037750244
5.683931112289429
5.498403072357178
5.510223865509033
5.573973655700684
5.688073396682739
5.693054676055908
5.767266273498535
5.4317920207977295
5.460687160491943
5.306398868560791
5.436418771743774
5.455690860748291
5.855089426040649
5.5930609703063965
5.333249092102051
5.555311918258667
5.553349018096924
5.420579433441162
5.517453670501709
5.488483905792236
5.442051887512207
5.5086870193481445
5.636390924453735
5.524750709533691
5.408649682998657
5.531817197799683
5.306437969207764
5.495621919631958
5.52717661857605
5.4960432052612305
5.453649997711182
5.416138172149658
5.662636995315552
5.552446365356445
5.358306646347046
5.304654121398926
5.4903318881988525
5.539268970489502
5.529244899749756
5.2759058475494385
5.523576021194458
5.443705320358276
5.505624055862427
5.516396522521973
5.4344377517700195
5.457807540893555
5.445613384246826
5.53175950050354
5.683128356933594
5.623883962631226
5.754904270172119
5.561930179595947
5.508592844009399
5.416727304458618
5.577802658081055
5.572053909301758
5.533234119415283
5.608826398849487
5.585693359375
5.515075922012329
5.561153173446655
5.64289927482605
5.3971335887908936
5.511487007141113
5.374508857727051
5.548585414886475
5.612903594970703
5.585836410522461
5.5097784996032715
5.477578163146973
5.552834749221802
5.223819255828857
5.4364190101623535
5.351491212844849
5.54620099067688
5.451447248458862
5.667795896530151
5.728923559188843
5.656267881393433
5.486093759536743
5.673381090164185
5.810406923294067
5.53080153465271
5.357584238052368
5.598583936691284
5.853321075439453
5.607736349105835
5.732981443405151
5.536090850830078
5.492812395095825
5.458078384399414
5.488001108169556
5.396811008453369
5.51750373840332
5.470700979232788
5.465274333953857
5.501669406890869
5.5797038078308105
5.428114652633667
5.635813474655151
5.272515773773193
5.593838691711426
5.726351976394653
5.602738618850708
5.809525489807129
5.554258584976196
5.525758266448975
5.407217025756836
5.476649761199951
5.5036540031433105
5.476418972015381
5.4389894008636475
5.481784105300903
5.72495698928833
5.74360990524292
5.3485705852508545
5.430675745010376
5.398869514465332
5.49823784828186
5.441952228546143
5.5080885887146
5.414980411529541
5.402307510375977
5.405649662017822
5.712423801422119
5.440078020095825
5.472715854644775
5.502758741378784
5.46264386177063
5.4690260887146
5.539254188537598
5.473567008972168
5.481158256530762
5.59071946144104
5.558033227920532
5.803714275360107
5.627970457077026
5.6402528285980225
5.558362007141113
5.472065210342407
5.487322092056274
5.440338373184204
5.471820592880249
5.597800254821777
5.4351747035980225
5.5842204093933105
5.32464075088501
5.4014294147491455
5.245413064956665
5.5561842918396
5.505460262298584
5.474238157272339
5.6492509841918945
5.540525674819946
5.543349504470825
5.574871778488159
5.561115264892578
5.459171295166016
5.339134454727173
5.448980093002319
5.469293832778931
5.5071632862091064
5.825171709060669
5.535706996917725
5.563216209411621
5.3610522747039795
5.540473699569702
5.526692867279053
5.452182054519653
5.42655873298645
5.6697187423706055
5.4186224937438965
5.731794834136963
5.780523777008057
5.576233625411987
5.40644645690918
5.600342035293579
5.425320625305176
5.399428606033325
5.414965867996216
5.311142206192017
5.438597917556763
5.57309365272522
5.369248151779175
5.502689838409424
5.332411766052246
5.6058502197265625
5.523033857345581
5.457298517227173
5.411500453948975
5.535189867019653
5.537647008895874
5.4496750831604
5.49566912651062
5.519418001174927
5.402141094207764
5.41717791557312
5.634816408157349
5.713359832763672
5.933928966522217
5.655213356018066
5.385420560836792
5.4444825649261475
5.396946907043457
5.421091318130493
5.550433397293091
5.502701044082642
5.5542213916778564
5.451288223266602
5.631856441497803
5.497689247131348
5.496537208557129
5.4207398891448975
5.436613082885742
5.530197858810425
5.473038196563721
5.4830162525177
5.348285913467407
5.475960969924927
5.5141377449035645
5.514714241027832
5.565715074539185
5.592736482620239
5.507379770278931
5.36098313331604
5.372515916824341
5.569620847702026
5.402804613113403
5.7358903884887695
5.677261829376221
5.645053148269653
5.688985109329224
5.728998422622681
5.390448570251465
5.37505030632019
5.602382183074951
5.334444284439087
5.41365385055542
5.370733261108398
5.467186212539673
5.6035590171813965
5.388381242752075
5.5230653285980225
5.528525114059448
5.583627700805664
5.367027521133423
5.483612775802612
5.409072399139404
5.455368995666504
5.519058465957642
5.539613485336304
5.562795162200928
5.505638599395752
5.566224813461304
5.468992233276367
5.536397695541382
5.60901403427124
5.601664304733276
5.577129364013672
5.596884250640869
5.311403036117554
5.512147665023804
5.425183534622192
5.4497971534729
5.490706443786621
5.386298179626465
5.371053218841553
5.564499616622925
5.487443447113037
5.588358402252197
5.7086122035980225
5.387561798095703
5.4272050857543945
5.463948726654053
5.463907480239868
5.443770170211792
5.465759038925171
5.387465238571167
5.386563062667847
5.442484140396118
5.475201845169067
5.332512140274048
5.321995496749878
5.551990270614624
5.439001560211182
5.3878493309021
5.7937891483306885
5.47902250289917
5.543717861175537
5.648326396942139
5.781369209289551
5.513033866882324
5.5574791431427
5.554198265075684
5.478697299957275
5.366094589233398
5.620179653167725
5.447042226791382
5.4966652393341064
5.428598642349243
5.327876567840576
5.528234243392944
5.546205997467041
5.492061614990234
5.641939401626587
5.498712539672852
5.608839273452759
5.490698575973511
5.368937253952026
5.5070390701293945
5.500663757324219
5.2592902183532715
5.685811758041382
5.4748053550720215
5.3362133502960205
5.439684629440308
5.5381622314453125
5.393182992935181
5.879726409912109
5.702822923660278
5.512551546096802
5.519700765609741
5.4804863929748535
5.51055383682251
5.327605485916138
5.540512323379517
5.460831165313721
5.49388861656189
5.569628953933716
5.471599340438843
5.445469379425049
5.608133792877197
5.456590414047241
5.51963210105896
5.5824995040893555
5.5637383460998535
5.573202133178711
5.523061037063599
5.4345738887786865
5.383623123168945
5.543842077255249
5.460681200027466
5.502625942230225
5.339513301849365
5.492336750030518
5.522192716598511
5.519573926925659
5.471985578536987
5.48720645904541
5.504539966583252
5.555179119110107
5.5736918449401855
5.488994359970093
5.643194675445557
5.711240291595459
5.501540184020996
5.71564507484436
5.750486373901367
5.492403030395508
5.520146369934082
5.508585453033447
5.634549379348755
5.418250560760498
5.616602182388306
5.5037736892700195
5.43805193901062
5.591636896133423
5.63369083404541
5.489117383956909
5.51356315612793
5.5914013385772705
5.483624219894409
5.525208950042725
5.598853588104248
5.525897979736328
5.506366729736328
5.50301194190979
5.568206548690796
5.503523111343384
5.396040678024292
5.454941034317017
5.373415946960449
5.450514078140259
5.679773569107056
5.742766380310059
5.733694791793823
5.725288391113281
5.548485040664673
5.706523180007935
5.622073650360107
5.509196519851685
5.510721921920776
5.538655519485474
5.584089517593384
5.532667398452759
5.535581588745117
5.480040788650513
5.410170793533325
5.50701117515564
5.532653331756592
5.492017507553101
5.498987674713135
5.64476466178894
5.626407861709595
5.612535715103149
5.50363302230835
5.598723411560059
5.49108362197876
5.54961895942688
5.469449043273926
5.486608505249023
5.550062656402588
5.726836681365967
5.507776975631714
5.737034559249878
5.704312801361084
5.722343444824219
5.41945481300354
5.705955266952515
5.54314398765564
5.547822713851929
5.508026123046875
5.392836809158325
5.625415563583374
5.450484991073608
5.498977899551392
5.41189432144165
5.569456100463867
5.4887566566467285
5.4773805141448975
5.4862682819366455
5.552756071090698
5.577623128890991
5.549099683761597
5.388474464416504
5.625837802886963
5.571216344833374
5.603541135787964
5.518635034561157
5.409043788909912
5.578085899353027
5.447580099105835
5.691850900650024
5.567851305007935
5.612097263336182
5.6930341720581055
5.818109512329102
5.817834854125977
5.668014287948608
5.8847715854644775
5.482998371124268
5.597872257232666
5.47699236869812
5.520020008087158
5.572064161300659
5.499887466430664
5.550279378890991
5.573373794555664
5.510133981704712
5.521273851394653
5.668021202087402
5.3379127979278564
5.670229911804199
5.497532844543457
5.604747772216797
5.493446111679077
5.368124723434448
5.519545078277588
5.426948070526123
5.498306751251221
5.476050853729248
5.50719141960144
5.534847259521484
5.393498420715332
5.74818229675293
5.67793083190918
5.923365116119385
5.561068534851074
5.465598821640015
5.4702370166778564
5.548562288284302
5.530559062957764
5.618196249008179
5.573747158050537
5.586687326431274
5.491987228393555
5.624837160110474
5.486582040786743
5.376519680023193
5.565483093261719
5.327436208724976
5.656392335891724
5.438431978225708
5.612802505493164
5.47896146774292
5.574736833572388
5.572561740875244
5.731337785720825
5.548825740814209
5.578614950180054
5.439862012863159
5.587172985076904
5.549695730209351
5.596701622009277
5.499086618423462
5.676168441772461
5.535020112991333
5.6095545291900635
5.3569111824035645
5.494660139083862
5.378482103347778
5.55318284034729
5.4044506549835205
5.608055353164673
5.622194290161133
5.6525983810424805
5.960309982299805
5.582163572311401
5.523235082626343
5.569500207901001
5.578758478164673
5.569048166275024
5.4511682987213135
5.64629602432251
5.407392740249634
5.521620035171509
5.392896413803101
5.434494495391846
5.375669956207275
5.46564507484436
5.534573793411255
5.441707611083984
5.473059892654419
5.826529264450073
5.6212499141693115
5.643388509750366
5.758172273635864
5.531548738479614
5.5912182331085205
5.443418264389038
5.616674900054932
5.6511101722717285
5.764876842498779
5.441428184509277
5.638201475143433
5.727806568145752
5.490347623825073
5.490948438644409
5.453114032745361
5.590674877166748
5.559523820877075
5.48845911026001
5.911041259765625
5.445910215377808
5.438074111938477
5.579520225524902
5.8162665367126465
5.5360002517700195
5.433774709701538
5.594744443893433
5.724818706512451
5.467260837554932
5.4947829246521
5.480493068695068
5.837545156478882
5.671675205230713
5.60564112663269
5.450828790664673
5.669918060302734
5.660528659820557
5.601182460784912
5.518303632736206
5.497886657714844
5.504339218139648
5.65012526512146
5.593872308731079
5.571397066116333
5.424625873565674
5.513135671615601
5.591946840286255
5.455634355545044
5.680253744125366
5.431332588195801
5.553015470504761
5.572594165802002
5.68867301940918
5.881814956665039
5.4308977127075195
5.624201536178589
5.630185842514038
5.615281820297241
5.516164064407349
5.564696788787842
5.635638236999512
5.540542840957642
5.515408754348755
5.45697808265686
5.607617616653442
5.4901087284088135
5.539504051208496
5.6968138217926025
5.655123949050903
5.493465423583984
5.613120794296265
5.732414245605469
5.519342660903931
5.511899709701538
5.688721179962158
5.514602899551392
5.525433540344238
5.422470331192017
5.728496313095093
5.579084396362305
5.470057487487793
5.383346796035767
5.630217552185059
5.497551918029785
5.5782482624053955
5.42366886138916
5.558118104934692
5.569981575012207
5.467482805252075
5.646427631378174
5.757922172546387
5.405149459838867
5.41653299331665
5.6182074546813965
5.653988838195801
5.535171270370483
5.465296268463135
5.6964099407196045
5.71668815612793
5.466962575912476
5.4326395988464355
5.520036935806274
5.557879447937012
5.705663681030273
5.420423746109009
5.359066724777222
5.848221063613892
5.462939500808716
5.605214595794678
5.590661287307739
5.56503701210022
5.645612716674805
5.562387228012085
5.425022125244141
5.473647594451904
5.67055082321167
5.470005989074707
5.6554484367370605
5.463622093200684
5.701535940170288
5.424179315567017
5.607686519622803
5.455560922622681
5.661880970001221
5.541268348693848
5.467916250228882
5.44802188873291
5.700308322906494
5.565027952194214
5.716084957122803
5.496560335159302
5.520013093948364
5.583141088485718
6.181174993515015
5.970592975616455
5.767567873001099
5.532503366470337
5.597390413284302
5.696083307266235
5.64569616317749
5.572555303573608
5.587248086929321
5.800278186798096
5.64857292175293
5.376213073730469
5.6566877365112305
5.531617879867554
5.6363914012908936
5.580307245254517
5.734299182891846
5.762225389480591
5.612212419509888
5.5474693775177
5.621248006820679
5.695437431335449
5.56518292427063
5.566364049911499
5.541055917739868
5.552088975906372
5.505358934402466
5.493616342544556
5.606141567230225
5.55196738243103
5.659150838851929
5.657996654510498
5.6545867919921875
5.753422021865845
5.66024374961853
5.450403213500977
5.628636598587036
5.6499621868133545
5.773364067077637
5.54967737197876
5.702555179595947
5.657532691955566
5.42559814453125
5.461526870727539
5.663224935531616
5.653811454772949
5.455319881439209
5.479556322097778
5.605844736099243
5.575077056884766
5.473919868469238
5.430973052978516
5.725265979766846
5.567238092422485
5.507579803466797
5.5850512981414795
5.649081230163574
5.681295871734619
5.635396242141724
5.529903173446655
5.552777051925659
5.328148126602173
5.7884745597839355
5.604518890380859
5.657470226287842
5.676700830459595
5.457905054092407
5.367120265960693
5.689168930053711
5.601167917251587
5.389386892318726
5.6342573165893555
5.62230658531189
5.614397048950195
5.4932475090026855
5.606212615966797
5.746214389801025
5.603671073913574
5.4859068393707275
5.5735180377960205
5.6110217571258545
5.669264554977417
5.457620859146118
5.47761869430542
5.678380489349365
5.490187883377075
5.516397476196289
5.509454011917114
5.7491679191589355
5.671852350234985
5.5096375942230225
5.499441146850586
5.731326580047607
5.623619556427002
5.600358963012695
5.548977375030518
5.643072128295898
5.66760516166687
5.50808048248291
5.561692714691162
5.535671234130859
5.537107229232788
5.566937685012817
5.65361475944519
5.653932809829712
5.515705585479736
5.557084798812866
5.957315683364868
5.928351163864136
5.626213550567627
5.5465028285980225
5.737803936004639
5.657067775726318
5.553760528564453
5.488592624664307
5.6697678565979
5.6457953453063965
5.669641494750977
5.477053642272949
5.716372489929199
5.596388578414917
5.597211599349976
5.567139387130737
5.5785603523254395
5.606304407119751
5.502753973007202
5.559004306793213
5.606067180633545
5.562814950942993
5.498925447463989
5.45062255859375
5.7057154178619385
5.6281843185424805
5.50480580329895
5.542978286743164
5.58599853515625
5.550806522369385
5.57621169090271
5.393157005310059
5.5210981369018555
5.552417993545532
5.605327129364014
5.4352333545684814
5.737399578094482
5.534485101699829
5.503062725067139
5.368236303329468
5.648439645767212
5.6130430698394775
5.467074394226074
5.635242938995361
5.598338603973389
5.6101975440979
5.498560905456543
5.656229496002197
5.745361328125
5.7280378341674805
5.648686408996582
5.477601051330566
5.47795557975769
5.657246112823486
5.607823133468628
5.567553520202637
5.6114091873168945
5.455939054489136
5.491450071334839
5.514591455459595
5.52508544921875
5.582014560699463
5.562861442565918
5.404885530471802
5.682768106460571
5.546257734298706
5.535096168518066
5.5837883949279785
5.429548025131226
5.682607650756836
5.6767613887786865
5.530079126358032
5.4749884605407715
5.593325853347778
5.691795825958252
5.489925861358643
5.444329500198364
5.766492128372192
5.7816314697265625
5.54657244682312
5.3478617668151855
5.652334690093994
5.809939861297607
5.8454790115356445
5.538585424423218
5.504446744918823
5.458770036697388
5.3724448680877686
5.61416220664978
5.505828142166138
5.427874326705933
5.573115110397339
5.710106611251831
5.573117017745972
5.656540870666504
5.664828300476074
5.590759754180908
5.6036646366119385
5.398779630661011
5.433659315109253
5.738729953765869
5.647953510284424
5.473623037338257
5.445939779281616
5.549002647399902
5.410963773727417
5.487947702407837
5.628613471984863
5.774410963058472
5.831723928451538
5.684272050857544
5.723001718521118
5.761747598648071
5.855870008468628
5.720763444900513
5.69803524017334
5.5179502964019775
5.651158332824707
5.553088665008545
5.579029321670532
5.560499429702759
5.600197076797485
5.6369688510894775
5.493504047393799
5.519084453582764
5.56701922416687
5.57217812538147
5.498610734939575
5.460458040237427
5.521169424057007
5.616164922714233
5.554447174072266
5.6161980628967285
5.658153772354126
5.636718988418579
5.556978464126587
5.6214001178741455
5.627014636993408
5.66275691986084
5.829228639602661
5.655429363250732
5.393422603607178
5.582662343978882
5.653746843338013
5.613047122955322
5.497034788131714
5.511461973190308
5.718145847320557
5.68509316444397
5.59283709526062
5.522981405258179
5.737697601318359
5.646007776260376
5.356326341629028
5.586649656295776
5.64720606803894
5.6479456424713135
5.603553056716919
5.668254852294922
5.597984552383423
5.651688814163208
5.432460784912109
5.523313283920288
5.638002395629883
5.581120729446411
5.390089273452759
5.674590349197388
5.64663028717041
5.5950093269348145
5.4000022411346436
5.59456992149353
5.741756200790405
5.799329042434692
5.541637897491455
5.828904628753662
5.787595748901367
5.803240060806274
5.730210065841675
5.487552642822266
5.554158926010132
5.582987308502197
5.581064939498901
5.41425085067749
5.493136882781982
5.559684753417969
5.727488040924072
5.648824691772461
5.595699071884155
5.50010871887207
5.914993524551392
5.874843120574951
5.985066652297974
5.578230142593384
5.484483480453491
5.649073839187622
5.784180402755737
5.54499363899231
5.5716636180877686
5.47791314125061
5.690201759338379
5.7866480350494385
5.657294273376465
5.474523067474365
5.980152606964111
5.817530870437622
5.554594993591309
5.669755458831787
5.6348817348480225
5.518515348434448
5.7553017139434814
5.821259021759033
5.761275768280029
5.457502126693726
5.561023712158203
5.5469651222229
5.473804712295532
5.660512208938599
5.516474485397339
5.538578271865845
5.547685146331787
5.794499158859253
5.9128148555755615
5.659700155258179
5.403955459594727
5.447856187820435
5.706384181976318
5.642676830291748
5.546264410018921
5.550307750701904
5.530282020568848
5.776834011077881
5.922658205032349
5.7453227043151855
5.674174785614014
5.727306365966797
5.451422929763794
5.506993293762207
5.914844512939453
5.855549573898315
5.4814324378967285
5.566614866256714
5.635192394256592
5.915858507156372
5.682722091674805
5.4384925365448
5.58619499206543
5.567985534667969
5.739417552947998
5.909918785095215
5.565504312515259
5.5925068855285645
5.716723918914795
5.719635009765625
5.701223373413086
5.51371431350708
5.574001789093018
5.716175317764282
5.612151384353638
5.448693752288818
5.571547746658325
5.5916454792022705
5.5603601932525635
5.550419092178345
5.476675510406494
5.8032238483428955
6.161307096481323
5.470038652420044
5.797770261764526
5.530008554458618
5.466202735900879
5.638722658157349
5.407020330429077
5.5493621826171875
5.634715557098389
5.572611570358276
5.683925628662109
5.636563777923584
5.4405457973480225
5.445307970046997
5.5908362865448
5.67265248298645
5.549254655838013
5.523439884185791
5.450394630432129
5.702491044998169
5.8553736209869385
5.73525595664978
5.608535528182983
5.509371042251587
5.57946515083313
5.8011863231658936
5.8306944370269775
5.7112274169921875
5.415969610214233
5.61561131477356
5.715754747390747
5.613058090209961
5.541957139968872
5.4888694286346436
5.484577178955078
5.597370624542236
5.585579872131348
5.431476831436157
5.5460474491119385
5.802935361862183
5.836275815963745
5.636004209518433
5.599602222442627
5.53297233581543
5.680395126342773
5.654285192489624
5.542941331863403
5.6675074100494385
5.540529489517212
5.863994121551514
5.810700416564941
5.411909341812134
5.577113628387451
5.540387153625488
5.8597893714904785
5.878384828567505
5.492306232452393
5.5407068729400635
5.508792877197266
5.790309190750122
5.910922527313232
5.47392201423645
5.5642476081848145
5.887397050857544
6.081434965133667
5.543531179428101
5.559600591659546
5.466800689697266
5.957018613815308
6.244186162948608
5.958332300186157
5.853804588317871
5.850798845291138
5.852362155914307
5.9102113246917725
5.750712871551514
5.851003646850586
5.873622179031372
5.795395135879517
5.798741340637207
5.7543580532073975
5.834006309509277
5.7462334632873535
5.884040117263794
5.822739601135254
5.89468240737915
5.767525672912598
5.840543746948242
5.7791032791137695
5.771403074264526
5.96081280708313
5.98585844039917
5.773312330245972
5.90631890296936
6.111984968185425
6.001271724700928
6.063964605331421
5.931025743484497
5.79471492767334
5.896686792373657
5.996024131774902
5.931990146636963
6.154768943786621
5.937838554382324
6.003949165344238
5.907769680023193
5.8482279777526855
5.705459356307983
5.723750114440918
5.985467910766602
5.878498792648315
5.774161100387573
5.887603759765625
6.003789901733398
6.023940324783325
5.8331687450408936
5.84969425201416
5.761082649230957
5.835387706756592
5.985853672027588
6.222477197647095
5.8898820877075195
5.85936164855957
5.8283936977386475
5.889759063720703
5.834014415740967
5.930485248565674
5.883660316467285
6.004279851913452
5.873339891433716
5.833171844482422
6.083854675292969
5.943410396575928
5.915829658508301
5.975611209869385
5.975022792816162
6.002358675003052
6.054550409317017
6.055441617965698
5.763776779174805
5.861189603805542
5.944659948348999
5.913832664489746
5.913386344909668
6.1275177001953125
5.954239845275879
5.960435390472412
5.893393516540527
5.884520053863525
5.783159494400024
6.005743741989136
5.989978551864624
5.805239677429199
5.948120832443237
6.039912939071655
5.95149564743042
5.963096380233765
5.795339822769165
5.958252668380737
5.948877573013306
5.830798149108887
5.938556432723999
6.071176767349243
5.986475467681885
5.788193464279175
5.9636664390563965
5.892215967178345
5.969427824020386
6.007664680480957
5.852001428604126
5.75066065788269
5.75162935256958
5.622009754180908
5.69774055480957
5.716667175292969
5.379873991012573
5.45185399055481
5.593317985534668
5.5340256690979
5.521496772766113
5.653522253036499
5.661341667175293
5.761742830276489
5.495376110076904
5.4123663902282715
5.500167608261108
5.993338108062744
5.864960193634033
5.586925983428955
5.78263783454895
5.8559699058532715
5.667182207107544
5.99876856803894
6.015084981918335
6.034467935562134
6.061041355133057
5.986915826797485
5.867814302444458
5.619863271713257
5.635746002197266
5.544826984405518
5.632588863372803
5.939484596252441
5.730007886886597
6.019392013549805
6.0400214195251465
6.228056907653809
5.767706632614136
5.796295166015625
5.7832396030426025
5.882883310317993
5.51482629776001
5.5688560009002686
5.769735336303711
6.084980487823486
5.788302659988403
5.962310314178467
5.81479287147522
5.560464143753052
5.682590484619141
6.192336082458496
6.0677337646484375
5.8791985511779785
6.069701194763184
5.807290554046631
5.869513273239136
5.786895036697388
5.559095621109009
5.623076915740967
5.942319393157959
6.034070730209351
5.805612802505493
6.110286474227905
5.976271867752075
5.8268327713012695
5.439532995223999
5.508984804153442
5.793533086776733
5.9633777141571045
5.792188882827759
5.9975526332855225
6.058058500289917
5.86035943031311
6.099448919296265
5.79509425163269
5.638870716094971
5.906145334243774
5.605960845947266
5.551225900650024
5.692636251449585
5.902402639389038
5.626695871353149
6.1796653270721436
5.648990869522095
5.782324552536011
5.794238805770874
5.623554229736328
5.518972873687744
5.683871746063232
5.867954969406128
5.797806739807129
5.841641664505005
5.781733512878418
5.714474678039551
5.674197673797607
5.492010831832886
5.582616806030273
5.8513503074646
5.7098939418792725
5.781125068664551
5.712775707244873
5.691785097122192
5.559865236282349
5.673688888549805
5.711735010147095
5.954046010971069
5.811755180358887
5.746150732040405
5.871071815490723
5.60340690612793
5.513188362121582
5.688351154327393
5.6610753536224365
5.67441987991333
5.773485422134399
5.7928407192230225
5.828192472457886
5.60169529914856
5.560075759887695
5.49514102935791
5.769798517227173
5.769397735595703
5.639294147491455
5.6498777866363525
5.734762907028198
5.657020568847656
5.483464002609253
5.507569074630737
5.482898712158203
5.7938148975372314
5.847233533859253
5.672186613082886
5.841944694519043
5.49989652633667
5.446975946426392
5.671192169189453
5.94290828704834
5.814087152481079
5.82475209236145
5.7896599769592285
5.859118461608887
5.581320285797119
5.70026421546936
5.397441625595093
5.624183416366577
5.79844856262207
5.815782785415649
5.945159673690796
6.132365465164185
5.759428262710571
5.540969371795654
5.6405675411224365
5.699430465698242
5.773693084716797
5.697538614273071
5.719120502471924
5.756746292114258
5.620961666107178
5.616110801696777
5.4474780559539795
5.640545129776001
5.872702121734619
5.735329866409302
5.9035186767578125
5.8151772022247314
5.675966501235962
5.666803359985352
5.440386533737183
5.695921897888184
5.870330572128296
5.797702074050903
5.7872374057769775
5.896928071975708
5.722307443618774
5.566111087799072
5.462344646453857
5.616156101226807
5.824181318283081
5.774176836013794
5.7566962242126465
5.820345401763916
5.578087091445923
5.5356364250183105
5.5747716426849365
5.700060844421387
5.6831889152526855
5.915649652481079
5.9926769733428955
5.75076699256897
5.705722093582153
5.586270809173584
5.605002403259277
5.692986965179443
5.593625545501709
5.691644668579102
5.753219127655029
5.873430967330933
5.6382458209991455
5.5099873542785645
5.63058876991272
5.791476011276245
5.8309326171875
5.830153703689575
5.715731859207153
5.901395320892334
5.663657188415527
5.485363245010376
5.6596760749816895
5.9083168506622314
5.7416768074035645
5.6626200675964355
5.775624513626099
5.879016876220703
5.627339601516724
5.629987478256226
5.511738300323486
5.793204069137573
5.662642955780029
5.813244819641113
5.7957494258880615
5.7627668380737305
5.572659492492676
5.659727334976196
5.6155781745910645
5.80174994468689
5.828841209411621
5.868387222290039
5.7444047927856445
5.696232318878174
5.6846253871917725
5.628453016281128
5.988577365875244
5.712130069732666
5.8473169803619385
5.878539562225342
5.753334999084473
5.4983811378479
5.783747911453247
6.38651180267334
5.995493650436401
5.875577449798584
5.908098459243774
5.579664945602417
5.538486480712891
5.581623792648315
5.773355960845947
5.539353847503662
5.777293920516968
5.958784818649292
5.861617565155029
5.6882336139678955
5.469580411911011
5.522406816482544
5.797630548477173
5.795466899871826
5.822951793670654
5.829214572906494
5.584584712982178
5.722149610519409
5.848997354507446
5.699855089187622
5.730790138244629
5.8732216358184814
5.737075328826904
5.530534029006958
5.515073776245117
5.775734186172485
5.863878965377808
5.800355911254883
5.804995775222778
5.5603790283203125
5.711308479309082
5.821832180023193
5.759284019470215
5.663274765014648
5.816773176193237
5.582470417022705
5.449841022491455
5.483153820037842
5.669590950012207
5.903885841369629
5.80517578125
5.86540150642395
5.6028759479522705
5.7371666431427
5.748080015182495
5.750066041946411
5.59171724319458
5.854015588760376
5.639846563339233
5.520632743835449
5.635496616363525
5.927850961685181
5.852218866348267
5.758275032043457
5.88721227645874
5.545964479446411
5.833946466445923
5.810720682144165
5.783730745315552
5.720646858215332
6.018346786499023
5.580887079238892
5.486923456192017
5.530466318130493
5.694571495056152
5.944385051727295
5.799828052520752
5.854748487472534
5.708614826202393
5.780889511108398
5.7059485912323
5.474500894546509
5.398122072219849
5.7744081020355225
5.80689549446106
5.734314680099487
5.788799047470093
5.69868278503418
6.113934755325317
6.125394582748413
5.735130071640015
5.844856023788452
5.745821475982666
5.650228977203369
5.649311780929565
5.467962265014648
5.822711944580078
5.693166255950928
5.8305583000183105
5.840579986572266
5.842235326766968
5.7985999584198
5.727486848831177
5.714571952819824
5.559527397155762
5.77616810798645
5.821986198425293
5.693004846572876
5.819953203201294
5.690446853637695
5.815481424331665
5.894760608673096
5.790477275848389
5.575417518615723
5.8595874309539795
5.679078578948975
5.653145790100098
5.485933065414429
5.485521554946899
5.763311386108398
5.645167112350464
5.709091424942017
5.8888938426971436
5.971860647201538
5.913782358169556
5.813443422317505
5.540055751800537
5.555578708648682
5.973352909088135
5.677976369857788
5.673734903335571
5.819705963134766
5.814758777618408
5.640655517578125
5.625752210617065
5.522363662719727
5.499547958374023
5.95391845703125
5.890812397003174
5.772996664047241
5.6446614265441895
5.724458694458008
5.738668441772461
5.521368026733398
5.5350258350372314
5.687631130218506
5.8539018630981445
5.877476930618286
5.784990549087524
5.767882347106934
5.767138481140137
5.7197935581207275
5.685841798782349
5.427479267120361
5.517821788787842
5.842483043670654
5.786041975021362
5.75978422164917
5.655481815338135
5.804239273071289
5.621215343475342
5.708456993103027
5.527472019195557
5.534927606582642
5.788158416748047
5.823046684265137
5.751851558685303
5.823381185531616
5.791226625442505
5.674716234207153
5.727206707000732
5.554302215576172
5.441871643066406
5.45233416557312
5.678702116012573
5.489009141921997
5.56053900718689
5.830780029296875
5.642483949661255
5.39183783531189
5.598534345626831
5.450393438339233
5.569228172302246
5.55036473274231
5.664767026901245
5.7342445850372314
5.696659326553345
5.858758211135864
5.795342922210693
5.731860160827637
5.541175603866577
5.53412389755249
5.493512868881226
5.619596004486084
5.605370283126831
5.361409664154053
5.5560996532440186
5.850141525268555
5.777790546417236
5.9638893604278564
5.642064571380615
5.5430262088775635
5.765787363052368
6.0115272998809814
5.879900217056274
5.438668251037598
5.551059007644653
5.56808614730835
5.544455051422119
5.925621509552002
5.76685094833374
5.651729345321655
5.544231176376343
5.519654273986816
5.803071737289429
5.748601913452148
5.74183464050293
5.604357719421387
5.500614166259766
5.513435125350952
5.682188034057617
5.833613872528076
5.7681496143341064
5.827428340911865
5.478724956512451
5.642898797988892
5.685553550720215
5.875716924667358
5.68832802772522
5.577446699142456
5.604558944702148
5.467064380645752
5.780675649642944
5.896433353424072
5.72310996055603
5.636357545852661
5.5459489822387695
5.525920152664185
5.7220399379730225
5.8132688999176025
5.850253343582153
5.619457721710205
5.592725515365601
5.589940071105957
5.705142974853516
5.9069578647613525
5.656937599182129
5.768058776855469
5.604618310928345
5.647175073623657
5.741015911102295
5.751360893249512
5.718461990356445
5.527058362960815
5.706466436386108
5.40094256401062
5.564823865890503
5.831067800521851
5.689070701599121
5.601077079772949
5.59543514251709
5.521554231643677
5.733232259750366
5.745074033737183
5.7508368492126465
5.796881675720215
5.631872892379761
5.642095565795898
5.770464181900024
5.869579553604126
5.74612283706665
5.546080589294434
5.535653591156006
5.427838563919067
5.643941640853882
5.854962348937988
5.871831655502319
5.68538761138916
5.642920732498169
5.6048009395599365
5.6126708984375
5.89954686164856
5.73246431350708
5.655043363571167
5.56459903717041
5.740267515182495
5.7477264404296875
6.198469877243042
5.882674217224121
5.511675834655762
5.61017632484436
5.697603464126587
5.7393412590026855
5.752635717391968
5.758749485015869
5.7188262939453125
5.676467657089233
5.636797666549683
5.675314426422119
5.727653741836548
5.6901843547821045
5.634921312332153
5.528047323226929
5.666816473007202
5.8222174644470215
5.781282663345337
5.6948020458221436
5.546544551849365
5.549036502838135
5.659430265426636
5.768688917160034
6.0237650871276855
5.710787296295166
5.611286640167236
5.553515911102295
5.676730632781982
5.555683851242065
5.95621919631958
5.676999807357788
5.656183958053589
5.583627223968506
5.67699670791626
5.7567596435546875
5.961625576019287
5.741247653961182
5.682412147521973
5.398442506790161
5.55297064781189
5.706023931503296
5.967412710189819
5.6992175579071045
5.403824329376221
5.528578758239746
5.860365152359009
5.707545757293701
5.968688011169434
5.75026798248291
5.679786682128906
5.461432218551636
5.695210933685303
5.721399307250977
5.900198221206665
5.742589235305786
5.484627962112427
5.512034893035889
5.592546463012695
5.768017053604126
5.950423240661621
5.63995361328125
5.622101783752441
5.535498857498169
5.624547004699707
5.714433908462524
5.945864200592041
5.688466787338257
5.537364482879639
5.56966495513916
5.624463081359863
5.633988618850708
5.955595016479492
5.611424922943115
5.519870758056641
5.614051103591919
5.490859746932983
5.727637529373169
5.860844373703003
5.728416919708252
5.6029064655303955
5.5316407680511475
5.701061964035034
5.757957935333252
5.932536840438843
5.790275812149048
5.620133876800537
5.532323122024536
5.64502215385437
5.8141844272613525
6.015000581741333
5.825735092163086
5.594526529312134
5.557487726211548
5.606918096542358
5.831035852432251
5.980978488922119
5.732494115829468
5.5180511474609375
5.601041793823242
5.757852792739868
5.848171949386597
5.937108278274536
5.725121259689331
5.6418561935424805
5.471437931060791
5.663639068603516
5.822909116744995
6.031581401824951
5.7818074226379395
5.578445672988892
5.688059329986572
5.683272838592529
5.717685222625732
5.58570408821106
5.4630467891693115
5.62227201461792
6.019870042800903
5.9354026317596436
5.745332956314087
5.575175046920776
5.752288103103638
5.657583236694336
5.7358033657073975
5.704755067825317
5.602124929428101
5.66670036315918
5.731081962585449
5.822872877120972
5.8419084548950195
5.618327379226685
5.747898817062378
5.765052795410156
5.72545313835144
5.676295518875122
5.617103576660156
5.807149171829224
5.811906814575195
5.834504842758179
5.832845687866211
5.580636739730835
5.858919382095337
5.706568717956543
5.769925117492676
5.355135440826416
5.539510250091553
5.730956792831421
5.8105432987213135
5.817830562591553
5.775697231292725
5.53599214553833
5.7665627002716064
5.7161242961883545
5.799241304397583
5.532982110977173
5.503576993942261
5.808579921722412
5.805142879486084
5.713933944702148
5.751373052597046
5.605639696121216
5.766814470291138
5.6167802810668945
5.64668869972229
5.520033597946167
5.500197649002075
5.911261320114136
5.742644786834717
5.753754138946533
5.643079519271851
5.686602592468262
5.786635398864746
5.689963102340698
5.806166887283325
5.601066589355469
5.610517263412476
5.7944018840789795
5.767775058746338
5.7470057010650635
5.846089601516724
5.562940835952759
5.751703500747681
5.65044093132019
5.6820783615112305
5.4593024253845215
5.520294427871704
5.80100154876709
5.721729278564453
5.7738423347473145
5.752129554748535
5.6362574100494385
5.822361946105957
5.616473197937012
5.719789028167725
5.5755157470703125
5.490527391433716
5.75754976272583
5.7762370109558105
5.844902515411377
5.873636484146118
5.650214910507202
5.877245664596558
5.973344326019287
6.032571792602539
