Timing log for each step:
0.011010408401489258
10.152233600616455
10.039811611175537
10.147733211517334
10.03992247581482
10.05245304107666
9.209493637084961
9.698011875152588
9.622039794921875
9.185025930404663
8.840058326721191
10.14449167251587
10.060011148452759
10.3378324508667
10.365486860275269
10.202943801879883
10.068615436553955
9.992785692214966
10.119774580001831
10.094421863555908
9.983935594558716
10.195635080337524
10.059324026107788
10.314231634140015
10.231262922286987
10.251101970672607
10.286939144134521
10.438540697097778
10.311259984970093
10.143707036972046
10.50940489768982
10.233874320983887
10.436832427978516
10.486217975616455
10.272188186645508
10.234136819839478
10.339304208755493
10.41378664970398
10.355118989944458
10.625457525253296
10.40933632850647
10.276825189590454
10.42711329460144
10.330715656280518
10.375439167022705
10.440241813659668
10.43832802772522
