Timing log for each step:
0.014013528823852539
5.391431093215942
5.479269504547119
5.465003490447998
5.6965765953063965
5.685779809951782
5.733218431472778
5.611693382263184
5.6320719718933105
5.678348541259766
5.7386674880981445
5.615218639373779
5.629792928695679
5.521512985229492
5.571946144104004
5.613075494766235
5.353966474533081
5.6414477825164795
5.46131706237793
5.585807800292969
5.604377031326294
5.489473819732666
5.423579216003418
5.473021507263184
5.3934502601623535
5.492467880249023
5.380703687667847
5.40924596786499
5.401456594467163
5.39650297164917
5.430042266845703
5.514223337173462
5.445998191833496
5.406438589096069
5.423456192016602
5.386689901351929
5.4841742515563965
5.427544355392456
5.465927839279175
5.468956708908081
5.398461103439331
5.484390735626221
5.4604246616363525
5.400325775146484
5.408079147338867
5.384801149368286
5.783237457275391
5.508531808853149
5.411648273468018
5.484166860580444
5.459882497787476
5.552695274353027
5.514941453933716
5.5019731521606445
5.516152381896973
5.418537139892578
5.420001029968262
5.582716703414917
5.503976345062256
5.450228691101074
5.507266283035278
5.4708251953125
5.537224531173706
5.496959924697876
5.415934085845947
5.388287544250488
5.35910964012146
5.462589740753174
5.534490585327148
5.4482948780059814
5.454424619674683
5.503429412841797
5.521858215332031
6.005505084991455
5.617624998092651
5.4744837284088135
5.479558229446411
5.533608913421631
5.5102410316467285
5.505536079406738
5.4406962394714355
5.491286516189575
5.4069061279296875
5.509443044662476
5.454068899154663
5.413173198699951
5.360810041427612
5.458012819290161
5.464883327484131
5.34410834312439
5.439321517944336
5.45097017288208
5.467652797698975
5.401708364486694
5.482822418212891
5.461437225341797
5.442440748214722
5.315371751785278
5.405966520309448
5.40650749206543
5.432650327682495
5.521779537200928
5.447957754135132
5.446043968200684
5.541952133178711
5.489912033081055
5.450188159942627
5.341792106628418
5.372270107269287
5.4316534996032715
5.397554874420166
5.4488606452941895
5.388181686401367
5.380070209503174
5.394926309585571
5.424854516983032
5.404569625854492
5.4780449867248535
5.405266046524048
5.388005018234253
5.422642469406128
5.422317028045654
5.482012033462524
5.444360733032227
5.389835596084595
5.51723051071167
5.351269006729126
5.495457887649536
5.376903057098389
5.41986608505249
5.474416017532349
5.413723468780518
5.396774053573608
5.43329119682312
5.485124349594116
5.452189683914185
5.480760812759399
5.494493007659912
5.419619798660278
5.36986780166626
5.370680093765259
5.388892650604248
5.390334844589233
5.44836688041687
5.361339807510376
5.432686805725098
5.454394102096558
5.369565725326538
5.375145673751831
5.495634078979492
5.323297500610352
5.396452903747559
5.491868019104004
5.531988143920898
5.614577531814575
5.410622835159302
5.459489583969116
5.28014349937439
5.422776222229004
5.329888582229614
5.405147075653076
5.511379957199097
5.659366846084595
5.436981678009033
5.379533767700195
5.391287803649902
5.408339738845825
5.371279001235962
5.375216245651245
5.473502159118652
5.5184104442596436
5.421959400177002
5.430561542510986
5.374454021453857
5.37232232093811
5.4435038566589355
5.3592164516448975
5.4707653522491455
5.386280059814453
5.405372381210327
5.411814451217651
5.403296232223511
5.455320119857788
5.3427040576934814
5.364438772201538
5.475031614303589
5.3041160106658936
5.45210075378418
5.538289308547974
5.47281289100647
5.410825490951538
5.37149453163147
5.586231708526611
5.434354782104492
5.428131103515625
5.459457635879517
5.447300434112549
5.374060392379761
5.287909030914307
5.43037223815918
5.328911781311035
5.4863057136535645
5.267009973526001
5.385389089584351
5.4420952796936035
5.2940545082092285
5.398002624511719
5.4000232219696045
5.411908864974976
5.46810245513916
5.412195205688477
5.338158845901489
5.226384878158569
5.43292760848999
5.361796617507935
5.4459874629974365
5.421891450881958
5.515644550323486
5.385097026824951
5.482671499252319
5.439389944076538
5.4498114585876465
5.342347860336304
5.295877695083618
5.362475395202637
5.497225046157837
5.506496429443359
5.508527755737305
5.427981853485107
5.446505546569824
5.335901975631714
5.4535603523254395
5.51357889175415
5.44346022605896
5.393978595733643
5.408345937728882
5.464479446411133
5.4622838497161865
5.4158103466033936
5.421226501464844
5.371361017227173
5.465129375457764
5.4328083992004395
5.450024843215942
5.473318576812744
5.461876392364502
5.508471965789795
5.399204730987549
5.470425367355347
5.370600700378418
5.3614630699157715
5.415128946304321
5.346271514892578
5.376566171646118
5.4353344440460205
5.393459320068359
5.345351934432983
5.45528507232666
5.30010986328125
5.305039644241333
5.432383060455322
5.420371055603027
5.418468475341797
5.296813488006592
5.34235692024231
5.4329307079315186
5.427863359451294
5.465900897979736
5.359943628311157
5.4638142585754395
5.39252781867981
5.492954254150391
5.453624486923218
5.439821243286133
5.385819435119629
5.519675254821777
5.398749113082886
5.416301488876343
5.454522609710693
5.31116509437561
5.470198631286621
5.781574726104736
5.50548791885376
5.420190095901489
