Timing log for each step:
0.013012886047363281
10.785059690475464
10.486129760742188
10.505114078521729
10.571888208389282
10.523858785629272
10.492626667022705
10.581026554107666
10.431373357772827
10.712668895721436
10.534190654754639
10.50693964958191
10.595799207687378
10.658547639846802
10.64214563369751
10.700318813323975
10.683739423751831
10.655802726745605
10.676393747329712
10.829999923706055
10.726570129394531
10.712470293045044
10.597341060638428
10.806384086608887
10.694873094558716
10.663780450820923
10.861047983169556
10.835529088973999
10.621987342834473
10.57845139503479
10.541513204574585
10.675773620605469
10.692898988723755
10.715040445327759
10.585544109344482
10.61811113357544
10.787981033325195
10.668026685714722
10.666996717453003
10.667998790740967
10.821635484695435
10.665364503860474
10.689523935317993
10.756282567977905
10.698757886886597
10.671030521392822
10.7360200881958
10.676531314849854
10.6829354763031
10.744409561157227
10.738446712493896
10.798095941543579
10.770815372467041
10.799713611602783
10.747809171676636
11.051607847213745
10.799141883850098
10.757362842559814
10.8529052734375
10.64434027671814
10.78777027130127
10.975355863571167
10.775046110153198
10.675851821899414
10.849370241165161
10.88571286201477
10.812898874282837
10.88704514503479
10.71032977104187
10.780887603759766
10.842364072799683
10.752682447433472
10.760102987289429
10.69335675239563
10.886261701583862
10.925037384033203
10.80573034286499
10.725807666778564
10.81024956703186
10.787142276763916
10.710639715194702
10.800926208496094
10.743577003479004
10.804333925247192
10.677597522735596
10.88351058959961
10.650208234786987
10.668240785598755
10.821502447128296
10.750978231430054
10.738072395324707
10.883864164352417
10.754255533218384
10.85534405708313
10.847750425338745
10.75484585762024
10.717514514923096
10.933309316635132
10.678005933761597
10.66811227798462
10.676409482955933
10.791885137557983
10.810029745101929
10.869800806045532
10.716953039169312
10.634370565414429
10.820829153060913
10.818313598632812
10.706900596618652
10.89574122428894
10.720798969268799
10.642812967300415
10.641254425048828
10.666730642318726
10.559647798538208
10.837836265563965
10.697981834411621
10.855016469955444
10.70492148399353
10.704346418380737
10.801994800567627
10.782057762145996
10.6399827003479
10.666470289230347
10.685325860977173
10.722400665283203
10.682235956192017
10.615147352218628
10.684555768966675
10.700783967971802
10.856394052505493
10.705669403076172
10.58397102355957
10.782896757125854
10.755266666412354
10.68838381767273
10.796109437942505
10.649027824401855
10.602699518203735
10.618349552154541
10.761065483093262
10.694965839385986
10.78088116645813
10.660963535308838
10.75768518447876
10.602139234542847
10.751899003982544
10.77574872970581
10.792236328125
10.699360609054565
10.840165138244629
10.836451768875122
10.870989561080933
10.674940347671509
10.700952053070068
10.785839319229126
10.765256881713867
10.738743782043457
10.683072090148926
10.722275257110596
10.811809539794922
10.770945310592651
10.796701192855835
10.838823318481445
10.685014963150024
10.730342626571655
10.848791122436523
10.713623046875
10.784684419631958
10.751511573791504
10.8197340965271
10.643929958343506
10.759978532791138
10.669752597808838
10.713003635406494
10.760809659957886
10.710910320281982
10.667856216430664
10.768906831741333
10.681782960891724
10.767398357391357
10.82644534111023
10.856905221939087
10.715973854064941
10.787788391113281
10.686489343643188
10.87293553352356
10.825005292892456
10.863609075546265
10.803125858306885
10.864176273345947
10.821813821792603
10.80673336982727
10.736684083938599
10.677871227264404
10.707484483718872
10.6627779006958
10.787450313568115
10.698322057723999
10.68576979637146
10.719000577926636
10.694013118743896
10.688015937805176
11.038389921188354
10.845402002334595
10.655895233154297
10.855000972747803
10.763875007629395
10.823580265045166
10.858123540878296
10.697975635528564
10.644808053970337
10.7372407913208
10.761086225509644
10.738737106323242
10.691855430603027
10.683863162994385
10.733876705169678
10.883767366409302
10.831149101257324
10.79359745979309
10.861115217208862
10.720811128616333
10.766043901443481
10.896852493286133
10.118257284164429
10.182678461074829
9.961988687515259
10.103906393051147
10.286226749420166
10.222334861755371
9.968703746795654
10.01771092414856
9.978942632675171
10.092304229736328
10.17158317565918
10.267992973327637
10.162822008132935
10.09969186782837
10.121808528900146
10.218445539474487
10.12829041481018
10.278039693832397
10.227964639663696
10.183195114135742
9.577396869659424
9.655864000320435
9.306803464889526
10.631943225860596
10.718923568725586
10.797052145004272
10.6958327293396
10.647419929504395
10.706180572509766
10.746552467346191
10.598118305206299
10.695862293243408
10.661720991134644
10.744696617126465
10.683975219726562
10.774944067001343
10.697805404663086
10.603171110153198
10.775973320007324
10.730677127838135
10.703824758529663
10.710646629333496
10.633825302124023
10.670183420181274
10.623520374298096
10.68172311782837
10.635127067565918
10.779829502105713
10.697257041931152
10.614725589752197
10.846419095993042
10.789876461029053
10.830894708633423
10.62671685218811
10.73069143295288
10.779812812805176
10.561433792114258
10.722532033920288
10.66565990447998
10.591875791549683
10.562983512878418
10.603572368621826
10.688142538070679
10.548377990722656
10.608957290649414
10.691336631774902
10.55780029296875
10.869819402694702
10.557746648788452
10.458928108215332
10.625439643859863
10.72597360610962
10.54064393043518
10.591394901275635
10.512759447097778
10.700337171554565
10.66445279121399
10.731970310211182
10.596956968307495
10.67592716217041
10.726220607757568
10.705362796783447
10.57090425491333
10.773640394210815
10.749208927154541
10.87864637374878
10.842270851135254
10.60064697265625
10.687792301177979
10.729015350341797
10.712197065353394
10.61635684967041
10.691449642181396
10.702998161315918
10.816208362579346
10.700892448425293
10.663958549499512
10.670333623886108
10.767448425292969
10.671656131744385
10.665335178375244
10.813951015472412
10.807286024093628
10.896081924438477
10.689259767532349
10.724527359008789
10.77096438407898
10.785555601119995
10.756065845489502
10.7680344581604
10.74784803390503
10.845513343811035
10.879261493682861
10.789361953735352
10.784015655517578
10.913591384887695
10.74519395828247
10.81088376045227
10.92745852470398
10.855761528015137
10.760823488235474
10.735395908355713
10.731704235076904
10.755708694458008
10.814475297927856
11.117091655731201
10.80265736579895
10.730933427810669
10.775883197784424
10.748318672180176
10.75595736503601
10.763350009918213
10.907240390777588
10.824833631515503
10.69888710975647
10.748876333236694
10.67458701133728
10.81740403175354
10.772138118743896
10.640469074249268
10.802990436553955
10.787792444229126
10.809964418411255
10.865206956863403
10.851518869400024
10.795830011367798
10.792484998703003
10.840874195098877
10.797754526138306
10.827097177505493
10.772059917449951
10.878417253494263
10.840987920761108
10.771956205368042
10.843048334121704
10.892427444458008
10.69749927520752
10.84022045135498
10.800053119659424
10.831177234649658
10.820430755615234
10.752402305603027
10.800346612930298
10.706242084503174
10.76906943321228
10.902313232421875
10.623503923416138
10.67927861213684
10.26084589958191
10.723994016647339
10.741181135177612
10.791995763778687
10.804284572601318
10.74714732170105
10.82268738746643
10.819214582443237
10.748261451721191
10.759438514709473
10.706145286560059
10.715431928634644
10.74660325050354
10.821969747543335
10.658986806869507
10.767146348953247
10.754444360733032
10.75290060043335
10.869511842727661
10.719101428985596
10.92055869102478
10.638918399810791
10.684305906295776
10.833348512649536
10.766389608383179
10.773016214370728
10.748174905776978
10.81210207939148
10.700414657592773
10.880845785140991
10.729379892349243
10.691072940826416
10.811854600906372
10.840875387191772
10.85995888710022
11.116776704788208
10.815907955169678
10.715863704681396
10.946423292160034
10.861086368560791
10.668936967849731
10.80801796913147
10.803001165390015
10.7735116481781
10.835112571716309
10.898898839950562
10.8024160861969
10.820518255233765
10.770563125610352
10.777827501296997
10.746064901351929
10.603989839553833
10.858202695846558
10.760651350021362
10.752321720123291
10.809105157852173
10.796911716461182
10.715025424957275
10.621362924575806
10.738698959350586
10.617546319961548
10.80248761177063
10.773441314697266
10.77455472946167
10.691054344177246
10.763628005981445
10.903002262115479
10.711995601654053
10.719985008239746
10.837853908538818
10.145135402679443
10.213358163833618
10.709185600280762
10.92669415473938
10.785094022750854
11.053035259246826
10.720510959625244
10.890613555908203
10.846507787704468
10.864978075027466
10.734330415725708
10.776651620864868
10.822851657867432
10.748557329177856
10.788958072662354
10.825339078903198
10.757190227508545
10.66916275024414
10.935794353485107
10.73617959022522
10.849833488464355
10.941529989242554
10.84149694442749
10.669742345809937
10.777278184890747
10.773400783538818
10.80115008354187
10.830411672592163
10.728954553604126
10.854769468307495
10.853293418884277
10.876983880996704
10.75552749633789
10.784541368484497
10.73410153388977
10.730690240859985
10.907790422439575
10.781914234161377
10.71210503578186
10.848319292068481
10.862684726715088
10.69646668434143
10.752522468566895
10.474782466888428
10.232721328735352
10.240825891494751
9.566778182983398
9.588881969451904
9.545180559158325
9.602013349533081
9.569664716720581
9.56467604637146
9.70713472366333
9.549801588058472
9.539146661758423
9.544767141342163
9.591738939285278
9.623884677886963
9.551141262054443
9.447412729263306
9.878193616867065
9.56312346458435
9.540163040161133
9.450539588928223
9.357012271881104
9.483039855957031
9.413795948028564
9.480377912521362
9.833543539047241
9.619415044784546
9.530295133590698
9.484242677688599
9.712430238723755
9.616218566894531
9.665430068969727
9.458682775497437
9.3921639919281
9.419903755187988
9.527803659439087
9.520440816879272
9.506608724594116
11.367687702178955
10.525985717773438
10.511061191558838
10.51141095161438
10.376328229904175
10.554994821548462
10.758949995040894
10.39787483215332
10.339976787567139
10.64559006690979
10.678529024124146
10.621549844741821
10.658458948135376
10.654594421386719
10.69674038887024
10.54874324798584
10.562517881393433
10.635592222213745
10.504918575286865
10.563510417938232
10.450034856796265
10.366834163665771
10.228718519210815
9.7299222946167
9.653785705566406
10.694332361221313
9.75829792022705
9.611105680465698
9.718150854110718
9.763272762298584
10.669945478439331
9.677171468734741
9.554159164428711
9.587353229522705
9.925711870193481
9.716625452041626
9.711212396621704
9.831459283828735
9.662678480148315
9.639295101165771
9.63060736656189
9.632991075515747
10.351885318756104
10.07222294807434
11.016708612442017
10.63974118232727
10.297584056854248
10.32245922088623
10.222060203552246
10.15268588066101
10.173492431640625
10.099730253219604
10.216562032699585
10.487571954727173
10.247618913650513
10.162216663360596
10.206708908081055
10.054177045822144
10.188349962234497
10.15394115447998
10.18531847000122
10.13398814201355
10.16530466079712
10.19214916229248
10.020140886306763
10.10241150856018
10.095926284790039
10.141336441040039
10.181788206100464
10.197924613952637
10.105902194976807
10.191920518875122
10.239423990249634
10.15732216835022
10.021868705749512
10.16341495513916
10.12222957611084
10.155358076095581
10.11271357536316
10.137816905975342
10.158890724182129
10.069565296173096
10.134462594985962
10.05086612701416
10.17978048324585
10.177406072616577
10.060686349868774
10.13253664970398
10.12327527999878
10.159783601760864
10.412819147109985
10.669957399368286
10.048370599746704
10.220308303833008
10.086808443069458
9.483519792556763
9.441964149475098
9.456925392150879
9.498079538345337
9.476505517959595
9.447633266448975
9.44442081451416
9.490711450576782
9.480146408081055
9.425952672958374
9.559457302093506
9.505589008331299
9.480132102966309
9.453497886657715
9.435867309570312
9.400846481323242
9.477676153182983
9.443128824234009
9.460561752319336
9.461530447006226
9.495607376098633
9.469966650009155
9.561951398849487
9.664093732833862
9.427862167358398
9.476467609405518
9.49901795387268
9.50801682472229
9.528494596481323
9.51664686203003
9.38019585609436
9.403590679168701
9.470684051513672
9.51545238494873
9.465569257736206
9.501577854156494
9.416722536087036
9.618609428405762
9.393023014068604
9.536935329437256
9.394222497940063
9.568684816360474
9.500282526016235
9.600868225097656
9.427660465240479
9.484596729278564
9.474015712738037
9.582956075668335
9.490022659301758
9.511318683624268
9.518112182617188
9.492881298065186
9.445187091827393
9.470568180084229
9.531365871429443
9.543499231338501
9.47978687286377
9.532769680023193
9.405951023101807
9.514317035675049
9.464782476425171
9.514474391937256
9.450772523880005
9.44209098815918
9.546298503875732
9.70698070526123
9.492711305618286
9.573117733001709
9.609501123428345
9.543892860412598
9.647592067718506
9.589315176010132
9.594336986541748
9.49968409538269
9.586724996566772
9.66763949394226
9.630353212356567
9.652881383895874
10.65625548362732
9.525318145751953
9.566341876983643
9.52606749534607
10.724350929260254
9.348043203353882
9.496148347854614
10.348405599594116
9.654716730117798
9.431980609893799
8.815563201904297
10.203070640563965
9.583967447280884
10.15276837348938
9.48664903640747
10.589580059051514
9.474098920822144
10.13001036643982
9.60619044303894
10.71614408493042
9.627634048461914
9.435637474060059
10.59622311592102
9.525353193283081
10.23150634765625
9.52977991104126
10.627754211425781
10.68808889389038
9.566964149475098
9.709996461868286
9.450835704803467
10.514076709747314
9.465628623962402
9.423200845718384
10.550740957260132
9.532348871231079
10.099538803100586
10.687936067581177
9.54603910446167
10.084190130233765
10.668675422668457
9.795972108840942
10.19374966621399
10.719241380691528
10.680953025817871
9.402830839157104
9.507956504821777
9.915476322174072
10.5352942943573
10.649400234222412
10.245800256729126
10.814749240875244
10.283471584320068
10.071568250656128
10.61892032623291
10.329265356063843
10.056053161621094
10.74399471282959
10.66963815689087
9.783185482025146
10.103668689727783
10.631528377532959
10.739149332046509
10.576814651489258
10.644163608551025
10.6169753074646
10.613080501556396
10.72663402557373
10.701143741607666
10.760067462921143
10.67053771018982
10.690271615982056
10.702359437942505
10.697705507278442
10.730118036270142
10.608949422836304
10.728090286254883
10.732578039169312
10.677694320678711
10.600869417190552
10.71340537071228
10.744853019714355
10.688546419143677
10.609192848205566
10.670630931854248
10.347318887710571
10.703158378601074
10.681620836257935
10.62300992012024
10.719371318817139
10.637513399124146
10.770111083984375
10.639220237731934
10.627219200134277
10.711196184158325
10.747597694396973
10.796259880065918
10.660479545593262
10.646283864974976
10.709917545318604
10.701746463775635
10.729702949523926
10.612744808197021
10.703388214111328
10.646560668945312
10.739271402359009
10.704734802246094
10.643535614013672
10.623348474502563
10.625993490219116
10.829603433609009
10.594497919082642
10.645492553710938
10.606781959533691
10.707863569259644
10.642906665802002
10.982151508331299
10.73431658744812
10.70568060874939
10.680715560913086
10.641326665878296
10.778570175170898
10.615796327590942
10.816335201263428
10.691011428833008
10.6392080783844
10.691050052642822
10.703196287155151
10.612246990203857
10.695684909820557
11.027178287506104
10.811952829360962
10.667526721954346
10.585996627807617
10.618235111236572
10.661951780319214
10.803415060043335
10.856846809387207
10.534710884094238
10.647342205047607
10.641595602035522
10.542326927185059
10.681296110153198
10.675003290176392
10.569262742996216
10.700364112854004
10.66167140007019
10.713237285614014
10.68580961227417
10.643287181854248
10.717093467712402
10.609455585479736
10.677706241607666
10.698896169662476
10.851361274719238
10.734519958496094
10.677473783493042
10.692622900009155
10.573804378509521
10.82662582397461
10.80198884010315
10.599021911621094
10.688011884689331
10.685828685760498
10.990595817565918
10.659962892532349
10.617632389068604
10.670865297317505
10.657211065292358
11.429202556610107
11.86012887954712
11.535869121551514
11.64231252670288
11.441938638687134
12.022124767303467
12.028621673583984
11.582934379577637
11.74948501586914
11.519082307815552
12.185429096221924
12.027813196182251
11.762025833129883
11.907251834869385
11.423608541488647
12.030388832092285
12.36644434928894
11.504644393920898
11.798933506011963
12.406383991241455
12.791483879089355
12.462900876998901
12.819332361221313
11.086465120315552
10.972700834274292
10.786964178085327
10.811398029327393
11.368220329284668
11.09193468093872
11.192856550216675
10.84863543510437
11.350102424621582
10.970485210418701
11.382784128189087
10.76327896118164
11.051111459732056
11.735631465911865
10.9675612449646
10.882789850234985
11.006903648376465
10.653360366821289
10.718716144561768
10.792692422866821
10.946816205978394
10.788950204849243
11.275032997131348
12.085231304168701
11.661250829696655
11.371551275253296
11.587486267089844
12.300934314727783
11.592140913009644
11.505638837814331
10.849297761917114
11.33008098602295
11.374745607376099
11.405431985855103
11.382835626602173
11.419459342956543
11.57847261428833
11.360805034637451
11.40907597541809
11.360555171966553
11.413438558578491
11.408283948898315
11.391115188598633
11.349043846130371
11.414022207260132
11.346124649047852
11.421558141708374
11.31009316444397
11.600228548049927
11.374450922012329
11.414891719818115
11.318334102630615
11.296071290969849
11.32557487487793
11.367775440216064
11.316979169845581
11.452865600585938
11.769509315490723
11.468297004699707
11.385801792144775
11.357856750488281
11.427966833114624
11.410109519958496
11.382515907287598
11.823184967041016
11.403966665267944
12.310850858688354
12.095945835113525
11.33769702911377
11.250629186630249
11.298211336135864
11.294044017791748
11.294628143310547
11.325304746627808
11.384346008300781
11.307868719100952
11.36913776397705
11.377993822097778
11.354183673858643
11.342598676681519
11.3168785572052
11.278109312057495
11.376653909683228
11.353165626525879
11.310931205749512
11.309629678726196
11.966582775115967
12.296293258666992
12.120806455612183
12.702885389328003
11.555596590042114
11.557703256607056
11.709156274795532
11.458401441574097
11.477791547775269
11.762184381484985
11.452521562576294
11.506690502166748
11.449325561523438
11.38918948173523
11.43898320198059
11.448782444000244
11.338898420333862
11.290342569351196
11.362638473510742
11.303035974502563
11.346519708633423
11.435492277145386
11.355067253112793
11.388299703598022
11.428478240966797
11.269624948501587
11.271342754364014
11.29115080833435
10.874193668365479
10.846257209777832
10.868623733520508
10.980562448501587
11.020419836044312
10.844393491744995
11.02869725227356
10.969686269760132
10.917253732681274
10.957797765731812
11.521808862686157
11.12084436416626
10.785367965698242
10.81663966178894
10.454779624938965
10.449028730392456
10.675755262374878
11.779739379882812
10.914361476898193
10.972367286682129
11.062318801879883
11.290457725524902
10.922893285751343
11.517478704452515
11.286078214645386
10.938480615615845
10.933834314346313
10.96013617515564
10.941397666931152
11.075157403945923
11.386298418045044
11.054717063903809
11.03117299079895
11.093938827514648
11.001837968826294
10.975353717803955
11.228127241134644
10.843293190002441
10.87935185432434
10.881112575531006
10.9029061794281
10.804120779037476
10.806930541992188
10.887189865112305
10.882437467575073
10.857117176055908
11.105323314666748
10.89804458618164
10.836947441101074
11.244914293289185
11.105355978012085
11.144592046737671
10.96377444267273
10.963882684707642
10.879442930221558
10.91807246208191
10.848505973815918
10.812002658843994
10.907651901245117
10.899590015411377
10.844595193862915
10.89098334312439
10.992895126342773
10.926198720932007
10.922160387039185
11.03647494316101
11.403112173080444
11.110778331756592
10.941336631774902
10.993346452713013
10.96302843093872
10.939783573150635
10.964275360107422
11.013525009155273
11.302159547805786
10.853101253509521
10.91690731048584
10.886231660842896
10.910318374633789
10.877628803253174
10.881826877593994
10.809702396392822
10.874187469482422
10.920817375183105
10.821397542953491
10.860358476638794
10.86735224723816
10.823612213134766
11.319440126419067
11.184940099716187
10.873520135879517
11.039025068283081
11.105356693267822
11.063264846801758
10.857171058654785
11.05121922492981
11.083210945129395
10.936047792434692
11.327001571655273
10.99514651298523
10.828680753707886
10.871027708053589
10.783440113067627
10.868834733963013
10.841430187225342
10.814260244369507
10.99895977973938
11.107327222824097
10.982774496078491
11.23923635482788
11.532665729522705
11.599552631378174
11.091068983078003
11.244587659835815
10.867075681686401
10.747763395309448
10.84775686264038
10.799053430557251
10.819579124450684
10.830255031585693
10.819708585739136
10.987571716308594
10.8636474609375
11.05751085281372
10.998008251190186
10.93082046508789
11.418609857559204
10.982213735580444
11.00747036933899
11.414689779281616
10.911858081817627
11.412943840026855
11.295318841934204
11.12741994857788
10.951069355010986
10.881897687911987
11.029484510421753
11.23757004737854
11.004359483718872
10.974791765213013
10.948346376419067
11.077635526657104
11.358296155929565
11.126734733581543
10.970114707946777
10.947913408279419
11.052139282226562
10.920199394226074
10.921204805374146
11.03940749168396
11.321108102798462
13.79065203666687
12.815058469772339
10.686601400375366
10.478390216827393
10.478043556213379
10.416106462478638
10.433862686157227
10.39469289779663
10.368417501449585
10.576639652252197
11.587822437286377
11.213288068771362
10.881209135055542
10.635238885879517
11.022067785263062
