Timing log for each step:
0.012011289596557617
10.60259747505188
10.091809749603271
10.250592231750488
10.678164005279541
10.539993286132812
10.629927396774292
10.59853219985962
10.525493144989014
10.62205982208252
10.628495216369629
10.55025053024292
10.494775772094727
10.63924503326416
10.058340072631836
10.225206136703491
10.12810206413269
10.181871891021729
10.327776908874512
10.251006126403809
10.239576816558838
10.282458305358887
10.371896505355835
10.149202823638916
10.118954181671143
10.231007099151611
10.227977514266968
10.41482138633728
10.269476890563965
10.063405275344849
10.221449136734009
10.263553142547607
10.266300916671753
10.307355403900146
10.39124846458435
10.233402013778687
10.276227474212646
10.364864826202393
10.92412281036377
10.638542890548706
10.250070095062256
10.239712238311768
10.232426166534424
10.280304431915283
10.377296447753906
11.277657985687256
11.29607605934143
10.4653480052948
11.036166667938232
10.68187689781189
10.704832077026367
10.43291687965393
10.220873355865479
10.411797046661377
10.255908489227295
10.273542404174805
10.292356252670288
10.383699417114258
10.281818389892578
10.354686260223389
10.399660587310791
10.435569524765015
10.436453104019165
10.27046275138855
10.314071655273438
10.398512601852417
10.444559097290039
10.386908531188965
10.376925230026245
10.257410526275635
10.256513595581055
10.352192163467407
10.412818908691406
10.423901557922363
10.368998765945435
10.462635278701782
10.431148290634155
10.35594916343689
10.297548294067383
10.331788778305054
10.387821912765503
10.42517375946045
10.448136568069458
10.441054582595825
10.438958168029785
10.31472659111023
10.291872501373291
10.446911334991455
10.386813640594482
10.458969354629517
10.433084964752197
10.545908451080322
10.374651193618774
10.428922891616821
10.478430271148682
10.578268766403198
10.580824375152588
10.489875555038452
10.918004035949707
10.699167251586914
10.526321411132812
10.244359731674194
10.513927936553955
10.478153944015503
10.553966760635376
10.48668098449707
10.367851972579956
10.31990671157837
10.39946436882019
10.470465183258057
10.352900505065918
10.466259479522705
11.4354829788208
10.485475301742554
11.162743330001831
10.772512674331665
10.722656488418579
10.351394653320312
10.368695974349976
10.258158683776855
10.326948404312134
10.362932682037354
10.251672983169556
10.399628400802612
10.43458080291748
10.401535749435425
10.45860743522644
10.273986339569092
10.554821968078613
10.539130926132202
10.324183225631714
10.437621593475342
10.44907522201538
10.380286693572998
10.466490983963013
10.366313457489014
10.30253791809082
10.816566705703735
10.38770866394043
10.361417055130005
10.441582679748535
10.36860704421997
10.333420753479004
10.877615213394165
10.880048990249634
10.469756603240967
10.47753620147705
10.576694011688232
11.143921852111816
10.853984832763672
10.628268480300903
10.575002670288086
10.749630212783813
10.740732431411743
10.74219274520874
10.708003997802734
10.408279657363892
10.449958086013794
10.479547023773193
10.590366840362549
10.599764585494995
10.454208612442017
10.508173942565918
10.698409080505371
10.47783637046814
10.621947288513184
10.590375661849976
10.746443510055542
10.556357860565186
10.494275093078613
10.581714868545532
10.527742385864258
10.52882719039917
10.635771751403809
10.53492259979248
10.707588911056519
10.54024863243103
10.427617073059082
10.447953939437866
10.462983131408691
10.457976818084717
10.535621881484985
10.47618556022644
10.629488945007324
10.385716676712036
10.447579383850098
10.54054307937622
10.499165296554565
10.47788119316101
10.722199201583862
11.004002809524536
10.789321422576904
10.559075832366943
10.51579475402832
10.597370147705078
10.347361087799072
10.602008581161499
10.32612657546997
10.42451548576355
10.208789110183716
10.40519094467163
10.441519737243652
10.328288555145264
10.550744771957397
10.387497425079346
10.449306726455688
10.354421854019165
10.480644464492798
10.345404863357544
10.3019700050354
10.540640354156494
10.52048921585083
10.580093622207642
10.45145845413208
10.410506010055542
10.445132493972778
10.369932174682617
10.572396039962769
10.56932520866394
10.548348188400269
10.63381814956665
10.668031930923462
10.522398710250854
10.528209447860718
10.58391523361206
10.579885482788086
10.663208723068237
10.48076605796814
10.37484335899353
10.542192697525024
10.592633724212646
10.576720952987671
10.463531732559204
10.634453296661377
10.546636581420898
10.44056224822998
10.501945734024048
10.614548206329346
10.46273922920227
10.413172006607056
10.284737586975098
10.373034238815308
10.492998123168945
10.373042106628418
10.583662748336792
10.360644102096558
10.588836669921875
10.749643564224243
10.40972113609314
10.501807451248169
10.486891508102417
10.674821615219116
10.453560590744019
10.384486436843872
10.592838287353516
10.710618734359741
10.56851840019226
10.54902458190918
10.53356647491455
10.499927520751953
10.505104303359985
10.35300087928772
10.495420217514038
10.530035257339478
10.434232473373413
10.411087036132812
10.388840913772583
10.746539115905762
10.542069435119629
10.558037519454956
10.561160564422607
10.685116529464722
10.361578941345215
10.573697328567505
10.638845205307007
10.512134313583374
10.455869674682617
10.794927597045898
10.530032634735107
10.48799991607666
10.60101842880249
10.523504972457886
10.417707681655884
10.43688416481018
10.510369300842285
10.358189821243286
10.358490943908691
10.54915165901184
11.2422456741333
10.951210021972656
11.167211294174194
10.781132459640503
10.294728994369507
10.266869068145752
10.36145281791687
10.2676100730896
10.35014271736145
10.103498220443726
10.304556846618652
10.475783824920654
10.373695373535156
10.208667278289795
10.700846433639526
10.340949773788452
10.175718784332275
10.234926223754883
10.425013065338135
10.409903287887573
10.322811126708984
10.102606773376465
10.301905155181885
10.43592882156372
10.327766180038452
10.388746976852417
10.25480580329895
10.302893877029419
10.466917276382446
10.3037428855896
10.467882871627808
10.419192790985107
10.295024633407593
10.380192041397095
10.443068265914917
10.310134887695312
10.354591131210327
10.3029146194458
10.407177209854126
10.443824768066406
10.14988660812378
10.307719230651855
10.169220447540283
10.26273250579834
9.631632089614868
10.247658967971802
10.35885500907898
10.294902563095093
10.3028244972229
10.290611505508423
10.25800895690918
10.323133707046509
10.33747386932373
10.330776929855347
10.549896001815796
10.210885047912598
10.320805788040161
10.32909345626831
10.24255895614624
10.26860523223877
10.311915874481201
10.232896089553833
10.17794942855835
10.227893114089966
10.318902492523193
10.290816307067871
9.986791372299194
10.260015726089478
10.203940629959106
10.448562622070312
10.757400274276733
11.356350421905518
10.430624008178711
10.481892585754395
11.501201868057251
10.394144058227539
10.326629877090454
10.238960027694702
10.207950592041016
10.398989200592041
10.423882484436035
9.538980960845947
10.30255937576294
10.224017143249512
10.221942901611328
10.36872935295105
10.47421646118164
10.428955554962158
10.386464834213257
10.352181911468506
10.433061838150024
10.392872333526611
10.36900520324707
10.31187129020691
10.410578966140747
10.378880500793457
11.198865413665771
11.458418130874634
10.600413799285889
10.544325351715088
10.290299654006958
10.434901237487793
10.560060501098633
10.470351219177246
10.80622386932373
10.538620471954346
10.39416241645813
11.324410915374756
10.867150068283081
11.054773092269897
10.803351640701294
10.791992425918579
10.82644772529602
10.877036333084106
10.797298431396484
10.656139612197876
10.493025779724121
10.638360977172852
10.268476247787476
10.774536371231079
10.761444091796875
11.099292993545532
11.029072761535645
10.73661208152771
10.848753452301025
10.828749895095825
10.797656297683716
11.078258037567139
10.874124526977539
10.84765911102295
10.942086458206177
10.929136514663696
11.254792928695679
10.826174020767212
11.01625657081604
10.679152965545654
10.38898754119873
10.19642424583435
10.234039545059204
10.960033178329468
10.942327737808228
