Timing log for each step:
0.012010812759399414
5.64470911026001
5.43663763999939
5.488969564437866
5.526213645935059
5.475056171417236
5.509480237960815
5.650416612625122
5.738900423049927
5.744126319885254
5.5043463706970215
5.671125888824463
5.709731340408325
5.517246723175049
5.324435472488403
5.387370586395264
5.356487989425659
5.378413677215576
5.49673318862915
5.732865571975708
5.358847141265869
5.341391563415527
5.268048048019409
5.298725843429565
5.4118876457214355
5.37642502784729
5.401253938674927
5.3670032024383545
5.42093563079834
5.349272966384888
5.353747367858887
5.418005704879761
5.410035610198975
5.433906078338623
5.393573999404907
5.439732074737549
5.416037082672119
5.439154148101807
5.425326347351074
5.36942458152771
5.41511082649231
5.448271036148071
5.34595251083374
5.468566417694092
5.401720285415649
5.440886735916138
5.443495512008667
5.437667608261108
5.597443103790283
5.423147201538086
5.304946184158325
5.307590007781982
5.405305624008179
5.483993768692017
5.4281697273254395
5.489220142364502
5.5260443687438965
5.440490484237671
5.461770534515381
5.460729598999023
5.537409067153931
5.458383321762085
5.4564831256866455
5.62657618522644
5.529114484786987
5.4625842571258545
5.469424724578857
5.4293131828308105
5.524582147598267
5.444765329360962
5.3990538120269775
5.447071552276611
5.419515371322632
5.391536235809326
5.442621469497681
5.7658843994140625
5.397052049636841
5.4435412883758545
5.444738149642944
5.403671979904175
5.4294373989105225
5.433748245239258
5.464934825897217
5.540250301361084
5.525970458984375
5.4950783252716064
5.493213653564453
5.47649621963501
5.59539532661438
5.522231578826904
5.445393323898315
5.4902331829071045
5.366917371749878
5.474131107330322
5.509448766708374
5.52530837059021
5.659131288528442
5.802733421325684
5.638903617858887
5.4885241985321045
5.513151407241821
5.471692323684692
5.525947570800781
5.541290760040283
5.666444540023804
5.68963360786438
5.760218858718872
5.660378932952881
5.625350475311279
5.718255043029785
5.630102634429932
5.620694637298584
5.6294097900390625
5.638762712478638
5.597230911254883
5.585637807846069
5.674333095550537
5.655246734619141
5.6563332080841064
5.823137998580933
5.94919753074646
5.573712587356567
5.66059422492981
5.651886463165283
5.459555625915527
5.780817985534668
5.746806859970093
5.753843545913696
5.507612705230713
5.487135171890259
5.7007222175598145
5.782155513763428
5.446735382080078
6.146180629730225
5.761894226074219
5.510984897613525
5.755019664764404
5.778706789016724
5.508545160293579
5.817910432815552
5.795258045196533
5.427549123764038
5.741921663284302
5.784748554229736
5.775057077407837
5.898168325424194
5.787998199462891
5.582303524017334
5.7933690547943115
5.610659837722778
5.615483522415161
5.604472875595093
5.585006952285767
5.889967918395996
5.81246542930603
6.614525556564331
5.564291477203369
5.646883964538574
5.876547574996948
6.114677906036377
5.586349725723267
5.72767448425293
5.93483304977417
5.926632642745972
5.725187063217163
5.716498613357544
5.515166997909546
5.6339521408081055
5.507704734802246
5.656656265258789
6.1929614543914795
6.450254201889038
6.225579738616943
5.794171094894409
5.597788333892822
5.7705299854278564
5.663930654525757
5.656979560852051
6.162683725357056
6.074675798416138
6.176157712936401
6.104142189025879
5.964042901992798
6.106669664382935
6.134287357330322
6.013548851013184
5.9526519775390625
6.322799444198608
6.490240812301636
6.073516368865967
5.7879638671875
5.593800067901611
5.724476099014282
6.0248847007751465
6.198196649551392
5.7187182903289795
5.654599189758301
5.828843593597412
5.776797294616699
6.003853797912598
6.1620705127716064
6.146330833435059
6.001290559768677
5.630624294281006
5.644641160964966
5.65253210067749
5.658963441848755
5.828793287277222
6.496457576751709
6.073405981063843
6.042950391769409
6.020179033279419
5.978540897369385
5.592310428619385
5.9021618366241455
5.58043098449707
5.649425506591797
5.865719795227051
5.804187059402466
6.333889722824097
5.845555067062378
5.8436503410339355
6.136662244796753
6.102212905883789
5.860629558563232
6.207883596420288
6.650995254516602
5.791146993637085
5.550602197647095
6.248739242553711
6.493518352508545
5.791717767715454
5.78942346572876
5.842554330825806
5.708116054534912
6.074019432067871
6.191039562225342
5.922028541564941
6.052190542221069
5.7206196784973145
5.667647361755371
5.884804725646973
5.784128427505493
5.7757344245910645
5.814167737960815
5.789679050445557
5.806432723999023
5.883283853530884
5.850832223892212
5.775413274765015
5.766662120819092
5.847034454345703
5.777934789657593
5.7746686935424805
5.746931076049805
5.758110761642456
5.745243072509766
5.847504377365112
5.8030805587768555
5.820417165756226
5.827162742614746
5.822683095932007
5.814798831939697
5.83966851234436
5.822767019271851
6.6211020946502686
6.472867727279663
6.112133741378784
6.0288941860198975
6.011402368545532
6.372836351394653
6.4779558181762695
6.341111898422241
6.206555604934692
5.8566906452178955
5.757395505905151
5.817685604095459
5.913365125656128
5.859001159667969
5.949469566345215
5.843935966491699
5.801993131637573
5.797697305679321
5.818228244781494
5.994084119796753
5.8051958084106445
5.789668321609497
5.835365295410156
5.792485237121582
5.792836427688599
5.761381149291992
5.782031774520874
5.764735221862793
5.737329959869385
5.754672288894653
5.7701826095581055
5.785407304763794
5.718533039093018
5.584284782409668
5.559667587280273
5.68045449256897
5.583242416381836
4.990501880645752
5.118859767913818
5.297659873962402
5.427479028701782
5.190708875656128
5.161367893218994
4.982410430908203
4.993199348449707
4.954068660736084
4.99918270111084
4.990018129348755
4.955076456069946
5.526148319244385
5.609171390533447
5.446586847305298
5.4989540576934814
5.385124683380127
5.47337794303894
5.4778501987457275
5.490520238876343
5.673650741577148
5.730937719345093
5.4550886154174805
5.518435478210449
5.528855800628662
5.43506121635437
5.52839469909668
5.485487222671509
5.456412076950073
5.54233455657959
5.528825044631958
5.461349964141846
5.489500522613525
5.509499549865723
5.521309852600098
5.506390333175659
5.645052671432495
5.70366096496582
5.685791254043579
5.691930770874023
5.660606384277344
5.714549541473389
6.072693824768066
5.5874786376953125
5.516075611114502
5.464933156967163
