Timing log for each step:
0.01701521873474121
5.565653085708618
5.48324990272522
5.5281126499176025
5.49625039100647
5.472355604171753
5.465484142303467
5.643223285675049
5.592206239700317
5.709712028503418
5.509282350540161
5.475997447967529
5.835192441940308
5.3892295360565186
5.867386102676392
5.702751159667969
5.579601764678955
5.665159702301025
5.5726354122161865
5.632299423217773
5.5535888671875
5.464484214782715
5.58355712890625
5.567148923873901
5.630171298980713
5.583147048950195
5.521200656890869
5.4228997230529785
5.578257083892822
5.52665376663208
5.651229381561279
5.703763246536255
5.554062366485596
5.640691041946411
5.554479360580444
5.485046148300171
5.522679328918457
5.48324728012085
5.583846569061279
5.570589065551758
5.609339237213135
5.4743452072143555
5.58501410484314
5.514348030090332
5.43802809715271
5.512922048568726
5.4855029582977295
5.652310132980347
5.6108949184417725
5.423307180404663
5.493081092834473
5.5210325717926025
5.457001686096191
5.6360251903533936
5.482853889465332
5.650730133056641
5.658055305480957
5.673171043395996
5.521825313568115
5.619130611419678
5.507527589797974
5.590333700180054
5.562459707260132
5.62856125831604
5.5210278034210205
5.912316799163818
5.885986804962158
5.511436700820923
5.70473837852478
5.642880439758301
5.607611417770386
5.667618751525879
5.626489162445068
5.598580598831177
5.545933246612549
5.6544365882873535
5.605283260345459
5.658357858657837
5.571767330169678
5.543328523635864
5.551745176315308
5.409381628036499
5.643656015396118
5.608461141586304
5.693056344985962
5.69831657409668
5.6380615234375
5.712111949920654
5.579960823059082
5.711050510406494
5.549261808395386
5.362942934036255
5.515885591506958
5.619057893753052
5.537256956100464
5.618590831756592
5.636292219161987
5.5769853591918945
5.640383720397949
5.539416790008545
5.599590063095093
5.801494598388672
5.796283721923828
5.570232152938843
5.628957509994507
5.625383138656616
5.560547113418579
5.5028791427612305
5.5921971797943115
5.6813178062438965
5.659983158111572
5.684667587280273
5.668606519699097
5.682239055633545
5.627170085906982
5.667470455169678
5.646664381027222
5.551778793334961
5.584642171859741
5.755848169326782
5.772301912307739
5.61417818069458
5.638114929199219
5.679167985916138
5.539794206619263
5.631153345108032
5.557813882827759
5.578587293624878
5.707131624221802
5.616979122161865
5.747678995132446
5.583920240402222
5.914391756057739
5.874967098236084
5.721090078353882
5.586087465286255
5.755190134048462
5.5999226570129395
5.577850341796875
5.631134510040283
5.623065233230591
5.559658527374268
5.514543533325195
5.516513824462891
5.614145755767822
5.551573038101196
5.586761236190796
5.51137113571167
5.58868932723999
5.9081871509552
5.502244710922241
5.586295127868652
5.749650239944458
5.5665342807769775
5.596678733825684
5.78688645362854
5.594521999359131
5.671125173568726
5.5270655155181885
5.67561674118042
5.640116214752197
5.6537652015686035
5.643873453140259
5.544569253921509
5.570177793502808
5.434334993362427
5.606003046035767
5.825303554534912
5.576713562011719
5.594009876251221
5.712200164794922
5.784036874771118
5.578517436981201
5.75654935836792
5.868721008300781
5.589092493057251
5.563581943511963
5.934858083724976
5.597639799118042
5.829743385314941
5.873324632644653
5.71196985244751
5.529467344284058
5.5533716678619385
5.581701278686523
5.69706654548645
5.713719367980957
5.655575275421143
5.630832195281982
5.6947243213653564
5.6098151206970215
5.793143272399902
5.523554801940918
5.526063680648804
5.575702667236328
5.58850884437561
5.594973564147949
5.700418949127197
5.706088304519653
5.587843894958496
5.67406439781189
5.750114679336548
5.630376815795898
5.725259065628052
5.59193229675293
5.6922667026519775
5.601612329483032
5.880549907684326
5.717775821685791
6.132598638534546
5.540968894958496
5.594034194946289
5.664622783660889
5.52355432510376
5.717206239700317
5.722685098648071
5.613018751144409
5.751271724700928
5.9069952964782715
5.643870830535889
5.827887535095215
5.767343521118164
5.6449878215789795
5.628624439239502
5.601135492324829
5.924411773681641
5.797855377197266
6.474552154541016
6.124243974685669
5.605518102645874
5.641565799713135
5.673506259918213
5.585509777069092
5.665666103363037
5.9270713329315186
5.549056768417358
5.634028673171997
5.608396530151367
5.4564759731292725
5.506028413772583
5.499584913253784
5.654139280319214
5.620728254318237
5.5925939083099365
5.772588491439819
5.6285810470581055
5.714037656784058
5.866387128829956
5.575781345367432
5.815817356109619
5.5870866775512695
5.633270263671875
5.579970121383667
5.6441333293914795
5.622894048690796
5.666604995727539
5.687589645385742
5.609140157699585
5.647155523300171
5.634568691253662
5.609620094299316
5.633063316345215
5.596863746643066
5.582618236541748
5.5715930461883545
5.816599130630493
5.565447568893433
5.712739944458008
5.967013120651245
5.628130197525024
5.650256872177124
5.791815757751465
5.478882789611816
5.5813469886779785
5.630271673202515
5.61426043510437
5.556808948516846
5.947632789611816
5.522584438323975
5.670518636703491
5.627676725387573
5.960999011993408
5.770766735076904
5.685630798339844
5.900674343109131
5.676116228103638
5.576194524765015
5.630179166793823
6.08840799331665
5.7139153480529785
5.675166845321655
5.675707101821899
5.532459020614624
5.679693698883057
5.769289493560791
5.56472635269165
5.7491796016693115
5.70073938369751
5.668664932250977
5.8229615688323975
5.803703308105469
5.632129192352295
5.892301321029663
5.548029661178589
5.578585863113403
5.837664604187012
5.678362607955933
5.661060333251953
5.736006498336792
5.495967149734497
5.738784313201904
5.802546977996826
5.659511566162109
5.564518928527832
5.837971210479736
5.511046409606934
5.698991060256958
5.623103141784668
5.547579288482666
5.911741733551025
5.803196907043457
5.705404043197632
5.842129707336426
5.6740334033966064
5.555654048919678
5.814927339553833
5.740289926528931
5.5669639110565186
5.750746965408325
5.69344425201416
5.6771299839019775
5.7311108112335205
6.112642288208008
5.794145822525024
5.940840482711792
5.913371324539185
5.773623943328857
5.573226451873779
5.756772041320801
5.549474477767944
5.626633882522583
5.730520486831665
5.563498020172119
5.58649468421936
5.956297874450684
5.6326210498809814
5.934720754623413
5.881817817687988
5.642324447631836
5.587513208389282
5.626629114151001
5.942796945571899
5.723886728286743
5.761627912521362
5.8834192752838135
5.978294849395752
5.812148809432983
5.64102578163147
5.80285906791687
5.711174488067627
5.759852647781372
5.774149656295776
5.541271209716797
5.671746015548706
5.79671573638916
5.598596096038818
5.542887210845947
5.495895147323608
5.800875186920166
5.47102952003479
5.732096910476685
5.55959677696228
5.623398780822754
5.471713304519653
5.779720306396484
6.039895534515381
5.959610939025879
5.948336124420166
5.542479515075684
5.7743470668792725
5.829928159713745
5.915838956832886
5.874357223510742
5.655661106109619
5.776419639587402
5.907311916351318
5.881790637969971
5.946582317352295
5.833178997039795
5.4328672885894775
5.912546873092651
5.662681579589844
5.583136081695557
5.875793695449829
5.639667510986328
5.636034965515137
5.774698257446289
5.62710165977478
5.641924858093262
5.695587635040283
5.689009189605713
5.675320863723755
5.531547546386719
5.63412880897522
5.597923517227173
5.619985580444336
5.613628387451172
5.844555139541626
5.824490070343018
5.821194648742676
5.582447052001953
5.727566957473755
5.9039247035980225
6.0101563930511475
5.847773790359497
5.480325698852539
5.8813488483428955
5.527031421661377
5.594971656799316
5.95942497253418
5.730361461639404
5.658949136734009
5.8749048709869385
5.650981187820435
5.694331645965576
5.76569390296936
5.505248308181763
5.814356088638306
5.92000937461853
5.671183347702026
5.920149087905884
5.798717498779297
5.51853609085083
5.839801073074341
5.975556135177612
5.614783048629761
5.728031873703003
5.848070383071899
5.525556802749634
5.691918849945068
5.834097862243652
5.608958005905151
6.050332069396973
6.017204999923706
5.8423192501068115
5.590766191482544
5.860700607299805
5.522801637649536
5.676507472991943
5.7582480907440186
6.036398887634277
5.867944240570068
5.676295042037964
6.005026817321777
5.6511945724487305
5.618778944015503
5.683320760726929
5.573073863983154
5.699967861175537
5.6635918617248535
5.792339563369751
5.600434303283691
5.882663011550903
5.734938383102417
5.60662055015564
5.804044961929321
5.972864627838135
5.772691011428833
5.476855993270874
6.03851056098938
5.660377264022827
5.602856874465942
5.920295715332031
5.639654636383057
5.633333921432495
5.571590900421143
5.604979991912842
5.549575328826904
5.872899293899536
5.872260093688965
5.632122993469238
5.607880115509033
5.89845085144043
5.784687757492065
5.564771890640259
5.730939865112305
5.9053566455841064
5.744807720184326
5.616328001022339
5.993852138519287
5.746368885040283
5.638648509979248
5.639894962310791
5.604564666748047
5.7014076709747314
5.654001235961914
5.820829629898071
5.794529438018799
5.632593631744385
5.788698434829712
5.799417972564697
5.623861789703369
5.51927924156189
5.841825008392334
5.924015998840332
5.7092907428741455
5.679607152938843
5.808507442474365
5.7635109424591064
5.646760940551758
5.92760968208313
5.893691062927246
5.607407808303833
5.5319294929504395
5.663455247879028
5.887359380722046
5.870790958404541
5.740057468414307
5.845529556274414
5.693323850631714
5.633267641067505
5.783571243286133
5.735643625259399
5.528030872344971
5.767232894897461
5.692050933837891
5.517238616943359
5.838675498962402
5.534998655319214
5.818893909454346
5.601606369018555
5.483214616775513
5.85534143447876
5.6520326137542725
5.7007529735565186
5.587543249130249
5.6519763469696045
5.595738172531128
5.406921625137329
5.550053596496582
5.863789081573486
5.681607246398926
5.573473691940308
5.778510093688965
5.694050312042236
5.608491897583008
5.689981937408447
5.84325909614563
5.8431572914123535
5.820098400115967
5.9253623485565186
5.7631449699401855
5.6844642162323
5.627915620803833
5.693194389343262
5.513402223587036
5.582099199295044
5.791126251220703
5.520959377288818
5.728881597518921
5.7737932205200195
5.635981798171997
5.719907283782959
5.669567823410034
5.906430244445801
5.4952239990234375
5.690339803695679
5.64500880241394
5.677220821380615
5.591464996337891
5.687492847442627
5.614602565765381
6.0090484619140625
5.541079044342041
5.7300801277160645
5.956150531768799
5.710344076156616
5.7274041175842285
5.601510763168335
5.605677366256714
5.655336856842041
5.596401929855347
5.654112339019775
5.853137016296387
5.640191078186035
5.798208951950073
5.637011289596558
5.767299652099609
5.815785884857178
5.671116828918457
5.721094369888306
5.58661675453186
5.614321947097778
5.587256193161011
5.736284494400024
5.68711256980896
5.745009422302246
5.663029193878174
5.628186464309692
5.691577434539795
5.947840929031372
5.624179124832153
5.86983847618103
5.824766397476196
5.5816545486450195
5.658668518066406
5.719205617904663
5.698727607727051
5.607817649841309
5.763491868972778
5.777140378952026
5.809866428375244
5.681121587753296
5.722769021987915
5.755141258239746
5.861222743988037
5.621512174606323
5.585463285446167
5.801180124282837
5.862089157104492
5.834886312484741
5.876235723495483
5.628974199295044
5.61450719833374
5.740765810012817
5.5795862674713135
5.711374521255493
5.742345333099365
5.7562336921691895
5.788269281387329
5.600362300872803
5.806694030761719
5.784273624420166
5.616945266723633
5.619007110595703
5.678681135177612
5.660048246383667
5.691946983337402
5.641278266906738
5.709087610244751
5.860804080963135
5.564708471298218
5.5866804122924805
5.590595960617065
5.8100104331970215
5.795640707015991
5.800064325332642
5.641549587249756
5.744295120239258
5.434597015380859
5.679739475250244
5.727114915847778
5.833942174911499
5.66666841506958
5.835155725479126
5.578802108764648
5.564516067504883
5.672702789306641
5.773236036300659
5.8361852169036865
5.628699779510498
5.627125978469849
5.733220338821411
5.710785388946533
5.660564422607422
5.7265238761901855
5.768167018890381
5.717624664306641
5.619649410247803
5.621260404586792
5.749728679656982
5.720982074737549
5.650233507156372
5.853297472000122
5.809421539306641
5.667224645614624
5.754846096038818
5.685053825378418
5.688518762588501
5.646148204803467
5.799142837524414
5.77916145324707
5.587500810623169
5.925480127334595
6.128954887390137
6.046949148178101
6.063371658325195
6.0683913230896
5.932219743728638
5.689995050430298
5.5664708614349365
5.834726810455322
5.934800148010254
5.919387578964233
5.882176637649536
5.913261890411377
5.974331617355347
5.955419540405273
5.86922025680542
5.82719612121582
5.872308015823364
5.873345851898193
5.72659158706665
5.688069820404053
5.9919819831848145
5.922390460968018
5.727607488632202
5.827725648880005
6.210728883743286
5.7975914478302
5.71107029914856
5.813852071762085
5.8131890296936035
5.704162120819092
5.653047800064087
5.655600309371948
5.726729154586792
5.705592155456543
5.81830358505249
5.630033254623413
5.517230272293091
5.749110460281372
5.711634635925293
5.470495939254761
5.677475929260254
5.8817138671875
5.631567478179932
5.820297479629517
5.702236175537109
5.750436782836914
5.7387449741363525
5.614806175231934
5.647021770477295
5.706994295120239
5.731017589569092
5.697067975997925
5.803707599639893
5.679681777954102
5.6262242794036865
5.759300470352173
5.658430337905884
5.701071739196777
5.715202569961548
5.841909885406494
5.6465771198272705
5.981354713439941
5.708998441696167
5.667784690856934
5.680956125259399
5.985960245132446
5.613136291503906
5.7302446365356445
5.71228551864624
5.600151538848877
5.689071416854858
5.7150654792785645
5.85218620300293
5.799215078353882
5.578952312469482
5.652735710144043
5.866713285446167
5.7733659744262695
5.6994428634643555
5.647339820861816
5.727819442749023
5.782290458679199
5.519405841827393
5.544926643371582
5.6646764278411865
5.669226884841919
5.571857452392578
5.6189727783203125
5.635115385055542
5.758928537368774
5.620716571807861
5.664055347442627
5.665156126022339
5.751525402069092
5.712635517120361
5.713145732879639
5.681226015090942
5.607802391052246
5.569585800170898
5.6823906898498535
5.683574914932251
5.612547874450684
5.705493211746216
5.7546656131744385
5.482895851135254
5.747533559799194
5.58351993560791
5.706066608428955
5.558952569961548
5.577276229858398
5.771814584732056
5.768522024154663
5.432855606079102
5.626030921936035
5.537505865097046
5.6420738697052
5.661221265792847
5.79227089881897
5.739171504974365
5.59100079536438
5.548565864562988
5.650653839111328
5.786130428314209
5.688521385192871
5.735775470733643
5.79846715927124
5.770227670669556
5.787646055221558
5.630652189254761
5.846433401107788
5.7535741329193115
5.603593349456787
5.626633405685425
5.671998023986816
5.63351845741272
5.6716835498809814
5.730448246002197
5.640733003616333
5.747640609741211
5.791269779205322
5.719882965087891
5.6385581493377686
5.877403974533081
5.8273046016693115
5.637666940689087
5.664280652999878
5.674667596817017
5.827861070632935
5.555636405944824
5.6840500831604
5.52229642868042
5.670697212219238
5.630348205566406
5.63236403465271
5.752650499343872
5.539596796035767
5.624304533004761
5.691178798675537
5.536038160324097
5.614109992980957
5.643136024475098
5.604100942611694
5.610105991363525
5.615110158920288
5.4549641609191895
5.528030872344971
5.609102725982666
5.3598792552948
5.530031681060791
5.626119613647461
5.957421064376831
5.5910868644714355
5.613107919692993
5.602099657058716
5.467973947525024
5.838314771652222
5.713200330734253
5.877349138259888
5.497002840042114
5.501006841659546
5.732216119766235
5.775256872177124
5.574073076248169
5.76324462890625
5.664154767990112
5.526029825210571
5.954418897628784
5.659152030944824
5.546046733856201
5.375891923904419
5.629122734069824
5.895365238189697
5.7482311725616455
5.461970329284668
5.71019721031189
5.558058261871338
5.462972164154053
5.2808051109313965
5.606101989746094
5.686174631118774
5.298823118209839
5.703190565109253
5.998468637466431
5.6531455516815186
5.842318058013916
5.668158531188965
5.580077409744263
5.645137786865234
5.502007484436035
5.755237102508545
5.585082530975342
5.572072744369507
5.5410425662994385
5.5620622634887695
5.5030083656311035
5.55405330657959
5.708194255828857
5.4409520626068115
5.4509596824646
5.68717622756958
5.471980094909668
5.437948942184448
5.546046018600464
5.228757858276367
5.524028062820435
5.468976974487305
5.416929483413696
5.463972568511963
5.537039041519165
5.420933485031128
5.5600597858428955
5.4029176235198975
5.487994194030762
5.4389488697052
5.580077409744263
5.535037279129028
5.430943012237549
5.526029348373413
5.612107515335083
5.629122257232666
5.561060905456543
5.3458662033081055
5.642134666442871
5.501006364822388
5.440953254699707
5.557058095932007
5.413926839828491
5.669158458709717
5.27980375289917
5.463972806930542
5.55305290222168
5.343864440917969
5.681169509887695
5.519022703170776
5.484991788864136
5.561060667037964
5.406921863555908
5.245774030685425
5.434946298599243
5.643137454986572
5.456965208053589
5.40291690826416
5.549050331115723
5.5910890102386475
5.561060190200806
5.26879358291626
5.231762409210205
5.815292596817017
5.5570573806762695
5.446956634521484
5.384899854660034
5.632125616073608
5.4859936237335205
5.658149003982544
5.473982810974121
5.29481840133667
5.395911931991577
5.29181694984436
5.3668835163116455
5.582080125808716
5.491998910903931
5.4449567794799805
5.787266731262207
5.603097677230835
5.528029441833496
5.363882064819336
5.519022226333618
5.442953586578369
5.28380823135376
5.479988098144531
5.486994504928589
5.453964948654175
5.244774580001831
5.791270017623901
5.400914907455444
5.444954872131348
5.279804229736328
5.4129250049591064
5.447957754135132
5.703190803527832
5.604099988937378
5.3338541984558105
5.441952705383301
5.504008769989014
5.694181680679321
5.259787321090698
5.229759216308594
5.535037040710449
5.489997148513794
5.445955753326416
5.427940607070923
5.661151885986328
5.344862699508667
5.477984428405762
5.534036159515381
5.4059202671051025
5.45496392250061
5.551052093505859
5.52302622795105
5.917385578155518
5.697184085845947
5.484992027282715
5.5150182247161865
5.609104871749878
5.464971303939819
5.627120018005371
5.367884159088135
5.349868297576904
5.41292405128479
5.2838099002838135
5.598094701766968
5.595090866088867
5.512015104293823
5.389904737472534
5.779258728027344
5.476984024047852
5.628121376037598
5.528031826019287
5.598094940185547
5.610104560852051
5.609104871749878
5.529031991958618
5.215747594833374
5.365883111953735
5.4549641609191895
5.513017177581787
5.4939985275268555
5.572070837020874
5.656147480010986
5.601097106933594
5.410923480987549
5.754236459732056
5.489995241165161
5.676165342330933
5.403916597366333
5.558056831359863
5.426937103271484
5.431944131851196
5.5490500926971436
5.286811351776123
5.505010604858398
5.304828405380249
5.453963994979858
5.685173034667969
5.469979286193848
5.43094277381897
5.459969758987427
5.503006935119629
5.404919862747192
5.603099584579468
5.497000694274902
5.4639732837677
5.33385443687439
5.516020059585571
5.330851793289185
5.50200629234314
5.2898149490356445
5.475983381271362
5.534036636352539
5.640133380889893
5.50701117515564
5.671159982681274
5.526029586791992
5.567065715789795
5.489995002746582
5.533035755157471
5.450960874557495
5.459969520568848
5.670159816741943
5.378895282745361
5.539041996002197
5.43694806098938
5.533035039901733
5.591088533401489
5.516021013259888
5.179713010787964
5.334853410720825
5.466975212097168
5.39090633392334
5.668157577514648
5.5750732421875
5.833308458328247
5.637130260467529
5.451960802078247
5.60810399055481
5.659149169921875
5.5810792446136475
5.4649739265441895
5.507011651992798
5.535037279129028
5.578076362609863
5.6051013469696045
5.7162017822265625
5.255781650543213
5.431944370269775
5.592088222503662
5.697184801101685
5.404918432235718
5.474982976913452
5.488995313644409
5.244774103164673
5.397912502288818
5.557058095932007
5.623117685317993
5.560060501098633
5.437949180603027
5.540042877197266
5.477984189987183
5.485993385314941
5.59909462928772
5.5850818157196045
5.393908977508545
5.365882873535156
5.50601053237915
5.632125377655029
5.416929483413696
5.496000528335571
5.641133785247803
5.657149076461792
5.535037517547607
5.406921148300171
5.5080132484436035
5.3298499584198
5.621115446090698
5.464974403381348
5.620114326477051
5.199731111526489
5.467976093292236
5.367886304855347
5.440950393676758
5.251779317855835
5.487994909286499
5.5220253467559814
5.620114326477051
5.635127782821655
5.450960397720337
5.5090131759643555
5.507012367248535
5.661152124404907
5.520024061203003
5.364882946014404
5.510014295578003
5.458968877792358
5.538039445877075
5.59609317779541
5.460970640182495
5.462973117828369
5.6291234493255615
5.215746641159058
5.640133857727051
5.590086221694946
5.392906904220581
5.539032459259033
5.524027585983276
5.458968162536621
5.456966400146484
5.496001958847046
5.431943416595459
5.422935962677002
5.564062833786011
5.522025108337402
5.1346728801727295
5.26479172706604
5.4499592781066895
6.0321409702301025
5.863067865371704
5.406921148300171
5.591089248657227
5.534545183181763
