Timing log for each step:
0.02502155303955078
5.508015871047974
5.527036905288696
5.489002227783203
5.510021448135376
5.447964668273926
5.667163372039795
5.57708215713501
5.443962335586548
5.495008230209351
5.502014636993408
5.380901575088501
5.5240349769592285
5.533043384552002
5.685180902481079
5.479994773864746
5.6741719245910645
5.49200439453125
5.470986366271973
5.5210325717926025
5.5140252113342285
5.564070463180542
5.47098708152771
5.5760817527771
5.554062128067017
5.564069986343384
5.4759907722473145
5.584089756011963
5.467983722686768
5.495007753372192
5.440957307815552
5.672170162200928
5.542050361633301
5.4409589767456055
5.63413405418396
5.59709906578064
5.4659810066223145
5.413933753967285
5.433952569961548
5.471977472305298
5.525035858154297
5.477992296218872
5.376899719238281
5.516026735305786
5.376900672912598
5.764251947402954
5.6801769733428955
5.52203369140625
5.342869520187378
5.253789186477661
5.303834438323975
5.298829078674316
5.2928242683410645
5.446964979171753
5.701205730438232
5.51302433013916
5.006564378738403
5.65515398979187
5.531040906906128
5.488001823425293
5.462979078292847
5.576081275939941
5.451967716217041
5.382904052734375
5.6051084995269775
5.493006944656372
5.472987174987793
5.514025688171387
5.594098329544067
5.53604531288147
5.574079990386963
5.528038263320923
5.652151346206665
5.485999345779419
5.574079751968384
5.514024972915649
5.55105996131897
5.542051315307617
5.5730791091918945
5.552060604095459
5.5890936851501465
5.5700767040252686
5.574079751968384
5.494006633758545
5.662158966064453
5.555063247680664
5.533042669296265
5.456972599029541
5.600103378295898
5.455971002578735
5.544052362442017
5.5570642948150635
5.5140252113342285
5.575080394744873
5.533042669296265
5.562068939208984
5.4920055866241455
5.6221232414245605
5.561067342758179
5.5650718212127686
5.56307053565979
5.671168088912964
5.490002870559692
5.521031379699707
5.573078870773315
5.511022329330444
5.575080871582031
5.624125957489014
5.582087278366089
5.621123552322388
5.578083038330078
5.547055006027222
5.547055244445801
5.540049076080322
5.521031141281128
5.513024568557739
5.604107856750488
5.502012729644775
5.560067176818848
5.554062366485596
5.6561548709869385
5.62812876701355
5.546053409576416
5.577082872390747
5.5650718212127686
5.559066295623779
5.594096899032593
5.520030498504639
5.588092088699341
5.585089683532715
5.555062532424927
5.546053886413574
5.5630693435668945
5.523032903671265
5.513024091720581
5.507018327713013
5.564070463180542
5.582086801528931
5.530039310455322
5.536044597625732
5.556063652038574
5.526036739349365
5.58709192276001
5.657155275344849
5.596098899841309
5.629129409790039
5.558066368103027
5.575080394744873
5.462979793548584
5.494006633758545
5.577082395553589
5.606108665466309
5.525035858154297
5.492005348205566
5.549057245254517
5.546051740646362
5.5480570793151855
5.550059080123901
5.5740807056427
5.599101781845093
5.68918514251709
5.543051481246948
5.584088087081909
5.5860915184021
5.602105379104614
5.576082706451416
5.625126600265503
5.559066534042358
5.527037143707275
5.571077108383179
5.614116668701172
5.578082323074341
5.520031213760376
5.595098257064819
5.590094327926636
5.5200300216674805
5.663161277770996
5.611112356185913
5.523033857345581
5.527037143707275
5.554062128067017
5.655153512954712
5.548055410385132
5.611114263534546
5.562068939208984
5.546053171157837
5.506017684936523
5.634134769439697
5.579085111618042
5.567074298858643
5.588093042373657
5.6221230030059814
5.599101781845093
5.511021852493286
5.631131649017334
5.521029949188232
5.577082872390747
5.5330421924591064
5.534043312072754
5.566071033477783
5.606109142303467
5.645144939422607
5.547055006027222
5.677171945571899
5.591094493865967
5.52003026008606
5.57508111000061
5.552061557769775
5.568073511123657
5.623125314712524
5.568073987960815
5.581085205078125
5.512023210525513
5.532042741775513
5.605108261108398
5.548055171966553
5.6811769008636475
5.534043788909912
5.523033857345581
5.559065818786621
5.575079679489136
5.574077844619751
5.546054363250732
5.529040336608887
5.632132291793823
5.602106332778931
5.466982126235962
5.5890936851501465
5.581087112426758
5.589093923568726
5.555063962936401
5.469985246658325
5.552060604095459
5.601102352142334
5.654154539108276
5.567072868347168
5.592096328735352
5.555063962936401
5.661159038543701
5.846327066421509
5.66816520690918
5.507018804550171
5.571077346801758
5.571077346801758
5.521031618118286
5.555062294006348
5.572077512741089
5.6761720180511475
5.565070390701294
5.579085350036621
5.588093519210815
5.583089113235474
5.545053243637085
5.558065414428711
5.505016803741455
5.601105213165283
5.544052362442017
5.545053005218506
5.6161181926727295
5.498009920120239
5.625126361846924
5.563069581985474
5.657155513763428
5.6321327686309814
5.612114667892456
5.559066295623779
5.579084396362305
5.488001346588135
5.482997179031372
5.600104331970215
5.592096328735352
5.503015995025635
5.584089517593384
5.576081037521362
5.54205060005188
5.562068939208984
5.579084873199463
5.523032188415527
5.578084707260132
5.572077989578247
5.504015684127808
5.578082323074341
5.5760817527771
5.585090398788452
5.594098091125488
5.634133815765381
5.559065103530884
5.556063652038574
5.506016492843628
5.569075345993042
5.587091684341431
5.607110023498535
5.522031307220459
5.504017353057861
5.5460546016693115
5.647146463394165
5.602104902267456
5.529037714004517
5.556062459945679
5.5020153522491455
5.658156156539917
5.549057483673096
5.578082799911499
5.557063579559326
5.815300703048706
5.5410497188568115
5.644143581390381
5.558065176010132
5.52603554725647
5.597100734710693
5.55105996131897
5.595099449157715
5.556062459945679
5.547054290771484
5.6171183586120605
5.537045955657959
5.602105617523193
5.585089921951294
5.566072463989258
5.529039144515991
5.573080062866211
5.568074464797974
5.579084157943726
5.525034666061401
5.520031690597534
5.585090160369873
5.60510778427124
5.739231109619141
5.594919204711914
