Timing log for each step:
0.013011932373046875
10.400848627090454
10.30532717704773
10.410061836242676
10.399433612823486
10.47765851020813
10.452588319778442
10.481497049331665
10.351320743560791
10.49782681465149
10.405767440795898
10.512763738632202
10.449176788330078
10.473401069641113
10.597939491271973
10.550803184509277
10.426829099655151
10.447659254074097
10.561490535736084
10.583301544189453
10.654291868209839
10.550945520401001
10.586391925811768
10.475474834442139
10.551718711853027
10.496942520141602
10.6370530128479
10.666078805923462
10.725639820098877
10.66537094116211
10.662301063537598
10.764656782150269
10.68133544921875
10.632988452911377
10.534059524536133
10.537651777267456
10.56548023223877
10.552563190460205
10.01640796661377
10.000816822052002
10.499762296676636
10.507654190063477
10.570203304290771
10.66575312614441
10.034334659576416
9.946337699890137
10.609592914581299
10.492093563079834
10.552090644836426
10.634902954101562
10.625777244567871
9.904601097106934
10.621872901916504
10.735081911087036
10.773535251617432
10.678452730178833
10.730628967285156
10.546074867248535
10.693951606750488
10.628976345062256
10.679583549499512
10.673231601715088
10.065210103988647
10.67878246307373
10.394290685653687
10.214560985565186
10.645740509033203
10.599851846694946
10.661627769470215
10.634957075119019
10.704245328903198
10.720181941986084
10.474165201187134
10.755018472671509
10.62101149559021
10.62190866470337
10.512969732284546
10.573193073272705
10.635371685028076
10.607205867767334
10.636230707168579
10.55305814743042
10.705044507980347
10.71101975440979
9.898111820220947
10.569804430007935
9.952919721603394
10.48117971420288
9.952932119369507
10.534844398498535
9.343769311904907
10.598797082901001
10.120378732681274
10.563126802444458
9.956457614898682
10.531276226043701
10.463396549224854
10.496581077575684
10.565454244613647
10.498358964920044
10.487940788269043
10.559312105178833
10.51466703414917
10.519306421279907
10.55171823501587
10.56522274017334
10.577730178833008
10.634986877441406
10.702924013137817
10.56290054321289
10.510366439819336
10.594456434249878
9.843550205230713
9.914228439331055
10.561065673828125
10.503627061843872
10.611747026443481
10.551933526992798
10.57217788696289
10.62590479850769
10.55707049369812
10.557719230651855
10.556199312210083
10.57280707359314
10.571518659591675
10.531821966171265
10.533108472824097
10.011898517608643
10.651331663131714
10.013245820999146
10.6093270778656
9.998092889785767
10.54826045036316
10.077545404434204
10.585580825805664
9.889926433563232
10.615089893341064
10.001199960708618
10.518566608428955
9.881179809570312
10.59492301940918
10.591323614120483
10.244401216506958
10.09243631362915
10.761132717132568
10.67091178894043
10.69039273262024
10.576646327972412
10.5683913230896
10.699766159057617
10.592175006866455
10.230246305465698
10.592682123184204
10.453705310821533
10.580034494400024
10.603640079498291
10.533969402313232
10.58427381515503
10.530292510986328
10.574404001235962
10.67648959159851
10.591253757476807
10.575730323791504
10.600833177566528
10.654176235198975
10.61323881149292
10.639920711517334
10.69197392463684
10.501603603363037
10.705735683441162
10.667842149734497
10.719591617584229
10.70164179801941
10.7206130027771
10.666262149810791
10.626182794570923
10.689069032669067
10.661433458328247
10.737986087799072
10.670806407928467
10.644325017929077
10.653458595275879
10.61548924446106
10.653873443603516
10.621241569519043
10.545768737792969
10.660320520401001
10.629637241363525
10.601549625396729
10.617125511169434
10.535244226455688
10.630004644393921
10.57506513595581
10.582066774368286
10.480010986328125
10.57839298248291
10.577901601791382
10.565673828125
10.669275522232056
10.553955078125
10.544910669326782
10.627118587493896
10.58846664428711
10.604883670806885
10.664450407028198
10.64052152633667
10.4967782497406
10.447580099105835
10.657979965209961
10.590988159179688
10.605103254318237
10.48137617111206
10.522920846939087
10.640177488327026
10.664479494094849
10.514604091644287
10.624431133270264
10.616093873977661
10.626522302627563
10.530099391937256
10.6378755569458
10.746682405471802
10.65115475654602
10.699284553527832
10.558548927307129
10.488409519195557
10.754171133041382
10.454821109771729
10.663152933120728
10.593140363693237
10.640342235565186
10.579431533813477
10.690310955047607
10.601167440414429
10.698577404022217
10.672866344451904
10.681849241256714
10.62705945968628
10.656297206878662
10.762558221817017
10.564272165298462
10.662946462631226
10.727686643600464
10.564020872116089
10.678351402282715
10.697130918502808
10.610900640487671
10.547448635101318
10.689002752304077
10.7652907371521
10.749383926391602
10.753923892974854
10.901819944381714
10.679779291152954
10.847018480300903
10.717190980911255
10.807077407836914
10.778126001358032
10.639219045639038
10.643239736557007
10.630283832550049
10.590917110443115
10.721606731414795
10.740029573440552
10.641265869140625
10.685083389282227
10.765955686569214
10.642325639724731
10.627583980560303
10.60622239112854
10.65448260307312
10.473510503768921
10.661665439605713
10.654630661010742
